oos_period,model_1,model_2,model_3,model_4,model_5,model_6,model_7,model_8
150,0.0,0.35955944586464,0.12442641265393134,0.10708594568849587,0.02691820386545161,0.07834214764230686,0.11917451431613742,0.18449332996803677
151,0.0,0.34571773948149476,0.09199706386330728,0.11487890845394085,0.04775924640543352,0.08930110563304554,0.11920946797599202,0.19113646818578592
152,0.0,0.32704256021721473,0.10099207712741846,0.12264475279385155,0.041740273413688876,0.07976052072819063,0.11853340974438596,0.2092864059742498
153,1.4663044432393696e-18,0.32640134380212005,0.11884378402926617,0.12066353343732247,0.07633841918100055,0.06228965431160159,0.13890278153731214,0.1565604837003771
154,1.2323246893839366e-19,0.320116295674653,0.11697920405276288,0.11316472358456568,0.08963872129556069,0.0397980118803927,0.15051347997006218,0.16978956354100277
155,0.0016955562443283297,0.30447932897419283,0.10637550249414354,0.13886374890941403,0.08695747181064645,0.04694643120696803,0.14948510251529395,0.1651968578440126
156,0.0029629970492827122,0.30092841572225,0.10821650006015353,0.14086608651630672,0.09161807007130171,0.04583207267537688,0.14555451492754487,0.16402134297678347
157,0.04710130816215306,0.27982931747227013,0.14819795070532402,0.14152296458282915,0.08833303054532611,0.05573155091555377,0.09726415080067718,0.14201972681486655
158,0.07113248732641857,0.2900557957884626,0.13706121543409036,0.12988609046068048,0.06119163195518591,0.09341385680950856,0.05954927771064813,0.15770964451400535
159,0.11642980550216467,0.23529945598961832,0.11486643535233895,0.14181241002022246,0.10438358922892627,0.09179044468220425,0.05850540672585869,0.13691245249766637
160,0.12762405895346882,0.22325036365341963,0.11238840895696611,0.1461000427483166,0.09130439859855062,0.10633914231751875,0.04494534937443548,0.148048235396324
161,0.15624321251146875,0.197023530328519,0.14819716635983263,0.14782281641114786,0.13873728702990185,0.06431920117370092,0.03680566013669355,0.11085112604773545
162,0.16141672624248,0.18773755320060906,0.1461138479497287,0.15054944769493833,0.1480082767691425,0.07983777218918235,0.032620059374647244,0.09371631657827165
163,0.16585794542932533,0.1832670075825682,0.14080595642598248,0.16155238594078208,0.1503880713482686,0.07193165480254927,0.03735073089180773,0.08884624757771628
164,0.1646430399864311,0.18498035204537333,0.13701533582450395,0.16170054678938414,0.13109352732754648,0.08374197244483014,0.06386339700090268,0.07296182858002807
165,0.1740966253158198,0.183955914013239,0.14770427923738114,0.16304420587651416,0.1305894255552663,0.10337057485785343,0.05300747017839465,0.04423150496453151
166,0.1395889158904895,0.19080319551813774,0.14525987584772043,0.17794050657815974,0.12117334027539785,0.12617293946195732,0.06683062148128063,0.03223060494585668
167,0.155516688442002,0.2001950370489288,0.18623981549928625,0.1605464968813788,0.15273657479414238,0.08697255816742505,0.05779282916583667,9.456163326574244e-20
168,0.15477958403828157,0.24597011378086625,0.1810118231556384,0.1479494016773471,0.19852127576927714,0.019075450768613084,0.05269235080897641,9.623194253305686e-18
169,0.1425126473259437,0.23452555646758802,0.2065160042109685,0.1367663712244364,0.14943106501960454,0.0596256759376086,0.07062267981285021,2.9082346848355283e-18
170,0.11986061675322628,0.24331206886036796,0.19563863251699648,0.12783048892490317,0.14981422042241044,0.08404899070503127,0.06968438746822,0.009810594347844417
171,0.12242485678419808,0.25014769901787104,0.19910093511184607,0.12766483099227566,0.14850010095799124,0.07651100975325979,0.06773009715080838,0.007920470230749769
172,0.12390501691337982,0.24307445707971057,0.1831064844323396,0.13833958558751183,0.15480059193326093,0.09473433450243109,0.06203952955036611,0.0
173,0.11495352296245322,0.23131327901441903,0.18379271179782775,0.14108874064312246,0.1509070256286766,0.11058488206218856,0.0673598378903123,6.3622762250575e-19
174,0.13200336428357562,0.23126197852931393,0.19223173833766719,0.15575932900481365,0.12398724976308699,0.10974986065735833,0.0550064794231842,1.2152368459355493e-17
175,0.11529304307794264,0.23891077724264856,0.19481622095874077,0.16755799472752225,0.11135126922886665,0.11635947471869983,0.0557112200445791,0.0
176,0.08584518095145593,0.22692481556707164,0.19683531129151552,0.1576941260503809,0.15192221002286319,0.12197647005953509,0.05880188605617771,0.0
177,0.07565268870699143,0.19591647221113434,0.23017701996664253,0.13800701211765995,0.1588021989805273,0.11720702154145188,0.08423758647459254,0.0
178,0.10326100583814614,0.16770399498458,0.23054182054422173,0.14907246481060007,0.1396401070207198,0.11135994514924898,0.07965205280845376,0.018768608843029454
179,0.12335469717080914,0.19911536382262862,0.24143808010037027,0.15203935297703405,0.08900690439540812,0.10589227276565541,0.047087438975642625,0.04206588979145169
180,0.12052445321138175,0.21770102203157485,0.24642208388155468,0.10463579501548828,0.0717882301005373,0.16369871319087145,0.03439367684947608,0.04083602571811554
181,0.1050921019276406,0.21228566736575333,0.210557633046069,0.09678145268818626,0.09130950089035733,0.19188618437161242,0.028602893311364463,0.06348456639801653
182,0.09665312948325466,0.21428163450036677,0.21068193464718496,0.1027105056053934,0.08695028937296312,0.18812337043551072,0.018302196947602586,0.08229693900672379
183,0.10360106467572965,0.20854256833342386,0.20754732262485992,0.10053991392671452,0.08817819854692623,0.18810294245267764,0.016125908335477133,0.08736208110319106
184,0.11039880771778816,0.1858012508713061,0.19567933390585857,0.11066798163624778,0.0939703602740735,0.1812072746940011,0.04472360817126308,0.07755138272846149
185,0.10991707065000275,0.1891375714060554,0.19800841818689016,0.10930541148694753,0.09361022749869166,0.17895959347109874,0.0426763792954839,0.07838532800383001
186,0.11088931967834434,0.19432581032242036,0.20261630323942614,0.10708705033453779,0.09167817393304017,0.1835985938698616,0.048558207488182355,0.0612465411331872
187,0.1109621653929125,0.19843177521380956,0.2021182711112835,0.10960529299946997,0.08809258582289532,0.1818689320005941,0.04637788863991776,0.0625430888181173
188,0.1078321892429513,0.18969016570793198,0.1745239717469522,0.12431183877534703,0.10130546701540567,0.1700109249134873,0.07672202716940531,0.05560341542751925
189,0.11253899028323885,0.18665288156226265,0.1713029329936903,0.10723836669828,0.11100985063008312,0.17881824292300902,0.07638633135110352,0.05605240355733243
190,0.10839334586203571,0.18018661890430776,0.17304319139882426,0.12177325699398654,0.10784480611533169,0.1638202711524829,0.07193361137713142,0.0730048981948997
191,0.10351434261819095,0.17342815345711632,0.1754410499088884,0.11658281318334567,0.11134218738626836,0.16707550876145147,0.07192219303836812,0.08069375164537067
192,0.10613598021958612,0.19653367898738347,0.1525282045850227,0.1105395026513075,0.10898796285238946,0.150764988128889,0.0938897229831724,0.0806199595912492
193,0.10585727555824181,0.19557757751563434,0.1539797454041866,0.10180616169960177,0.11242192272979352,0.1548539865714602,0.10261748048422019,0.07288585003586133
194,0.10489437767468443,0.18384049924839269,0.16184588039208855,0.10378631851043411,0.09872472693561499,0.16035494030655836,0.11428890224471591,0.07226435468651093
195,0.12398315121174869,0.22153496207387463,0.16597500048647604,0.08324993769895582,0.0734481886571456,0.16787277707002332,0.11238464807763703,0.05155133472313887
196,0.11982825672288121,0.21935509416920712,0.16872466980778614,0.07809366728995479,0.07718114324851756,0.1627287733964319,0.10549162137901219,0.068596773985209
197,0.12340200072481293,0.22182518288318492,0.17884589780658952,0.10210719078770603,0.054958151856365045,0.1690952664575983,0.10343378223775565,0.04633252724498755
198,0.132753935930572,0.2007785203592272,0.14364274270021987,0.08710446572536228,0.07321937533067356,0.182260328569749,0.1271817116864527,0.05305891969674344
199,0.15558262370401588,0.1877065332769339,0.1405701691282622,0.0827096792311322,0.05544819770518209,0.17263996061300274,0.1505630832124017,0.0547797531280692
200,0.11756525642472428,0.16457594217867866,0.15827875947559084,0.052520687319865374,0.05799757847518629,0.1918837507526189,0.18466382597793035,0.07251419939440527
201,0.11550012368960412,0.1898222012710137,0.18771543684495515,0.0481351202014109,0.029499381536358154,0.17598094766175354,0.18555697637023855,0.0677898124236658
202,0.1215660121880283,0.20363168818070695,0.18431488678637156,0.045850798391702315,0.02625148440757172,0.1767702806256176,0.17937342576312842,0.06224142365587308
203,0.1180700883912661,0.21756380076051351,0.18081817934410252,0.04029871012924445,0.007767004414900594,0.18221141193832932,0.17158233103949755,0.08168847398114593
204,0.15596504215453308,0.25478238270999515,0.1722755969188411,0.03847186083160243,0.0,0.19128560637775205,0.1481945816289736,0.03902492937730262
205,0.14178325904669517,0.26687444108081915,0.17776650145904055,0.06540669921847682,2.6860711776607482e-17,0.1539440215436281,0.136314187665296,0.05791088998504424
206,0.1461050360154099,0.2521825610292366,0.17971710520814027,0.0543656074024268,1.7001745926835752e-17,0.15950722646256846,0.1492091074117364,0.05891335646948156
207,0.13264793121384763,0.25461403531457116,0.14424235401986488,0.05106152893231512,0.0,0.15726940951764878,0.18078410216217666,0.0793806388385757
208,0.1290706342219708,0.23932730078811754,0.16210666769411353,0.04850932535800885,0.0,0.13797859980981847,0.18284469142617546,0.10016278070079537
209,0.11959619655801658,0.22400833788089464,0.15607046935742852,0.046040422853362295,0.0,0.1259995064520903,0.1932766569893549,0.1350084099078526
210,0.11445571713971743,0.22150098385950204,0.16666784336069573,0.04913021829705082,5.171087173890069e-17,0.12309798746905305,0.18009689854951721,0.1450503513234636
211,0.1099110748724944,0.2502829446422965,0.15301385956964283,0.04905576977117405,0.0,0.1152130434364188,0.18374925661135771,0.13877405109561555
212,0.09490016283693593,0.24202738535087562,0.1660228530350932,0.045511400172655474,0.0,0.10790515271212084,0.2020621900474064,0.14157085584391252
213,0.10944397038172665,0.25478133594859037,0.17037402359820317,0.04868824955956414,0.0,0.11856504515288287,0.18197552859409366,0.11617184676393909
214,0.1111897109710677,0.25212041259307943,0.16577104331376158,0.046967417763627804,0.0,0.12456867965783099,0.18615439851964322,0.11322833717998927
215,0.1007058325869194,0.23651960139524525,0.17340018459155887,0.06578716417896752,6.36494702581931e-17,0.09116960352148452,0.20962580047610535,0.12279181324871906
216,0.12865797616584873,0.19016506683597847,0.17177910042230746,0.047406034836035636,0.0,0.10746090124536198,0.23545216252702528,0.11907875796644245
217,0.13087104161257113,0.20266488878721983,0.09216501068927022,0.06693604129530467,0.0,0.1731178299552812,0.19290507981098343,0.1413401078483695
218,0.13692295046309566,0.17871145847621697,0.12389319394137618,0.07321671512632644,6.53904703806562e-17,0.1815067833478697,0.17066964072525734,0.13507925791885764
219,0.14199636088229942,0.19719688256754708,0.12294652659014696,0.1125931941824332,0.0,0.15105803763282188,0.10813595837402536,0.16607303976972598
220,0.13999432124352376,0.1870941575788668,0.16798579177622294,0.10365494968847692,7.68922530435764e-17,0.13701698721624694,0.09377859221380463,0.1704752002818578
221,0.1367882202129187,0.18690423344036217,0.16418132198184687,0.10601165083360682,0.0,0.1413236460133192,0.09260806928038547,0.1721828582365606
222,0.11872576155145634,0.19623713893916014,0.1659093746101318,0.07029656401107569,0.0,0.12643242408565522,0.1304633473786007,0.19193538942292007
223,0.12152582987048614,0.1891385121131636,0.15650037915681433,0.06522232937225371,2.2565751808220043e-17,0.13221007968149995,0.14655939058302375,0.18884347922175848
224,0.10217089127064888,0.19864140921472823,0.16810601225158756,0.06759479053268784,4.2293654385690607e-17,0.09813681541131425,0.16396888558060063,0.20138119573743254
225,0.12968731736165734,0.19733911184974576,0.1654998486882721,0.058311800855851685,0.0,0.10090826222086292,0.15363782851804433,0.19461583050456593
226,0.14813877606114406,0.20029853700627645,0.1606827375911113,0.07157163592046914,2.6115375205123727e-17,0.10424371003090223,0.14160706599602083,0.17345753739307593
227,0.15185177664063673,0.19343562802706418,0.1282244360595213,0.09448646546166402,9.841395234474098e-17,0.1232626896296374,0.12626337644119398,0.18247562773928233
228,0.13710128155563758,0.20108063282817368,0.13143672465018266,0.09010946250250612,5.4482800293677416e-17,0.1275832015862101,0.1425447804762065,0.1701439164000833
229,0.1419637288812735,0.20854034254815992,0.12213586831609662,0.08958990718597339,0.0,0.13327879271587503,0.13807062226795963,0.16642073808366203
230,0.13108775894088945,0.20870329117964592,0.1270908497193634,0.09620179236742273,0.0,0.12750543155894653,0.14681408126667073,0.16259679496606136
231,0.12769024391202372,0.198332121334867,0.17135438599138483,0.10301165919327136,6.788111451377332e-17,0.1134692826421658,0.14746422774446855,0.13867807918081848
232,0.12187622622880309,0.20530981810594934,0.17365381503817995,0.10221246435462668,0.0,0.10028538066366396,0.15989737674646395,0.1367649188613131
233,0.1269914007031874,0.20063385359158067,0.17507243322269742,0.09642812944581278,2.6653585751224414e-17,0.08826326563727274,0.1722859047122705,0.1403250126861784
234,0.13116794217165456,0.18677528425234508,0.17773456534285292,0.08369890161088943,1.0591644079592001e-17,0.10823096848258369,0.17768115380111166,0.13471118433756263
235,0.1313226979887455,0.171626004275524,0.1616666279449503,0.07646929529472753,0.0,0.12570348727534128,0.18811123393830081,0.14510065328141059
236,0.14077511841968984,0.17604668311492375,0.1517443350714279,0.0806294900165402,0.0,0.12301186131529598,0.1767164127510176,0.15107609931010454
237,0.09534324758742431,0.1666265965470782,0.11527010211268587,0.07067536328884622,0.0,0.16322334705014294,0.21197888362500347,0.176882459787819
238,0.11597174051756506,0.148142401307074,0.11403549586925857,0.06198732196078527,1.3381479440269257e-17,0.20630372839428027,0.16003512064445685,0.19352419130557993
239,0.11762923259353363,0.16089192571978553,0.1252207812695227,0.0612924536669158,7.658681326652592e-17,0.1921714550946548,0.16049286763551587,0.18230128401907147
240,0.1208551430617079,0.1714106592328505,0.1100756563593917,0.06412726422322508,8.300843473745037e-18,0.19200647678763427,0.15785451392940525,0.18367028640478528
241,0.12414816099359836,0.17852650471135456,0.09714736950036719,0.07069063642813828,2.3617184393557602e-17,0.20132665966659113,0.14784488513843796,0.18031578356051253
242,0.12282058588886119,0.14872269379994763,0.12556069398442968,0.08589248477979398,3.2689913110266942e-18,0.22902963783244046,0.10499448063891854,0.18297942307460846
243,0.1187146130773176,0.16479298716207588,0.07687284473002243,0.11568414491460194,0.0,0.23539801796859144,0.0887640306519739,0.19977336149441688
244,0.1257685232644506,0.17028686159528553,0.06976238329498295,0.11221710788162023,0.0,0.236349651521401,0.08569920504038143,0.19991626740087812
245,0.09957803391760636,0.14333226356214873,0.06248681727367086,0.15697455255155815,0.0,0.24865900723567191,0.07586125494992751,0.21310807050841643
246,0.09027527378771101,0.13537920369492668,0.07379603731264384,0.15980619402612456,1.6299825580912624e-17,0.24679679839247556,0.08260656267130716,0.21133993011381116
247,0.08673664550154542,0.1352546687656433,0.08742768044653028,0.13367702513366583,0.0,0.26050888466441874,0.05926124818746329,0.23713384729973314
248,0.06221710214913677,0.11916556259940181,0.13581902142523408,0.16895703023960282,0.0,0.2632858254842949,0.055643224876174034,0.19491223322515566
249,0.08087091243019527,0.10589836011690863,0.14476968696264375,0.17176778765871162,0.0,0.257961708702452,0.06363770232158698,0.1750938418065018
250,0.10226586142186582,0.11086563676479637,0.1135576372762799,0.17122857166850658,0.0,0.2454168064679823,0.06626944514008942,0.1903960412594796
251,0.10250335026917166,0.11014707822800254,0.12749017442659238,0.16705254077440054,2.1643279989101824e-18,0.26053641055054333,0.04950394829384993,0.18276649745643947
252,0.11274786164953357,0.10831268263309149,0.12734745992801633,0.16179524812771504,0.017850256641951227,0.26146750552959325,0.030413602218214122,0.18006538327088484
253,0.13236820848665992,0.025453689276060728,0.09960377670102864,0.23279345157490564,0.08200905659893325,0.23501532534820452,0.029972994148912153,0.16278349786429516
254,0.10751635684862196,3.9680846600864117e-19,0.10013934006696294,0.25375317461668845,0.06507577303589236,0.2527328580771298,0.0449536210630169,0.17582887629068747
255,0.07254484180994483,3.793053242470366e-18,0.11681792500883283,0.19283843799622485,0.09542904031613401,0.2576547235890769,0.06750962827496072,0.19720540300382583
256,0.0833735961357561,1.6004952236150015e-18,0.11842827364733688,0.1960569243102296,0.10957561767698136,0.2590742963920658,0.044466732738187284,0.18902455909844296
257,0.10179048925912108,1.6538582992919691e-18,0.10120432210205224,0.19495049131166042,0.11552280360849583,0.24887145007450728,0.05102464431213123,0.18663579933103194
258,0.09129162351835624,7.156538357952574e-18,0.08585908745149452,0.2130175534109372,0.1271883617535965,0.2529103815474579,0.06947055920131033,0.1602624331158473
259,0.08246061192430554,0.023852503957646286,0.1010325517340612,0.1860177227927255,0.15336948888754606,0.24716963224137914,0.0780049528991317,0.1280925355622044
260,0.0640636803220729,0.02055523015491279,0.10981006172091275,0.181866323256409,0.19223759392937764,0.2397578278705176,0.09585774273210382,0.09585154001269341
261,0.047502043778095124,0.0,0.08604521476347768,0.1990608018466291,0.18155527158966736,0.2636770386327905,0.12852245464485884,0.09363717474348135
262,0.04213750785538098,0.0,0.05916042831505413,0.2211147627758346,0.17686035844540257,0.2776454875212341,0.13133695454221433,0.09174450054387913
263,0.03315007623173391,0.0,0.07003320171545592,0.19127834419109582,0.16428116512042412,0.278877903244441,0.14184621130646746,0.12053309818938177
264,0.03290303339709002,9.84696977005821e-18,0.06683449395407036,0.19555613571435446,0.16391136475042561,0.2772311242578859,0.1439919807800867,0.119571867145087
265,0.03569616722724339,0.03366245772177614,0.037639339276307575,0.12239426649976115,0.21401669560060652,0.27437785078248983,0.14336818978286558,0.13884503310794974
266,0.03603478609064343,0.041443788940286226,0.03938477219007648,0.11956900125994617,0.2150769914695727,0.2712637153263646,0.14013553122030695,0.1370914135018034
267,0.01998842973278225,0.024462105601764067,0.03583961907527352,0.14421006680511894,0.21423723917429857,0.25153110785021565,0.17562235592925357,0.13410907583029344
268,0.03901228982500312,0.07913266021461234,0.045261838112100654,0.10362279071128175,0.24641548069095714,0.23203902319638292,0.12765865966177375,0.1268572575868883
269,0.01449733338049885,0.09975960414133578,0.03719836536285184,0.06645979249196932,0.27614857379493174,0.24364575007850225,0.17599572762442797,0.08629485312448217
270,0.014400781496136592,0.1059158222889731,0.0297041516866185,0.12179030371383874,0.260819956282403,0.22830298426762743,0.19399690948211923,0.04506909078128337
271,3.1510377598293607e-18,0.09675379308457356,0.058372941983975454,0.1199699753586071,0.2906108434823577,0.22623032654747893,0.19244715662684303,0.01561496291516416
272,0.0,0.10933874809638314,0.0628729198103563,0.11239441755177976,0.29887051380885865,0.21511388475168883,0.17788091433103254,0.023528601648900777
273,3.464954529563893e-18,0.11691211980503466,0.06393419576873431,0.10502434985156105,0.30044861954118574,0.21280540222391664,0.17907927695359852,0.021796035854969073
274,0.0,0.12738818802526566,0.03292368179960111,0.06364577364888081,0.30701381486798374,0.26153935464036093,0.20748918701690766,4.309878877320729e-18
275,5.072813917885761e-17,0.13435957691580405,0.019538077957626236,0.06343250541353627,0.27098446673109455,0.2780218507536132,0.23366352222732562,0.0
276,0.0,0.15034828634681965,0.021021038430723914,0.05105135461499814,0.28763205429032773,0.26048019774806097,0.22567640476939177,0.003790663798677706
277,2.576184621796726e-17,0.15546251206230643,0.023015248453310547,0.05048556778563113,0.28747132397976055,0.25855227794040625,0.22501306977758498,0.0
278,0.0,0.15500768621995206,0.012744826897610544,0.041273182622474015,0.2901159547479587,0.256454483250109,0.2444038662608956,0.0
279,2.578449276566745e-18,0.15278784322890054,0.010913900467566693,0.04144772735226692,0.2923693394572174,0.25993222325247645,0.24254896624057184,0.0
280,1.1469342695399789e-17,0.15678344501111677,0.0006487180292686414,0.04869464434902293,0.28684585873298796,0.26471202501460195,0.24231530886200162,1.8873515892363182e-17
281,8.03421508293693e-18,0.1624852238658247,0.0,0.032970664251502114,0.2810980712637685,0.2733677240709338,0.25007831654697077,1.3658535643091494e-17
282,6.026861330219149e-18,0.15673270158495645,0.03732949677630319,0.07328936858761391,0.25121712080402847,0.267872847342442,0.21355846490365593,1.5742395333223708e-18
283,0.0,0.17806452633674652,0.032772193922111746,0.06232293342546897,0.23819597453015176,0.2855998538559131,0.2030445179286079,3.145010328162502e-17
284,0.0,0.1711443168980074,0.0372098753493155,0.053972115364957905,0.2242973198372247,0.3069821263437666,0.20639424620572783,9.238687944322803e-18
285,0.0,0.17205529428044247,0.04556588362142353,0.05481962661969594,0.21196559061939627,0.31155171084143324,0.20404189401660852,2.335773788374514e-18
286,0.0,0.20011772637777678,0.03792615207127707,0.07032744209144895,0.1871188331363918,0.30871101804786255,0.19579882827424286,0.0
287,0.004518928255479325,0.20519084954592046,0.048319580414295606,0.09314450945621333,0.20637373587562394,0.2840127730280126,0.1584396234234548,0.0
288,0.018296902266978266,0.2191488085071645,0.05687983815324176,0.09845880672882626,0.2156056230108508,0.24013284495030698,0.14684302313784545,0.0046341532437859595
289,0.01269173399575711,0.19702375494923346,0.05288346549064741,0.09786755278166583,0.22318790202569905,0.2465247841820155,0.15210810216111467,0.017712704412866886
290,0.029736189217509045,0.1974516381783247,0.05527932328870127,0.10353828101732904,0.20636276986138163,0.2284239230832694,0.13638192662314247,0.04282594872934232
291,0.034053678602895945,0.202304798867371,0.042753947775959485,0.09687370545800895,0.19551038347982444,0.2261362889673209,0.14511886048205805,0.05724833636556104
292,0.04492595303182602,0.2045593298792463,0.04213731516186293,0.0986024761848739,0.1997749418049524,0.21814408346300398,0.13719972739376843,0.054656173079466
293,0.04378224746061875,0.19348067402888058,0.06720635947311152,0.07686245822209722,0.2261188545020676,0.20008710860091544,0.13474809630775622,0.05771420140355255
294,0.045545207363496695,0.18552119950486184,0.07549936726027118,0.09355106820435914,0.2118639710722717,0.18928343633723024,0.13515884638204567,0.06357690387446345
295,0.07278038683860986,0.24604790488641348,0.04871457391002974,0.10036350580507891,0.26122556108023715,0.10113826515810155,0.11252497320028709,0.0572048291202421
296,0.08334834597136315,0.2652245007183139,0.04640176487550907,0.07644043497027307,0.2732070376574109,0.09562955856462137,0.09523211410668798,0.06451624313482042
297,0.08069000067315531,0.2678580571109459,0.01823769463198986,0.07218992837594913,0.3021389414017977,0.05447326456873486,0.13786489817424774,0.06654721506217942
298,0.08586639967730278,0.26402917114608027,0.019114636844903655,0.04765541971423631,0.3220736069371137,3.88652573296643e-18,0.14133854024637554,0.11992222543298765
299,0.06915159365807398,0.30406331251535096,0.021991832119607292,0.020463253604749848,0.3121605696366061,0.0,0.12180944931021935,0.1503599891543925
