oos_period,model_1,model_2,model_3,model_4,model_5,model_6,model_7,model_8
150,0.09610587560423188,0.31107158557306375,0.09574271950608787,0.046658548627935885,0.1503400825155203,0.22915112908796506,0.02092870992666577,0.05000134915852947
151,0.12361729786185356,0.2372535363219301,0.016784574076164113,0.06290440607266874,0.126323310774587,0.3565306777512346,0.029354738121524723,0.047231459020037246
152,0.1301188580912537,0.20307291644486233,0.03662286854083409,0.07241179592277597,0.1502556598660038,0.30470058347848844,0.03966113571193122,0.06315618194385049
153,0.14374476079152873,0.20658785496560567,0.039866583281080795,0.08143250824586085,0.12512507910765772,0.3119824364644519,0.046143545728737065,0.045117231415077355
154,0.10083197175646412,0.17440531309545262,0.058136787056176246,0.11158869207749793,0.1444338482427504,0.27540016293780983,0.07697992904692598,0.058223295786922896
155,0.10639504804376908,0.11733563004405966,0.05773520584846279,0.12143533753644176,0.16639398121407886,0.28202400070707234,0.08053299780332446,0.0681477988027911
156,0.11181976233877793,0.12303688214997538,0.05339385265905481,0.1091719026772284,0.1535451514513076,0.28555293588209396,0.08809221249673325,0.07538730034482863
157,0.1400638087741002,0.10065779885502088,0.0761263430281785,0.1135036863778634,0.13323974283922355,0.3443189349057862,0.028808939658922898,0.06328074556090438
158,0.15901992029241557,0.04587391600276529,0.08434767481730207,0.1167946284187699,0.12677244337099144,0.3673574522869822,0.03872729942057823,0.061106665390195394
159,0.17309922127417937,0.05090713113126634,0.08220659646648773,0.1123126736552641,0.14035933622373217,0.34261418766100743,0.046431902224726006,0.052068951363336974
160,0.15140022178961884,0.05917452250969669,0.06137494232640164,0.13452857883200162,0.14402195902327722,0.3427347325202884,0.05369518023308085,0.05306986276563471
161,0.13336071211199838,0.05497142140973278,0.012113475261607446,0.1735171798847147,0.15886115700355088,0.3714319977572463,0.041977444118014504,0.05376661245313505
162,0.15769936983963223,0.05947422561859726,0.03812917003371231,0.1640523961882563,0.13236951871047883,0.33314814745821325,0.04326161341371409,0.07186555873739574
163,0.1778585226810174,0.06052249393938426,0.03499191732352912,0.18631973913058833,0.13019816346629937,0.2880375624528659,0.05551249228357309,0.06655910872274268
164,0.18782972892954583,0.0680637467745348,0.0441084849939019,0.20759780730654748,0.09080150710683313,0.2918452009076854,0.036129165368428015,0.07362435861252342
165,0.17754144526903112,0.06714573368797462,0.053325684848719516,0.19476364668041052,0.07938208648814953,0.3546600652292199,0.02410254390852384,0.04907879388797092
166,0.006892407750596931,0.038050958733104205,0.03190370096679281,0.08460233627359537,0.04507607291092673,0.7583040650801652,0.014601977566259632,0.02056848071855913
167,0.08246217687775906,0.1105566621260477,0.06951363183066414,0.1782726715487268,0.12318019781476872,0.32422540253846555,0.04539870028601411,0.06639055697755401
168,0.07029759262025667,0.4005879917936113,0.06631941719587023,0.18999184560397864,0.12192662142024467,0.027496721099450734,0.05419409714960741,0.06918571311698038
169,0.0893275288890286,0.14040834953126685,0.13084617187806455,0.21413164006945312,0.04075067450981843,0.16831871025310188,0.11692815891498352,0.09928876595428299
170,0.08170646698233802,0.16154649736969462,0.09817286763695039,0.1732174199599633,0.04654435782571569,0.2068132922832641,0.1198887557115419,0.11211034223053194
171,0.08330059987924196,0.18887272985232478,0.12127252508149464,0.17728307461206425,0.04710563224207702,0.08279517590659248,0.16087674051631057,0.13849352190989428
172,0.09496753497088287,0.20814881202622312,0.13007282925951258,0.18898468835340138,0.05818110667194862,0.07819055193715449,0.1073007600874642,0.13415371669341278
173,0.06964705352417103,0.16835797567823946,0.14669451652969934,0.2131718730064132,0.055746333220633534,0.06307751027398342,0.12556347917597468,0.15774125859088536
174,0.06372649273309314,0.17694803302434195,0.1641395287745717,0.2057184362427657,0.05816508308058079,0.048683098613824555,0.10673166216453117,0.17588766536629105
175,0.05435808095149649,0.17849298719010392,0.16938932039547466,0.19268172766524724,0.06114374069474657,0.04924960813266667,0.11243595935313891,0.18224857561712557
176,0.04190324033085585,0.192260707056912,0.16886235300039054,0.16854172324096459,0.06744371633704578,0.05422230139691683,0.12823185276324597,0.17853410587366841
177,0.04238833075248673,0.20974510649916678,0.15945899844494493,0.11286075816651171,0.07693470330123903,0.05162514609131448,0.14674350881993448,0.20024344792440193
178,0.04902243832866862,0.18897325763391729,0.1753529255291224,0.12238611677721396,0.07316143532810582,0.0501577241886331,0.1515614448196305,0.18938465739470844
179,0.05337033407754126,0.16714733653526068,0.19476308202151443,0.13897110358817139,0.060700074198362645,0.05497327834854599,0.12405438873312676,0.20602040249747683
180,0.046916409234404856,0.18595341619639205,0.21651507364791941,0.10451900532755751,0.06982337364469933,0.0630120718667917,0.13036830793611814,0.18289234214611705
181,0.044164797897105666,0.22573772665941108,0.13030725448655078,0.11336315303528507,0.06682909409233365,0.07793895938132472,0.13008029896396917,0.21157871548401977
182,0.04843196975071457,0.22535930726422518,0.1097838983484248,0.1061664861500131,0.07020382676771364,0.06282486817750894,0.12850907783217494,0.24872056570922485
183,0.04489388613919847,0.19243999352766286,0.11228301953155138,0.09212716743254576,0.08015846166640216,0.06801962575690076,0.13801693799388853,0.27206090795185006
184,0.040868458604945576,0.19671122811855868,0.12340882144587105,0.09032106102683539,0.08078406564608318,0.0632399106371016,0.11913917179346198,0.2855272827271426
185,0.03471507913557263,0.197042291231607,0.13748287309164897,0.0751689480498897,0.08937761350710133,0.06486145412964388,0.10126474763587626,0.3000869932186603
186,0.039459052877123695,0.201814312726271,0.146295195855057,0.07788999722222723,0.09859098187480177,0.07298006112435959,0.09845625423759302,0.2645141440825668
187,0.03862631451962331,0.2119163624904264,0.15011288218875513,0.0756230173976217,0.09366164752954245,0.0730733706324649,0.09004293324958006,0.26694347199198615
188,0.03711068399643205,0.2425689588542735,0.09631261585593538,0.09353341673242738,0.10960377842121159,0.06618794428059904,0.11177166113354786,0.2429109407255733
189,0.04247277566331712,0.2313484683517787,0.0834673707118069,0.11190513925129444,0.10314879933755597,0.05891078172891479,0.13290131336372416,0.23584535159160785
190,0.0481211626302012,0.20884816439837803,0.08117472528314901,0.12001513351975152,0.10451394310772649,0.062040073642170235,0.13959750429796938,0.23568929312065418
191,0.04113552546082275,0.18665907786568195,0.08904648508166976,0.13028360286857324,0.11788231718511906,0.06653710308229155,0.1258701403755685,0.2425857480802731
192,0.04538970095362005,0.18716706569520175,0.07757101187092412,0.13078123513047016,0.1300157502770511,0.05529626023740989,0.11688973912459004,0.256889236710733
193,0.06036098408187765,0.18425142510930723,0.09064482371871585,0.12394489616936,0.1578429734934491,0.0637438745016057,0.1385762276417739,0.18063479528391055
194,0.0677605000568825,0.20134292674930998,0.10725830581008011,0.0373792467115895,0.1891675912062559,0.07983037355636519,0.15928796500901007,0.15797309090050674
195,0.07520228596449552,0.20891352394994714,0.12087500774166934,0.03543771813600247,0.13462700006741446,0.08811939469890127,0.1689238472520754,0.16790122218949435
196,0.07996506151481815,0.22070570249321184,0.1344910359177784,0.04731118691969646,0.15552397258657372,0.10018237921606901,0.18392665294103364,0.07789400841081885
197,0.09067642772459479,0.21256815239291255,0.14181990498944888,0.05584334693496786,0.1235028206756044,0.11318213569628334,0.19810656108384145,0.06430065050234678
198,0.11598408614210837,0.18324591290431821,0.0635129860596282,0.06011032541773709,0.141620263468036,0.12135739165038438,0.2388170018882407,0.07535203246954716
199,0.12316044309659122,0.18310771458996494,0.0623519671707321,0.07312160895134243,0.15042336519134708,0.09033519141478215,0.23618724459703003,0.08131246498821001
200,0.10652350149922159,0.19330374874876521,0.07059405590627185,0.07025077530276506,0.14362486517927778,0.10071739201465948,0.24317544970518196,0.07181021164385709
201,0.10343892401342658,0.19527503898237908,0.07329278023579842,0.07180229280716195,0.15094286901547282,0.1035898853582886,0.24745595923743727,0.05420225035003523
202,0.10137988794537053,0.17765427300423275,0.08149239207245644,0.08752726560398293,0.11863810989218108,0.1163641902854234,0.25837371018158917,0.058570171014763694
203,0.09073076558081987,0.12072907799282774,0.10631635116586044,0.02997048346394717,0.11527543112158345,0.15243050939044936,0.3111680155110854,0.07337936577342659
204,0.10646335729688605,0.12008111554636887,0.1255974443135858,0.04060071793473788,0.1506412510456403,0.14655671108219265,0.261472506111685,0.04858689666890343
205,0.11065360223688911,0.13385888426066264,0.13650982637164658,0.05618351150004541,0.18219649076330144,0.06602922667591447,0.25976465049758507,0.05480380769395537
206,0.11715992104278289,0.11387096884335426,0.14269202551265298,0.05674218924734803,0.17752509580784684,0.07345041041434783,0.25633273786367194,0.062226651267995224
207,0.11555603205648168,0.11463845358367666,0.14678495247564097,0.0526592660922483,0.1791300792242051,0.08199217544754962,0.24270514224529585,0.06653389887490191
208,0.1343819493584246,0.10123770010637756,0.16903891947577496,0.05422357271086152,0.16103922057620468,0.05725722139476577,0.24142962969529716,0.0813917866822939
209,0.14914234861580689,0.07399388629788985,0.20071949111798412,0.06299411295156811,0.17099416036095683,0.054754526099344177,0.23829250479284633,0.04910896976360382
210,0.16375808677685655,0.07413173014681815,0.20659719865067727,0.06957232351990883,0.15831989717771924,0.0621164547859544,0.2220895470226198,0.043414761919445884
211,0.14493729745730605,0.08200378909072092,0.23778615003565257,0.07313930108207083,0.15158673515557466,0.06480471091324173,0.20780997660880324,0.03793203965663013
212,0.12302074723738045,0.08783920666425091,0.23671615913420424,0.07638340856891579,0.16128408515994372,0.07378796614116286,0.20009034315576293,0.04087808393837908
213,0.13667461306386694,0.1003276614362506,0.21994374749890258,0.09651781591766738,0.16275566010311257,0.0910351577027589,0.16860089353876687,0.024144450738674255
214,0.14921175538063455,0.10157789019360709,0.22245134069447792,0.10216735092565545,0.15758988701790477,0.08303900251428542,0.16323715262455415,0.020725620648880595
215,0.17334080822746153,0.08047029978833363,0.24188159762416253,0.11882022569410258,0.10798599546771113,0.07732990188407085,0.17696493689363577,0.023206234420522092
216,2.126621869419006e-06,0.3663334037020347,0.030581726653470132,0.5393268328478119,0.010728877556355983,0.009980177877207863,0.04012135327725134,0.002925501463998652
217,0.1486728068211435,0.04408622573263479,0.23308715495475618,0.17868631217078254,0.12594944651110568,0.14628748526850416,0.09044783238205631,0.03278273615901668
218,0.14701504339185562,0.03800299120311762,0.2664416124949294,0.1957060811588723,0.11939446205301421,0.12960813378153604,0.06999510601221241,0.03383656990446246
219,0.1540366833379314,0.038495664856406306,0.2946308230315131,0.2504167552512107,0.08428833603285218,0.09670271993668034,0.03751803768854362,0.04391097986486229
220,0.17676415841081478,0.04636603351142166,0.2927479017765779,0.1917249457747021,0.0894799463499115,0.11323309890612483,0.03808590105836876,0.051598014212078526
221,0.16461735488759305,0.05532100014760924,0.21817701010389917,0.22741305810514476,0.10263982752467837,0.1371256998597137,0.04612966170655515,0.04857638766480649
222,0.16843289597749414,0.05210389071970969,0.19160623801721083,0.2553846027090062,0.06124121148543572,0.15962806211948663,0.05364155944221371,0.057961539529443114
223,0.18996086288638447,0.050700817147733,0.15016903443931764,0.2724567380473688,0.06163565085246666,0.15746213775789245,0.05830301017853301,0.05931174869030402
224,0.21312732544272414,0.05976473913169749,0.15387494209218844,0.2695691971895263,0.07282400762019767,0.10718498681948321,0.06529723178491918,0.058357569919263545
225,0.09584556024152982,0.071330575965958,0.18948979072880012,0.28172963321615135,0.08091126626505106,0.1323783410349988,0.07771924432601364,0.07059558822149727
226,0.08888461734359807,0.07830298149612314,0.18893129906450604,0.2935424540056428,0.08060576663652388,0.13998972951915978,0.06846884396316302,0.06127430797128336
227,0.08241256862906711,0.07431403186832729,0.18624603327013478,0.2981264100662949,0.07831877806811417,0.1437604567474353,0.07026805486121558,0.06655366648941091
228,0.04159778890886954,0.07728730096249965,0.1998725565153614,0.3273384605678589,0.06353756882403498,0.14409536292191888,0.06989470885814072,0.07637625244131577
229,0.04024094798813083,0.08699991828358286,0.19833295246794497,0.3349941106452092,0.0669181933505314,0.14876133351068396,0.050208588001759806,0.07354395575215712
230,0.0385822262312498,0.0978303736163134,0.2187277547672523,0.3154069598318435,0.0773289396566463,0.13026717835977802,0.05484834378237358,0.06700822375454295
231,0.04442397218338032,0.1118116491813682,0.20618165832779697,0.27448688001315397,0.0780343981503263,0.14878220529854166,0.06115285295643075,0.07512638388900178
232,0.04881760872387166,0.11875782346949364,0.22041325458858055,0.27523411749214133,0.08518388907769096,0.11316400211758877,0.05291674121897536,0.08551256331165778
233,0.06175196586118541,0.09168583814228383,0.216021581405879,0.2830754148547892,0.09641039209832798,0.07711816778590684,0.06376396376872871,0.11017267608289907
234,0.07726129326179577,0.08022697927357367,0.23677493981942588,0.24333228284592817,0.10282189189608772,0.08733679846409383,0.07601211273686673,0.09623370170222827
235,0.09695889491506285,0.0627762917803192,0.18505808788854713,0.2175802535832981,0.10970919749675587,0.11733960603319157,0.0945638992645395,0.11601376903828584
236,0.08942277871141066,0.06903501479441448,0.18340906550548963,0.20785760218776617,0.113114532183182,0.11350634152126325,0.09742444901376777,0.12623021608270613
237,0.05653819860644539,0.08151189030915172,0.13160062542628234,0.19224209682703586,0.1322950905781483,0.1405341132583993,0.1156349015510891,0.14964308344344807
238,0.06454802056926541,0.08161002565705332,0.1105827891125809,0.19271366563859635,0.14253887238452712,0.11359937134406203,0.12500652889292996,0.16940072640098483
239,0.07188024735395573,0.09202457570998866,0.1297195973143197,0.217436854693116,0.1107372686514231,0.1032496087905846,0.12545250687070233,0.14949934061591
240,0.07927242843684495,0.10602906523163251,0.11240024372308209,0.20960430111368825,0.12079997745798995,0.07459158406350887,0.1370190088309409,0.1602833911423124
241,0.08276189289159024,0.11334203538090232,0.11324654690726178,0.21773769379908878,0.10819661392866195,0.06546298768136818,0.13497288432994295,0.16427934508118394
242,0.08559505351975742,0.13227798245286007,0.12244684036856644,0.2281761692568035,0.0708772045430811,0.07740029098135474,0.14006628072263058,0.14316017815494622
243,0.0755168491099697,0.16186432735949405,0.06820345121372795,0.269895603520241,0.05399239601127251,0.0991490535376747,0.12872958828038522,0.14264873096723485
244,0.0673806313053224,0.1522150747143953,0.06537773911095872,0.2583187950849441,0.06488779853175147,0.09461975952795323,0.14087132732433288,0.156328874400342
245,0.06385871356347735,0.17764836220341176,0.043981704113607356,0.27646958002891064,0.06269806348410968,0.1133673592888824,0.07907321916716077,0.18290299815043995
246,0.060361838762319854,0.16484144821361477,0.04824940749917881,0.2859666792955444,0.06414810246336466,0.1000798050794373,0.09094739191769764,0.1854053267688425
247,0.05118780319873726,0.17825011240527125,0.06071615894950466,0.303299560013854,0.048317390120195265,0.1264670185257437,0.040282006754844335,0.19147995003184956
248,0.04250080214368797,0.19514090962240027,0.06719070729720861,0.3728247885300382,0.03663266385528742,0.15420932915803945,0.03875597064435733,0.09274482874898077
249,0.052859096851745176,0.12400921595557286,0.0810415073525153,0.418741112138424,0.05008848866175698,0.15453009381991656,0.05077459706939933,0.06795588815066987
250,0.05473633429956475,0.12839785272224644,0.06940862080428106,0.4140226669066783,0.056773338885016844,0.1367352814278796,0.05994224302373873,0.07998366193059428
251,0.049580630232901796,0.14614759237962022,0.07778123865075783,0.37612719324990207,0.07722707436647089,0.18007833212078314,0.0441767250654258,0.04888121393413831
252,0.060412806587541036,0.16017875771356624,0.08656740531201018,0.3722128859920039,0.06996009186067244,0.15241201202989982,0.0395462587903204,0.05870978171398598
253,0.07108867865558867,0.14720018237093885,0.09437282883863998,0.2965623869237878,0.10563903006972147,0.1609675216597734,0.05428147692018365,0.06988789456136622
254,0.06712571108983069,0.15941166756036446,0.0473476298113891,0.3063410935949875,0.1182918421409855,0.1794996807373268,0.044822564067033666,0.07715981099808228
255,0.07225219539293085,0.13475727139173868,0.05972064504079642,0.27283340627827146,0.13734957535218756,0.18152012506117313,0.05325242399346498,0.08831435748943688
256,0.08234701311619688,0.15806693191914822,0.06974246769984684,0.2733243366033604,0.12904382797072464,0.154768214698194,0.04988656543967121,0.08282064255285781
257,0.07953210583336005,0.16250368019937286,0.06798776424629083,0.261367298518143,0.14039583433862932,0.14794956471043885,0.05093076451815488,0.08933298763561023
258,0.08978045544740706,0.16644731692099826,0.06905640629139147,0.26509203957809524,0.15309555508970132,0.12247576678994283,0.05897934575881961,0.07507311412364429
259,0.10760089932508828,0.1888674381215541,0.08203338971874136,0.14399784136130092,0.18892952260307055,0.13092938596128334,0.07162268069708247,0.08601884221187898
260,0.10747879318457107,0.1617122677234016,0.08299527517269246,0.15124494179433626,0.1851445770365489,0.14423934885117629,0.07759556289050369,0.0895892333467698
261,0.09297735205308817,0.107396212610443,0.07284666943411498,0.1625967450023267,0.18664032294175087,0.21078299417335136,0.10138492349826929,0.0653747802866556
262,0.1015007000903222,0.11351659572671502,0.05578150563241945,0.16577907704263717,0.20568556942843214,0.16230453583909843,0.12087096320005959,0.07456105304031597
263,0.11369660479792018,0.13555951986757525,0.05190877179500534,0.14774120316102818,0.17907253243376003,0.15116189760677604,0.13197190102579856,0.08888756931213644
264,0.11513149689608936,0.13382287892635022,0.04525303394074632,0.1527530579194847,0.17385570711722928,0.14754615918340655,0.1436405522991695,0.08799711371752408
265,0.11996423935595987,0.13688827981374785,0.048627917968500425,0.13053127173222057,0.18302131166381774,0.14762352268754797,0.14815801005046503,0.0851854467277406
266,0.12909208659598273,0.14159211401210184,0.03746529421706623,0.1218044597692655,0.18722506615214496,0.13614781803827114,0.15324827230266258,0.09342488891250496
267,0.11027929447118025,0.14550195760698276,0.04283833639044569,0.12089912181087747,0.1928921929720494,0.14468512277096304,0.14402828200588025,0.0988756919716212
268,0.11105257391175466,0.1823298044171511,0.06019998833164185,0.11137763058133947,0.24654399528007417,0.15234079432502198,0.03974160655853243,0.09641360659448449
269,0.13142223197858344,0.13593799260182748,0.06400191997974217,0.10663362299067965,0.24737544182932977,0.17548428476579914,0.044350720967299355,0.09479378488673891
270,0.14382666797368593,0.15454618589275262,0.08975209814291618,0.1310572384161483,0.1878887929718712,0.15056267681264932,0.05687922624602965,0.08548711354394685
271,0.09660184311801576,0.1784967674781682,0.080447874665733,0.14246471219233717,0.22459463556533654,0.14877510257578264,0.06385745577981743,0.06476160862480926
272,0.06939479340153037,0.20587423849427533,0.08491028773728891,0.15307529523374183,0.22511621970105705,0.13616032406646617,0.05170589316127929,0.07376294820436108
273,0.09008131571863182,0.18591772572228837,0.09482810297963631,0.11220518366103063,0.23031581952021637,0.13895038217126207,0.061671785413523895,0.08602968481341063
274,0.060172603783810036,0.16099611264057617,0.10994061687942605,0.12441163619704268,0.24164686044427006,0.15109125194906547,0.05690666588471023,0.09483425222109923
275,0.06600300929076909,0.16526614824392663,0.11563014201446636,0.11566647462298683,0.2354639817041978,0.1557820196503421,0.05308257174678594,0.09310565272652528
276,0.07769831900152412,0.19245072211344585,0.1297134341685904,0.11450748912860587,0.21758476078356687,0.12633903828835838,0.06262622123597525,0.07908001527993332
277,0.07226843799364896,0.1885383243209479,0.10819545702429774,0.12119063839835517,0.22882009181544208,0.12394090423410895,0.0656952934067394,0.09135085280645994
278,0.07717534106145417,0.18915425946134404,0.10896741909006699,0.12412659016377048,0.2356609236867241,0.12659871706063106,0.05283033390240475,0.08548641557360444
279,0.08127691149531349,0.1837598877239612,0.11377879738953292,0.12479162228581431,0.22529501648045838,0.129781214929245,0.05407064611189933,0.08724590358377542
280,0.07271240777927174,0.18994773585235236,0.09321691274475521,0.12807567429405645,0.233588243380902,0.12926365950511015,0.06116944447301732,0.09202592197053491
281,0.06567363666861203,0.20144488528588025,0.06867904284918687,0.1354043231871581,0.24447108301281487,0.14188584182491845,0.05993704194837744,0.08250414522305205
282,0.06917521851252396,0.20942024294230288,0.06988643026206749,0.14047865870665519,0.23109757449902096,0.13149424988550143,0.05955911765820642,0.08888850753372161
283,0.053135768971841926,0.23360100034779507,0.05165508861088532,0.09813359335535202,0.23877302754294868,0.1433776053067685,0.07312681556740125,0.10819710029700727
284,0.062315372041644224,0.23008212720505872,0.06598613989766675,0.08123508817862383,0.18439146009219318,0.17579519831885362,0.07937604621583699,0.12081856805012263
285,0.07194441847330886,0.22784273975423866,0.07749608654970555,0.08217789513930322,0.12011256510632469,0.20802562311327652,0.08443580980807466,0.12796486205576774
286,0.057065842148431835,0.20854884793237544,0.08608286000070738,0.08731573674596768,0.1337879279016767,0.19927585741064785,0.09173616242026887,0.13618676543992414
287,0.058008020502144,0.2096142274477867,0.07675576738678766,0.09438892715629835,0.12949682816313018,0.21265586659307759,0.06822310877054824,0.15085725398022742
288,0.060876262086243554,0.19107912086930998,0.0846128279797751,0.10182917374520141,0.14169847573360894,0.19338551492247102,0.06549559697329498,0.161023027690095
289,0.06881968365443383,0.20594372895185845,0.09548124544553936,0.10257911244141978,0.12276764734542185,0.21108109527755828,0.07392667829119234,0.11940080859257618
290,0.06391376512247053,0.2241062667912735,0.10315441572013838,0.1089491548160073,0.13759331515823378,0.2236177699273299,0.07750494825353059,0.06116036421101595
291,0.07064949998937005,0.2432808148963389,0.06530501910361182,0.09644909951814322,0.10470659362005852,0.23055460807562667,0.09299954427506023,0.09605482052179072
292,0.06438505777563976,0.2411253952692367,0.07175944049538283,0.09773115591890602,0.10727329738138755,0.2263524659856703,0.0903701810656968,0.10100300610808016
293,0.048021975426968934,0.2498523542347714,0.07917236385279618,0.09792852810964157,0.11568026137863442,0.21681791268722403,0.09262447252220958,0.09990213178775392
294,0.03311852914002843,0.25651435150986773,0.08059125460741992,0.08634543003581928,0.11050460461089208,0.22729326697915822,0.10274316660258902,0.10288939651422539
295,0.03996832111937523,0.3236462087953277,0.06588966062468361,0.09568145183061293,0.1490721857755973,0.11612335980427971,0.1145898699376327,0.09502894211249069
296,0.04650201949562565,0.3226215082577403,0.07533381278042066,0.08676050349627124,0.14954152376980503,0.11493636541225909,0.09990262587250558,0.10440164091537253
297,0.04063362956840709,0.3209662203532849,0.06656607313331807,0.08791901220316245,0.1520020658364122,0.11824667198624424,0.10412681401658282,0.10953951290258812
298,0.040835875853970735,0.3214424327701532,0.07106524376357463,0.09177042297227964,0.1435436249241574,0.10955567755269988,0.10973706316519434,0.11204965899797006
299,0.044090670755084715,0.36223743002617037,0.08684234750289108,0.05946484247370687,0.12632203994523247,0.07903102149822804,0.09901754876341097,0.1429940990352756
