oos_period,model_1,model_2,model_3,model_4,model_5,model_6,model_7,model_8
150,0.053033707876648815,0.3135789298470264,0.11962067596631969,0.10139593908357993,0.07193661779890254,0.10909908073374613,0.10876119415491739,0.12257385453785911
151,0.051368973374718276,0.24041839107295476,0.12131703436314258,0.12139466650169888,0.07273077570983018,0.13334876361421727,0.11745165826165004,0.1419697371007879
152,0.04842536412816896,0.22981602684502253,0.12599151431631508,0.12502291852086508,0.06972381599971468,0.1313892309679515,0.11790192065090294,0.15172920857005914
153,0.02203690928233216,0.2793852805654976,0.1246473622004349,0.1169326092366543,0.06528691583255296,0.12822574096587652,0.12512417056898015,0.13836101134667142
154,0.01194280344316691,0.27528177716859276,0.12521783475491516,0.11742525965581946,0.08283631912411483,0.08967736738034769,0.14103240786309393,0.15658623060894925
155,0.060133157603731426,0.21372912825020685,0.12440139831658269,0.13669954360999712,0.09393501467827144,0.10529072656113297,0.1323778484235982,0.13343318255547928
156,0.03374675163712188,0.25247699568100834,0.11739511584245867,0.13790924091719656,0.09008106219932961,0.09317005679910892,0.1307273737964452,0.14449340312633094
157,0.05958932546426246,0.23443913517545872,0.14198245469048645,0.13664855537728948,0.0780225614168601,0.12516394842264442,0.09369762798707125,0.13045639146492702
158,0.09398005454060163,0.2112988692276642,0.1326401158756233,0.12874314321205843,0.07868380212773682,0.14303275274025018,0.07814229967508513,0.13347896259998024
159,0.11201560128300365,0.14859949697244298,0.10728186981494602,0.12225997195080152,0.08584873007269728,0.23030810009046562,0.07713089044091731,0.11655533937372553
160,0.11584920051694646,0.1443859333438451,0.10571754968626478,0.12416129470405189,0.0799905962006057,0.23713506074559454,0.07160610401769708,0.1211542607839944
161,0.11897908591806224,0.13659987538438687,0.11670404705695923,0.12467753233433473,0.09130824183616536,0.22925535120319881,0.06828560943106408,0.11419025683482854
162,0.12014040321351269,0.1315045367364428,0.11536372654860529,0.12813214593695377,0.09428190159297394,0.24027270507731577,0.06697432980920029,0.10333025108399554
163,0.12274413787095759,0.12831568747645505,0.1149493854976812,0.13432260677805025,0.09521981916899534,0.23437227684784126,0.07089494247344222,0.09918114388557704
164,0.11919780963613605,0.1303042591363322,0.10403558036887833,0.14072101318343658,0.06783451655268359,0.2858434612428171,0.0689977548969717,0.08306560498174433
165,0.1206501883049047,0.13059543411564217,0.11073385708844544,0.14205606866878245,0.06630637710275954,0.2991280987152117,0.06210619971938162,0.06842377628387235
166,0.12254916114204939,0.17605606548867908,0.13213141552759083,0.16890227406681463,0.09092668920556032,0.19334002262373004,0.06331683897684913,0.052777532967726734
167,0.13331890842976565,0.1830299423569497,0.17095833470743543,0.1480684422535914,0.11979250548046076,0.15990453975285174,0.05608230443445601,0.028845022583489238
168,0.14276229744569133,0.231137663891782,0.17468412067185665,0.16385423370462757,0.1820830293463734,0.044849271421067205,0.060559472483323745,6.991103427806676e-05
169,0.12679240632685013,0.21387402236467215,0.19087448538787866,0.1659086147921163,0.13132043577385794,0.081078512888916,0.06941660102149677,0.020734921443212012
170,0.07367115167241427,0.16783099238029073,0.15795597887219084,0.14462762387151498,0.07362624783607663,0.3043569297097024,0.056125352902455135,0.021805722754354964
171,0.11379068684103966,0.23694768063741686,0.1863112877436602,0.1282029430159012,0.14040584818149415,0.08667729026274575,0.06987005121043886,0.03779421210630333
172,0.11758226127738464,0.23296789326630438,0.17317163158424984,0.1349360820885655,0.15058234335042228,0.10354726616188106,0.06778259897695599,0.01942992329323629
173,0.10949296964364108,0.2241945842211991,0.17269619401101707,0.137034003000771,0.14739615438351397,0.11284940724180342,0.06962459819323498,0.026712089303819183
174,0.12782629969430775,0.22370871631774178,0.18285609424290697,0.15114193160248174,0.12899003820545615,0.11350061443460736,0.06416018333218784,0.007816122169310373
175,0.11112836645454909,0.2297108110783736,0.18384220062083434,0.16124293692184477,0.11706892337522856,0.11925892651537227,0.06350579498460118,0.014242040048196184
176,0.08904086319929377,0.2215115476996044,0.18789416596717046,0.15431575886251048,0.15294077198394598,0.12498468841895968,0.06639355039299709,0.002918653474518039
177,0.08392776252604538,0.19297358792416502,0.2152058895507043,0.13614203389584073,0.15818784290407714,0.12176336342038259,0.09065975021153043,0.0011397695662543452
178,0.09912852798612341,0.16896163743955608,0.2131178904419849,0.14174976599351755,0.13710388621689917,0.11426013004722901,0.07916757962669428,0.046510582246995516
179,0.116664263536643,0.19163217198389643,0.2234286910872413,0.14488810615322537,0.09573858398621408,0.1095696460477706,0.05411483728501131,0.0639636999189977
180,0.11334505508702354,0.20596566574131175,0.23209612409045782,0.10438618070519888,0.08175713954762338,0.15895555907330652,0.04331144830903364,0.06018282744504448
181,0.10174612108105309,0.20167073700859028,0.19655899402276752,0.09859694687391532,0.10002762166702148,0.18535643236501817,0.038869407698941504,0.07717373928169259
182,0.09502755781724309,0.20186401423990455,0.19700849063055018,0.10419364543616032,0.09712253807602776,0.18149547465799828,0.030949222380607194,0.09233905676050848
183,0.09981270702876738,0.19636948804358084,0.19443461683202548,0.10215512235242637,0.09848993013176052,0.18193076451030546,0.029416005679124203,0.0973913654210097
184,0.10529369149415939,0.17922549934392246,0.18443453436066579,0.11077390939657006,0.10175932365149025,0.1752894001002974,0.052824686152449035,0.09039895549944547
185,0.10390640721708207,0.18055632683612066,0.1873896672589316,0.10890833755522032,0.10129515742286074,0.17584429704684487,0.05122177000059027,0.09087803666134943
186,0.10460561626698235,0.18437403816949047,0.1909501473971368,0.10720792994997246,0.10016420089306656,0.17972891880012254,0.05636258765240589,0.07660656086982284
187,0.10465966196921109,0.18745310424304137,0.19083569687949273,0.11018034927160696,0.09689089405538555,0.17789522856641948,0.05437763083826234,0.0777074341755804
188,0.10357543722395973,0.18252969463436872,0.16631134763886837,0.12292785608888906,0.1076261958398968,0.16587259245329347,0.0787973419959476,0.07235953412377621
189,0.10807751229542328,0.17918502976082895,0.16310066112456834,0.11075880631780415,0.11527541325009737,0.17265330293212597,0.07803997610271773,0.07290929821543418
190,0.10517516601914412,0.1702733273095835,0.1621547428049413,0.12381712229273291,0.11401573203105228,0.1587000596618391,0.07644146687358591,0.08942238300612095
191,0.1013410554557321,0.16197617498768493,0.16283599438976576,0.12032799188403767,0.11788429941601718,0.16005522563593935,0.0777031468070212,0.09787611142280175
192,0.10267912839737964,0.18849414350127464,0.14627069236204093,0.11455900386771341,0.11404406690379912,0.14584045395644768,0.09270140683443108,0.09541110417591361
193,0.10303487803577677,0.18691777041366828,0.14763887930688266,0.1072580950915406,0.11714256015504476,0.1496469966224559,0.10146290068811802,0.08689791968551298
194,0.10265641872905092,0.17815296260358068,0.15545116103195816,0.10731942032751184,0.10607723779526186,0.1536516745703717,0.11139564925900573,0.0852954756822589
195,0.11899718015937975,0.20946029002521682,0.15857592944850654,0.08895211358727442,0.08396856251372664,0.16026908022887942,0.11040795462264533,0.06936888941337108
196,0.11607153951283486,0.20898634050568113,0.16176428397134157,0.08459490292336848,0.08721768749284263,0.15625472460663364,0.10529994072566158,0.07981058026063606
197,0.11874150434785961,0.2095333474791236,0.1699789673249923,0.10576166585374193,0.06828375610271802,0.16246055922830904,0.10401064847060704,0.061229551191648364
198,0.12032521116747381,0.1847749534913597,0.13535275018969395,0.0865769955994782,0.07714309024434446,0.1765950036982014,0.15797891764076782,0.06125307796768059
199,0.14453625597340794,0.17707788102042998,0.13453289707529167,0.08799577937771551,0.0644170510509906,0.16367802032982276,0.16151782464362718,0.06624429052771436
200,0.10778279177156219,0.1483357835937341,0.1477447099242671,0.060583520089908215,0.0671854105724107,0.17748906280742152,0.20858317061608486,0.08229555062361124
201,0.10588111533365743,0.1639920656058929,0.17072243668744194,0.05640378560003308,0.04722240311526721,0.16592064927968803,0.2116342653895182,0.07822327898750113
202,0.1087260048248377,0.17052509746526803,0.166101513687418,0.05865171715590115,0.04733859187187253,0.16522786365812514,0.2051469382028295,0.07828227313274791
203,0.1037566027214321,0.17260848368911716,0.15453794895697076,0.06760013624954762,0.05808425851350208,0.16106941280897175,0.17891132687810968,0.10343183018134881
204,0.14032523803063549,0.23608279822039183,0.16919306698460126,0.047190802844898114,0.0,0.18317959443372442,0.16539221523654143,0.058636284248207375
205,0.1295650204113159,0.24651599308861494,0.1744562850431642,0.06810744436508259,0.0,0.15085208729056984,0.15737049712012025,0.07313267268013228
206,0.13604204530279643,0.23913314920612655,0.1771284828347725,0.06466986122246665,5.763000414875683e-19,0.15502734689251454,0.1509769414764954,0.07702217306382791
207,0.11591092219188637,0.22390645351374908,0.141849953759704,0.061721349940287454,0.021866587463363663,0.14780625045576576,0.1929587894958093,0.09397969317843426
208,0.11786100499143198,0.21420709815977249,0.15794027574972744,0.06139554873911743,0.010294993407198565,0.1333661106034467,0.19538871792614948,0.10954625042215589
209,0.11539718118396147,0.20700743229759289,0.15573995805505014,0.06441083025295434,0.011408794305293422,0.12340740239648033,0.1870024888480752,0.13562591265959223
210,0.1110327996683488,0.2041254111072794,0.16693375657422468,0.060429750157748534,0.0,0.12255107796308141,0.1948362446893484,0.14009095983896877
211,0.10824477005891832,0.23786721135618372,0.16182036176288553,0.06141751123217779,0.0,0.1140126060695371,0.17941570245589197,0.13722183706340546
212,0.09617883238738471,0.23116518390207838,0.1722452751715267,0.05762781049893031,0.0,0.10772840438311924,0.19598270849103355,0.13907178516492713
213,0.10733487698664879,0.24250549840279337,0.17671789693217851,0.060928506702642375,0.0,0.11710034402987625,0.17879559434491205,0.11661728259994845
214,0.10820770399703018,0.23987584903628684,0.17274103805358526,0.05953874501963275,0.0,0.12187990230406313,0.18357749450253794,0.11417926708586366
215,0.10051130069892833,0.22548577835632788,0.17757805030274848,0.07403142738992852,8.557044470509602e-18,0.09357826025408124,0.20594109473995317,0.12287408825703217
216,0.10465127590395004,0.21493737885649203,0.15515194105427202,0.11245160904534025,4.175394650437714e-17,0.0727025733533672,0.24633730412836263,0.09376791765721568
217,0.1268048400001728,0.19238216864744637,0.11582573427449111,0.07844186099664627,4.751248273304639e-17,0.16170267701764332,0.18513024505266995,0.1397124740099301
218,0.1322867826941775,0.17031673222206417,0.14073942182312202,0.08840955281463729,0.0,0.1687177613406871,0.16412311672911614,0.13540663237519573
219,0.1372232875808439,0.18647996837679576,0.13996226254222505,0.11572393207555982,0.0,0.14573833392757046,0.11509703555980882,0.1597751799361962
220,0.1374625440038733,0.1681690601062202,0.16485297530880583,0.11736625632490734,8.569455955145521e-19,0.13864095249256328,0.11635003526221306,0.15715817650041694
221,0.11366699594993665,0.14740314505086935,0.18214917224832433,0.21330539781294808,0.0,0.1167489295556815,0.08874717543196213,0.13797918394927786
222,0.10398634044660658,0.15674759411715386,0.1481486804727475,0.22744716871185122,2.0441998845028615e-19,0.11340216977108702,0.10094444493698326,0.14932360154257052
223,0.11947870673632613,0.14716993204154805,0.1319630778036189,0.20451738627428204,0.028373601027102787,0.11670936680277245,0.1108717348666829,0.14091619444666673
224,0.11957985301600439,0.15005379921758244,0.13472966290324853,0.2005457571270732,0.029998177975920536,0.10582534722000132,0.11525579956595539,0.14401160297321414
225,0.1155634087874782,0.14589702477499372,0.14124916092287773,0.20152825100045532,0.03389319251515407,0.1058192456527656,0.11266375692288429,0.14338595942239085
226,0.12451637909461469,0.15682821900052069,0.14376474834425096,0.23114112909800677,0.0,0.1049979192583984,0.1009356322242279,0.13781597297898057
227,0.1271048750986496,0.15211299942658363,0.12105117900797183,0.2488748890998422,0.0,0.11603424566064272,0.09208496339402393,0.14273684831128605
228,0.11726756351503372,0.1581562953499109,0.12319300299553812,0.24672744620949733,0.0,0.12004748979293857,0.09995764606186851,0.1346505560742128
229,0.11831827715849023,0.169148755816374,0.1085972464308438,0.28686324036568356,2.0615233234636075e-17,0.11841010431757978,0.07074237625543477,0.12791999965459389
230,0.10669233394315851,0.16239585557565395,0.13179979282022097,0.2477756830903083,1.841040268227595e-18,0.11609568990106361,0.10629396395118376,0.12894668071741092
231,0.11921751492115408,0.18318531146153935,0.1714868028185316,0.14535812591917438,8.072462215341826e-18,0.11271139883532393,0.13760468457839395,0.13043616146488274
232,0.1023844099651178,0.15750234318831335,0.14755758429423377,0.2515369445619823,0.005557065618804903,0.10483439175159737,0.1131053051187754,0.117521955500175
233,0.1073460503636241,0.1455341638438204,0.14036187382243007,0.22396646596969724,0.036595833170601826,0.10061531184683314,0.12334460496959648,0.12223569601239666
234,0.11167051192210715,0.1383252569978589,0.17081582832798384,0.19090743969505308,0.033682443499599216,0.10849903062492236,0.1296565435563947,0.11644294537508068
235,0.11605495375404881,0.12965899412599713,0.13686650770572847,0.2116470162315749,0.02981344350229466,0.1196823785159723,0.13417498405968417,0.12210172210369949
236,0.11836011677588874,0.13052704510605198,0.13664563786561923,0.20995529614302402,0.029374587157455515,0.11804267035545317,0.13128959561231354,0.12580505098319378
237,0.10419374636936664,0.14640345253861495,0.11889705008283492,0.12864564348833474,0.032227689515640395,0.1456843801377584,0.169501651820769,0.15444638604568092
238,0.10855363579014067,0.13912350740283763,0.11130753563797541,0.1152597404238297,0.0,0.19220800429322915,0.15307975509655414,0.18046782135443323
239,0.10955280858113604,0.1476890511654043,0.12272702739478572,0.11911104890819274,1.7470530993135303e-17,0.17973971171391964,0.15333903900005805,0.16784131323550341
240,0.11307075494079082,0.1548409677643239,0.11589097706665895,0.12011219062493371,0.0,0.17747293370191264,0.1519323701246738,0.16667980577570604
241,0.11328462071651776,0.1616506879256616,0.10349547906679027,0.1240302091712094,0.0,0.18771837434752378,0.14499243266061063,0.1648281961106865
242,0.11127703777434568,0.13757440881096397,0.127914469016336,0.13706685920044032,5.019729003660777e-18,0.21189845986396358,0.11084610826403156,0.1634226570689188
243,0.10681544308574249,0.1526216440856569,0.0871730774517034,0.16149905935294634,0.0,0.21654222579772492,0.09750768894878685,0.17784086127643897
244,0.09932032096979734,0.1315376227328395,0.0751809507778455,0.27841781320058046,0.0,0.1841008838523653,0.0884224023282337,0.1430200061373381
245,0.06252970681863744,0.09599084451209046,0.043709633417161414,0.3724532686496631,0.0,0.20722297757041447,0.05825623205502083,0.1598373369760122
246,0.05475276850175229,0.09165906787808294,0.04890393397874036,0.3783385053161834,0.0,0.2066692050720144,0.06523508095895356,0.15444143829327286
247,0.0508733154734219,0.08962008953988422,0.05902310209875627,0.36663233770037273,1.4557481873019697e-17,0.21825818198075508,0.04581341722249667,0.16977955598331304
248,0.037085255571156134,0.08850161926850283,0.09490575598927284,0.39154525258323053,0.0,0.21843929917578578,0.039244423479442334,0.1302783939316095
249,0.04814865707648243,0.06746589839318243,0.1018626792389618,0.40149122753422223,3.765757619064054e-17,0.22062948837429042,0.04353859699548581,0.11686345238637483
250,0.06370142156543084,0.06947903377813587,0.07949986879737796,0.40581217099937794,2.6721560145241504e-17,0.20772964875420974,0.04511027284957081,0.12866758325489674
251,0.05625122496003581,0.06286478256736251,0.08899213163441515,0.4111334126936953,4.555237311210666e-18,0.23000011906267182,0.027401372923305856,0.12335695615751366
252,0.06482577719634995,0.06783198536977784,0.08364644202533535,0.42269085764113545,0.0,0.23270959990619122,0.0063284414084503835,0.1219668964517598
253,0.1016562494981863,3.815684904029795e-18,0.04470862243407831,0.472552277617463,0.06731507681984474,0.19279127127814977,0.015537442323477035,0.10543906002780085
254,0.08320661762637895,1.1189622870573337e-17,0.03128647112407691,0.5000688946276421,0.041394703749709355,0.20501609347209404,0.023918994303199714,0.1151082250958987
255,0.05400600856209969,0.0,0.05005358101291914,0.4312789567461106,0.07958435720501242,0.1991628286062098,0.04626734362977618,0.13964692423687217
256,0.06410135406553945,1.0224835366036137e-17,0.051535043889164384,0.4411910726473715,0.09824084888813425,0.1933229429797982,0.02255515112123708,0.12905358640775502
257,0.07840018197365127,2.0785169439085083e-17,0.038788872332107066,0.4469928523009888,0.09677849259017841,0.18454948100523041,0.02811756541881475,0.1263725543780293
258,0.0701378338774131,0.0,0.02608904682922007,0.4641801622427379,0.10592578443487562,0.18977310228138652,0.03924523276999062,0.10464883756337617
259,0.0939275424109564,0.05142980573314531,0.10131266311120511,0.1732395485170004,0.15700145114058553,0.22477551677133642,0.0770090795380726,0.12130439277669798
260,0.08004676568076156,0.04724160931612198,0.10837669285158653,0.16800986705227489,0.19066195786056397,0.2195518224382465,0.09087469764647516,0.09523658715296932
261,0.03142849302464195,0.0,0.06743342682082577,0.16468661823510525,0.1495450686220623,0.37110316999003706,0.12493109382139712,0.0908721294849305
262,0.06405747621638458,0.007547796604838246,0.06931536339979762,0.208269630383474,0.1811518858255287,0.256679416194861,0.11897304153558308,0.09400538983853271
263,0.05765278885679102,0.005665640082306687,0.07679701345037762,0.1860573281573768,0.1724462796789071,0.2561370039308723,0.12678362587733544,0.11846031996503302
264,0.05779198312498777,0.007152372002385757,0.07385652290980499,0.18897458148394045,0.1717993793079703,0.2541673009967554,0.12867882546654363,0.11757903470661175
265,0.05818781110696458,0.05775041455742353,0.04560342102633572,0.11860301932724956,0.21801862532200045,0.24709678993434755,0.12690248952399938,0.12783742920067917
266,0.05823649135416098,0.07035790327627812,0.047548444988022416,0.11453084129317638,0.21911142200796535,0.24243315748748043,0.12226629139219135,0.12551544819972493
267,0.04290195452780404,0.05479358731633943,0.044476814243878,0.13581564006130137,0.2161382599430543,0.22477356176280186,0.15680274505488026,0.12429743708894075
268,0.08088238782837051,0.10819297935809366,0.06986963231864435,0.11096118010170447,0.20406611898757443,0.19199949763784968,0.11265792572647236,0.12137027804029049
269,0.06892021190355185,0.11687664847915608,0.0650933302124272,0.09153366204995171,0.21925341714693905,0.2006343913560604,0.13876050107865154,0.09892783777226206
270,0.06976834367282264,0.12154924405631226,0.06290653585688326,0.11738407034163172,0.20729405676577678,0.19285579567895378,0.1492864106580427,0.07895554296857686
271,0.027912857563266426,0.11141068186230219,0.06405462751036584,0.12174204537745587,0.26128376133402753,0.20757604997978965,0.16516422965939218,0.04085574671240029
272,0.0199649399123668,0.11687074550082098,0.06948937458936431,0.11874217400782086,0.2683652827937606,0.20233900157294563,0.15815516095177282,0.0460733206701479
273,0.052699418334844136,0.12186670984720112,0.07959256330196621,0.11949438203278087,0.22352795225291092,0.18983981981385475,0.14563406979429633,0.0673450846211456
274,0.07256214302399583,0.12677230608066614,0.07705159238777506,0.10967688220097632,0.19918470191514834,0.1966610031971381,0.1473841618729986,0.0707072093203016
275,0.05883281477330778,0.1293055883859641,0.07541739549455058,0.10885971658977393,0.1897451108514855,0.2029581979210837,0.16024718067464655,0.07463399530818782
276,0.06001740987993455,0.13417226902572416,0.07662221654727082,0.10358570775100136,0.19587734447692917,0.19484865688069003,0.15543614952623616,0.07944024591121351
277,0.06142498619122782,0.13618317814052272,0.07605074829774364,0.10360096069664804,0.19616661282169306,0.19352974389530753,0.15464220636631776,0.07840156358953936
278,0.07214882126801572,0.1403120425247631,0.07000398549140743,0.09968564053921485,0.19619051800260662,0.18883291196889407,0.1659030049382011,0.06692307526589704
279,0.07128352026400696,0.13742673167182462,0.0703524302663198,0.10157111001030811,0.19809140224231964,0.18934662796740323,0.16785192994674844,0.0640762476300691
280,0.07438952509956662,0.1382834775384881,0.06618810412875419,0.10326639363448721,0.1967963042198844,0.19055888349900219,0.16662283470771405,0.06389447717110316
281,0.07476477321970201,0.1401648991844069,0.06084650601176712,0.09796449418068198,0.1941222452768363,0.192531747192886,0.1691245984523063,0.07048073648041345
282,0.05729943895750669,0.14415775188500368,0.06596790802425498,0.10086394418968732,0.2032082732988948,0.21326127767265723,0.16526162667035146,0.04997977930064379
283,0.0019994967771423335,0.1730888910021441,0.050648991561739735,0.08385249137901128,0.23106590946000982,0.26309759882691974,0.1859171867229636,0.010329434269069376
284,0.03780283703352381,0.18868402769819376,0.05781853848044283,0.08599704914859865,0.19320045712319087,0.22733089485793398,0.16107554359862522,0.04809065205849078
285,0.05211989063068208,0.2572836887768868,0.060143757561387366,0.0846159246405096,0.15998027384577213,0.1968784257079822,0.13408082952283573,0.0548972093129441
286,0.019594929245800818,0.19317731560540805,0.0653397545652633,0.09730922063884641,0.17214780717845354,0.23938545938905453,0.15689739809168488,0.05614811528448837
287,0.06145784757115965,0.17584728725871948,0.07181075212157918,0.11303308064864952,0.17714828838906815,0.21232673425394802,0.13011732146137667,0.05825868829449925
288,0.06367623370247248,0.1839969779587479,0.07947030573294409,0.11576990363589071,0.17832706844612145,0.19142080767038683,0.12779555258941888,0.05954315026301762
289,0.06204759465667786,0.17465473604353784,0.0765494612538863,0.11464722997162138,0.18323878627563736,0.1940100039142307,0.12970799732363453,0.06514419055977393
290,0.06324403754785007,0.17628052849122958,0.07336919162682837,0.11243162327677483,0.17039064209067334,0.2109562769650326,0.1227316815553002,0.07059601844531091
291,0.05394394580653994,0.19401186978723836,0.05454799580104301,0.10588171507170756,0.18264230961089128,0.20571742653150576,0.13374304634371617,0.06951169104635783
292,0.060933748303188685,0.1939681806439198,0.054267949193484724,0.10669779550667487,0.187392936897221,0.20090070856165634,0.1277471804223619,0.06809150047049264
293,0.0592584218460108,0.18529690409421004,0.0738156358187229,0.09077802321275233,0.2071978911638597,0.18728776532153676,0.1268403335294772,0.06952502501243017
294,0.05358492266250998,0.1846738677099977,0.07754256825457544,0.09818376758215625,0.20290183475715046,0.18629723916858495,0.12773619055119367,0.06907960931283147
295,0.07593995683763283,0.2436301245554666,0.057876068459874336,0.10327090515859058,0.23148409254004262,0.1114278116704361,0.11074160946857463,0.06562943130838232
296,0.0832099088551896,0.2576592077511714,0.05663771498228311,0.08439991992199769,0.24032776620968713,0.10915983581908649,0.09690095921413712,0.07170468724544742
297,0.07658697899344781,0.2538902435326435,0.0311278974423989,0.0771382598526223,0.2793205521096438,0.07705338888814525,0.13379397678693838,0.07108870239316008
298,0.08045003869308641,0.24672888701180115,0.03308164146622962,0.05992390211713527,0.29588761930766083,0.028137987424712088,0.13895424195461253,0.11683568202376207
299,0.06912719206560965,0.3166784252832705,0.02895389281201337,0.03573173660590328,0.2845209611753408,0.009070613714996475,0.11569615598072586,0.14022102236114
