oos_period,model_1,model_2,model_3,model_4,model_5,model_6,model_7,model_8
200,0.12159319398101447,0.20510602761658037,0.05173137170625002,0.168652268198896,0.07103122449240455,0.05467481103519841,0.2584320207179957,0.06877908225066044
201,0.10338844822799743,0.16785549262516258,0.05275600560653615,0.16914140587727255,0.07680612096326354,0.10136827528081051,0.24429040843048497,0.08439384298747224
202,0.10142176557920343,0.16780707711714826,0.057201945182387574,0.15294566971022866,0.08545640731485939,0.12167692488896908,0.23180362313482375,0.08168658707137977
203,0.12006352286246769,0.18376995171565835,0.05675081874444147,0.16738474335085812,0.08920573618767896,0.06570554327779168,0.24360452660214588,0.0735151572579578
204,0.12358770449327287,0.18710339179691707,0.06442265410395832,0.1514658817741545,0.09449190349724652,0.06338828319198649,0.2418881431382572,0.07365203800320692
205,0.14271427519965582,0.19463540867397439,0.024146199486149496,0.17427807105661705,0.07081388128109074,0.08318365870238288,0.2299372103451689,0.08029129525396073
206,0.14135005977685944,0.1806709304201849,0.0,0.20198179196921748,0.08119334082539677,0.10024249723836845,0.1980797126284089,0.09648166714056401
207,0.1565504765998098,0.19450626094141843,3.2096568075634066e-17,0.16267014497732912,0.10112465231772556,0.09291363925793804,0.19840851393334896,0.09382631197143
208,0.15877587656025155,0.19769996061474318,7.900550641866349e-18,0.16540345520518404,0.0994943628805267,0.08973848733594353,0.1972864440793359,0.09160141332301519
209,0.15832458219313086,0.19258056202577958,3.407984123715066e-18,0.16509151450440868,0.09986263545311173,0.09292820076137716,0.19629672660988656,0.09491577845130535
210,0.14138205421194983,0.19264343891945923,0.0,0.1705659594245857,0.11504428043955835,0.08228856655666406,0.20367507039231272,0.09440063005447014
211,0.19768272780779667,0.17659362949092638,1.2483550135968312e-17,0.1363925521035412,0.1165891848780047,0.07652088458945525,0.19277412242733832,0.10344689870193739
212,0.17824630992008106,0.17958545266413836,0.012241742650421125,0.11402467451378928,0.11995986456841475,0.08960197615707466,0.2027679892765486,0.1035719902485321
213,0.13880228883453422,0.1839594403682691,0.021029076205657884,0.1269856917737077,0.12535254009766988,0.09928920772893148,0.20798727199307895,0.09659448299715072
214,0.140554956948999,0.1933240614070159,0.027308926003089234,0.12079857171685301,0.12052117115693044,0.1032753310117914,0.20817557835436837,0.08604140339995242
215,0.1304570018915433,0.18864336754718902,0.044834662359782486,0.08518189133903642,0.12221686422829024,0.11680899252474376,0.2038988574066571,0.1079583627017575
216,0.12295497952785273,0.19512789600123412,0.03684498401576085,0.08169321016989826,0.12732335338728604,0.10615295888201029,0.2223548132402397,0.10754780477471797
217,0.1274774512372936,0.19859379061817806,0.043992490015356815,0.09515805049213605,0.12527144575328464,0.10330334309238227,0.2107593757783267,0.0954440530120418
218,0.144200789504763,0.1923189613156196,0.04079281305286517,0.09476510706922069,0.11897195623575044,0.10420029122071901,0.20721577231277274,0.09753430928728923
219,0.15820063034705195,0.19797248085578853,0.047964018749812966,0.09151976317959813,0.10303481790109849,0.09609187311781693,0.2042644717256141,0.10095194412221882
220,0.15743997424717612,0.18685097639307544,0.062039103130736274,0.07417389813684265,0.0961224037620555,0.11217775322763718,0.20103782319255029,0.11015806790892638
221,0.16692552052986218,0.18397639410208327,0.06309304509649621,0.0798764071650094,0.09633394363965063,0.10424613925081215,0.1966830486564709,0.10886550155861523
222,0.16561048137041548,0.18102176915950313,0.07888282780447728,0.07378351383823632,0.09696552525681068,0.10313940653256555,0.19895517079710393,0.10164130523988757
223,0.18557621921373907,0.18951418206980036,0.07481607776383252,0.10801683490078516,0.09611796502096355,0.11153691839112544,0.1603532887417139,0.0740685138970399
224,0.18690233691452873,0.1938932720934213,0.07803248635581934,0.1067147960437908,0.09572739699700364,0.1156214674368562,0.15343765071838494,0.06967059343919495
225,0.20810979467475982,0.2152923808313886,0.08207235121264876,0.08502520487987676,0.081515727807551,0.10475561580250331,0.13066016979858283,0.09256875499168886
226,0.1876201304039426,0.22313475465563165,0.06560749493204494,0.11834451095321782,0.07544265052493115,0.10432658341877996,0.11334027485001412,0.11218360026043768
227,0.19343104166006503,0.21193996545992302,0.0754894892305178,0.09823947132186943,0.08464898229302441,0.10026458461079833,0.11841808453567096,0.11756838088713091
228,0.1907079693219062,0.21724248930045442,0.06174074908698903,0.11065427937941892,0.08872817412973681,0.09340665307737354,0.11523360915484597,0.12228607654827499
229,0.18931723976081677,0.20737889889081648,0.07334508916957715,0.12356745888455052,0.09229111929148824,0.09029354184806794,0.0982472958834286,0.12555935627025416
230,0.18355851380061747,0.21251730582405484,0.06504708281092278,0.13256322275200336,0.08693964217504808,0.09999691014449674,0.09346188301211385,0.1259154394797428
231,0.204277949232663,0.2268414824991775,0.05742844136962421,0.1375064876997082,0.08261171959262921,0.0996510424866505,0.08359801587128404,0.10808486124726323
232,0.1882847962794662,0.21383131798205743,0.06761339385947475,0.12466928373464056,0.08464475677831311,0.09181252578958286,0.11374456033036552,0.11539936524509949
233,0.18596169446740135,0.1980468067755605,0.07416303092478418,0.13882644120334828,0.0940357613001975,0.1012521954980646,0.12171285705581623,0.08600121277382732
234,0.18069359105584906,0.19137210761266485,0.08484943611854828,0.15037843418047,0.09611121197045709,0.1027535720335619,0.12017562250382459,0.07366602452362411
235,0.15942928928421113,0.18519520265734624,0.08977757847322515,0.1608775033756462,0.09708478882479216,0.12332810460690187,0.12461306556628739,0.05969446721058972
236,0.1725444472647484,0.18052437068878538,0.11035797738380404,0.16139661978809267,0.09123025999089057,0.1202772153142705,0.12725103084722234,0.03641807872118605
237,0.15856627847668953,0.18597643068089667,0.11314648251131396,0.17190307776916577,0.08830661867698092,0.10539849814276554,0.1251790821543989,0.05152353158678865
238,0.1562165343547653,0.1879637892379563,0.1116464509682851,0.16806753782435696,0.09000193196882049,0.1037911931484984,0.13049047385182047,0.05182208864449691
239,0.15925515894297235,0.16856072165261862,0.13036673222965448,0.17970830725253956,0.10002410632865935,0.09972393309773792,0.12427116865727635,0.038089871837541284
240,0.16155922253215224,0.20600301193382964,0.13628798646709026,0.17972888490463523,0.09644800173971887,0.10130751523199166,0.09904022091183431,0.019625156277747732
241,0.16236544248987647,0.20490844718504772,0.1363671179016203,0.1749061525423123,0.097837387241964,0.1017653384296032,0.10122423393193594,0.020625880276640057
242,0.1528320215301653,0.19371339981607702,0.1308239260604202,0.16986223459365404,0.10326824651341109,0.1065597002212197,0.097570200048419,0.04537027121563358
243,0.1721470729031935,0.17669663305848152,0.19848031894952403,0.15149343512969354,0.13218891479904488,0.06709097258767252,0.09111395977765163,0.010788692793738222
244,0.13422380333625872,0.18769433619720557,0.17598730715763417,0.17986898541503057,0.12840335710654038,0.07979689535163129,0.10187061830961942,0.012154697125079843
245,0.15132034755178164,0.14566659524271283,0.196049751668378,0.1724147861314816,0.14943322034982393,0.05220464752683314,0.13291065152798892,1.2030177339269281e-17
246,0.1367368323108455,0.15777687592548764,0.23798609912518998,0.16624804972125862,0.1267428765353926,0.03896946162006287,0.13553980476076283,0.0
247,0.1395811902949106,0.1609337135509224,0.21045021134187375,0.16862888232178092,0.13515161247824647,0.04130845104713866,0.1439459389641271,2.2566863538963314e-17
248,0.14398050028194906,0.16698156725561478,0.19909965464172652,0.15686758635664003,0.13594578388225703,0.03502703964199966,0.16209786793881295,0.0
249,0.1640997692551712,0.10768392991895266,0.23014840919243182,0.14894673494538246,0.1350541300927476,0.058822207498380345,0.1552448190959338,2.2843053858950652e-17
250,0.17275277992012877,0.09803565837388292,0.23390212874079594,0.1307920950402843,0.1281850918801864,0.06669652493398476,0.16963572110973676,4.0560200385410914e-17
251,0.1699683136189754,0.11085017592956938,0.2350503055577223,0.12854636182372453,0.1266986503039015,0.07327621858038606,0.15560997418472075,4.3737975599530545e-17
252,0.1616702135534107,0.10650368978235648,0.24398904321330636,0.11498842632701316,0.13699736578659627,0.05626648680420918,0.1795847745321078,0.0
253,0.15197482412993704,0.11339035486152056,0.2329449241413598,0.12119571564726635,0.13514619294363003,0.08592300689516671,0.15942498138011948,3.4573237928925792e-18
254,0.14859159657518312,0.11435585233681833,0.23262724317125794,0.11987024436449538,0.14105161281459425,0.08156867250981255,0.16193477822683838,0.0
255,0.13983399856121015,0.10193967627364456,0.23910555306023082,0.1329413614047271,0.14058026415695202,0.08569104935123172,0.1599080971910036,1.8466178517962335e-17
256,0.13932382806312318,0.10450459604583127,0.25877212625376056,0.12144950699884524,0.11625327379472576,0.07334774293925794,0.18634892590345586,0.0
257,0.12544564901024052,0.06440371990966376,0.2775982938971159,0.13462439383575858,0.09258871904269515,0.12274182952214863,0.18259739478137757,2.380321400459814e-18
258,0.12557785996341925,0.057879051042721716,0.2811077941312084,0.14097248135085516,0.08640838333062431,0.1291146910383695,0.1789397391418016,3.6089840494815754e-17
259,0.12536609786018926,0.060082115654835594,0.273327492358111,0.13994764259306422,0.08612119869775549,0.1402367437827834,0.174918709052261,3.833519450596466e-18
260,0.12227057034655578,0.05844208935248158,0.27658767600552253,0.14107229769995344,0.08765397476862494,0.1436855094106249,0.17028788241523676,0.0
261,0.1149243721270951,0.07146507241622745,0.24422269077081174,0.18260891527755496,0.08241165123973253,0.13950113047300897,0.16486616769456924,0.0
262,0.11099243602536862,0.06697765945283823,0.23389135337237485,0.1953532196993964,0.08338055789439663,0.13470778299948688,0.17469699055513827,1.972987888337058e-18
263,0.12355517626585011,0.0733742633499447,0.22784763717084677,0.19494828113485246,0.0789736503989908,0.13160290407496988,0.16969808760354524,0.0
264,0.11045967858728171,0.07080799517056541,0.22935199843774057,0.21658886877569497,0.06463068521469527,0.1198877603830718,0.18260525989755147,0.005667753532398665
265,0.11265568176775737,0.08878152910284405,0.21548122215871962,0.22194398853966868,0.0860625435167323,0.10566783948491285,0.16448403045078872,0.004923164977576423
266,0.12554228377861779,0.06335025027613106,0.20231246585108545,0.22112676835175027,0.0917433219522148,0.10023050666577528,0.1883337547258641,0.007360648397561147
267,0.12451770050097814,0.05206134689634331,0.20898674491335895,0.23420135972029932,0.08796951263645726,0.09167829549297221,0.19487597030937037,0.005709069529220357
268,0.12144787202810724,0.04124414010911847,0.20229909220192221,0.2244724294412314,0.09640889291090345,0.09939306788840886,0.19502635764292575,0.019708147776382644
269,0.12601116474441526,0.053777346237520444,0.17817324916270513,0.22926850512373254,0.09950728085495132,0.07720519377141212,0.22247208323659304,0.013585176867669944
270,0.125939161786207,0.04719685108397445,0.16417492456935967,0.25895144390195884,0.09552428180647536,0.07639541346571428,0.21895762019992104,0.012860303185389282
271,0.131278469466413,0.04531812711010723,0.16181361065609684,0.2591943599372728,0.09341591461182748,0.07751181886511818,0.21853288061922435,0.012934818732940053
272,0.12565969139662078,0.035091131484956344,0.1625643677152317,0.26392009742674666,0.08879586103962303,0.07062522404321987,0.21914521638774204,0.03419841050485949
273,0.1213520092181055,0.03316333451548942,0.16558355143074396,0.24137284709379983,0.0932548923350786,0.07047424668874384,0.2348951393064922,0.03990397941054654
274,0.11810021659618103,0.022064297947727882,0.1827564212992627,0.2379342245935501,0.08222890810279311,0.05867560163518612,0.24926529861531777,0.04897503120898125
275,0.10644701365755205,0.034659363146237375,0.18533150384832017,0.2353344419131431,0.0877318305207277,0.06092653943761793,0.24153212059060336,0.04803718688479827
276,0.10533075356865164,0.029077879919120597,0.18988589171867154,0.2332682568439483,0.08890122755720849,0.06322181049563888,0.24696658525879311,0.04334759463696737
277,0.10009371504985327,0.015909642392399104,0.17146937098335832,0.2558309483179763,0.0880846641778626,0.06307190313718632,0.2533087045520537,0.05223105138831023
278,0.10405905471523684,0.017110493727884604,0.17664309725582802,0.24189767515123323,0.09069842643185459,0.051740097926648666,0.26468275338820807,0.0531684014021059
279,0.10145530890314404,0.006216949822467771,0.18092958646150725,0.24359839158228178,0.10520751889040712,0.05002164707302189,0.2624671158459782,0.0501034814201919
280,0.09263943686142266,0.006552478668096847,0.16830194827669873,0.23536740107503218,0.1189421714824721,0.0400705827737269,0.2760385278047909,0.06208745305675966
281,0.06861672113043435,2.2736481886650823e-18,0.16072692496572966,0.23979828948069426,0.12445025055058538,0.05033247725163358,0.2797980688477743,0.07627726777214858
282,0.08212856783748203,0.0,0.15537726181176775,0.25131551062968893,0.1321914860713164,0.05315369411077112,0.2641201657439918,0.06171331379398197
283,0.09972354805845879,1.541112920056614e-17,0.1626670731385441,0.23571836461025197,0.11452513364642283,0.04167089046703832,0.27373340235902244,0.07196158771926149
284,0.10546749833691192,0.0,0.14639651031306772,0.2174358203237326,0.1243526702314119,0.03454080541861871,0.2901020796840474,0.08170461569120963
285,0.13085674141493867,1.9678282665482025e-17,0.1311840802472315,0.2059672661026773,0.13136707121171856,0.023657605384074736,0.2805442780453151,0.09642295759304415
286,0.12718132902932827,0.0,0.12347973315172957,0.20456491036066551,0.1368556962818666,0.024038150507581787,0.2858137956170401,0.0980663850507881
287,0.13111232831328712,2.5054758123724318e-17,0.1100593452506006,0.20487836254603345,0.15339222109479894,0.04214723110531943,0.28183260961191964,0.07657790207704078
288,0.13662345716266777,0.0,0.10664304158827215,0.20210564022427663,0.1523238482526311,0.026134259241483854,0.29010831639089935,0.08606143713876928
289,0.1340235102310658,2.6218187655278993e-17,0.11290980915170504,0.17852884897604201,0.15175143998508825,0.0356563149413194,0.2876752401755545,0.09945483653822507
290,0.12972596058378497,1.3948999786735197e-17,0.10938235946167355,0.16398715072296163,0.14209652848697235,0.03342827891998726,0.29931481368089036,0.12206490814272977
291,0.12054272478013439,0.004624683086779793,0.1219807570810183,0.1773921144051791,0.15369900961541874,0.041289914389772406,0.2673636536345059,0.1131071430061913
292,0.12674957098224882,0.004267911187897223,0.12157892057276909,0.17731266869221957,0.1520191770563273,0.04614445954819912,0.26470355637604326,0.1072237355832955
293,0.1381827616458617,0.012448123131097147,0.12283994883928162,0.16725417897403538,0.1405497841467077,0.04880250015502237,0.2707943494691538,0.0991283536378402
294,0.16450878604943048,0.03048272259657258,0.1108395096618892,0.15267867300510748,0.14460315392957698,0.03215260476398053,0.25745435760776225,0.1072801923846805
295,0.16623842378402165,0.037997468527015556,0.11107951539257044,0.13339535225954688,0.15612241263131402,0.04151863128956253,0.2330690212143225,0.12057917490064639
296,0.16601046469636815,0.03734077482895935,0.11050914422094617,0.13610038240689373,0.15176190435994072,0.042480507487185896,0.23510634986622866,0.12069047213247727
297,0.1849985288624335,0.04075058669285059,0.11007319942358076,0.1304531498816073,0.12299571041909667,0.03158521728907244,0.2272077724081124,0.15193583502224633
298,0.1761950749331499,0.05668415217210789,0.10573018134159133,0.1284816458811998,0.12908975921402224,0.04023140926666276,0.22388367698004422,0.13970410021022175
299,0.11630091472546639,0.12261743083341314,0.0851767214159846,0.121335710341893,0.12925030460143366,0.0067037582396064195,0.23759919792225112,0.1810159619189518
300,0.10899128711887943,0.1258549481168843,0.08778357065724215,0.13482373340965817,0.13161781162440703,0.008043411235974827,0.22335810029138073,0.17952713754457333
301,0.11103183464334354,0.1313675959108832,0.08340833369599117,0.13924713529784302,0.12577711797238145,0.0024716057172284715,0.23465140190775294,0.172044974853576
302,0.1314189265782259,0.11817035923229804,0.06988263356786738,0.19780635423554663,0.09486510136977738,3.1793646372954383e-18,0.23695950358828125,0.1508971214270035
303,0.1233603848602338,0.13200298833505872,0.07315703964046699,0.2029906883454401,0.09263332629589194,9.952637130228078e-19,0.24956267056628603,0.12629290195562243
304,0.11538813081744631,0.13823213768495696,0.06230190287879385,0.1941082010770576,0.10426567951309798,0.0,0.2520949187253026,0.13360902930234475
305,0.12126978686372353,0.15190130838246893,0.05901004305868747,0.1946457019791878,0.102620221200704,0.0,0.24306969787272947,0.12748324064149882
306,0.09868535865956923,0.1635572302583167,0.0788446546311441,0.1921940139086957,0.13550611372119675,0.006526779885696248,0.21870995082399164,0.1059758981103895
307,0.0839617461482953,0.15235540504448208,0.09387202711706401,0.18137232295468747,0.13239832400643328,0.0,0.2609759609263368,0.09506421380170103
308,0.10066433192070331,0.1507111434747202,0.09044283400558004,0.18821275086512682,0.12351074577070366,0.0,0.2449743380234125,0.10148385593875342
309,0.0949673040845658,0.16132310098483943,0.10173544930798788,0.18587378994926795,0.12952378411019777,1.417136144502571e-17,0.22910761354778164,0.09746895801435934
310,0.11354774415671441,0.16285359521317597,0.10291729093078845,0.17074290862894898,0.14192501649688952,0.0,0.2129910834425003,0.0950223611299824
311,0.12122217649659277,0.1789511080330564,0.1378528916493524,0.15038113194314792,0.13800572403405248,2.752511507336785e-17,0.22294946947243163,0.050637498370366324
312,0.13440884063650654,0.17575509452699986,0.1222694904630132,0.16893552281158253,0.11775991969392456,4.3499377006201083e-17,0.2222445219981362,0.05862660986883689
313,0.10071508246743853,0.1543992989194354,0.12632366218408905,0.15506154948290812,0.13631171863972058,0.0,0.24762804781707656,0.07956064048833152
314,0.1086525283678491,0.15940764514829123,0.12278944074975832,0.150160627229091,0.15718300589338158,1.142476822403134e-17,0.22415721214621748,0.07764954046441122
315,0.10349816087560335,0.15551029182977388,0.13192606184920663,0.1472975001592259,0.1273066835070264,2.6340658467413965e-18,0.24944111081888717,0.08502019095927663
316,0.11418012768339723,0.16371193297897346,0.14457473158692957,0.14632640395651475,0.13127808255610976,0.0,0.21426483568708898,0.08566388554998619
317,0.11807439396451963,0.1653483722547557,0.14505313575255555,0.1469805244290979,0.13230341958624797,0.0,0.20171524197068647,0.09052491204113683
318,0.1152248442139411,0.1834490997124462,0.16332750843930594,0.14926110805863008,0.12225162801393781,7.232258073247901e-18,0.19929384602411232,0.06719196553662646
319,0.11018057091658698,0.15319144932680367,0.1649115867804643,0.16129040783660223,0.1317959134665053,0.021107151904629487,0.17402056426270787,0.08350235550469999
320,0.11190860624500645,0.16928206675178425,0.1684091549666201,0.1456015015349992,0.1099724665028366,0.036605302877631654,0.18027974060322877,0.07794116051689311
321,0.1062043270571754,0.16957840168345378,0.16397524036556427,0.1479898716826355,0.11444612297273667,0.03431522407045042,0.1815892202582129,0.08190159190877115
322,0.11575190930675396,0.16181775178479707,0.1479263061598296,0.13204824009147648,0.1453465448744758,0.0553224825862643,0.1725560194501566,0.06923074574524607
323,0.10969809544110949,0.16763174099210243,0.13475541529890137,0.14347847326633084,0.15478262659556144,0.039844092002677294,0.1625014128437266,0.0873081435585904
324,0.10530470792518964,0.17292804376221238,0.14307715988783645,0.1328604795497209,0.1544571912906921,0.04538675942457198,0.16709759121202744,0.07888806694674909
325,0.11057823077592717,0.17221067517331426,0.1450210996576168,0.12842532641988277,0.15280706822196444,0.048212065443161416,0.168622286728243,0.07412324757888995
326,0.1072460726606912,0.18071102629327748,0.13968250293961032,0.12848389457241172,0.150473894252529,0.042958632570655755,0.1615343025224126,0.08890967418741187
327,0.11281842882618555,0.17846373382981304,0.1370760053788881,0.11649448153676546,0.1443945147932734,0.043116760461874494,0.16144803571446742,0.10618803945773256
328,0.11648329275557559,0.18657578868821878,0.13442587208806256,0.11601405764127098,0.13194636104018995,0.04943739629611736,0.1572216152539365,0.10789561623562839
329,0.10642719403690341,0.19583647245890692,0.13646025368343112,0.11119003182725747,0.13093792091473902,0.05546740886953968,0.1621890303254882,0.10149168788273394
330,0.11731317612241658,0.19627181769800164,0.15533403223763884,0.10530428887558863,0.1302745286535756,0.059160586794879774,0.15077174334329413,0.08556982627360496
331,0.11178965762559157,0.19495039256701954,0.15465062241709385,0.10437482117213434,0.13466939745636325,0.06197012600461683,0.1526187086843137,0.0849762740718669
332,0.107761899536027,0.20992086321755263,0.15195660847890838,0.09702562802322101,0.13958389687651013,0.06557946121781581,0.14531314923210784,0.08285849341685715
333,0.08039212647542736,0.23007597809899882,0.14607354909320927,0.11679804389012266,0.15398900593068587,0.0680195347677526,0.13140484853782267,0.07324691320498065
334,0.08830452242473116,0.23110002128024404,0.1468067038429521,0.11550076704804428,0.14372047361919071,0.07209746149623765,0.12790557333922753,0.07456447694837237
335,0.10654496368440877,0.21130858508105965,0.12571395544927155,0.1441533871618026,0.13423380723712364,0.07626510456432838,0.1126844824931797,0.08909571432782584
336,0.12241665221380514,0.20313621163272205,0.12966712814627615,0.13673955177258632,0.12615976825729938,0.08193815301382383,0.09846726038491055,0.10147527457757648
337,0.124076977462899,0.20841238470629964,0.13010462553400998,0.1468937793862104,0.1067592000113966,0.08222597344242737,0.090049956136644,0.11147710331911287
338,0.1220989374860452,0.20539649863931073,0.12405603795554757,0.13543409347517843,0.13161151273307578,0.06381988621672256,0.1247272625302206,0.09285577096289907
339,0.11544033844261216,0.20834103996851763,0.12480661200080084,0.13638274003770318,0.12902179846510994,0.0648851985294341,0.12567687179884102,0.09544540075598103
340,0.12294111358477011,0.2056433551049371,0.12388057651649755,0.1319787637429933,0.15033939663068402,0.07287469471274684,0.12050722665799501,0.07183487304837594
341,0.1333123063913387,0.21690146800302768,0.13771871335241959,0.1266504973233635,0.11753391571735224,0.06844511648865484,0.11645955259297397,0.08297843012986944
342,0.1265630608613934,0.2312060425189605,0.14036477971639755,0.13798329098188852,0.12425241126559361,0.0727118952352661,0.09287107797515637,0.07404744144434387
343,0.11863214263410676,0.21994252257488695,0.12960676418921674,0.15146128663054156,0.13339124368554228,0.08472045149186527,0.07934827050329964,0.08289731828954074
344,0.1001192726277677,0.19144123834639587,0.14788346696273916,0.1683325812659125,0.11752823085462948,0.1009188263348398,0.08486710874008341,0.08890927486663201
345,0.060227297359738176,0.21929487127372863,0.13105214911325713,0.17574386670675585,0.1143232050426292,0.10829829569484886,0.08331584451014787,0.10774447029789422
346,0.07428317739345891,0.21595620838751495,0.12991121304411812,0.17656926805545162,0.1055572967662299,0.1090349835602671,0.08243141181059553,0.10625644098136379
347,0.06727533394327093,0.186515526345066,0.15837516629841417,0.1746684246235556,0.11935657881156742,0.10737910500804777,0.08434735159363617,0.10208251337544191
348,0.08396365715193957,0.1596517851495431,0.17124499024554335,0.15655708875201865,0.14143579444624665,0.12354406216005874,0.07743322005084953,0.08616940204280049
349,0.09905181205009973,0.1451947433934483,0.14701549433524458,0.14301315823482255,0.18214816460291397,0.135057059161578,0.07373467003013737,0.07478489819075551
350,0.08900029205487724,0.14852913093995554,0.14917909910601543,0.149981514245273,0.16901174894830256,0.14393729743734154,0.0715325731165045,0.07882834415073013
351,0.08679881254404025,0.14664177623617508,0.1481551301601353,0.1532569102017684,0.1833581265535507,0.13453617379514576,0.06998871658861937,0.07726435391956499
352,0.07713382899193219,0.16339295852161398,0.14600751273632573,0.1140994657247552,0.1773653389914347,0.15207548446970065,0.07740478337424399,0.0925206271889935
353,0.0832035470166269,0.13181041999259296,0.15012519280597897,0.0952177821010223,0.16557026068613837,0.15846541995321164,0.06678622364031032,0.14882115380311842
354,0.08858554642142318,0.12422838465843301,0.18523127168587583,0.10204339373086126,0.13603604685350565,0.17797597165455525,0.050930206642677715,0.13496917835166805
355,0.08152492738863253,0.11408047170541309,0.20622210996116128,0.09830952785363366,0.13393780128980715,0.17939724724461856,0.05763412621757774,0.12889378833815596
356,0.08770953934998928,0.10199462375442306,0.19893549539502178,0.10817780915196212,0.11507422538333299,0.16147918337603406,0.08140411078833366,0.14522501279990296
357,0.13414724424101354,0.1465690401964154,0.12896261245589113,0.06526505043083475,0.10203797425668508,0.16201533536579277,0.09588643012538306,0.16511631292698417
358,0.11741156985556848,0.16134911594126247,0.11444691743438967,0.027731772137013014,0.11126029730927595,0.18732362576687153,0.12115802345277485,0.159318678101844
359,0.11972978656073198,0.1527011277697294,0.0956930042356816,0.02012312737998749,0.10260996496413255,0.20813033018269134,0.14214746763492564,0.15886519127111992
360,0.1146774885416312,0.14339037590150308,0.09626194122190919,0.031877765992407166,0.09881626497636364,0.1953833734825259,0.15599386185362465,0.1635989280290351
361,0.1015867431769636,0.14570584763047484,0.09168897104700045,0.019790913295786607,0.11441451667124214,0.21834871860947258,0.1477847001921764,0.16067958937588334
362,0.08025121076528947,0.15177562854439675,0.12019609377370419,0.0,0.11120656971747203,0.21488695998873678,0.16292401701490167,0.15875952019449913
363,0.08674448537129455,0.16642797758456687,0.11176745627523736,4.564210566495631e-18,0.0948179894092554,0.19964697015894262,0.18453570180419002,0.15605941939551315
364,0.09394474340917759,0.1761010638847562,0.10902664475412227,0.0,0.10023998888054142,0.2056025163459829,0.16705835067420127,0.14802669205021843
365,0.10325112220614441,0.17078442987534093,0.09988275711625749,0.0,0.10403374369649558,0.19556351105544642,0.17127118110610084,0.15521325494321425
366,0.0751030332588249,0.1845380673073454,0.1001675657169189,0.01317986144657874,0.09713538284595052,0.1830049200903354,0.18622132381509887,0.16064984551794728
367,0.07508034254889467,0.20287549840741048,0.08512738084174724,0.030558593708776356,0.08272108827609705,0.19199204089479607,0.18979395534297674,0.14185109997830128
368,0.07474284319992143,0.2059527295457609,0.08794655936107655,0.03144039387747158,0.08420882822191438,0.19970957347281953,0.18217202884423706,0.13382704347579852
369,0.09093572974589638,0.2297434959230137,0.07850815864680258,0.006937914287754418,0.088841003638195,0.20120191937301413,0.1796334552699699,0.12419832311435383
370,0.0851113661926744,0.2208048443865898,0.07281713298639328,0.012209718632707745,0.09338018335671211,0.19727110649915286,0.18102677869184614,0.13737886925292356
371,0.07634887399524332,0.2477081124012815,0.06085636789882253,0.020841833008236478,0.08974406086081199,0.18093223365636749,0.18844366705868715,0.13512485111954958
372,0.14235915460492685,0.20188977211709663,0.04762166711500565,0.032730832980250354,0.0709419979703939,0.19185477416708285,0.192000870410526,0.12060093063371773
373,0.13979861738411348,0.19740463041773132,0.056275566000866285,0.037141836285476924,0.06350158447905908,0.1958334347726495,0.19812650137555524,0.1119178292835481
374,0.1398757567015186,0.1907725317073858,0.0642558381325303,0.0363478686478271,0.07935669826973012,0.19722343371815762,0.18509132242660323,0.10707655039524713
375,0.13526397500620357,0.1882082415858986,0.06308270784196855,0.04135490177638018,0.0902677205884142,0.20165764457571636,0.17519311146844138,0.10497169715597707
376,0.15228430594221343,0.19009478951272296,0.06462621427584057,0.046922439127865305,0.0904545515863757,0.1965719459670259,0.16190495825398427,0.09714079533297183
377,0.1426161241459694,0.1877509147486902,0.06425859088077703,0.048387089611281596,0.09095870417260551,0.2016761238459517,0.1694413923471772,0.09491106024654737
378,0.14417275107950667,0.18108996621448717,0.06552824327503029,0.05089614289354925,0.09777442941663275,0.20760889401616064,0.15788411078659703,0.09504546231703609
379,0.14120971344761493,0.1816367482692461,0.05241063437110789,0.04308359794525946,0.09963733381320715,0.21732911518052045,0.15706807088825206,0.10762478608379171
380,0.13877101609799491,0.17747165667475248,0.038779918304699304,0.04780576679878015,0.0993889933382001,0.2059218221125057,0.17516911745946842,0.11669170921259885
381,0.13331679273989563,0.18150887766307164,0.04224870873904872,0.047951623575491466,0.09822870239836094,0.20878780445042694,0.1704808177183849,0.11747667271431975
382,0.13612313006025603,0.19372518284607892,0.0463561613026543,0.04990874089668562,0.08861800646041398,0.21985721902234534,0.1505186572570082,0.1148929021535576
383,0.17290093219401848,0.1642154525380698,0.0605467545942707,0.04657981104745601,0.09026280252275112,0.2011377987978988,0.16471399928365843,0.0996424490208766
384,0.1718172052114288,0.15663009572127262,0.058736932945621954,0.03554649757551239,0.10608640062583108,0.20591614365340122,0.1620488363439619,0.10321788792197002
385,0.15335955344045668,0.17724056999451457,0.08138213997733132,0.0,0.13282319816731275,0.19060118865488762,0.15586854311626452,0.1087248066482325
386,0.13707109944278018,0.1673745228085022,0.07732145308843161,0.001936220051035975,0.12671712806526444,0.17553419623632535,0.17892908756310016,0.13511629274356
387,0.14245999667912346,0.16227469555342416,0.07313282488134963,0.006337021617453209,0.1301797527278445,0.17187665305787506,0.17838878176431752,0.1353502737176124
388,0.15174607361630954,0.17598658613360624,0.08435388702835674,0.006874651246636232,0.11504483867196016,0.14885242511729363,0.16219899081512876,0.15494254736970858
389,0.14526977393562757,0.17591313085474994,0.08427791025636469,0.0068039676728768135,0.11502222052633895,0.14808945131001877,0.16456009568624885,0.16006344975677433
390,0.1500848512183458,0.17799889250750936,0.09185672341749847,3.8487059540828783e-20,0.12209204065115202,0.1560086809318971,0.14257734010258966,0.1593814711700075
391,0.15683473056218925,0.15715063351079434,0.07005016762420242,0.013806855542231997,0.13479587408354782,0.14211020044168587,0.17091164116851437,0.154339897065834
392,0.15189430226676254,0.1429922414090389,0.07687188396500068,0.011990566078963028,0.13756756301132375,0.14904052998886458,0.18204162523274942,0.14760128804629702
393,0.1391107571746403,0.1524646141014798,0.0853232729820087,6.1695359303562005e-19,0.13579006152884485,0.15808360713343,0.17859941745165536,0.150628269626941
394,0.143889163532374,0.15682732405193292,0.091087919823536,4.1710416951822194e-18,0.13653291565254191,0.13195416047732028,0.17105662420396758,0.16865189225732724
395,0.14238199322139056,0.15536122720323298,0.09034813174999365,0.0,0.1296788122202598,0.1427291983502947,0.18425168475393588,0.15524895249989232
396,0.13190500092490529,0.15213418290416122,0.0933770449116952,0.0,0.12659278862312978,0.14747258668954405,0.1950020920299719,0.15351630391559237
397,0.12918563962793908,0.15154509744266534,0.08041311841983495,2.3847620368602387e-17,0.13351070824299746,0.15850370217842116,0.19926916447663381,0.1475725696105082
398,0.1269274453952208,0.16453665883166074,0.09164868607824798,2.310811759225827e-20,0.1094026760991467,0.14249271005905725,0.2076436836150972,0.15734813992056917
399,0.14038273478017232,0.1662056401538634,0.08196293295043952,0.0,0.10867194264920803,0.11505888550718277,0.21291137199266708,0.17480649196546683
