oos_period,model_1,model_2,model_3,model_4,model_5,model_6,model_7,model_8
150,0.021896312936208764,0.3093561540071425,0.13524070889198253,0.11407729191063444,0.05012212175699066,0.08813196469030142,0.11963721355640337,0.1615382322493362
151,0.05182126302459837,0.332337363272782,0.10611860572945996,0.10227959981222004,0.08144325295056445,0.09474063677919067,0.10734550283745568,0.12391377559272881
152,0.04829850453105954,0.2306921362893147,0.1259130699660936,0.12494398362254086,0.0697058856595027,0.1307780805048233,0.11790795235702987,0.15176038706863532
153,0.024832399849837386,0.2811105748999336,0.12525658653910932,0.11792627853268133,0.12130033804414297,0.06528927569693552,0.1298854538978534,0.1343990925385065
154,0.043489226579788924,0.31645944396742287,0.11484621438064356,0.10159449528632174,0.09464991904994029,0.08201987992178268,0.12225755698896336,0.12468326382413653
155,0.032532798350515285,0.25595934385081065,0.11516454091770166,0.1367059396144858,0.08534188174915236,0.0960109333490303,0.13587718387330133,0.14240737829400257
156,0.03327683899596646,0.24936820018190867,0.1150997021536099,0.13594376979787914,0.08983516116399833,0.10660946265000296,0.12793832993909734,0.14192853511653716
157,0.07277354753872299,0.19386161248431585,0.13453415400646032,0.13187898443169124,0.09978139642054284,0.15619285467505073,0.08987301237097987,0.12110443807123608
158,0.09424150915071171,0.21132667279587158,0.13271894475912735,0.1289313713326695,0.07894405490598182,0.14226750838991278,0.07815080419260015,0.13341913447212503
159,0.11671408425654353,0.14898240707582805,0.10744489041191456,0.1294691359970053,0.09498053366163385,0.20271095775248307,0.0773164834596238,0.12238150738396777
160,0.12891069863159904,0.14491193781722977,0.10657004159519996,0.12587078056944515,0.08743534882684063,0.2157820142316387,0.07132678158099111,0.1191923967460556
161,0.1211123387122773,0.1365805972695177,0.1168136836924634,0.12460132796044075,0.09039714271532577,0.22832256123889988,0.06818426070460015,0.11398808770547497
162,0.11779704514638555,0.13156131257413312,0.11519993461942284,0.12580590817007137,0.09278270422971606,0.24624346796048976,0.06698749078310659,0.10362213651567462
163,0.1186798467843196,0.12808208441789398,0.11477433414415855,0.13659957026794722,0.09419552876306814,0.23690077139407806,0.07116383621437745,0.09960402801315689
164,0.11668077992189901,0.13054911251744347,0.10413805247532013,0.1380306843628445,0.07362393701805377,0.28470902687205485,0.06983690836589883,0.08243149846548536
165,0.14931242279120102,0.17170736109184664,0.13334544943705684,0.15577330457570254,0.09626606414667188,0.16911327724145886,0.05180872994120777,0.07267339077385442
166,0.1108016979460411,0.14288688712159672,0.11263856848798569,0.1553184742981043,0.040936687014496397,0.345854406303473,0.04930395375405811,0.042259325073244564
167,0.13398552967018543,0.1874344941508217,0.17061295330357312,0.1466527021478505,0.12434470951928933,0.1524046275718868,0.05633081204530397,0.02823417159008908
168,0.14369047783553526,0.2364073550376643,0.1742415698956369,0.15629601700583184,0.18500046628333744,0.043627719596533825,0.060554969463490274,0.0001814248809700645
169,0.11045277703833202,0.23219622690945355,0.20133949172182158,0.16488352216665036,0.14522907273259741,0.053466130253110325,0.0914785750636126,0.0009542041134221169
170,0.10982889820269214,0.2518348676829698,0.18096920201996927,0.1239750424077909,0.13699958457116637,0.0928756207389384,0.06733032505968782,0.03618645931578526
171,0.1133733246253731,0.24083304867103825,0.1860918276248403,0.12377688291700152,0.14034076877448082,0.08669551513176099,0.07059408060045094,0.038294551654054175
172,0.11512755553429331,0.24637209232568263,0.17363231266311357,0.13624913806300984,0.14674223841965583,0.09915090435246547,0.06640335609337397,0.01632240254740531
173,0.10949296964364108,0.2241945842211991,0.17269619401101707,0.137034003000771,0.14739615438351397,0.11284940724180342,0.06962459819323498,0.026712089303819183
174,0.12330380948134925,0.22313614798293954,0.18789957038487018,0.16755766095031027,0.12222849804878057,0.1071989894404086,0.06444176357489621,0.00423356013544532
175,0.11112836645454909,0.2297108110783736,0.18384220062083434,0.16124293692184477,0.11706892337522856,0.11925892651537227,0.06350579498460118,0.014242040048196184
176,0.08904086319929377,0.2215115476996044,0.18789416596717046,0.15431575886251048,0.15294077198394598,0.12498468841895968,0.06639355039299709,0.002918653474518039
177,0.08392776252604538,0.19297358792416502,0.2152058895507043,0.13614203389584073,0.15818784290407714,0.12176336342038259,0.09065975021153043,0.0011397695662543452
178,0.09912852798612341,0.16896163743955608,0.2131178904419849,0.14174976599351755,0.13710388621689917,0.11426013004722901,0.07916757962669428,0.046510582246995516
179,0.11121518895719172,0.18896884383984147,0.2352472320333202,0.14596107891376806,0.09123503752751451,0.10524127633656671,0.060544346751982434,0.061586995638814965
180,0.1138187831157075,0.20581340351989266,0.22884559862274748,0.10480606082361817,0.08243585100719344,0.1595589557785682,0.04390332447847269,0.06081802265279979
181,0.09650591967368577,0.18697529139191602,0.19489247655927355,0.09625119701722819,0.10067020061966848,0.18624886087809178,0.0712866700290571,0.06716938383007898
182,0.09502755781724309,0.20186401423990455,0.19700849063055018,0.10419364543616032,0.09712253807602776,0.18149547465799828,0.030949222380607194,0.09233905676050848
183,0.09981270702876738,0.19636948804358084,0.19443461683202548,0.10215512235242637,0.09848993013176052,0.18193076451030546,0.029416005679124203,0.0973913654210097
184,0.09816407915437428,0.17329776846342326,0.1842389155677247,0.10670436377669601,0.09803216736704311,0.17595941978247903,0.06511096982609088,0.09849231606116869
185,0.10390640721708207,0.18055632683612066,0.1873896672589316,0.10890833755522032,0.10129515742286074,0.17584429704684487,0.05122177000059027,0.09087803666134943
186,0.10460561626698235,0.18437403816949047,0.1909501473971368,0.10720792994997246,0.10016420089306656,0.17972891880012254,0.05636258765240589,0.07660656086982284
187,0.10465966196921109,0.18745310424304137,0.19083569687949273,0.11018034927160696,0.09689089405538555,0.17789522856641948,0.05437763083826234,0.0777074341755804
188,0.10357543722395973,0.18252969463436872,0.16631134763886837,0.12292785608888906,0.1076261958398968,0.16587259245329347,0.0787973419959476,0.07235953412377621
189,0.10789959440353623,0.18398680950011428,0.16284974379353453,0.10990249488606524,0.11382678345281837,0.1717220050157225,0.0769194533409024,0.07289311560630644
190,0.10517516601914412,0.1702733273095835,0.1621547428049413,0.12381712229273291,0.11401573203105228,0.1587000596618391,0.07644146687358591,0.08942238300612095
191,0.1013410554557321,0.16197617498768493,0.16283599438976576,0.12032799188403767,0.11788429941601718,0.16005522563593935,0.0777031468070212,0.09787611142280175
192,0.10267912839737964,0.18849414350127464,0.14627069236204093,0.11455900386771341,0.11404406690379912,0.14584045395644768,0.09270140683443108,0.09541110417591361
193,0.10303487803577677,0.18691777041366828,0.14763887930688266,0.1072580950915406,0.11714256015504476,0.1496469966224559,0.10146290068811802,0.08689791968551298
194,0.10331132979193125,0.18056613137401747,0.15135727328266488,0.10600217054088965,0.11124336402023338,0.15251553602072626,0.1140110758165083,0.08099311915202873
195,0.11899718015937975,0.20946029002521682,0.15857592944850654,0.08895211358727442,0.08396856251372664,0.16026908022887942,0.11040795462264533,0.06936888941337108
196,0.11607153951283486,0.20898634050568113,0.16176428397134157,0.08459490292336848,0.08721768749284263,0.15625472460663364,0.10529994072566158,0.07981058026063606
197,0.11739550889416592,0.22469700878099744,0.16948227408341462,0.10262906350092489,0.06551079982910965,0.15925102542141328,0.10397388770048123,0.057060431788492925
198,0.12684377143609982,0.19269762431524215,0.1391478075673088,0.09736238628915485,0.08379217923253245,0.1706411848883788,0.12128342115504544,0.06823162511523766
199,0.1250525750482773,0.15272211639215727,0.11225165153283963,0.10228164219134643,0.07647471253648958,0.17975132000282804,0.20098971610626704,0.05047626618879461
200,0.11285390208506921,0.14778778989172742,0.14733303340503917,0.061735092345700716,0.06708025375967482,0.17717993308841729,0.20473534121876238,0.08129465420460893
201,0.10578134652391528,0.1627575868296,0.17068468908675247,0.0562954642372699,0.04722020894328003,0.16617969594238224,0.21272233802615836,0.0783586704096418
202,0.10871541745510165,0.17042014270297537,0.16609904630277875,0.05865069393804738,0.047347982727817775,0.16524356400797316,0.2052284517492055,0.07829470111510031
203,0.10355489457189573,0.18171424384016024,0.1480212295178642,0.05625186522472118,0.04811042358708275,0.1601722640230137,0.20316847951834371,0.09900659971591831
204,0.14073452818574697,0.2368815468412587,0.16902593405183056,0.04762098813054383,6.364658505221651e-19,0.18478349783980041,0.16118642889260276,0.05976707605721681
205,0.13129182811702653,0.24770568806802096,0.17002101644536896,0.07074259246478684,0.007970308397120195,0.15757243380221064,0.1433972598261153,0.0712988728783504
206,0.13599779663678224,0.2390364947771225,0.17708037780432118,0.06459595043018011,3.3625170777501206e-19,0.1550396000640064,0.1512633173348091,0.07698646295177837
207,0.1159323129127503,0.22386164433465264,0.14178661092765452,0.061653995412873336,0.021466924960257813,0.14788041422891998,0.19343957248169516,0.09397852474019627
208,0.11790462348665826,0.21422663130186917,0.15784518396429711,0.06140408826275464,0.010220787627894738,0.13358458482278562,0.1952448957927253,0.10956920474001518
209,0.11539569294450962,0.20700358574113,0.1557158759202205,0.06440513948301164,0.011394744678841431,0.1234155306249271,0.18704445337093223,0.13562497723542744
210,0.11101692168824244,0.20409340819633914,0.1667169924182215,0.060385784846611196,7.106015988900389e-18,0.12260023972711769,0.1950939942353822,0.1400926588870858
211,0.10824477005891832,0.23786721135618372,0.16182036176288553,0.06141751123217779,0.0,0.1140126060695371,0.17941570245589197,0.13722183706340546
212,0.09617883238738471,0.23116518390207838,0.1722452751715267,0.05762781049893031,0.0,0.10772840438311924,0.19598270849103355,0.13907178516492713
213,0.10733487698664879,0.24250549840279337,0.17671789693217851,0.060928506702642375,0.0,0.11710034402987625,0.17879559434491205,0.11661728259994845
214,0.10820770399703018,0.23987584903628684,0.17274103805358526,0.05953874501963275,0.0,0.12187990230406313,0.18357749450253794,0.11417926708586366
215,0.10051130069892833,0.22548577835632788,0.17757805030274848,0.07403142738992852,8.557044470509602e-18,0.09357826025408124,0.20594109473995317,0.12287408825703217
216,0.1189936146029066,0.172269102338653,0.1694234614198759,0.059327657017118576,4.4989334430199514e-17,0.10608951933025097,0.2600511824864654,0.1138454628037295
217,0.12356278599069433,0.1878782308379785,0.11236887592687299,0.0742465608949735,4.421965610510949e-17,0.16800446970485713,0.1984461341724671,0.1354929424711564
218,0.1322867826941775,0.17031673222206417,0.14073942182312202,0.08840955281463729,0.0,0.1687177613406871,0.16412311672911614,0.13540663237519573
219,0.12941104592010436,0.1806691529737356,0.14701096818967577,0.14439352528314725,2.4086387706776807e-17,0.13726718645092204,0.10734534569171046,0.15390277548970435
220,0.1374625440038733,0.1681690601062202,0.16485297530880583,0.11736625632490734,8.569455955145521e-19,0.13864095249256328,0.11635003526221306,0.15715817650041694
221,0.1288290539211394,0.17390889765992942,0.16308023974339061,0.14338540611436343,3.3230856143651584e-17,0.13623880320010023,0.09327531388670658,0.16128228547337028
222,0.12044357458716516,0.15151654744078374,0.13798136536567915,0.12825756983345035,0.010941420867845114,0.18177284623063875,0.1155160314399942,0.1535706442334435
223,0.12386935051964675,0.14745714237479743,0.13167500482399438,0.1992687419283007,0.027925665113644138,0.1182125775138051,0.11095196635287387,0.1406395513719376
224,0.12479676566160908,0.15050358112582252,0.13518918662373902,0.19523038885556446,0.029697335629700342,0.10587293548876668,0.11507187298546698,0.14363793362833094
225,0.13097318770654207,0.158578481065372,0.15024815305775763,0.10434266637703732,0.0414181340372338,0.11834783605565075,0.13556691713701918,0.16052462456238714
226,0.1211761427713656,0.15864166488865844,0.18252118931924108,0.20939354496844975,4.060612421662011e-17,0.09585890512591921,0.09279885746078533,0.1396096954645806
227,0.12711393683879663,0.15197117161269716,0.12247808824323776,0.24685845621429042,4.083360271376281e-18,0.11642562124390507,0.09241118559880011,0.14274154024727295
228,0.11777088724487784,0.16045460525211072,0.16953377115575013,0.2093490090466753,1.0829527988872214e-17,0.1181307902499563,0.09455535968534992,0.13020557736427968
229,0.11763654129715737,0.16806785128581664,0.11437071215513729,0.2787061124180571,1.9566037565081137e-17,0.11966544419262144,0.07293111464270406,0.12862222400750598
230,0.12963133119227352,0.1813039781004562,0.13898132105665223,0.11752372470956297,0.0009917461561267777,0.13492304951565354,0.14426901420648164,0.15237583506179314
231,0.11981476465644494,0.17739100337083508,0.18660323415438299,0.12599597924689843,1.716289921460469e-17,0.11804242462949592,0.14134985169194147,0.13080274224900115
232,0.1071704379686658,0.15480082042895604,0.19190367015296272,0.13013446113763122,0.030690041543855177,0.13444987645539322,0.12948400044953112,0.1213666918620046
233,0.1074127416696069,0.1455825139474347,0.14627331067867752,0.2175669053720881,0.03635930563290103,0.10017420665087912,0.12406772164100335,0.12256329440640941
234,0.1317564110770867,0.16518762792345923,0.1620974821560065,0.11220096268873903,0.012034509970550382,0.12226906827094618,0.1584330671488078,0.13602087076340405
235,0.1152134775453881,0.12908077787005773,0.1473993753753656,0.19163021739133648,1.4660752060819623e-18,0.14798010028515327,0.13971755721519544,0.12897849431650335
236,0.11832312974742908,0.1304752052207028,0.14093675356153124,0.20561315255804635,0.02933478675691832,0.11764283683661772,0.13169987805658026,0.12597425726117426
237,0.0669434934929872,0.13327673261201067,0.11781495187464355,0.19071202316163646,1.496728393620533e-17,0.1871218996503585,0.15212479204580162,0.152006107161562
238,0.11007834716492393,0.13978900385353532,0.11301987906269734,0.11362023076555554,6.78996168897149e-18,0.19042672239938335,0.1526102575724842,0.18045555918042025
239,0.11415728261574264,0.150382376212589,0.1295824597038514,0.09444012020965419,5.7886761010893026e-18,0.17847539546864716,0.15479541025872381,0.17816695552979167
240,0.09806229517012847,0.14619925438348097,0.11098581477624363,0.17152016288744099,0.018184963878599084,0.15534037536620465,0.14205516453318479,0.15765196900371736
241,0.1167131903000592,0.16447837885972522,0.10861963344385213,0.10922848745257857,0.0,0.1850407772802292,0.14624651241975803,0.16967302024279762
242,0.11510205616105074,0.14570806524372393,0.12916377371593166,0.11318702087289444,0.0,0.21093618061278396,0.11399468301103789,0.17190822038157733
243,0.06842775629965946,0.17721229698118024,0.0741297153804115,0.20453173032844998,9.846016857992547e-18,0.24144765788720066,0.06256744060759006,0.1716834025145081
244,0.08835295895172875,0.13419494472194599,0.04833869090566341,0.2783652961954918,2.0307720789519947e-17,0.20234464512447614,0.08191310840499064,0.16649035569470333
245,0.0682941385761736,0.12724921371040007,0.0438866502696127,0.27211178675508835,0.0,0.23353986923946096,0.05972754346955535,0.19519079797870903
246,0.0627828497844979,0.11149929785011178,0.05043403517504589,0.3136308374724736,0.0,0.2097894491340025,0.06684068596364112,0.18502284461922722
247,0.030293063084771178,0.10422651047021816,0.08832536739803576,0.25061545110859207,0.0,0.23363291918438156,0.08761999562524839,0.20528669312775275
248,0.036654590860756085,0.0794096100238688,0.09716026472031611,0.380965409095561,0.0,0.23328076495326344,0.03928701751376503,0.13324234283146952
249,0.048321012740728614,0.0669028207028559,0.10424526982248705,0.39773404249018607,3.973709488251766e-18,0.22185730357303465,0.043652395109909044,0.11728715555979863
250,0.06382812923507519,0.07091682173651817,0.07842296513770768,0.38626844983249087,8.769173284237391e-18,0.2211646025415192,0.04346539812619371,0.13593363338949513
251,0.02405704861722276,0.05246543214272915,0.0820920435987463,0.3917529225513655,3.680225806918246e-18,0.2805743272583397,0.05766216208574281,0.11139606374485365
252,0.07511791827158158,0.09878791216495572,0.08493675841522197,0.37077169726672865,1.1838211880153068e-18,0.23063232763822009,0.012907852294013812,0.12684553394827802
253,0.12873345719616727,0.048103641031612465,0.10660913893386685,0.21313456824801938,0.09618811175951278,0.2104839502068733,0.04872156583295306,0.14802556678999482
254,0.061490135746354056,0.0,0.1202221782343065,0.3044573923101807,0.13706126454015022,0.2195412879148437,0.02015809456642343,0.13706964668674135
255,0.08470139069238673,0.00694526528941629,0.11907021099198918,0.18974496254934617,0.11511102249243953,0.2329358200701885,0.07210775460100746,0.17938357331222599
256,0.07248303769778507,0.020779725147017588,0.06780141863073898,0.34669673120927547,0.10754919324011004,0.21147958906110284,0.031316227746552225,0.14189407726641773
257,0.0779623386298698,2.351074279233438e-17,0.03534584290998184,0.45068370848682304,0.09901366907619427,0.18490377448877102,0.02503138544493354,0.12705928096242633
258,0.06977397000922883,5.929760026366206e-18,0.02249458845914235,0.462027905041079,0.12120407867773161,0.18675020575184775,0.035607453940156096,0.10214179811981433
259,0.0939275424109564,0.05142980573314531,0.10131266311120511,0.1732395485170004,0.15700145114058553,0.22477551677133642,0.0770090795380726,0.12130439277669798
260,0.07429453976477395,0.046146925649342176,0.10357855097797286,0.1736996714436997,0.20170983427842762,0.22313732744856954,0.08884556543371915,0.08858758500249489
261,0.04409663062139116,2.6104313874626127e-17,0.06357122803816163,0.2088897284606829,0.16394637052364913,0.3237080807049598,0.11445404995718772,0.08133391169296754
262,0.06405747621638458,0.007547796604838246,0.06931536339979762,0.208269630383474,0.1811518858255287,0.256679416194861,0.11897304153558308,0.09400538983853271
263,0.05765278885679102,0.005665640082306687,0.07679701345037762,0.1860573281573768,0.1724462796789071,0.2561370039308723,0.12678362587733544,0.11846031996503302
264,0.03278698386880038,0.04783854629305327,0.04767601223543619,0.2272849679595922,0.16080289653287647,0.2691802287988983,0.12882531181925516,0.08560505249108795
265,0.05818781110696458,0.05775041455742353,0.04560342102633572,0.11860301932724956,0.21801862532200045,0.24709678993434755,0.12690248952399938,0.12783742920067917
266,0.05823649135416098,0.07035790327627812,0.047548444988022416,0.11453084129317638,0.21911142200796535,0.24243315748748043,0.12226629139219135,0.12551544819972493
267,0.04290195452780404,0.05479358731633943,0.044476814243878,0.13581564006130137,0.2161382599430543,0.22477356176280186,0.15680274505488026,0.12429743708894075
268,0.08088238782837051,0.10819297935809366,0.06986963231864435,0.11096118010170447,0.20406611898757443,0.19199949763784968,0.11265792572647236,0.12137027804029049
269,0.06892021190355185,0.11687664847915608,0.0650933302124272,0.09153366204995171,0.21925341714693905,0.2006343913560604,0.13876050107865154,0.09892783777226206
270,0.06976834367282264,0.12154924405631226,0.06290653585688326,0.11738407034163172,0.20729405676577678,0.19285579567895378,0.1492864106580427,0.07895554296857686
271,0.027912857563266426,0.11141068186230219,0.06405462751036584,0.12174204537745587,0.26128376133402753,0.20757604997978965,0.16516422965939218,0.04085574671240029
272,0.0199649399123668,0.11687074550082098,0.06948937458936431,0.11874217400782086,0.2683652827937606,0.20233900157294563,0.15815516095177282,0.0460733206701479
273,0.052699418334844136,0.12186670984720112,0.07959256330196621,0.11949438203278087,0.22352795225291092,0.18983981981385475,0.14563406979429633,0.0673450846211456
274,0.07256214302399583,0.12677230608066614,0.07705159238777506,0.10967688220097632,0.19918470191514834,0.1966610031971381,0.1473841618729986,0.0707072093203016
275,0.05883281477330778,0.1293055883859641,0.07541739549455058,0.10885971658977393,0.1897451108514855,0.2029581979210837,0.16024718067464655,0.07463399530818782
276,0.058494408028648526,0.1521350680013404,0.07229521214293823,0.09928712876453027,0.19866503079432243,0.19049466404291907,0.15277687963178754,0.07585160859251344
277,0.06142498619122782,0.13618317814052272,0.07605074829774364,0.10360096069664804,0.19616661282169306,0.19352974389530753,0.15464220636631776,0.07840156358953936
278,0.07214882126801572,0.1403120425247631,0.07000398549140743,0.09968564053921485,0.19619051800260662,0.18883291196889407,0.1659030049382011,0.06692307526589704
279,0.07128352026400696,0.13742673167182462,0.0703524302663198,0.10157111001030811,0.19809140224231964,0.18934662796740323,0.16785192994674844,0.0640762476300691
280,0.07438952509956662,0.1382834775384881,0.06618810412875419,0.10326639363448721,0.1967963042198844,0.19055888349900219,0.16662283470771405,0.06389447717110316
281,0.07476477321970201,0.1401648991844069,0.06084650601176712,0.09796449418068198,0.1941222452768363,0.192531747192886,0.1691245984523063,0.07048073648041345
282,0.05729943895750669,0.14415775188500368,0.06596790802425498,0.10086394418968732,0.2032082732988948,0.21326127767265723,0.16526162667035146,0.04997977930064379
283,0.0022438642806413994,0.17179808464062082,0.02999438873358627,0.16969784775751678,0.2312704688662887,0.19240291578435287,0.13708522777192386,0.06550720216406926
284,0.037056275596399714,0.1761824193452019,0.059564801744576006,0.0861933351100125,0.19185785773094988,0.23891957510682063,0.16266976279302447,0.047555972572014646
285,0.05158291509378495,0.2422208517268985,0.061575345761543755,0.0846292719315858,0.15835066364097816,0.20807328685960938,0.13586150616920248,0.05770615881539699
286,0.02287875692499376,0.17609966537952687,0.06965537651178948,0.10292133322818844,0.17673554635742883,0.23113449671914793,0.15979188487638482,0.06078294000153983
287,0.06145784757115965,0.17584728725871948,0.07181075212157918,0.11303308064864952,0.17714828838906815,0.21232673425394802,0.13011732146137667,0.05825868829449925
288,0.06367623370247248,0.1839969779587479,0.07947030573294409,0.11576990363589071,0.17832706844612145,0.19142080767038683,0.12779555258941888,0.05954315026301762
289,0.06204759465667786,0.17465473604353784,0.0765494612538863,0.11464722997162138,0.18323878627563736,0.1940100039142307,0.12970799732363453,0.06514419055977393
290,0.06341893206890653,0.1775101869797593,0.07328351894848247,0.11253460770112649,0.17056681565442036,0.20958459051556164,0.12254499889980734,0.07055634923093584
291,0.053649952567429444,0.19696518802917068,0.053866890060017686,0.10515953330712614,0.1820567646359641,0.2062263914134645,0.1331571424459136,0.0689181375399138
292,0.060933748303188685,0.1939681806439198,0.054267949193484724,0.10669779550667487,0.187392936897221,0.20090070856165634,0.1277471804223619,0.06809150047049264
293,0.0592584218460108,0.18529690409421004,0.0738156358187229,0.09077802321275233,0.2071978911638597,0.18728776532153676,0.1268403335294772,0.06952502501243017
294,0.05358492266250998,0.1846738677099977,0.07754256825457544,0.09818376758215625,0.20290183475715046,0.18629723916858495,0.12773619055119367,0.06907960931283147
295,0.0743173231571147,0.22423047630002652,0.059913670697416044,0.10504023307383163,0.23927789228733767,0.11599485749633257,0.11445868982111468,0.06676685716582616
296,0.08267041276614773,0.2522480984420747,0.0574597477087897,0.0846670377056534,0.24232601520053332,0.10986093306203161,0.0976820503630145,0.07308570475075502
297,0.07659106075107729,0.2539277082459678,0.031122919739554913,0.07714043848555491,0.2792943636808465,0.07704478042051423,0.13378949096158568,0.07108923771389859
298,0.08045003869308641,0.24672888701180115,0.03308164146622962,0.05992390211713527,0.29588761930766083,0.028137987424712088,0.13895424195461253,0.11683568202376207
299,0.0668537434737981,0.32172221938431544,0.027099828960564665,0.03478176309757794,0.2828851220503122,0.005769820363572491,0.11404309479855335,0.14684440787030584
