oos_period,model_1,model_2,model_3,model_4,model_5,model_6,model_7,model_8
150,0.06681237202401047,0.1286972713915701,0.1294101134329203,0.05289281596343147,0.2877023025619999,0.10798085211197209,0.0493183683868658,0.17718590412722993
151,0.09102623610407175,0.21334700951649527,0.07637693896668736,0.06577101110192313,0.11721843813164184,0.32716551256405185,0.05351133503795187,0.05558351857717695
152,0.0905204209117119,0.19736345799696428,0.05691390803213757,0.06262782835908413,0.11179020852799516,0.3591897226554123,0.05762457811152719,0.06396987540516742
153,0.08592944056237545,0.11051286257453763,0.0584320092899609,0.0736370000463616,0.3734777385762801,0.15546992531785028,0.05963576008392783,0.08290526354870618
154,0.06213916470492553,0.21846981451194736,0.02184614300161147,0.0561710324400432,0.21102098862054797,0.16510808995434753,0.24641102123787184,0.018833745528705186
155,0.07590618028443873,0.09104140284649744,0.07082573681873101,0.09922245431239883,0.14723604412503963,0.3753547385576674,0.07943182969015057,0.060981613365076515
156,0.07959351280142735,0.09295067043690701,0.06000758448288194,0.0776169365380329,0.1654160443340198,0.3883066790776107,0.07540183968643009,0.060706732642690296
157,0.07472258468752105,0.08252119934352378,0.08555107469409143,0.08793089026942545,0.14969383063827954,0.3473836171605693,0.07733488729863199,0.09486191590795745
158,0.11519261372889326,0.07196943945030485,0.07964261035022321,0.08491158440216336,0.11725067604652772,0.4040121116005819,0.061676286835827696,0.06534467758547786
159,0.11204174287211977,0.06127559719968741,0.07016286041508336,0.09831288510335759,0.12494733547456048,0.39270393343581683,0.06047479267457497,0.08008085282479949
160,0.13713569636673356,0.06727769887899311,0.06681165809459585,0.0903961318739685,0.13462654318168027,0.383950537984205,0.059566071056335455,0.06023566256348825
161,0.09913825459378917,0.07043887893691217,0.061077024549620725,0.09135610647219154,0.1532551127408499,0.3983719957713592,0.0621360885076286,0.0642265384276487
162,0.09697217058609786,0.06491663377700382,0.061319596918814855,0.09170442222808749,0.14860206788369767,0.4006550298327844,0.06244545498858618,0.0733846237849277
163,0.07760441631211397,0.06022395691424297,0.053270206182576996,0.3248960581911625,0.09849170431328062,0.2646206162053585,0.05480588208750185,0.06608715979376249
164,0.055118609198101694,0.019332704161528554,0.018750000000000003,0.25422872995434337,0.27625691636055044,0.24530693550115762,0.1105734390914398,0.020432665732878476
165,0.05017579238615138,0.019838275836944145,0.08980789554837393,0.21222532300133887,0.027694788652854577,0.2961348453431174,0.018750000000000013,0.2853730792312196
166,0.1441187137001725,0.07421305807418466,0.07541617207870906,0.10174847171274448,0.09076497951643106,0.3894687265344203,0.06013105191540264,0.06413882646793526
167,0.062447942095734246,0.12084689666953156,0.06288584165740574,0.10571602583935454,0.15331624404376862,0.37419612395513835,0.05850833816384166,0.06208258757522524
168,0.07530409365331993,0.15463738143732003,0.060287150350273044,0.3644118715631112,0.14841505669026306,0.06544651694582343,0.061759438822950215,0.06973849053693919
169,0.025757365819361916,0.10182233839786213,0.19477892253963464,0.15427514825315158,0.1825664604502113,0.21944402663904455,0.07646798694059685,0.04488775096013697
170,0.024950203521491892,0.2818288203967918,0.025739264779256477,0.29067311900906023,0.018750000000000003,0.29819791580675825,0.03640010033574835,0.023460576150893087
171,0.055307720504753355,0.3205690644130043,0.057824765099049574,0.08422725772887901,0.052810462744047104,0.16731794666637897,0.17491649407573365,0.08702628876815405
172,0.020911303371075024,0.28033164957754914,0.12836694598977508,0.20559747802929706,0.018750000000000006,0.01947193173077101,0.28408650839166766,0.042484182909865005
173,0.29733114429527724,0.3059505334217303,0.0199888714570847,0.2874327427381981,0.018750000000000013,0.01981115134865845,0.021711861854269435,0.02902369488478181
174,0.05052393836405607,0.1540231816187372,0.1370667580823472,0.28641651833275583,0.049181751791300785,0.0499195181612949,0.1598965182595254,0.11297181538998267
175,0.02286239400961468,0.1988628690530282,0.2704672956347201,0.2833553886399487,0.019263050037343434,0.018750000000000003,0.02160843030213688,0.16483057232320802
176,0.019987359598277177,0.30345451723906913,0.29213936544895014,0.033431822154439725,0.019649499858896243,0.018750000000000013,0.022073867571344403,0.2905135681290232
177,0.04997409158680867,0.16827631556443187,0.18295301533940456,0.07587382834205504,0.05386564549188729,0.050846225001574194,0.12433705749815177,0.2938738211756865
178,0.01875000000000001,0.2928435902317189,0.2910319166835365,0.025691062161848067,0.020988344845605834,0.018859821290201695,0.029309390857024893,0.302525873930064
179,0.01895564963900212,0.22759281948357676,0.2324139481108922,0.12497682017828282,0.02000122078222157,0.01875,0.22416804755499867,0.1331414942510259
180,0.0534507372276904,0.11511371772227322,0.32571839755779763,0.08723647894598732,0.05665857195721707,0.053357579740516005,0.0696058294148909,0.2388586874336276
181,0.056215936469777926,0.09220375574106673,0.2423484744259771,0.0616471016442211,0.05851437226567764,0.058391563513488925,0.3526205785390864,0.07805821740070419
182,0.05626280312152252,0.35306167643785896,0.06422625684266843,0.09439888959620683,0.0579658544318066,0.08785124902107537,0.07088485152126062,0.21534841902760068
183,0.05771838462637601,0.20663938022724856,0.07413503395331418,0.08619893193786722,0.06268005570049252,0.05712662226102235,0.09430985236641008,0.36119173892726913
184,0.018750000000000006,0.09440464014147477,0.2645525681278154,0.019851435045802994,0.023449362644901606,0.07304625070455333,0.28649809014551886,0.21944765318993303
185,0.057606978152140075,0.15283096169608026,0.11017988857525973,0.11605885483244766,0.06433943113031144,0.05682202248094697,0.08383694130087006,0.35832492183194387
186,0.06194653352962749,0.14564297181493197,0.09681240540881533,0.06786016409366045,0.07202238342054948,0.06465887595284178,0.0845010560889617,0.4065556096906118
187,0.05883015114614756,0.17232798224564583,0.10842272083133,0.06732911281164515,0.07642408142731184,0.061249324067214124,0.07819167550696379,0.37722495196374173
188,0.05873675953477549,0.10552838228308513,0.16415473924759902,0.04962359908861208,0.05703813575996255,0.10829480891172866,0.16604849674082814,0.2905750784334089
189,0.058608475615441906,0.37513859402768845,0.06288373382885681,0.07156885380216386,0.0902337316985466,0.061870328935512,0.10634947892521113,0.1733468031665792
190,0.05787865801419514,0.3682697224865425,0.06471089789129132,0.07680295374926979,0.069622296613662,0.059152281589652266,0.10047345286699771,0.2030897367883892
191,0.06209569997355041,0.18744749051105114,0.058763414047245416,0.07949041537343685,0.07922934585364172,0.06134697653213712,0.10010740829838033,0.37151924941055703
192,0.052244049053387885,0.14492185523312434,0.06530600381809362,0.1153028051321353,0.08793896086113183,0.13216264370622707,0.08688555918965479,0.3152381230062451
193,0.0622477881471166,0.13527276039689803,0.06579113732466504,0.10782505093646658,0.07844938886209671,0.06281741486843181,0.07820551219734541,0.40939094726697983
194,0.07652729961017911,0.31502952377553334,0.06089336670368816,0.12274513501145319,0.1577457169250927,0.06879092734696009,0.10982012401666738,0.08844790661042601
195,0.06087172974116996,0.3204864385159062,0.06679621909410587,0.05280168204773732,0.14517539425872894,0.059398875615532656,0.18051118727830212,0.11395847344851699
196,0.08497640626846828,0.34254573918157083,0.0721377459543208,0.06338637966934203,0.08588923057194696,0.0568550923676138,0.10323789334147403,0.19097151264526338
197,0.062395371847975674,0.3343196538649439,0.08439657760767638,0.06838414428899392,0.1132055718209945,0.06568636338280427,0.21389666473563204,0.057715652450979316
198,0.04876653243127395,0.22994288001793495,0.27218639851128473,0.14251828208246822,0.048028765656197125,0.036652965600797595,0.20315417570004352,0.018750000000000006
199,0.06100212361234961,0.10925478495192303,0.05270118577932851,0.12614530736660612,0.138366870630157,0.1329152931698856,0.3195405882642813,0.06007384622546891
200,0.27558808346514074,0.16699844485814644,0.022576555870357284,0.15809254566199563,0.049405110486329146,0.03798442760607981,0.27020910528374964,0.019145726768201293
201,0.08499162846614933,0.14680898993343225,0.06325866774819891,0.06287590252626908,0.09319076019186959,0.07862537082732333,0.40112962852083683,0.06911905178592061
202,0.07453742611918372,0.11219578369857532,0.06449338109937315,0.0830714362733101,0.10973145876681645,0.0787580802041442,0.4144293188400524,0.0627831149985446
203,0.08418961128903774,0.15681339435094668,0.07723166562496646,0.06882357649073036,0.09089200415680919,0.09789011723186976,0.31496608484674815,0.10919354600889164
204,0.07854146696773875,0.07387379688142028,0.07978229236879608,0.06019533243279146,0.07593032688107011,0.13625269387997357,0.39007372115182726,0.10535036943638257
205,0.06240064511936672,0.045780019918553544,0.027831997410125757,0.06408960123655681,0.20416839479451926,0.28406251608851774,0.2926548179236991,0.01901200750866103
206,0.09195886109024903,0.12039295163033485,0.09371395473452122,0.06184318377519167,0.10771716208890826,0.06512827055337371,0.3981881280290113,0.06105748809841002
207,0.08916106244034477,0.08062466703394187,0.08813699034624659,0.06378550919034318,0.14300540337945414,0.06769826151607504,0.40572936144053734,0.061858744653057095
208,0.07899399249325888,0.02410784000774564,0.04284759315898947,0.04403490489425281,0.21299525936608535,0.27693390170190735,0.3013365083777606,0.018750000000000006
209,0.09602003726741987,0.0796664421581735,0.1140722731030134,0.0659291546831767,0.07604030848353108,0.05903765278101,0.37917791029900527,0.13005622122467023
210,0.09881187528777556,0.06536818049162656,0.09103028496060761,0.06324089668685706,0.17353048454208367,0.06126271869452175,0.3868976807561834,0.059857878580344484
211,0.24744067471451733,0.053146992742492016,0.2644180626160232,0.09483479669865956,0.08943667520710978,0.04698624023367144,0.1557604557750761,0.04797610201245057
212,0.23868611955599214,0.11949517557389489,0.18602339752055028,0.09943297787309992,0.09530625110920098,0.04239807254960288,0.18014302513539054,0.03851498068226834
213,0.020574058642649707,0.019286161865988936,0.2800351005823345,0.25733782140635064,0.0948836326472213,0.018750000000000003,0.12995499304067262,0.17917823181478232
214,0.09437915548973017,0.059193533296087605,0.33008761203469683,0.06363929772845528,0.16141490846741804,0.06035695775289242,0.17710672645203313,0.05382180877868653
215,0.047591003458689454,0.025291189998113812,0.2786948847191188,0.028826424278505472,0.2698677498200362,0.05541020251778029,0.2755685452077559,0.01875000000000001
216,0.2422811653562656,0.030346595193129614,0.2674926798464102,0.12493147286164268,0.02101575332348406,0.020690990979471423,0.27434389437860107,0.01889744806099538
217,0.03138500587346633,0.01895407875880275,0.2782718249204452,0.035175553946173665,0.02264514300070387,0.2901401772157873,0.30467821628462105,0.018750000000000003
218,0.11787914943722311,0.06070091184387515,0.3647846660771267,0.17972494003408004,0.07618915444077899,0.08204830739327378,0.06116450000294752,0.057508370770694706
219,0.10968967534846719,0.056500258756882964,0.17119180704548317,0.35529655300595725,0.08838848823401556,0.0933727244283359,0.06899047552912309,0.05657001765173488
220,0.17407748128006112,0.057367198680848774,0.36114315493648097,0.14294870619630567,0.07202054107910791,0.07613419731710254,0.05712146021200111,0.05918726029809199
221,0.14345638972581115,0.058677510268402795,0.12461100731730516,0.35925094106448224,0.07456578910575799,0.12461609103839665,0.056920412488101244,0.05790185899174285
222,0.0440106148467251,0.021850460257983997,0.029326796660540517,0.28850754450411104,0.2951101954224,0.2738162602841393,0.028395695035558725,0.018982432988541385
223,0.1924855660314118,0.06234088241144915,0.10436106403019528,0.3548420647479686,0.05673698240708772,0.11222230132135662,0.056451969379471674,0.06055916967105923
224,0.22739823708340154,0.05512798607536918,0.11814237987072472,0.3423810455600568,0.05797795354740205,0.08196648213680677,0.0583503806537221,0.05865553507251691
225,0.3016994465108382,0.018750000000000003,0.24929319723549404,0.28188684678988957,0.020851719014961072,0.03687479462176199,0.07179710006460877,0.01884689576244647
226,0.06706247250464804,0.05870026198854794,0.18408556061809347,0.37600246655765074,0.06609022227356726,0.09877640218971549,0.06993473324779072,0.07934788061998632
227,0.07532344805598462,0.07421641649407985,0.162079273628926,0.3903491256121281,0.06593705925673973,0.11122162376419059,0.060648458591662464,0.0602245945962886
228,0.09134909016918204,0.05514893914432246,0.20070746415326826,0.33857998469916245,0.07943501591434851,0.11163476497669564,0.0669669220008708,0.056177818942149835
229,0.058549870144078635,0.06458673111545693,0.16810275832916044,0.3745870131207401,0.06094455974610916,0.10615301906835337,0.08851887554950902,0.07855717292659235
230,0.058565538451185915,0.07675677339652423,0.37170513916103043,0.20161321657657963,0.06556970390332464,0.09913226340374649,0.058243671035859486,0.0684136940717491
231,0.018750000000000013,0.023226314134753304,0.2997713226890338,0.30400666728791875,0.024393201261770334,0.28907730547935473,0.019699969000568807,0.021075220146600213
232,0.018750000000000006,0.07727512182445677,0.25906540390761196,0.29176489742500494,0.01991757837632409,0.28584930997226166,0.02548242076613189,0.021895267728208694
233,0.05768695675024398,0.10564101793150146,0.1947979479305559,0.3624127756381273,0.07733812503989235,0.057798158466155124,0.057773285138264345,0.08655173310525954
234,0.059989091505430456,0.06357408680372781,0.3550514125256322,0.23368060514953667,0.06916737407276322,0.06334836110720703,0.05824201685324266,0.09694705198245991
235,0.06312588593329718,0.054906223329768925,0.16548014873309172,0.3303041223588222,0.07480749760318751,0.18136237478596892,0.053924270265413285,0.07608947699045022
236,0.06261408949028094,0.05915783683557354,0.18905443806165623,0.3803090525701039,0.08106860270566799,0.07641884293373599,0.06201757312167068,0.08935956428131073
237,0.08210462706578847,0.09463556351361696,0.16077721136622636,0.2677954851436981,0.0893472937197922,0.14068506870749,0.06459178977507223,0.10006296070831563
238,0.05652468347540971,0.0681733477406135,0.062275541162619664,0.35552643270973855,0.12384778985136854,0.06202666530523294,0.09017729229937764,0.18144824745563948
239,0.06048007633444631,0.06708079470560092,0.100698370535806,0.20665269126573504,0.10377309681492905,0.05712863785370611,0.07251150045092852,0.331674832038848
240,0.059794825883919864,0.10071132975109832,0.10452267435774026,0.3580849250277398,0.07184075041309262,0.06001638973497769,0.10381722824838789,0.14121187658304357
241,0.0644156342070163,0.09147613201433734,0.0732958840352307,0.37928264481334284,0.08505463468435827,0.05904878055409122,0.08023981930491836,0.16718647038670495
242,0.071189044304124,0.11625060479520623,0.06955729057963905,0.3842708781493603,0.07025728414634834,0.06123817813240875,0.07596920730189533,0.15126751259101798
243,0.019468048908315886,0.15915978266591674,0.28758443463584243,0.2668063814827611,0.018750000000000003,0.14570170968065013,0.046597876100497884,0.055931766526015836
244,0.06404280376109227,0.09047195512811984,0.06492237154435934,0.4010481006642873,0.06903363687221296,0.07645912569599206,0.10279539666207078,0.13122660967186536
245,0.055811133882993004,0.12310197767372238,0.08286637668475502,0.3488106845976609,0.06248934569637046,0.1155161747882331,0.07818446249206698,0.13321984418419822
246,0.07079319040301187,0.10533661496046355,0.059843420462400786,0.38676160641040896,0.06938249532330293,0.0744654834218435,0.0675989442616874,0.16581824475688098
247,0.06046832878233445,0.08939284070286672,0.17419423732953232,0.24630531332214334,0.05292659388261698,0.09706324677163,0.16134809332691968,0.11830134588195655
248,0.0615851885840802,0.10632978723352714,0.06097279900245456,0.3454191714030217,0.0591725061453244,0.1983482108534744,0.055450786961571054,0.11272154981654654
249,0.07121311096000389,0.07846744624951253,0.08881680104762411,0.40451527298231543,0.07627659465055701,0.14715611452477376,0.06172974775437102,0.07182491183084223
250,0.06884375818544552,0.10160136574789363,0.06601817834335558,0.41716427507571,0.07828783848335584,0.12027878437188398,0.06528749342518736,0.08251830636716802
251,0.02000207816441559,0.0524443501938933,0.041174243561382995,0.2715809090223851,0.26415068238155426,0.16463386445643402,0.16349582576463734,0.02251804645529752
252,0.06373537615819869,0.16381983917112536,0.08136304765394714,0.3921652367595539,0.06651066300449543,0.10213530241951005,0.06832648417480947,0.06194405065836003
253,0.06348172559149699,0.09429848494531512,0.06936241858406134,0.20177947801445736,0.34093514485803195,0.11428932464394839,0.054974359141165885,0.0608790642215229
254,0.02689409842172531,0.07868265328332252,0.2568615166590328,0.2801312012473108,0.13052664375348622,0.1298336557163579,0.03464202922009509,0.06242820169866935
255,0.06453442397893486,0.09931427456749893,0.05290072004061226,0.21541237402428454,0.3209868809326442,0.1276518186724623,0.05285485609909345,0.06634465168446947
256,0.06754461321845923,0.180807007800437,0.06691413171579148,0.3662187792789292,0.08846155926629173,0.0927678612276814,0.07831754732396026,0.05896850016844976
257,0.07093437973974456,0.1660431809243015,0.059842625705095895,0.3742232502677254,0.11127026174768528,0.0871259828495952,0.05851122034094581,0.07204909842490623
258,0.08370520959255673,0.12902474636405745,0.0604166014481858,0.38730064316794305,0.1317546406924795,0.08126461971436594,0.060210613975202595,0.06632292504520892
259,0.10498610126606556,0.17538824124005015,0.056644871194558064,0.13500640689455165,0.3340833033775359,0.06954578172319062,0.05424635069186909,0.07009894361217893
260,0.05775303378891863,0.1705692015320727,0.04663387172696066,0.1855857867575719,0.262436472024595,0.18030486066298207,0.04700778875067907,0.04970898475621985
261,0.06038523411528919,0.07007610495372202,0.22063767199861137,0.23681665603709676,0.11559308388952905,0.2157166470156021,0.054919481093591065,0.02585512089655845
262,0.06832797079444368,0.0677056358548691,0.06208309511048968,0.11425393995989859,0.36178521254110046,0.18523877576981168,0.07764499317971425,0.06296037678967256
263,0.08582778483558341,0.33025508718709884,0.0538396016283485,0.08133041111182138,0.1753947308837073,0.08822415987089473,0.10513623548266283,0.07999198899988294
264,0.032187452603407635,0.26368484765926825,0.018750000000000003,0.25558659984961235,0.09463120010021737,0.25465079129763324,0.060003809376366075,0.020505299113495034
265,0.09663509049611761,0.11105081287913267,0.05653020317450735,0.12121133091409392,0.35557838950025866,0.08666736589988701,0.11371466979244962,0.058612137343553125
266,0.029382429302556738,0.2922278106931141,0.018750000000000003,0.018997611504991914,0.2995381571027541,0.02620389634374792,0.2934746456575069,0.02142544939532828
267,0.12391330707721447,0.1197681293199771,0.05058827833233452,0.06734002827135999,0.29965440416072836,0.1261835072627987,0.12951852962894117,0.08303381594664566
268,0.08031362686710317,0.16897252555896328,0.08913660844939644,0.07588099195822387,0.3350007862310085,0.09282723826295802,0.10054292346441465,0.05732529920793207
269,0.10498918675991765,0.10500788417073816,0.062411120109686476,0.07249969657539794,0.3630664468125788,0.1725506115820279,0.0573258099738365,0.062149244015816514
270,0.15308552730358643,0.23043444216046638,0.07814909960397165,0.11065451666429506,0.0481092542831943,0.14485929445049323,0.018750000000000003,0.21595786553399293
271,0.25838005976882683,0.16886270726552804,0.03860700624737828,0.14236530953362977,0.2722745964625445,0.0721540322527334,0.024405950521519303,0.022950337947839933
272,0.05876593802590109,0.34958001342892114,0.0675920693990176,0.09491328099713689,0.18320352181959973,0.11930779161029816,0.05589287642682287,0.07074450829230261
273,0.08129332003317341,0.14336010761553208,0.05540317378577277,0.13807964936922082,0.32290447229279673,0.09799710004118083,0.05305859863997804,0.10790357822234524
274,0.05746435418650901,0.13300538644467833,0.07914860514952281,0.06983142992203775,0.361760623610517,0.15888638533720711,0.057187066258617435,0.08271614909091056
275,0.06100861583155752,0.13510025848291124,0.07732801300628463,0.10266357526200785,0.3805327712877397,0.10531926260907153,0.05918160670008015,0.07886589682034742
276,0.06478982506156424,0.33725709474497134,0.07511373752472812,0.0769191430196544,0.1937948622659812,0.1415750277656916,0.05458356631665321,0.05596674330075585
277,0.05770916886767698,0.16985081431876647,0.091605829648876,0.07126694896446287,0.35427501064926403,0.09692013620707801,0.06144020018680815,0.09693189115706748
278,0.06317782216412228,0.1815033518685526,0.07471018612449042,0.07881416324379,0.386551424456573,0.09134650273155252,0.05982108884851088,0.06407546056240826
279,0.06352985267279229,0.1817555006082019,0.07285617952370528,0.08111149161820591,0.3856120306664927,0.09131824496376711,0.05972127825831485,0.06409542168852003
280,0.05883554336314279,0.1787739515265783,0.07894458974389428,0.07637662516877546,0.3598993662800608,0.09589054841212155,0.06386574313472304,0.08741363237070385
281,0.0635207453694698,0.1904295179099996,0.05844610644224275,0.09391627812703747,0.3736104135740493,0.08788788706807252,0.06154418222053526,0.07064486928859336
282,0.06327146608256264,0.1707202867716979,0.05848871858285958,0.08470504262445508,0.36528129741578563,0.12881945500275313,0.05756113785042723,0.07115259566945886
283,0.022394944004055332,0.12486906465706031,0.0189060301715903,0.3002375009497819,0.1659484974910669,0.06141475192222757,0.022187093907747344,0.28404211689647035
284,0.05389380846003448,0.3252619417163041,0.058070779699572646,0.05761495649916442,0.1483308641797496,0.22343986728640802,0.05395188097343909,0.07943590118532762
285,0.058035644490425746,0.3697472422628305,0.06542598754788889,0.06025797892835052,0.08606750836180325,0.19952586656155008,0.06251812196054239,0.09842164988660858
286,0.26310545567536936,0.15729545602757816,0.12151301371053069,0.018750000000000006,0.036254463313514305,0.28674697223498025,0.03526739256061913,0.08106724647740814
287,0.057946890000768685,0.16237463384730735,0.06227210459306209,0.07171760143212223,0.0936038613832308,0.3689119058895876,0.06133111141513548,0.12184189143878567
288,0.018750000000000006,0.2303178720323979,0.020965871454459068,0.021906056242014228,0.2333004073722162,0.24252664152859416,0.01898266544936946,0.21325048592094903
289,0.01875,0.14551823979138823,0.07745026319273929,0.07363140987090652,0.10994677273408213,0.2843548813629186,0.02665426936802732,0.2636941636799378
290,0.05936795612489805,0.20742778782597995,0.07942486886132046,0.07337986337263945,0.08713165372778317,0.37216533653962575,0.06280996654041787,0.05829256700733523
291,0.05728816064773324,0.36271210021395994,0.05938628256037095,0.07706400662993147,0.07619300065147021,0.19854559126881063,0.08278351380813252,0.08602734421959106
292,0.07476089421552529,0.3823109776194103,0.05937054116245897,0.06185420606312921,0.07176496753910978,0.19796712076234835,0.06538263901759628,0.0865886536204217
293,0.07892583476989223,0.3654640629481483,0.06353802352733248,0.07253661101575744,0.10243357274887141,0.16472818630786448,0.0671560900455681,0.08521761863656553
294,0.05880669471119076,0.3770041873685244,0.07241531893589687,0.06798947381148601,0.0678715765925936,0.19227143720384549,0.08120646677992048,0.08243484459654249
295,0.018750000000000006,0.25562091736899845,0.019526697382800176,0.06077956025332755,0.2357868713653053,0.28729498209820115,0.10237355973801644,0.019867411793350994
296,0.060753589952613284,0.395327907039427,0.06763042684528688,0.08372076211527968,0.1312470147108147,0.07870651762396398,0.08061328687360399,0.10200049483901043
297,0.06320248282940791,0.4183763089826626,0.06639683279676477,0.06952178934502158,0.13253704083206685,0.07861371811906347,0.07739198021775956,0.09395984687725337
298,0.06356527830265905,0.421790857598234,0.06661033663563823,0.07119981612400546,0.11586696459587946,0.09891960415630631,0.0816995310434023,0.0803476115438752
299,0.05620364587923892,0.35250491193079997,0.07278482291783299,0.09531953352762974,0.08219884402045972,0.0682051393492959,0.08069580510035768,0.19208729727438512
