oos_period,model_1,model_2,model_3,model_4,model_5,model_6,model_7,model_8
150,0.020664366476126565,0.15073058490777852,0.05638654765771588,0.012466805522079174,0.23069980166869422,0.037871966950145095,0.004631864323678654,0.486548062493782
151,0.12621638778383795,0.3045168659822417,0.0034505727707774027,0.04978334910891927,0.08006570138082471,0.4119832182945743,0.012033754385245593,0.01195015029357915
152,0.13490756123377776,0.2000943286756547,0.032916015948982434,0.06195621358959931,0.13028412616411228,0.3493925325348801,0.041077805597507615,0.04937141625548589
153,0.11748478394811272,0.14670838433706646,0.036529128071058736,0.07733414318406608,0.2118884155755242,0.25498231047628594,0.0537853268867798,0.10128750752110609
154,0.2126252018404384,0.1990386204894804,0.05544286964993382,0.05837485477068328,0.0251938646885398,0.3422068225018364,0.10001680122893093,0.007100964830156861
155,0.0944443571939163,0.08212149468944867,0.06677318227547197,0.1433333003915379,0.1489723691613141,0.304122194475342,0.10242735800481499,0.05780574380815406
156,0.10623629093347176,0.11517907217002696,0.05367153970797457,0.1052764108282061,0.15998341023292387,0.29582545109495356,0.10535182910616454,0.05847599592627871
157,0.09169410856466036,0.11452045020305722,0.0620145915507397,0.0986071658413158,0.14400505537065478,0.3619516006466691,0.016613447145519145,0.11059358067738394
158,0.16161824087994653,0.02570753993851544,0.10713299904375469,0.12287360842867238,0.1045590558720698,0.40816974041291604,0.0273693221571856,0.042569493266939616
159,0.15405398423336944,0.04512950993393015,0.0856203791677225,0.11651406695192075,0.12217541443424061,0.3472445813865455,0.04182053299835179,0.08744153089391912
160,0.20277488340022182,0.05945886826781934,0.046681086035835984,0.14000755852847124,0.13520848513486264,0.3421429161653577,0.044875322483867754,0.028850879983563452
161,0.12128182944872161,0.05398745226429408,0.0025021336439025265,0.18384069504413425,0.16706230314265313,0.40646534110686877,0.0340827144734643,0.030777530875961284
162,0.14534905809244938,0.048160535848853374,0.03518709567838786,0.15997026064249445,0.16533744861574207,0.3552400726118696,0.04157469092625395,0.04918083758394942
163,0.14380378719254472,0.05820507872113993,0.032640605817307114,0.22092806581731164,0.12447327835946835,0.28683147099108386,0.046582621967555235,0.0865350911335892
164,0.18631001231228195,0.050464188034793904,0.03638618296963389,0.18310663929052978,0.15222950958104828,0.23073131905421598,0.1296573204739211,0.03111482828357518
165,0.128198625903835,0.050813919527799664,0.061675048617354816,0.1582481553226657,0.04403648920657271,0.2441714748898543,0.020449417740733132,0.29240686879118466
166,0.11907400476979464,0.04985961742458142,0.05230982251824833,0.07464396075102576,0.0365585525122322,0.6569877627037635,0.007039757898054006,0.003526521422300158
167,0.04250772623889223,0.17613664572750548,0.06698534281754073,0.1370796211632795,0.1474462754424072,0.34816064829353016,0.04085500855936899,0.04082873175747571
168,0.09554621390441126,0.3351823322585099,0.06836746106129654,0.15561040331543602,0.20514630282938154,0.00858316315568215,0.06388259138629095,0.06768153208899168
169,0.05374492183187636,0.15872858609699303,0.14169684371855396,0.2965611021864361,0.08479826899930223,0.02833485369128329,0.18410483448758155,0.05203058898797347
170,0.0921936959751678,0.1846618565569548,0.10740655652129981,0.15315331357376813,0.036099402907596785,0.18317062637682607,0.134452158688846,0.10886238939954059
171,0.06783773455861987,0.19086072432448584,0.06266982228818258,0.08386652418255976,0.028879061404254863,0.2442693487529612,0.19460212280802225,0.12701466168091385
172,0.051238154834928565,0.2068193544808037,0.1732526459834845,0.19717510988811104,0.042314598310989396,0.04890994168127893,0.150592396051723,0.1296977987686809
173,0.3205665502729351,0.19183276020576517,0.07508601402490435,0.1282005975685785,0.045757254519898906,0.0748609869045094,0.068879880743342,0.09481595576006657
174,0.03911690482019226,0.1656136694966098,0.1692207518913603,0.19895733398294846,0.04723425902636681,0.05206807910851491,0.16248749035294846,0.16530151132105914
175,0.09656741053538029,0.18828217794760566,0.17531910848205695,0.18292921130136394,0.051243389140543535,0.030707707524666113,0.08504130254084626,0.18990969252753728
176,0.06537899861238004,0.19481655623572613,0.19594711158064382,0.1608355284084856,0.05499889035768269,0.03277365877935905,0.09672056667093336,0.19852868935478934
177,0.016959711493591895,0.2394110227676095,0.1911621587324293,0.10151605088323853,0.06083597213517511,0.03681934326635861,0.13269122283626453,0.2206045178853325
178,0.024328923132478933,0.23999157749732664,0.14459937311028803,0.1049805351325473,0.07736916843108477,0.04035845724891186,0.12826510698347812,0.24010685846388438
179,0.032477402774806166,0.1528502485039944,0.190127250299289,0.13482211164048735,0.05988141815199665,0.02671093248248126,0.2376885011597417,0.16544213498720342
180,0.054721273855474616,0.15940158081960704,0.19477779158775427,0.1373439517297785,0.054106851927762475,0.03960649611531279,0.09476738284169486,0.26527467112261544
181,0.003019286916132082,0.01935261816670976,0.8972625097723398,0.003922311709093051,0.007433089460334278,0.004687672202745644,0.05538926041839148,0.008933251354253872
182,0.027608851768924008,0.2354810073804606,0.07699786008745037,0.1351733671893531,0.05548778153125965,0.11550548106408327,0.08192481070630246,0.2718208402721666
183,0.044888156456665725,0.2699360443375205,0.10899726398482329,0.10684440612040241,0.06540687233855255,0.03297050019910612,0.12381378449393583,0.2471429720689936
184,0.036078005330908075,0.13448328383995015,0.09447527464851421,0.06604582831971316,0.07782120311097401,0.08804242566583706,0.2323534447959687,0.2707005342881346
185,0.03760582385735082,0.19911065698040228,0.1105026723097916,0.12200178602451284,0.07072410269293075,0.036166181726971613,0.13612857595094827,0.2877602004570919
186,0.015835187162425005,0.16242497345240064,0.12241443476376541,0.04186405918262786,0.06510909524399494,0.04262275656112874,0.08789156083567576,0.46183793279798163
187,0.04112131301597236,0.18060182789584678,0.14558480011808947,0.08014618051345945,0.11474332819022201,0.07467165193328903,0.12046395478009486,0.24266694355302612
188,0.01965475307835147,0.11013719722987418,0.3350205933062332,0.01074294985825439,0.02957497549070886,0.06564585164275945,0.02311101163161216,0.40611266776220634
189,0.0203445439503034,0.3027966932008242,0.07024791096407576,0.08035125280587703,0.1251080354081556,0.05633508598278288,0.10693532197545814,0.23788115571252313
190,0.03347595297931322,0.2604045863370071,0.07580208522374635,0.10385493000536,0.09376593859543389,0.04087115308473686,0.1323229528059488,0.2595024009684539
191,0.07221418051796856,0.21830002664953563,0.06765123845006153,0.10766692267658166,0.10672987256422976,0.049391123719498206,0.1350570904758335,0.24298954494629124
192,0.01554713643224666,0.14009900278137813,0.0964947852421174,0.1360615450878679,0.10801132806053981,0.12620468508842309,0.1396572230777212,0.2379242942297059
193,0.015511016010772517,0.10978350157715096,0.017376015941207173,0.0700226870716258,0.04079156468752169,0.00813418300223655,0.03273337587288981,0.7056476558365955
194,0.0931703680406442,0.20751432326204772,0.07497227482986027,0.00908375953297738,0.2925162442235905,0.07350321831864731,0.20284928852007836,0.046390523272154316
195,0.0694082515623351,0.23140004301582812,0.10430625029211335,0.018168746746569372,0.14582698812865794,0.08320500986197121,0.20062009345982257,0.14706461693270242
196,0.07608013321857868,0.20396062290206382,0.09189818980694965,0.027289422939090063,0.050370538398694854,0.05497420996700137,0.1058906569023945,0.3895362258652272
197,0.06152777854724827,0.21258041630151836,0.12335337671572674,0.07715699578760725,0.16560349066959065,0.09728341800142971,0.21519668580453316,0.047297838172345896
198,0.06626145779898758,0.13426654794273,0.41375631213586794,0.07066956573610537,0.028433470178384396,0.04289253156781359,0.1962343455509097,0.04748576908920137
199,0.0988795225952227,0.11277455359589725,0.029055528457140947,0.11935537939525316,0.19629327933562896,0.16373904678367826,0.2114624646941468,0.06844022514303193
200,0.14944752521400279,0.192629434623269,0.05360881052373915,0.0816493701263787,0.15189895751709162,0.08132358586680503,0.21832978032971617,0.07111253579899757
201,0.11260023871760498,0.196153923365136,0.06498374217142135,0.08267487918970617,0.1309491369124408,0.10650840930296616,0.24860321670255248,0.057526453638171944
202,0.0778318873145515,0.15089788853069103,0.05117186492933477,0.12386427575237204,0.24530687613771662,0.08272616692700119,0.23260922436585102,0.03559181604248197
203,0.14035467571971466,0.17568123289172516,0.1077154793940096,0.01012665064368053,0.030526850784116252,0.1590820028603676,0.3116028357851971,0.06491027192118913
204,0.05356880791516203,0.0751632511863319,0.08718107939395225,0.023776192613068167,0.0840648177260474,0.15850547628589698,0.4342708262168906,0.08346954866265066
205,0.11760301880675728,0.11004906745858781,0.10043983640291582,0.07192708688212908,0.3081487695964552,0.13202863391284136,0.14011705114890582,0.019686535791407632
206,0.10924732592930826,0.12387673685588754,0.14054234925195047,0.05615918678728207,0.16435054164539717,0.05931935242359055,0.3001522024184669,0.04635230468811704
207,0.12221353783498698,0.09789035640520576,0.14539735133140713,0.051276763116457305,0.1963818023360258,0.07627867700651736,0.26015228239747223,0.05040922957192743
208,0.09867637165323118,0.0914599128543419,0.1320701490776574,0.05106160804513047,0.3001439369006827,0.090238191969344,0.19282999966604872,0.04351982983356368
209,0.10959961322604898,0.057735743568913055,0.16642000206638732,0.03926425781140181,0.054582069965306415,0.027397899527531685,0.21195735458353415,0.33304305925087657
210,0.11809958604081662,0.0499810549401126,0.16553815476053113,0.05940708532363489,0.27719183705831385,0.04979427906608509,0.253944495834524,0.026043506975981835
211,0.15286575043459166,0.06259568762890513,0.23103267963772353,0.07454966487320898,0.14422836241217613,0.05903809957978054,0.22493090527347018,0.050758850160143865
212,0.11690804110582914,0.09733528573053386,0.24940349795333103,0.09288668730276164,0.13790089258876242,0.06941782086684682,0.21183532482347023,0.024312449628464912
213,0.05712834477105476,0.05741506785976277,0.12743879594059904,0.06631906402925239,0.10179253766712247,0.054543037263516614,0.15970751105932918,0.3756556414093627
214,0.1375417386776232,0.09296718914363829,0.21003254714504627,0.1089451685115034,0.19936912804224652,0.08881854117942384,0.15404960859628308,0.008276078704235352
215,0.1475690480251322,0.0548875214282252,0.20975716517606238,0.11905724159292846,0.220623534441857,0.07475660129565671,0.16468551984421645,0.008663368195921495
216,0.36116728085887245,9.305928938889382e-05,0.15125758341359655,0.23600449708508134,0.007711120074114307,0.02723106774331658,0.21111065897193323,0.005424732563696621
217,0.02846088948208411,0.001737111196791728,0.014998703029450495,0.04602212261014082,0.02695759313009932,0.04349131471911518,0.8353451079406745,0.0029871578916436754
218,0.1374767426588498,0.046885434657189494,0.26140215958333785,0.21858151596591324,0.11676506953763158,0.13498720270726505,0.058357117447228005,0.025544757442584883
219,0.1277776129126498,0.013072925127555387,0.22834059457549172,0.31180309042174953,0.15062115844570312,0.08627190510662074,0.06805040136414527,0.014062312046084487
220,0.17560653252309474,0.031214585745222654,0.36370614773201443,0.2312884835973392,0.053461683781870675,0.0869916868061799,0.02434006396241508,0.0333908158518634
221,0.18593628018168698,0.047251521022206144,0.20660919082831236,0.24375051456038463,0.08420738300324361,0.1413360564690697,0.03320359569456269,0.05770545824053399
222,0.15276522460139808,0.04335584010070511,0.12691106387306936,0.23448728182355685,0.15976865965466097,0.20987868476737245,0.04201918556985624,0.030814059609381026
223,0.20014322265278625,0.05659817326826003,0.11184474580985837,0.32281815448051504,0.0325756631967074,0.16396425252042934,0.047419468878850894,0.06463631919259276
224,0.250805679979903,0.049584851294106,0.15581185861064373,0.2859045479305246,0.0500405426386879,0.09174558258106821,0.06080636964840029,0.05530056731666631
225,0.5852726893050505,0.026368728011973295,0.1333644684686452,0.11526193945259601,0.042371741062047316,0.03753831185900676,0.046819002058885444,0.013003119781795604
226,0.06849713307560407,0.06439343144959432,0.19657030896567076,0.28649294428819405,0.0748241037611647,0.12960816059644628,0.07552144704254705,0.10409247082077881
227,0.0920806899653995,0.08037895146019738,0.17949633353431685,0.3345012344064894,0.07325713229317643,0.137611835569072,0.05667227111562974,0.046001551655718675
228,0.12250746368508451,0.05853485227289887,0.20687207928143003,0.25693114103891485,0.10408048368835573,0.13629680741148664,0.07293624567232834,0.04184092694950095
229,0.024447989847413455,0.05665856827824191,0.2062944177555169,0.3498606652207854,0.042385107300039616,0.13806526571627664,0.07906051691193695,0.10322746896978918
230,0.031336143981015196,0.09507724675976321,0.2393682311618084,0.3517267033297046,0.05556501791555742,0.12098649635054651,0.03710583150868195,0.06883432899292272
231,0.025674782624166236,0.09217750412701003,0.17333123080502055,0.4366141936354039,0.06661184021885082,0.10771723434753187,0.045560285724041326,0.0523129285179752
232,0.034160011292607276,0.11704899477757412,0.25313459778966807,0.20232287220461137,0.060613867160900364,0.20181715581449114,0.06585044754532891,0.0650520534148188
233,0.045057020822004176,0.15334706443134977,0.2416346906418964,0.307519843085095,0.07435284983072697,0.04902487842962827,0.027287969716069727,0.1017756830432296
234,0.05571872825499295,0.07015272569154508,0.23349865830198172,0.28314023113264947,0.0873998550686758,0.06653310446980518,0.05512812384702529,0.14842857323332453
235,0.10707475631685205,0.04659416597789685,0.19263290016432785,0.2765610064273696,0.09514070802798728,0.1421755410448437,0.07987694372881414,0.059943978311908654
236,0.08903434752951374,0.07134354059501719,0.17984728556202267,0.21588391560131334,0.1125953398188493,0.1125514299611427,0.09368701771872921,0.12505712321341192
237,0.048824289966284906,0.10941263245068776,0.11754016279694265,0.22150419966656473,0.13383019036085902,0.17894303681685228,0.09848418373508763,0.09146130420672105
238,0.05882160511052208,0.0920157241234199,0.08830824113310781,0.18837662136754746,0.1502023626740905,0.10759621282035087,0.139970143042416,0.17470908972854549
239,0.0643551829064673,0.09232236320571359,0.11103616304275274,0.19534318088157493,0.11353782930702686,0.08424643866095134,0.10937930917143054,0.22977953282408273
240,0.07636206534496956,0.1396834080058424,0.11610782869072878,0.21750117742734085,0.10061761205655435,0.05219420963883281,0.1525698632469678,0.14496383558876344
241,0.08209334458289914,0.13146711903772307,0.10313078481156238,0.20841247942660157,0.11330545403198776,0.046721092099332194,0.13086231119319233,0.18400741481670163
242,0.08649622492118503,0.16169686960155275,0.09395175244820653,0.22440436727631172,0.0541535214377334,0.0683337562427341,0.11869487947223081,0.19226862860004576
243,0.056114925768935356,0.26280054611965575,0.06994616237726042,0.23152920454836537,0.02568190779504985,0.16592818352239183,0.09617483118308445,0.091824238685257
244,0.06176376345859235,0.14313819928500415,0.06316480078624126,0.25523818556997496,0.07516486024560752,0.10084057922431673,0.1421620653388873,0.15852754609137565
245,0.03728745748495857,0.22483151586503897,0.047713780000359564,0.23668386277302234,0.05659853725823496,0.18514036336674272,0.058286806725476065,0.15345767652616696
246,0.06584379866566968,0.15978831505819002,0.03285357534230905,0.286890978527925,0.07038457298120955,0.0937419644601216,0.0765102642807652,0.21398653068380982
247,0.024139280539068917,0.13709270127005066,0.05851405850220632,0.27803175744377345,0.03496816543928758,0.13417893618016025,0.17808083112521486,0.1549942695002381
248,0.023791916565849686,0.16904694427872696,0.040761510428260456,0.3258102559661677,0.011720374164165798,0.23079940831947662,0.006712121149032312,0.1913574691283205
249,0.06551319092732444,0.05263929582547302,0.08737300184570905,0.48778336731926725,0.0665738375471163,0.18661436388771205,0.026596020107267675,0.026906922540130294
250,0.06579886183350915,0.103829668054254,0.06243899562911592,0.4017451629664482,0.0850745529853358,0.12971002973233306,0.057316132716360435,0.09408659608264358
251,0.03140731319086727,0.11373134828763783,0.06965647808196597,0.30724322632162787,0.13819657887075598,0.24498825791223255,0.07289241775227699,0.021884379582635647
252,0.06727193143158994,0.1895487041048238,0.09347684970941851,0.34947553542701426,0.06622784719991488,0.12498513937105707,0.046578924138798466,0.062435068617383044
253,0.10665625257921767,0.12470833274147383,0.09174544912032337,0.186241902185678,0.21643127197651607,0.14734704465194884,0.037838854314518056,0.08903089243032415
254,0.052152808330360366,0.15695907421777677,0.03918774204786892,0.19014670031856243,0.1854899208383847,0.19104932489137816,0.09245873043951508,0.09255569891615366
255,0.08448975135848293,0.11804057778730977,0.033125590159799205,0.260942346364856,0.18898708921668927,0.19193435144313944,0.02434969819568505,0.09813059547403831
256,0.08861068806464414,0.1955181927946922,0.06663314585985185,0.26344672915201267,0.11406510843576105,0.12575389430162812,0.0706973919523833,0.0752748494390268
257,0.08316680930081055,0.1834461533144129,0.06285011792206295,0.23935263015920125,0.1583204113029941,0.13079563905946578,0.04112865598127291,0.10093958295977945
258,0.11464405538363868,0.18003396183993917,0.06062122661098755,0.2729771393111512,0.18235402351055013,0.09017097192226972,0.033353770674539346,0.06584485074692431
259,0.163037003808794,0.2332625226915812,0.042400631401127015,0.08392672447745454,0.2599531092466672,0.0819524339984553,0.04139845252251658,0.09406912185340419
260,0.11392032057299173,0.14943587502047864,0.07658239424448608,0.1428731455822833,0.19516268852511337,0.16298776531850928,0.06824517723843249,0.09079263349770504
261,0.09167569822047279,0.04729439905841451,0.05216009949091548,0.1498342611123583,0.1740535234303348,0.4105523586745387,0.033302010773351196,0.04112764923961418
262,0.10080565697592134,0.08896072944363216,0.052285907117055094,0.1406756630029441,0.26213346847440094,0.1512175672871494,0.1247030830376484,0.07921792466124862
263,0.121363788465367,0.17191264488147123,0.05159680928903433,0.13111700503474355,0.148395322032608,0.127024869290303,0.13689677157074415,0.1116927894357287
264,0.121455779963511,0.1416294501446848,0.04552716672074949,0.1479908042555711,0.15943935966193848,0.1465285225503782,0.1434345393011066,0.0939943774020604
265,0.12823570357781308,0.1430990579877948,0.04660799248371448,0.13111381670521843,0.18475604098487045,0.14042528393562756,0.14333474374037425,0.08242736058458701
266,0.12723427282620928,0.1377336642382146,0.0378099930581053,0.09618933039283238,0.19872199614041663,0.1151115677143492,0.18228519225454434,0.10491398337532834
267,0.10064936830007,0.15814704073200925,0.036048992964886103,0.12235459688312454,0.185434997151547,0.14686592000712465,0.14498487881625272,0.10551420514498583
268,0.024571430194373967,0.25488043735500177,0.10873670671817447,0.08607945665583444,0.32047673733700077,0.12264786086815971,0.017760372317392022,0.06484699855406298
269,0.14487023562126145,0.11505020791322233,0.05904689016890703,0.1063510125068249,0.25092452725280306,0.20964636114829124,0.03842515471835252,0.07568561067033756
270,0.18192635713550012,0.1689515987529,0.14523350224934872,0.13180374487697952,0.08694358100284469,0.16693098275360208,0.053782207337983605,0.06442802589084126
271,0.10426944768410752,0.1918958050113282,0.09732010348525424,0.19302641596632691,0.16460772618414118,0.13221739282380868,0.0691164612569853,0.04754664758804799
272,0.02613753669092738,0.2539345970691536,0.09154836415804471,0.16822357969578766,0.2112566929877358,0.1245811680072065,0.04195946657940196,0.08235859481174237
273,0.10830324340878711,0.17985309640911604,0.07540921325241277,0.113823236797253,0.2374301183768485,0.12212217973622341,0.05768271923127761,0.1053761927880816
274,0.04847689220750118,0.157398763357546,0.12838219846643298,0.09898450458738732,0.23230223951612647,0.15778420340484076,0.05349898426019535,0.12317221419997003
275,0.06062757543631029,0.1590923524708558,0.11818099447700496,0.12755226886105983,0.23830693026999475,0.15667064711776535,0.04910169715641845,0.09046753421059062
276,0.07246249508448817,0.2123258361284787,0.12902677032286541,0.1114217216068505,0.22531098331653324,0.1326874571943776,0.06226430790689384,0.05450042843951262
277,0.07852320670901161,0.19439482657769358,0.10793743326498537,0.09590944965658835,0.23209565942376129,0.1151529054755328,0.07190744572535604,0.10407907316707102
278,0.0760322245411264,0.18615687326541,0.11568318514877346,0.11739292180239604,0.2436898735037114,0.12942362619121292,0.04963047137809202,0.08199082416927775
279,0.07754631417281815,0.1819435829822587,0.11203680764438109,0.1208735822861463,0.23743402463611493,0.13398112189218878,0.051953472247435274,0.08423109413865694
280,0.08377157445990145,0.19828530052912846,0.09481548866806255,0.11563190815250667,0.22245577343821774,0.11692392143862483,0.06719200222300349,0.10092403109055464
281,0.0741311790673404,0.22264051702172744,0.047305900880767145,0.1344302532454995,0.23779931830740494,0.13230582638779445,0.06516817941868255,0.08621882567078361
282,0.0619566845847863,0.2060990707997508,0.06025665064609121,0.12069042523347653,0.26202419245410147,0.15107014330362034,0.05742927558927036,0.08047355738890305
283,0.06219299402511176,0.2187813082389532,0.03192163457976527,0.265501535794455,0.13985130266315418,0.06253308720539864,0.06961976995879778,0.1495983675343641
284,0.027365065819118715,0.19695338266076798,0.04901613036839855,0.05203484711395039,0.29570133258396025,0.1979885698483651,0.06846147565554633,0.1124791959498928
285,0.053601939307597976,0.22273239872975245,0.08414171204133855,0.05584066877837124,0.045135917278463576,0.3071890392063112,0.08588678592465471,0.1454715387335103
286,0.07316144554972256,0.19043089602174335,0.11462053801827714,0.07841952109513324,0.11047545075698102,0.1926970541892106,0.09927063940032423,0.14092445496860778
287,0.05132411761207837,0.19867322105367888,0.06587980168153149,0.09178788486799103,0.1322878464868184,0.22806219204016928,0.05509640266308061,0.17688853359465193
288,0.05100745980525182,0.1802996429876712,0.08296360616898159,0.09938784548701894,0.16782270853147163,0.21018029369223612,0.05557306792940768,0.15276537539796098
289,0.05377525626004716,0.21210532341165847,0.12133860171619715,0.11399167597674656,0.12543719840387557,0.1703380115356484,0.0887193808600622,0.11429455183576465
290,0.06625769143404986,0.24736220381433846,0.12319160384042419,0.12363215920865613,0.15270902841474676,0.19704653325035984,0.08363110474422798,0.00616967529319684
291,0.04529401207301777,0.251061321315009,0.0434915920078685,0.10530006996686045,0.09033983655709339,0.2238156755623993,0.12873267960114818,0.11196481291660337
292,0.08711151011302087,0.23757750226923605,0.06670956834511055,0.08744065301328144,0.09857537690157162,0.22040664835039825,0.08780675328387738,0.114371987723504
293,0.07434407800693035,0.2544910375766151,0.07812647459461074,0.09030747054485104,0.10622436684291815,0.1939977866992065,0.09584809814532584,0.10666068758954238
294,0.02623253021390059,0.26811665315518324,0.08887871490249813,0.07876940010194723,0.0890560337097073,0.20458141674771924,0.12416561812084359,0.12019963304820071
295,0.006309755863347983,0.14171486789391208,0.024507304747231024,0.03579347810009368,0.12522171358891535,0.5468146541048007,0.08277327062971462,0.036864955071984506
296,0.04605185582670002,0.3309930946722947,0.0747053546675359,0.09603036886111843,0.154238545869045,0.09410614902126832,0.08435137377691132,0.11952325730512636
297,0.04178638304774462,0.3297930878924586,0.07223380512687357,0.08270500788188823,0.146153480118359,0.10203733909443151,0.10326722778704674,0.12202366905119774
298,0.03597502467488141,0.3152760184946849,0.06385888537228614,0.07957115433599024,0.1440153987039888,0.13543763377975837,0.11228485452984038,0.11358103010856992
299,0.029586845361832256,0.259215528627027,0.08510062104299224,0.09045955687041465,0.10555013785442519,0.10712207841133518,0.08610601291217444,0.236859218919799
