oos_period,model_1,model_2,model_3,model_4,model_5,model_6,model_7,model_8
200,0.07693458643020867,0.0649190754636219,0.055735817558913076,0.23106016652795755,0.059515036656775794,0.3481018123191819,0.07992284340035108,0.08381066164299004
201,0.08358808840845112,0.06095761718699526,0.05459271872441895,0.23810848768174459,0.05886351963471959,0.33734323505335484,0.07120592102191262,0.09534041228840305
202,0.09224924945997566,0.06119872995733756,0.054298461854132576,0.23922604146718074,0.05834923176696357,0.3345737586271301,0.06519556930926823,0.09490895755801157
203,0.1502176459587525,0.06973043061545572,0.06049178392193146,0.39286384867700197,0.06529113096099971,0.06500697844335074,0.07425865734306192,0.12213952407944595
204,0.12407654145029803,0.08651962840510782,0.06952475269957227,0.405092715894597,0.06179110106380094,0.07149923131166813,0.07554995665985689,0.10594607251509906
205,0.11724697851636133,0.06581874610434879,0.07198724237835394,0.40020259112433815,0.06127152530696093,0.08933917920023123,0.07963762691672736,0.1144961104526783
206,0.14375436059233765,0.06577193964707671,0.06340443855568205,0.3887472633291016,0.06005439672871705,0.10282481415790161,0.07205135179972866,0.1033914351894546
207,0.16654756065855575,0.06781979314880571,0.06270218854283158,0.379738629408769,0.059097229374681697,0.09291317017769159,0.06591544195102732,0.1052659867376373
208,0.1725200905691813,0.06374851714726207,0.06293300983541762,0.3799649400781705,0.05912127488330562,0.08873042268716021,0.06658649800076624,0.10639524679873655
209,0.17691804157532487,0.06299057584387822,0.06392651720964017,0.38046881307654357,0.05917481138938275,0.08385685071359011,0.06764053102661505,0.1050238591650253
210,0.18067787399666904,0.06261731520292156,0.0635819505444301,0.37621373157724436,0.058722708980082215,0.07144363136649695,0.06789981461677108,0.11884297371538478
211,0.36520167611620585,0.06256387858220305,0.06541131312529205,0.20859788797609222,0.05755267808734687,0.06777364617785382,0.06079239172782717,0.112106528207179
212,0.36807999933092506,0.06496506861880481,0.0632653673851482,0.1970367132623402,0.057858499928910796,0.06867571038717922,0.061625978928646984,0.11849266215804473
213,0.1669511067571479,0.0679287581355458,0.06575329158724792,0.3764344666831469,0.05874616208508436,0.06990938693530872,0.06359949839703016,0.1306773294194883
214,0.16529913138752753,0.06652559086466979,0.0664914038303904,0.37715751461223107,0.058822985927549566,0.07196762470767006,0.06262685610416856,0.1311088925657931
215,0.06666452813369848,0.07455827065444678,0.06317585186592523,0.20446262463825657,0.0587104642689696,0.09250989554444139,0.06381987765690098,0.37609848723736095
216,0.07402937402698359,0.09496055324769552,0.07119537175324957,0.41145580029187945,0.062467178781012184,0.10189872109430995,0.06931392727710126,0.11467907352776845
217,0.078193826839745,0.11429639826081485,0.06660896927624464,0.4016263441288427,0.06142279903533745,0.1018202367703379,0.06821754140813276,0.10781388428054481
218,0.055424403061501676,0.3196805592042915,0.06502680124150732,0.0864011960755383,0.05271605941545597,0.14386705109928447,0.06325806900499557,0.21362586089742513
219,0.062330035408036326,0.35833895695967083,0.08175977612882677,0.061544184322456535,0.056823514176965025,0.11958236188810425,0.07350458809528511,0.18611658302065512
220,0.06948641952219291,0.37432424199863007,0.11130937273187952,0.061091522196447895,0.05852195071235445,0.07549638864624048,0.07274108038388537,0.17702902380836935
221,0.057806825225156545,0.16481971095532014,0.12323491110811906,0.06513676424742149,0.060009572517660155,0.08346870890786688,0.0779298578605119,0.3675936491779439
222,0.057390090219975896,0.11568237353287822,0.36367143736447904,0.06468552466752871,0.06000916777447377,0.07457360968993551,0.0856129933904281,0.17837480336030065
223,0.05603046815311448,0.16711756623086516,0.3508749943822539,0.11970319741695047,0.058331616661986475,0.07503365884251596,0.06583190356308818,0.1070765947492254
224,0.018750000000000003,0.21884163123505668,0.2908152781128683,0.279735077708868,0.01946252228257939,0.02604540601815391,0.022163686654738345,0.12418639798773544
225,0.0578262434488843,0.18419938585282847,0.36777640893067565,0.08947118115374207,0.06056553509997804,0.06793436180089442,0.07589719210367567,0.0963296916093214
226,0.05876227412268179,0.3765861093899463,0.17851827568635845,0.07821506544552699,0.06176935595314931,0.06822899212038182,0.08530989775443362,0.09261002952752179
227,0.05898562958691766,0.37868827846510733,0.17133004516759054,0.06235918853573823,0.06436266291593645,0.08011045004017962,0.09468868380686021,0.08947506148166993
228,0.05952734246407901,0.383786752764451,0.16894266635003474,0.07354925577804883,0.0720299369956809,0.07076894163816362,0.06360742194697802,0.10778768206256387
229,0.060146337415486466,0.16448575987486214,0.3896125874398726,0.06941187075611832,0.06252084653585062,0.08457518973760586,0.06927654571683893,0.09997086252336507
230,0.06121108980237756,0.1714736584913121,0.37853808341577255,0.07235272606259861,0.058969671362925836,0.08770215452313242,0.06769890549545758,0.10205371084642335
231,0.06084924617604592,0.17446034279359607,0.37913902545095585,0.0976776998429502,0.059033521454164066,0.06958439542683155,0.06804044845851794,0.09121532039693833
232,0.06071522008338356,0.17514995597846597,0.38907857920227823,0.07214361006853959,0.060089599040242074,0.07548802358160178,0.0684125974245665,0.0989224146209223
233,0.059274718152088395,0.19076404475826642,0.3814091120196555,0.07856366348904924,0.06286936871927472,0.08872693892442199,0.07628197425477501,0.062110179682468826
234,0.05829285894849911,0.37216808422116804,0.18704225298485053,0.0883354908805354,0.06021442630475361,0.10432075892832303,0.06908399905719015,0.06054212867468013
235,0.05803413070041967,0.36973299482747923,0.18582639418376531,0.07734883757819322,0.06319549375457015,0.11319398809462902,0.07106971953591136,0.0615984413250321
236,0.0598399865223422,0.3867292849161619,0.14859132908335457,0.07425484232095067,0.06409844029907014,0.1257541617795529,0.0769514443956902,0.06378051068287752
237,0.06012877017490947,0.3894472487050303,0.16791853362004025,0.07980557733306724,0.06387640434865614,0.09537559162068064,0.07821091444366954,0.06523695975394649
238,0.060354130498285204,0.39156828704268426,0.15940158230779225,0.08315131189051929,0.0655624348116387,0.09994858890331661,0.07519925343935266,0.06481441110641106
239,0.05895352284924242,0.3783860974046346,0.16999590331524472,0.08759408974994518,0.06375351394540335,0.10507317596460637,0.07354892082068896,0.06269477595023439
240,0.05933605450345239,0.38198639532661083,0.16714045650757642,0.08514221033194515,0.06452024597611143,0.10470223777008632,0.07426824225135209,0.06290415733286549
241,0.06050230026221986,0.3929628259973634,0.17027054084174192,0.06607188344724405,0.06561269564308708,0.09766106074460966,0.07875257697179912,0.06816611609193496
242,0.06018224664332719,0.3899505566430795,0.1697657701311113,0.06777162328771157,0.06558913395189733,0.10248467768532499,0.0807728965823163,0.06348309507523184
243,0.05874400954055286,0.3764142074404975,0.20577059081351534,0.0871992788721659,0.07878693339723196,0.06306610211938783,0.06643374148871935,0.06358513632792921
244,0.05968992812826404,0.3853169706189557,0.10296910252311338,0.16414176704890412,0.08469533087036686,0.07424370220410814,0.06480012518418829,0.06414307342209948
245,0.05465545822210353,0.21054429959973928,0.11342705594021865,0.3379337244433273,0.09092609077370842,0.07070245038056899,0.06601512131838669,0.05579579932194702
246,0.05937852663053061,0.0814491616353309,0.0973698666305815,0.3726538022665215,0.1802386087810503,0.0698625889206827,0.08070297864448457,0.05834446649081791
247,0.059144338728997124,0.08412524709641711,0.0712739609775202,0.36179175087643906,0.19369428207129086,0.07223922875806961,0.10054081796064426,0.057190373530621647
248,0.061113478841532065,0.09326829102604332,0.07342590176289657,0.3756135401769915,0.11689105091641606,0.07692017212608207,0.14410862650623313,0.05865893864380535
249,0.06990085816230185,0.06653604217188351,0.08671899411383283,0.39278465163143494,0.09298837047375681,0.10032895832215434,0.13025875588879582,0.06048336923583996
250,0.07087076552340645,0.062243765845848384,0.09939309739450386,0.15733288134634124,0.0721878752461664,0.11980060582653082,0.3610585390437991,0.057112469773403646
251,0.07336205535446698,0.06302474006437749,0.11461062061703235,0.18473198737946372,0.08038280868192899,0.0656771920112689,0.3610943239696827,0.057116271921778795
252,0.06846475684466322,0.06414941063171659,0.16148099090052195,0.09285032222666986,0.12307027589455505,0.06708568262853705,0.3653320324278746,0.05756652844546169
253,0.0640083749612176,0.06311964217903131,0.11486742805083493,0.08878224504419897,0.19110202623477499,0.06868896808889738,0.35315825124614225,0.056273064194902626
254,0.06805717009477961,0.06560881586112509,0.1519928862434997,0.10734245981210772,0.37701603032702646,0.07243109702720726,0.09874358741200762,0.05880795322224657
255,0.0667756918339839,0.06435932702082948,0.16220080569265644,0.10966266341130142,0.3689450292278269,0.07187388942736801,0.0982321840305772,0.05795040935545661
256,0.06844406280667174,0.06319825963873754,0.36607316226067077,0.0792864719195624,0.12256681299610173,0.0754056629360625,0.1673802939519971,0.05764527349019627
257,0.0771803792690869,0.06425422262964357,0.3832228990190867,0.08244948542567532,0.17351158090140797,0.08638579403272147,0.07352820570160022,0.05946743302077796
258,0.08045666438728495,0.06414128198058758,0.38564517034050505,0.08987943550427596,0.16118120162165767,0.0850809279577147,0.07389051885929544,0.059724799348678664
259,0.08826277336867479,0.06062022925765106,0.20890318382711617,0.09389812155806725,0.35179631276867623,0.07228936336921582,0.06810165761892689,0.05612835823167184
260,0.10573510237141968,0.06606417087135341,0.38395282085587595,0.1654438245016469,0.07154465285501987,0.07437351498830029,0.07334092634044705,0.059544987215936825
261,0.10463426719327133,0.06884069174326525,0.13295212548670174,0.40358660391189843,0.06921944530670965,0.0849618673599243,0.07417392233259004,0.06163107666563921
262,0.11402645119788513,0.06465073206447555,0.11537925671357432,0.4075406670396586,0.06821581730317404,0.08881072694656231,0.07932515286170634,0.062051195872963726
263,0.15018753150812866,0.06575342896603896,0.09288183765520383,0.40302706157248525,0.06796831132389881,0.08760891289537188,0.07100129078679601,0.06157162529207657
264,0.12995854987964164,0.0695095329165409,0.10329325871535691,0.4101483602558105,0.062328263277179864,0.08527420001759885,0.07568694695548431,0.06380088798238702
265,0.14104189887715202,0.08274554433010313,0.10388255002148913,0.4132062123886594,0.06265316006629505,0.0685080915962268,0.06413725166415055,0.06382529105592397
266,0.16021899370595793,0.06435082298465222,0.09764373882723133,0.4109511077382532,0.07345311883473256,0.06843355674399712,0.06253510596798616,0.06241355519718941
267,0.16195432694743084,0.06229195865076231,0.09783940603849808,0.40309363767818995,0.07755391818390578,0.06901851319148106,0.06157869900330769,0.0666695403064242
268,0.1715239041903673,0.061647204453745955,0.06365411020952125,0.4037383948587855,0.0901114197673879,0.0744358815526249,0.06327045812353599,0.07161862684403128
269,0.1816872079985896,0.06461822918213933,0.06116599069595585,0.3921265385124442,0.0862456023474347,0.0604134447169472,0.0840851830683021,0.06965780347818706
270,0.18082040878156874,0.06388353342842552,0.06439360356204958,0.3926337801164908,0.08247191765573927,0.060467339137377146,0.08718905135895373,0.06814036595939515
271,0.1861815876974939,0.06453386156499875,0.0636592551020561,0.3882060546229127,0.07648624710671145,0.059996893303684476,0.08934644213007711,0.07158965847206553
272,0.11516688640652684,0.07430752194138979,0.06838831473218515,0.4296475796847425,0.07113990715296017,0.06440005534150388,0.08940551300196485,0.08754422173872686
273,0.14738197719033735,0.0790393316153501,0.06674390238725814,0.3997856677474204,0.06585330504136606,0.06122722719816342,0.1067949020909871,0.07317368672911745
274,0.15417241176730984,0.07974191212769216,0.06341550626538021,0.3926865278469378,0.0685116184196407,0.060472943583737136,0.10598549861522184,0.0750135813740804
275,0.14945595374855258,0.07181070416693845,0.06412462956643544,0.3973754512003035,0.07130948927804312,0.060971141690032246,0.10597483322989198,0.07897779711980263
276,0.16356364802015622,0.06685894401671576,0.0638956542753032,0.39288266667851374,0.08053910413778424,0.060493783334592086,0.09763466468714675,0.07413153484978799
277,0.1485956886583918,0.06787882728192832,0.06336637078021526,0.3964042451986797,0.08223514319571681,0.06086795105235971,0.10185585016489894,0.07879592366780945
278,0.15462959884529617,0.06786870683708189,0.06296513400055544,0.38721172323958725,0.08163256564456886,0.05989124559420615,0.10258930347643133,0.08321172236227292
279,0.16355250434729376,0.06808555216163177,0.0628416594101628,0.38316678319919617,0.08310096377522046,0.05946147071491459,0.09434725497603354,0.08544381141554695
280,0.14631325972140233,0.07119678073557983,0.06177632120124109,0.39309588355919023,0.0881385520397217,0.06051643762816395,0.08419012660810764,0.09477263850659322
281,0.13805708387488172,0.07264850231995573,0.06222285039515433,0.3986359605785856,0.10053395959157292,0.06110507081147472,0.08890166319861226,0.07789490922976272
282,0.12680925539897264,0.06943075430815793,0.06223974590817024,0.39505899937153205,0.10370160102827541,0.06072501868322528,0.08677156325981067,0.09526306204185575
283,0.23436068184736294,0.056198937374478626,0.05527225509544289,0.3237796691817797,0.0732368424895321,0.05315158985056409,0.11721070793325272,0.08678931622758691
284,0.30791288797905936,0.0565986204419476,0.052302789540937505,0.14114661321032979,0.07180237682120809,0.05146574252262416,0.19720263288884252,0.12156833659505088
285,0.062316723056567866,0.06693230806177518,0.055804417967886225,0.1157071945626297,0.0914221947793144,0.0578558488249083,0.2012138495197539,0.34874746322716443
286,0.05917658052107256,0.07151299017618647,0.05644653435215187,0.12344756957767278,0.09117156415326866,0.06135531280996335,0.1820985368600196,0.3547909115496647
287,0.06123362731710815,0.07538770458019793,0.05853836385302908,0.13073079881133823,0.09583596328216594,0.06449095810132094,0.37447871861674425,0.1393038654380955
288,0.05671032061293388,0.07110787361190277,0.05565825728116068,0.11056023972241788,0.0976298658121739,0.06015390199871306,0.20080770772624443,0.3473718332344535
289,0.06029118473231827,0.08456578558991054,0.05910019066593055,0.07790053002118823,0.13061005331743877,0.06554268050976678,0.14222307477821822,0.3797665003852287
290,0.05997097901994846,0.11111839205292028,0.05895844880769219,0.07436889547081542,0.10593416380165342,0.06639575191196215,0.1448209095684933,0.3784324593665147
291,0.06078151409984058,0.10769177952129862,0.0602501396999797,0.08028544421032889,0.14558724284976263,0.08066737161884693,0.07414695748631488,0.39058955051362776
292,0.05943743241264307,0.10350877300423719,0.05915674733230533,0.07244384989509983,0.17557602430682284,0.07953916330966627,0.07003921131752809,0.3802987984216973
293,0.05896241557898154,0.1048357943260826,0.0596794480944617,0.06697748290361857,0.1762365939042266,0.08077900148489096,0.07405947002320593,0.37846979368453215
294,0.05914930542899164,0.1127512597119104,0.05830802984331192,0.0660673324598881,0.1792620615147663,0.0719675463164143,0.08018359561119327,0.37231086911352407
295,0.05974723163220357,0.07827238817371297,0.05816981180829436,0.06369910344569132,0.21298205953937174,0.07913138877987531,0.07698802308387169,0.37100999353697905
296,0.05848259978293754,0.09169254866047839,0.058187846582053324,0.06366688525018185,0.20450712097050852,0.07531540536484331,0.07696786085202464,0.37117973253697245
297,0.062333956911441314,0.12755796169658137,0.06105041576968888,0.0677668145897212,0.10589294538524374,0.09327399105393955,0.08400235440807692,0.39812156018530703
298,0.06415385298627788,0.08841615060349745,0.06175168221411403,0.06869225393307882,0.12209398315698779,0.10652319293151964,0.08364716921815715,0.40472171495636733
299,0.06053277042528954,0.12141023568498,0.06144048905333945,0.07541208633404747,0.0714610859893601,0.09690584061810757,0.11958788743316093,0.39324960446171503
300,0.06014995155760554,0.14340660408530784,0.06303180422827216,0.07008464841697208,0.0721168268385275,0.11390157428729024,0.08766198769091374,0.38964660289511094
301,0.05951829608236285,0.15864863587069167,0.06159851346524608,0.07356154822026711,0.06577111991875781,0.10455037979390723,0.09264989646182285,0.38370161018694443
302,0.05485282197669562,0.20327655830735367,0.05609635746839032,0.07268500237412066,0.06264329809888429,0.0917921588412799,0.11886253727025795,0.33979126566301754
303,0.05438697281377085,0.33540680447992377,0.057723618902665474,0.07607174344652856,0.06600468318308919,0.11897049403661704,0.19293543592159476,0.09850024721581042
304,0.05716931756803708,0.3615935771109372,0.05876969218242277,0.0831148560002911,0.07138501580455575,0.11530503329623995,0.19067422093851366,0.06198828709900254
305,0.05795128372905827,0.3689532586264308,0.05855580843780542,0.08477544454741012,0.0725442929753086,0.12056601991265097,0.1734114376217442,0.06324245414959162
306,0.05819356181024369,0.3712335229199406,0.06082779664813307,0.0804351074555804,0.07735075314072262,0.17741450697349284,0.11407455025068976,0.06047020080119696
307,0.05765400356375315,0.3661553276588532,0.06491366063664593,0.08949966834868456,0.07804897114200975,0.12105925214453389,0.1626406217840774,0.06002849472144211
308,0.05924254120424036,0.3811062701575563,0.06765283276864643,0.09696844249536314,0.07780026121620322,0.1078663476564782,0.1473368986933366,0.06202640580817567
309,0.06084968761471656,0.3962323540208618,0.06934613107655355,0.1279678920949193,0.09695473987607173,0.06486850229486076,0.11947426948080014,0.06430642354121609
310,0.0629156622578764,0.4156768228960879,0.07315094341853978,0.10307432952752142,0.11763360807179223,0.08708833484872311,0.07392347674091926,0.06653682223853995
311,0.06377391333966871,0.42375447849099973,0.07545362138233365,0.12318038546847741,0.07122536276433859,0.08414658246330194,0.09049986577783821,0.06796579031304179
312,0.06121615160620522,0.3996814268819314,0.06458383469311832,0.16319357093102277,0.07210220932376354,0.06329680643703259,0.1055627127544023,0.07036328737252386
313,0.059550881603235316,0.38400829744221476,0.06755439012387622,0.15669651779756685,0.07664681928454148,0.07004730141694784,0.11576346107797916,0.06973233125363829
314,0.06025914105101085,0.39067426871539623,0.06973474410499102,0.14457562894954407,0.08210706460829208,0.07049217558995187,0.11627369633106152,0.06588328064975234
315,0.06054143625111185,0.3933311647163468,0.07438069487977231,0.10537943545919326,0.0771592275420958,0.06783023670646303,0.1551931659871667,0.06618463845785034
316,0.06140526456401759,0.40146131485134967,0.08004937644905571,0.08476340200942095,0.08214291858009859,0.09165578079108042,0.1319241029889806,0.06659783976599638
317,0.06135353955449572,0.40097448992466556,0.06567156431813147,0.11236854324216222,0.10709118519097696,0.09257460321935028,0.09384397787415684,0.06612209667606095
318,0.059752353046370194,0.38590449925995474,0.06337901935175425,0.12860029521108607,0.12180336615558543,0.075013904248964,0.09917581970905423,0.0663707430172311
319,0.05909738952678475,0.37974013672268,0.07004095250276389,0.16524017524171508,0.08897927291836863,0.0597322562451562,0.10557008434979283,0.07159973249273867
320,0.06011702952825283,0.38933674850120314,0.07122108218707662,0.13986842612327371,0.09662526402635607,0.06144777477940059,0.11116757789921197,0.07021609695522503
321,0.059687756699316426,0.38529653364062516,0.06234529855510166,0.14091946639659148,0.09488584710338899,0.06198163887689015,0.12031615151895203,0.07456730720913421
322,0.0593346049576934,0.38197275254299673,0.06115931507416515,0.16332857891354355,0.10131552544407334,0.0623547201177762,0.09501470838671315,0.07551979456303852
323,0.06278111670605142,0.4015004823233262,0.06140942624685341,0.08786316344959788,0.12021154164264011,0.06144337304205232,0.12000227550242387,0.08478862108705468
324,0.06258118178593833,0.3993019176536756,0.0612703891794234,0.08691088825200133,0.12189604339035691,0.06117582875070303,0.12734563722995662,0.07951811375794475
325,0.06232813814794411,0.4013365285671106,0.062391767086249134,0.09313279073756803,0.11250587503659616,0.0613920061602555,0.13282925997701933,0.07408363428725716
326,0.061916317509221545,0.4021138585532257,0.06382860335013422,0.09388186695174058,0.13136653338022944,0.061474597471280236,0.10945276293331443,0.07596545985085386
327,0.06419191130770552,0.40579041013745043,0.06550037095083647,0.06186523107290168,0.1215664358620649,0.06361775243257124,0.1316643602907955,0.08580352794567418
328,0.06609112626256694,0.41864946028035344,0.06701206537465466,0.06323150515478757,0.12702612886584616,0.06460993394479964,0.1145461058163555,0.07883367430063606
329,0.0660170587226114,0.4184946256830137,0.06866709972119651,0.06321505397622493,0.1261838661663937,0.06560130290368195,0.11694535260259938,0.07487564022427846
330,0.0679976539182855,0.4229274190249258,0.0714358816903706,0.06368603827068996,0.12521464520231668,0.06761265645885439,0.11392494729461557,0.06720075813994147
331,0.06690833427175531,0.42354005711622933,0.07601602396430943,0.0637511310678514,0.11836340098471052,0.06762597918146888,0.11600794563802413,0.067787127775651
332,0.07014110616381058,0.4230734379464019,0.07109488718900166,0.06370155278180521,0.1207280446438964,0.07089313155961544,0.11245141528418384,0.06791642443128504
333,0.08093722807489563,0.4388123531343921,0.08669807930240854,0.0683822710262776,0.0876093456023423,0.07440612470402165,0.09778078563513307,0.06537381252052915
334,0.08390970836517243,0.4466241757045319,0.08487431654386011,0.06973182260076982,0.08830685155753028,0.07612171485314083,0.0842275917076283,0.06620381866736638
335,0.10994120981921807,0.4319432662122156,0.06977084652126593,0.06763286176775557,0.08803190139970718,0.0814679762642179,0.08656796598057183,0.06464397203504792
336,0.10949668140554147,0.43116639238271637,0.06710537758474311,0.06462604011587872,0.09681188400438552,0.0917518239305301,0.07448037138658975,0.06456142918961487
337,0.09282050346626522,0.4386424301951516,0.06535575820783304,0.0660835332494728,0.1120231916839898,0.08289791209247845,0.07676934537057457,0.06540732573423448
338,0.08048966090039263,0.4390400686670683,0.06846459089361513,0.06841907007446903,0.12310766142350121,0.07631351618263094,0.07876742456253195,0.06539800729579077
339,0.08073206323702704,0.43630395210123946,0.06881032773000646,0.06817978562999226,0.12284311966581501,0.07979529216258757,0.07822816456258537,0.06510729491074686
340,0.08317183112351514,0.442601183571047,0.07219985703876283,0.0697176853674497,0.10405901744862416,0.08135836220540314,0.08111568749077812,0.06577637575441996
341,0.1023853129859518,0.4163816501022684,0.08628238754163231,0.06959135975293704,0.0875088571384187,0.11042455481932509,0.06443532733618511,0.06299055032328156
342,0.11020138720604591,0.41667430725170385,0.06762216340849042,0.07244178475437733,0.090287979375308,0.11421644860336747,0.0630216451454216,0.06553428425528547
343,0.12791648277833065,0.4086275631990092,0.0680472585834641,0.07306103424305846,0.08918518182744205,0.10576965000621608,0.06216667858989473,0.06522615077258474
344,0.10795708418854037,0.411581845921832,0.06936787449246709,0.07502286613438115,0.08862920253765072,0.1194819455642026,0.062480571129194654,0.06547861003173142
345,0.12032739197510045,0.40352938943040356,0.07062619790356912,0.07507813482579256,0.09002536370877569,0.11387308861134705,0.06162499762698039,0.06491543591803117
346,0.1265004400988718,0.4071424031972736,0.07027455248184487,0.07535066866013064,0.09290371675016024,0.10039153302009282,0.062008880339710325,0.06542780545191573
347,0.35338527211723186,0.16307644363883367,0.06201025611617922,0.0748054159469161,0.0722004067507454,0.15910538387174275,0.05629718516245589,0.05911963639589519
348,0.3535448783861198,0.14304803988977646,0.06421679087907096,0.06686427890481063,0.07808827465154759,0.18022857612994392,0.05631414332852523,0.05769501783020539
349,0.14371497499089236,0.15264071806269508,0.06698942007622585,0.06831551695307674,0.08841686035513094,0.3646439038576181,0.05749341478487192,0.05778519091948914
350,0.12062496068419257,0.1722678006852702,0.06781968831846222,0.07047641631580763,0.08071407653275486,0.37040515631669646,0.05958635328816704,0.05810554785864899
351,0.09008652331213218,0.23371690376524468,0.06485494784971166,0.06907084158282534,0.07714525439349675,0.3514756686933019,0.05755557060462417,0.05609428979866332
352,0.10078913462967462,0.16636189453404188,0.06950871229275409,0.07389498509469429,0.0830549719854999,0.3858021800426031,0.06084663979120565,0.05974148162952658
353,0.13818121791067983,0.13966110668133971,0.06945850667133831,0.07977219873323001,0.07553504053827582,0.3780773553078873,0.05892071900146303,0.06039385515578612
354,0.14336767056592054,0.1646968499921314,0.08225774637514839,0.07170607813573376,0.0611292256938579,0.3579486281735033,0.05678204174343473,0.06211175932026996
355,0.14953962928296807,0.16226669279003084,0.07828096776009881,0.07310974732725842,0.06222223147747444,0.35899075891997295,0.05689276813524713,0.058697204306949344
356,0.16363677220236417,0.13418949729659874,0.07672277259499335,0.07544208503623638,0.06370429970563388,0.36849440456705407,0.05790253048524949,0.05990763811186989
357,0.1673901167937953,0.07598714489883929,0.07432346843891847,0.07598219692235131,0.0623298269840227,0.4101630775184528,0.06340901476483994,0.07041515367878022
358,0.16433817043825338,0.13949512785615925,0.06940318082099722,0.0613727419551158,0.05896109519948139,0.3784573665833542,0.06160690501554877,0.06636541213108998
359,0.18835298374815976,0.1414708876631957,0.07205330615495485,0.05700872580174657,0.05686790789991139,0.35875678023446006,0.06012549439628464,0.065363914101287
360,0.17729759670040468,0.1443823597355497,0.07449412566650988,0.057044376854205874,0.05731957564927344,0.36041766451017293,0.06184176375301883,0.06720253713086467
361,0.18529375040256116,0.07697130530106452,0.08337865052580666,0.06048947715289771,0.06162209060943094,0.3928421379096254,0.06652863649375419,0.07287395160485942
362,0.21194679965751873,0.07321827116162818,0.10372105842385883,0.05682212419127201,0.05908568500779588,0.35832587474138355,0.06678348561065307,0.0700967012058898
363,0.23181735321084598,0.1284812022661464,0.06754749064637874,0.053459056160507376,0.05471982016953286,0.32667346974595174,0.07293290507274407,0.06436870272789297
364,0.373571686062293,0.14006722967513044,0.07672288432955585,0.05844199164411863,0.06056893322319612,0.14546460377352255,0.06782096254648812,0.07734170874569532
365,0.22847140240287053,0.12662799414047685,0.06290407527010129,0.054008272704807576,0.05671594168451334,0.3318425666334831,0.06434559759684338,0.0750841495669039
366,0.21474966124969352,0.10395422193588545,0.06311204980636848,0.05627874065843096,0.05919965798176942,0.3532116767852325,0.06972060814692288,0.07977338343569682
367,0.22189417473932452,0.11353471227738865,0.06363563655468138,0.055649099677489884,0.05831495999787648,0.34728564402343415,0.07260553751081929,0.0670802352189857
368,0.23017778870746125,0.13113067636606424,0.0627265127112125,0.05431283311135414,0.05701446448758286,0.33470901751862725,0.06247904987230228,0.06744965722539548
369,0.38530572969342886,0.13268914230648945,0.0681874969150096,0.05968873377992681,0.06374592109056149,0.14682679480310856,0.07459304784551836,0.06896313356595687
370,0.1974343397670234,0.12542039218329493,0.06402385419198357,0.05661969246625038,0.06109982425237419,0.35642063497647414,0.07234372420776261,0.0666375379548368
371,0.19880600553337563,0.10109905031475765,0.06094710436909283,0.057302380981220334,0.06563664766720408,0.3628459386467796,0.08942225898600573,0.06394061350156405
372,0.37051475618391727,0.05852074430509438,0.06050570591455416,0.059276167048922676,0.06830366457327244,0.2040444329569,0.11510397334723224,0.06373055567010677
373,0.15978154599935301,0.06176776068621992,0.06981597044304906,0.05980845337651867,0.06379054105391398,0.3864325023672345,0.12486577241201914,0.07373745366169177
374,0.14622973469201264,0.06203574941446671,0.0745870310366772,0.06024462081635487,0.06627262372663727,0.3905376076833399,0.12374416359174208,0.07634846903876928
375,0.17625952884201782,0.060470886680067934,0.07435983855793904,0.05938483586217868,0.06742191051646454,0.3824455139969758,0.1020615151876127,0.0775959703567435
376,0.17391414060720783,0.06038679622236058,0.07662834118476583,0.06012111100570672,0.06962922901562775,0.38937516240665143,0.0987126768452606,0.07123254271241926
377,0.14146354332273645,0.0627135441460543,0.08076931871682659,0.06135972623646061,0.0717910407420873,0.4010327175196293,0.10512136678496882,0.07574874253123669
378,0.14170538754988915,0.06215738241994503,0.08189655186168197,0.06188550218707152,0.07426587725577904,0.4059811970547908,0.09500458574540008,0.0771035159254424
379,0.12944133047827336,0.0631710336654938,0.07423509202364795,0.061935305108294994,0.08047340862112096,0.4064499304310117,0.09593843843903006,0.08835546123312711
380,0.10420651188450031,0.0651520404970096,0.07638962484009489,0.06355886008886873,0.0766663076189854,0.42173044789523506,0.09821837109704555,0.09407783607826051
381,0.08971743347159176,0.06613445839551316,0.08082661313563994,0.06274486365315143,0.07037463352136462,0.414069304970837,0.1097795290663667,0.10635316378553536
382,0.09549315995644483,0.06914162487297312,0.08301030825308525,0.06304649083549756,0.06785030800852183,0.416908149039977,0.08240911715937509,0.12214084187412523
383,0.08621276375629851,0.06348512749453673,0.08880846643818553,0.06246689488025202,0.0724485804562007,0.41145312828472486,0.09023563509866013,0.12488940359114141
384,0.0879927649980293,0.062196952037258946,0.0911015254933285,0.06216058978016155,0.07057839149580175,0.4085702567544616,0.08985120816585751,0.12754831127510077
385,0.08327214863643423,0.062400840104052654,0.09327217348981437,0.0612455173677824,0.06834888320245078,0.399957810520305,0.09297245570150697,0.13853017097765363
386,0.08342810641575045,0.06066111300586661,0.08856507250473414,0.06040187604949831,0.06733550932240007,0.39201765693645463,0.09880573700976322,0.14878492875553267
387,0.08389547954851678,0.05984021496288976,0.08963520541328712,0.05987348108015177,0.06525840467295639,0.38673143494484474,0.10061213995144755,0.15415363942590588
388,0.0747069587124933,0.05597120177171697,0.08608006314799403,0.05630398194533075,0.06086955688430724,0.22008414244455193,0.09566690194803422,0.3503171931455715
389,0.07981237873714318,0.061026191542298915,0.09527259426986115,0.061549311714231954,0.06646896614556869,0.3978935674569309,0.11427003011881567,0.12370696001514953
390,0.08034759124226354,0.06161454448695877,0.10587041658183259,0.06057077057768437,0.06715414291638074,0.3936072524958528,0.08601984954360174,0.1448154321554254
391,0.07852952954957908,0.06092849817007965,0.10734889395394565,0.0598115987406368,0.06707911336978459,0.3864621057942287,0.08486484660600378,0.1549754138157418
392,0.07638119862275289,0.06048660625279465,0.1059266353322949,0.059785493484270875,0.0678536003725682,0.38621640926372586,0.08552758372381904,0.15782247294777363
393,0.0636807639813001,0.05916803536409748,0.12101965639102188,0.056080335071774116,0.06793565397726942,0.19214341054792325,0.08862781457932802,0.3513443300872857
394,0.06519398426046168,0.06096630984170674,0.1274448551843324,0.05759950434099717,0.07027914191009615,0.1600259191804261,0.09284789148435942,0.3656423937976203
395,0.06663395610030026,0.061480888440495596,0.1355599471775646,0.058096079561822764,0.07063122598424516,0.14289034862914177,0.09439151117162747,0.3703160429348024
396,0.06342596253003717,0.060882277277151585,0.15766409768454423,0.057082508030095444,0.07080209342817811,0.13608462573994767,0.09328188914444177,0.3607765461656041
397,0.06548382315382427,0.06221020691085387,0.0992923133765399,0.05879908621373924,0.07477115463864181,0.3769325761293105,0.11551494782422483,0.1469958917528655
398,0.06454815684670627,0.06185953023252741,0.09864184827336303,0.05806911225972935,0.0742116212991974,0.3700622330327468,0.14801976494712557,0.12458773310860423
399,0.06341359436757264,0.06088818973416898,0.0972196899077283,0.056987639767220204,0.07254609982657712,0.3598836683973666,0.16011153287817145,0.12894958512119484
