oos_period,model_1,model_2,model_3,model_4,model_5,model_6,model_7,model_8
150,0.07607371293564326,0.3774089126766194,0.08030802098625198,0.06113854844600148,0.11807127495368375,0.16577554615358334,0.05884969697189081,0.06237428687632602
151,0.08723161197826901,0.20431020436834743,0.058530178789231384,0.06411817313649582,0.10686354793954532,0.3614782066041257,0.05715705945168836,0.060311017732296836
152,0.08917368933312901,0.18161117113140848,0.05799377646990112,0.06438636929262248,0.11529961235399677,0.3693531903049517,0.05840521699056728,0.06377697412342326
153,0.09781744956684804,0.18491745148518923,0.058573312671114625,0.0684511176183427,0.09622516118823478,0.37480764866931404,0.06013079060306035,0.059077068197896224
154,0.06790944398695511,0.18688871917263813,0.05824814535042262,0.07325323317561244,0.12133959550867061,0.37174725035691875,0.061569382279666095,0.05904423016911626
155,0.07474339731174279,0.08836101040946591,0.06096220801530681,0.08237021269570799,0.16827778874808064,0.39729136955582883,0.06596855708752575,0.06202545617634134
156,0.07550363367607696,0.09395965389394405,0.061479260763644066,0.07402185264956312,0.16161570321099508,0.4021577483637088,0.06787196992973323,0.06339017751233467
157,0.10419067961188197,0.07624204638189341,0.06703048784033684,0.0822328537532179,0.1286129065650509,0.4131570070766944,0.06264793200189879,0.06588608676902576
158,0.1200261681039755,0.06410613331758802,0.0738808671193686,0.08614332281240157,0.12419924150389512,0.40443649686700645,0.06172137779211944,0.06548639248364525
159,0.12574804887369767,0.0620891157487835,0.07200506845631928,0.08429731837057888,0.1357667090158636,0.3975477894421008,0.06098945262822321,0.061556497464433015
160,0.10708130387893984,0.06396465364821485,0.06636450785992781,0.09222293381098247,0.14037306908725175,0.4061345339728132,0.06190179423461141,0.061957203507258654
161,0.09337809411473891,0.06917392587968044,0.06149868251517091,0.09593966630902194,0.14893679616819788,0.4023405413192557,0.06244668552698548,0.06628560816694863
162,0.10292403144100412,0.06776605742573805,0.06187753991566468,0.10671141774711768,0.12038970484909751,0.40590625802978536,0.06256480408788016,0.07186018650371237
163,0.11199679501428446,0.06656704747974714,0.06116587983743401,0.112714475188025,0.11841350340213672,0.3992082808229083,0.06322800687396965,0.06670601138149465
164,0.1173723930828103,0.06865440306092449,0.06194121137369493,0.13647964728681192,0.08861159700401658,0.3958713314165253,0.06081132896300581,0.07025808781221057
165,0.1156818834173591,0.0723060892287767,0.06551227394835688,0.13245649896873496,0.08705682147462669,0.40089874116146607,0.06134549124840577,0.06474220055227384
166,0.0723093452527176,0.07658258748531901,0.06838452442313196,0.14543844962325397,0.09951693144593864,0.41039236099338183,0.06235418835554682,0.06502161242071015
167,0.06649634496884091,0.08878757264481706,0.06359326765761267,0.15053507820596584,0.10882977276365374,0.39654440289805276,0.060882842803447655,0.0643307180576093
168,0.06181329220122881,0.16794321455956018,0.06241130353745503,0.3742861647794281,0.12579033515761046,0.08522921259604549,0.05851790498811341,0.06400857218055844
169,0.06188475808159209,0.10561934880046392,0.07962223198731272,0.3850253720640349,0.0596589457818037,0.16901916153334193,0.07138705542673465,0.06778312632471611
170,0.05806982172685114,0.12588996426363339,0.06338072887269043,0.21491295801111876,0.05499158436391019,0.3410972646015077,0.07230598111648598,0.06935169704380248
171,0.057857903009165434,0.23206040083238907,0.07177469808772546,0.3403863974296411,0.054916054726899366,0.058367381047803556,0.10018084227646148,0.08445632258991453
172,0.06330991425570422,0.22213872084829075,0.08192284174881827,0.3552812876656706,0.0564986368144775,0.05869247042437907,0.06625700108719204,0.09589912715546758
173,0.05870541008417653,0.1928695754794603,0.08334322717113472,0.36019808030010947,0.05702104603188664,0.05787828185499802,0.07354158295408762,0.1164427961241467
174,0.061383497996178135,0.14594353208463776,0.0942015672702121,0.37217946597929097,0.05927008907079042,0.05829406826029966,0.07193796699876238,0.13678981233982865
175,0.05734345995998463,0.1491043647704965,0.09080833477377125,0.3569374366889834,0.059006132018589154,0.05667460264820449,0.07091371437310431,0.15921195476686623
176,0.018750000000000003,0.24066972501382353,0.2811228949141513,0.29593623623988724,0.020158513589988,0.01924281109027229,0.024325030186555994,0.09979478896532157
177,0.057824542378211344,0.3677603988537538,0.09761328201148005,0.08128533141308139,0.06398959595658561,0.05876822244751099,0.0869820170293912,0.1857766099099856
178,0.0188196522506187,0.2957210935685704,0.2925953059894454,0.026830851931422275,0.02051479163890827,0.01875000000000001,0.029035946923753095,0.29773235769728174
179,0.05808710026267504,0.1124283322183985,0.17287427942314454,0.09201857920011627,0.06033293739002594,0.0581305689425283,0.07589667067911111,0.3702315318840003
180,0.058664036889373626,0.14117119601194691,0.375661523664693,0.07907559500666957,0.06278023048183115,0.060558811254646856,0.08384637485810212,0.13824223183273668
181,0.05780900628129413,0.3676141767651212,0.0859182683280527,0.08041009029704305,0.06013004892349454,0.06189390586406526,0.0936387105963115,0.19258579294461753
182,0.0590770898864564,0.19249649051423584,0.07388878541750687,0.08048248593294578,0.06296582102649387,0.06032170844279185,0.09121853749527394,0.3795490812842955
183,0.060067189414805267,0.16871405103041312,0.07819282369784714,0.07471754596746422,0.06609409963855511,0.06241424759615762,0.10093237757423731,0.3888676650805202
184,0.0605445267115122,0.17135510222044717,0.08594485664782159,0.07466536047459428,0.06776169257199476,0.06260031403046634,0.08376789594069581,0.3933602514024678
185,0.06060378107636361,0.16916130410368901,0.09524074504204931,0.06900692729621824,0.07145258092489377,0.06327002425985313,0.07734669775468728,0.39391793954224563
186,0.0598852306161584,0.1793589242107761,0.0978515458938153,0.06723807778351171,0.07296453926503464,0.06287259504119364,0.07267397550801934,0.38715511168149086
187,0.05986528153996748,0.1832173126628937,0.09943786793245418,0.0666463918031922,0.07169848690718095,0.06290491909630733,0.06926238438772213,0.3869673556702821
188,0.05890694695414515,0.37794773603901316,0.06843731211781602,0.07060630225598148,0.07478180682991954,0.06145577313947789,0.08509087982960778,0.2027732428340389
189,0.05825991145721326,0.37185799018553656,0.06381409269023994,0.08079171665819133,0.0713611083290643,0.059837296235448964,0.09687703480432083,0.1972008496399848
190,0.05826244339171242,0.18983850375077002,0.06291450294046394,0.08607756897218584,0.07141683411804714,0.05942155450304895,0.10018677216647837,0.3718818201572933
191,0.05958495788546901,0.17654430375880806,0.06503825462617677,0.09252787179528515,0.07579143137229159,0.06176985882388788,0.0844143063454321,0.38432901539264946
192,0.05972067958258854,0.17717689799646824,0.0645289838887839,0.09243780827568923,0.08068574559794338,0.06092125690649523,0.07892223168060981,0.38560639607142166
193,0.05828947563279583,0.37201026003229654,0.06441615498958264,0.08152515854185759,0.09892409985244614,0.058276090128431504,0.090881482367328,0.17567727845526182
194,0.06423010442425536,0.39005758357428494,0.07290367177977584,0.06019361825476779,0.12086567207820906,0.06462168151612195,0.1053784708231542,0.12174919754943081
195,0.06347090254942188,0.37935294612922776,0.07460682540612051,0.05905625052623045,0.09027480746605761,0.06385051054883793,0.14277220183189465,0.1266155555422093
196,0.060959598589709126,0.37410940337425475,0.08512381989147165,0.05849912410851457,0.10825654960941707,0.06823758737031323,0.18319810992899235,0.06161580712732721
197,0.06427160228199423,0.37164371810754926,0.09147964236158915,0.05823714504892711,0.08209496423226528,0.07064168047323824,0.20261326113546488,0.059017986358971805
198,0.07802319793403255,0.1679924428063725,0.05988512447946448,0.062971540205841,0.10110164358858681,0.07995300723316372,0.38715411274790107,0.06291893100463777
199,0.08623640127478623,0.1596803952099325,0.060464317112573565,0.06488634354511565,0.10558603937532506,0.06732867584947613,0.39260533758191873,0.06321249005087215
200,0.07692134485457908,0.16716664166526568,0.061099992863337546,0.06139238171740418,0.10257510307408439,0.07340883978961324,0.3964292576482676,0.06100643838744828
201,0.07641178104413356,0.16174317968393023,0.06263981110381615,0.06357529655264386,0.10449126573039048,0.07402438624011722,0.3962614957242653,0.06085278392070319
202,0.07562234080801976,0.14650666143677787,0.06552650082844054,0.06789049701421808,0.08188823544454248,0.08042577369677162,0.41888360747681785,0.06325638329441191
203,0.07354797354188265,0.10004828607746412,0.07517037295941119,0.06383013094901335,0.08757368226782435,0.10893206434629123,0.4242835854024787,0.06661390445563442
204,0.07855825372434078,0.08310199716596534,0.07723257841518222,0.06282999638854851,0.11439318036788029,0.10519074611939082,0.41487055424516245,0.06382269357352953
205,0.08304216689743636,0.09630562310083127,0.08519689854999099,0.06195881957755727,0.13938853396070933,0.06511146445749093,0.406671243082892,0.06232525037309188
206,0.08575149012859347,0.08260648032878003,0.0919744841794844,0.06210906965311041,0.1414209531897655,0.06537489715608191,0.40808536144103913,0.06267726392314518
207,0.08415107576215902,0.08281050334110078,0.09130401646939128,0.06250122405295287,0.13659480580120106,0.06705831246707343,0.41177622638073286,0.06380383572538867
208,0.10059768148014443,0.07836071269740859,0.10181899108528313,0.06337058641247423,0.10508667589799145,0.06325958554551998,0.4189137463177483,0.06859202056342995
209,0.10972994360855154,0.07033499616698444,0.11467187807419688,0.06452406738955115,0.10480264821954151,0.06269267247102558,0.41084184774781635,0.062401946322332404
210,0.11434438755174764,0.06826501278060788,0.12257726320994024,0.06528071192403576,0.10029110178572805,0.06353113523691739,0.40403198871209667,0.0616783987989263
211,0.0932609226826939,0.06302072914863867,0.33587860258989893,0.05822667847622705,0.08841539485972018,0.05671423354394726,0.25004633717369723,0.05443710152517676
212,0.08525760574926751,0.0648200451960365,0.3410611144817975,0.05817830751910156,0.09382637018659185,0.057739937544897514,0.24412887590861668,0.05498774341369099
213,0.10077264049902368,0.06568062799636026,0.35489503964787,0.06164201381172133,0.10565944807927909,0.06082939936675016,0.19406323263640937,0.05645759796258618
214,0.10714611596816959,0.06529801667696114,0.3470428640528599,0.06320322723039984,0.09107662547748195,0.05984553891004621,0.21076430737846497,0.055623304305616364
215,0.12814528302614786,0.061157445518990196,0.3284001170963545,0.07136937142174891,0.0650107632945789,0.05746706499448983,0.23480744220620198,0.05364251244148768
216,0.267854237188821,0.1873159281387265,0.19617153659220038,0.13298923981933283,0.02420920132126514,0.023567794816687592,0.14914206212296657,0.01875
217,0.10928052440780271,0.060739255218859124,0.37960223990298314,0.14961509924496805,0.08253904868852364,0.08929289671132752,0.06984819783584376,0.059082737989691964
218,0.11558874745930349,0.05984070174322038,0.3815039000505054,0.1538708896663228,0.08104905340971816,0.08246317650138303,0.06639874178918062,0.0592847893803662
219,0.12229589916572071,0.058198003389612125,0.37127532601987884,0.17445854724576346,0.07538407999198911,0.08038052273209542,0.05851300756839348,0.05949461388654684
220,0.15276438970458092,0.0602412628392469,0.38191610133407916,0.12323627548956707,0.0766340207523395,0.08467550117384468,0.0593285857667459,0.061203862939595774
221,0.12450045922891385,0.05872881712818886,0.18205069362783172,0.35682086853640066,0.07562875503425587,0.08886176094804042,0.056746428214376116,0.056662217281992576
222,0.1307171841093712,0.0597623826028688,0.1404130479809856,0.38272356094961757,0.06327867878776794,0.10321437116852544,0.05941437835089687,0.06047639604996654
223,0.19256784498317142,0.05800609769351701,0.10011101872473853,0.3694691547625129,0.0607440770307409,0.10082556834421094,0.05919600977789913,0.059080228683209154
224,0.20899603444986634,0.05709340131486508,0.1137663701614141,0.3603111720046573,0.06242772771313135,0.08111263257009026,0.05925959976048076,0.057033062025494845
225,0.07438528380028464,0.06031650784590773,0.1804021348250839,0.39121419149089626,0.06493638430786894,0.10599679422116286,0.062326886620760386,0.06042181688803534
226,0.07147382257847312,0.06397348212805906,0.17680422709240837,0.38746414765193105,0.06627276931565791,0.11228404303183062,0.06180944251362224,0.05991806568801767
227,0.06774053472509141,0.06296546877629795,0.17699688036989628,0.38985303239411245,0.06514099736110339,0.11578066387967333,0.061350537801950815,0.06017188469187445
228,0.059475391303963135,0.06771140900720886,0.1817759831794656,0.38329780050788836,0.062300156100368105,0.11537876089292172,0.06466977558005237,0.06539072342813185
229,0.05923107386839396,0.0742017301146664,0.17697131190360008,0.3809983422907666,0.06506882043228748,0.11595771989355848,0.060788046805084144,0.06678295469164285
230,0.05848796310422454,0.07755613947254408,0.19217915977721758,0.3740043586279958,0.06885166844377982,0.10471995145306602,0.060642115022077114,0.06355864409909502
231,0.05823730365294298,0.08115422984139373,0.18506144563771143,0.37164521085122804,0.06623636636063675,0.11313551088481925,0.060653502003640954,0.06387643076762685
232,0.0586927464015798,0.08483920702174845,0.20215793710103164,0.37593173083839804,0.06841703689039495,0.08331819294142515,0.05953457834142978,0.06710857046399223
233,0.05968339854891421,0.07012865859931143,0.2010341775250911,0.38525551575448663,0.07566183027310727,0.06427292824770588,0.0604447833834039,0.0835187076679796
234,0.05959856849668273,0.06136725760394276,0.21687543588307448,0.3838547600761704,0.08114788556206487,0.06694729322777677,0.05994233778730108,0.07026646136298692
235,0.06352452396350677,0.059642505942755566,0.19735299554876268,0.38487064416711125,0.07412620667681791,0.07818022471302255,0.06301642116847042,0.07928647781955274
236,0.06139588260575452,0.05917304303446866,0.19596766804190074,0.38045216973617546,0.07710804507578578,0.07558580367728994,0.06444658387595997,0.08587080395266491
237,0.060711431367952436,0.06383440335406217,0.09249249849490251,0.3949311187571993,0.08606214822315944,0.09753910989627945,0.07059325412437192,0.13383603578207287
238,0.0594102825125854,0.06116984563229885,0.0730416033757847,0.38268501188315673,0.11496270510379124,0.07067552574551686,0.07846823967677495,0.15958678607009125
239,0.061599420817610856,0.06430262170982692,0.1054261053007243,0.4032886665186903,0.0769167566776841,0.06967816170610931,0.08577215827382342,0.1330161089955309
240,0.061025546650160405,0.06868980160696075,0.0762734838128789,0.3933695863790318,0.08606169159791321,0.06054551855277212,0.1012957646234842,0.1527386067767986
241,0.06276993483421513,0.07214776942895337,0.07732427946307047,0.39929892125200156,0.07277234328578078,0.06117551038302516,0.09948803577455974,0.15502320557839389
242,0.06707896733415765,0.08769469283761623,0.0869677811811014,0.4215694374628054,0.06474241865351613,0.06354175273042306,0.10007989928267004,0.10832505051771008
243,0.06494633582913004,0.12560041623418483,0.0639664784509416,0.4076940166547502,0.062067489269567205,0.07647228914935579,0.09189637783740034,0.10735659657466999
244,0.062840947432362,0.11216782969706635,0.06206332295493445,0.40603439313714135,0.06254794482768601,0.07364430711640399,0.0981860093205692,0.12251524551383673
245,0.06281772224518903,0.12084956375690843,0.060185165555799225,0.3899780287604633,0.06276176477305707,0.08841488228853997,0.07055562710657556,0.1444372455134674
246,0.06290245163708712,0.11700298191029095,0.060601880842407835,0.39390005498736785,0.06478935443604136,0.07806057990871344,0.07267892666418735,0.15006376961390402
247,0.062435770911543974,0.11477008892988838,0.06671141229283825,0.39455669215117695,0.06346159425157762,0.09159911527736497,0.06067164854106256,0.1457936776445473
248,0.06365735891350148,0.14034369435486468,0.07135322926453191,0.3995640122014722,0.06200959518533191,0.11663439899540799,0.06120367629640642,0.08523403478848342
249,0.0628515287204561,0.11017141171011198,0.0773862984182993,0.4063840780661223,0.061953462772307795,0.1471645447092717,0.06203716958993559,0.07205150601349522
250,0.06382506461560576,0.11310579803431733,0.06962844494994637,0.4242359022645247,0.06517603161312453,0.12231445000398937,0.06412451361363225,0.0775897949048597
251,0.063162480828642,0.11350239965383267,0.07349473707149254,0.40223806266540346,0.07782448968454204,0.14572422738855445,0.061487794158199126,0.06256580854933366
252,0.0654041514194627,0.13379985823362528,0.07708267856780926,0.4073898634368167,0.07179529606022576,0.11747962973413571,0.06203517299016177,0.06501334955776272
253,0.06527203632695232,0.11358436992623808,0.07403648270263945,0.4032504527930114,0.08443841636291108,0.1335450935690777,0.061595360609257466,0.06427778770991242
254,0.06763379426220188,0.11761381039185491,0.06137146323858091,0.3921533422001272,0.09385842791083383,0.13636255977262066,0.060416292608763515,0.07059030961501703
255,0.06696406456718015,0.09676990390050057,0.061083430973865885,0.39076384432289885,0.0985232754648502,0.15400219696233977,0.060268658459308004,0.0716246253490566
256,0.06814119830115803,0.13669470778685214,0.06360155310941502,0.39353849552383957,0.09693858891208067,0.11252184614503158,0.060563465149407955,0.06800014507221504
257,0.06847245293454535,0.13831617161229637,0.0629564169560164,0.39443248078045173,0.10097455497683266,0.10305689473524293,0.06065845108292299,0.07113257692169159
258,0.07141540919322358,0.14435464354772432,0.06183770577017045,0.39423810606231885,0.11449340968576577,0.0888134303105751,0.060637798769121384,0.06420949666110055
259,0.07026327487654006,0.3636012717854675,0.0590197491167701,0.11342815986269925,0.1870450577326127,0.08987071572883824,0.05738263512720592,0.05938913576986621
260,0.072155863824092,0.15553768152192096,0.05936741370866452,0.12223017693312921,0.37491840985561686,0.09536354586443403,0.058585081047159294,0.06184182724498318
261,0.06778210061545925,0.08362766198071982,0.05833084010755757,0.11389935282721496,0.1822869860900107,0.3699930138221485,0.066018286838286,0.05806175771860327
262,0.06910810676259885,0.07605045023959112,0.05993034857174713,0.14276382291685857,0.3875797512635024,0.12707621986850198,0.07501020401507905,0.06248109636212093
263,0.06951422846644562,0.08530017273191458,0.05864933728491712,0.1440896123360926,0.3755231744462788,0.1278898496532965,0.07641352986636028,0.06262009521469455
264,0.07060504571159665,0.0812220312603784,0.058691086383451455,0.1623751704032065,0.3759161071383666,0.10689023376116459,0.08142634617506059,0.06287397916677517
265,0.07546887525131804,0.09041167788799523,0.06118643937583205,0.07915310707499566,0.3994017823607722,0.12942233643140671,0.0999046920947896,0.0650510895228906
266,0.08034423196857345,0.12099167305007891,0.06046962729699957,0.07219015192689787,0.39265531573646645,0.0937922691328025,0.11422690327420718,0.06532982761397398
267,0.06988650655939369,0.12123745080419582,0.061717944069648444,0.07693432141279838,0.4044041794790441,0.10793774924234932,0.09129964675982936,0.0665822016727409
268,0.07789670535370297,0.16958446247143374,0.06426047208394159,0.0736411511227576,0.3736596208425878,0.11483363360638611,0.05845133471452496,0.0676726198046653
269,0.09070661980311909,0.09744216642968244,0.0615235915307916,0.07259441263166692,0.38118665564776927,0.1687681977788685,0.05925108216257549,0.06852727401552668
270,0.09554607356822385,0.13851465525298756,0.06297193958108235,0.08102891552693611,0.38056475731022243,0.11929150055058532,0.059185005464211134,0.06289715274575122
271,0.07211091476514518,0.1688757211711939,0.0606462049198538,0.09738422287135111,0.3740082053125834,0.10991003748617462,0.05848837181446199,0.05857632165923601
272,0.06079055399312723,0.19167201602879516,0.06329630090431192,0.10616429245056302,0.3670577432593509,0.09135272654200641,0.057749885221306044,0.0619164816005394
273,0.06525174825068404,0.18280189191237856,0.06425397931310377,0.07601207418052619,0.38262587246867674,0.10739419596991932,0.0594039989497969,0.06225623895491445
274,0.06132683965249745,0.13316405221184505,0.0738076992978638,0.08403150896924166,0.39422445063821243,0.12097489348032511,0.06063634788031007,0.07183420786970444
275,0.06218684704232602,0.1408930443449731,0.0757907711171483,0.07546337895036377,0.3908955389145946,0.12550547499534312,0.06028265100967568,0.06898229362557542
276,0.06234785905483787,0.18639162125434866,0.08577321966754191,0.07554904291279245,0.3780416015704373,0.09154728712767948,0.05891692016685897,0.061432448245503306
277,0.06108101594878026,0.18553891791189053,0.0704975225588096,0.0804164814841821,0.3868541623565711,0.08886327254391434,0.05985325475038568,0.06689537244546634
278,0.06286921273513779,0.18234432254204347,0.07258783079300815,0.08279322993817541,0.384544473148998,0.09020452712020317,0.059607850272081035,0.06504855345035301
279,0.06318650060015102,0.18116989368993103,0.07358718531533322,0.08136470319031405,0.3837795960954217,0.09288704273825779,0.059526582085138564,0.06449849628545265
280,0.06139055444387774,0.18185879241253813,0.06554628679920742,0.08605851901089463,0.38342654550631877,0.09424599848084032,0.05948907046004636,0.06798423288627661
281,0.060180351099085726,0.1810776068332,0.06019959594146105,0.08957274560605598,0.3796902558767258,0.10238054535368142,0.05909208968690211,0.0678068096028879
282,0.060833897715968886,0.1921949006155127,0.05991590701704839,0.09401452956231961,0.3738371671291891,0.09157808919981268,0.05847019900747634,0.06915530975267238
283,0.05818684079368856,0.1905920487855832,0.05815931034144737,0.07105143162548322,0.3709111561547988,0.10572249508562173,0.062198602411277615,0.08317811480209947
284,0.059398845737020194,0.3794109181123806,0.059062410049440434,0.06333765536860021,0.12986945643337997,0.15869493326268033,0.061955192076901776,0.08827058895959647
285,0.058572601457834286,0.3748009548972638,0.059235223854370515,0.06051254571253673,0.09151098697855885,0.20281031497302368,0.061307381382837846,0.09124999074357432
286,0.05817878046908547,0.3710944044149221,0.0634983678870473,0.06145999345469507,0.0915720389869569,0.19718649270624264,0.06309513241815998,0.09391478966289057
287,0.05813792275038179,0.1957570502319612,0.061726623521472304,0.06746223427741097,0.08294498862967956,0.37070986118006394,0.05935274327811988,0.10390857613091045
288,0.05738232382892578,0.19827690784049673,0.06258970539273488,0.06754351983527951,0.08319016858597902,0.3635983419193014,0.05792329603349685,0.10949573656378579
289,0.058944896554806996,0.19885704762793321,0.06611725633830264,0.06707873058081786,0.09093156000553494,0.37830490875112466,0.05936052043535746,0.08040507970612228
290,0.058847322594372434,0.20180073785653735,0.0722180315188102,0.0725949271362361,0.09553099873685843,0.37738656559409345,0.06061820152742603,0.061003215035666025
291,0.06061578563152491,0.38836094117402736,0.0600133499997404,0.06874289446097426,0.07646124370666992,0.2090251741775224,0.0657389363519528,0.071041674497588
292,0.05995789737617689,0.3878390343767633,0.06087158014855981,0.06843133667567525,0.07780103658683368,0.20565404576730723,0.0652734661354105,0.07417160293327324
293,0.06006017630407164,0.388801659332439,0.0631884019832878,0.06672238157640786,0.08382601939104845,0.19817029029137623,0.06599739394388725,0.0732336771774818
294,0.0597472034584585,0.3858560325501976,0.06495633112596853,0.06435347617349414,0.07977972580382164,0.2005165407780389,0.07011957123684538,0.07467111887317537
295,0.06296729524891499,0.4161627788133174,0.06589195537942102,0.07372382542896169,0.1368297398896865,0.0863954776880251,0.08440829939789765,0.07362062815377556
296,0.0634145806219176,0.42037252350040094,0.066710892123149,0.0696451905598954,0.1334038940153318,0.08676051255371028,0.07550875404333035,0.0841836525822646
297,0.06312411924393879,0.4176387693547181,0.06603857544565413,0.07173908206827279,0.13228857417613313,0.0877415250760412,0.07636574813304182,0.08506360650219999
298,0.0640699218710482,0.42654044113927714,0.06736347791767433,0.07312992251506381,0.12549080528668316,0.07871858030078466,0.07858757363811825,0.08609927733135049
299,0.06307784147724697,0.41720321390350085,0.07323782574784483,0.06495243037725366,0.10481747331590952,0.06847554712924536,0.08147217867310019,0.12676348937589857
