oos_period,model_1,model_2,model_3,model_4,model_5,model_6,model_7,model_8
150,0.02189631293620923,0.3093561540071425,0.13524070889198297,0.11407729191063463,0.05012212175699075,0.08813196469030132,0.11963721355640325,0.1615382322493354
151,0.04794183682880387,0.27620653235507275,0.10759657958058051,0.0996190978350986,0.06578304987812857,0.1820965914134133,0.09612662288842878,0.12462968921947358
152,0.04397429456117068,0.2614675446564531,0.10605500347240786,0.10280138516874586,0.05915987399311679,0.19077372471685095,0.09796441909233883,0.13780375433791592
153,0.024517109406217538,0.28739077562305954,0.11600609496943484,0.10974292789530384,0.13391083804683646,0.07622745162745431,0.12136494190810013,0.1308398605225932
154,0.02744578585827457,0.2697116737946454,0.09808308975730345,0.1022999561948329,0.1257140115854463,0.09211842686385066,0.17827134073689507,0.10635571520775168
155,0.030484511445252223,0.2482788693966531,0.10798259493796954,0.1324443134386883,0.0800065541175781,0.13806854047902103,0.12814875048344285,0.1345858657003949
156,0.03282455137578176,0.24465066776818897,0.10754866465887682,0.1303376368986022,0.0912559334247915,0.13919437881417482,0.12080016204815042,0.13338800501043355
157,0.05549528248192557,0.2294750075000719,0.1389826342702283,0.133717693741853,0.0846832224692628,0.13883500812533933,0.08857570594072464,0.1302354454695943
158,0.09665876079513885,0.20456880433203906,0.13013553301470063,0.12598218247452925,0.07856622593307835,0.1650167391385875,0.07148669930232544,0.12758505500860093
159,0.12085833291684037,0.14870472487786757,0.108680796398492,0.1312332615440882,0.1062794835968947,0.18837854418071337,0.07699370369244941,0.1188711527916543
160,0.13488564400299258,0.15243641220407866,0.1017805308180297,0.13132139815030822,0.09380655865081021,0.21567403691953213,0.053298753474730856,0.11679666577851755
161,0.13152663718199492,0.14282987078043016,0.1142993798265588,0.13231102521511992,0.11355792145755626,0.20660376214786427,0.050707006779927184,0.1081643966095486
162,0.13038238571499614,0.13395675345216737,0.11259345900119103,0.13464905517647635,0.11592727541658328,0.22467686651136531,0.04990484529321536,0.09790935943300529
163,0.13445411632197887,0.14181208750018473,0.12046527922628932,0.18031474380354695,0.11992815241710164,0.1392161049653219,0.06209364312531278,0.10171587263926372
164,0.1470046151955246,0.14020382507995982,0.10662844580972537,0.19199254355588827,0.15424940165659287,0.13696316285611498,0.0775785205232104,0.04537948532198348
165,0.16137166900370428,0.18196294480348899,0.14287329919388253,0.15798775862469752,0.11908232749644217,0.11521399539898253,0.05681363166491108,0.06469437381289089
166,0.13664997274300733,0.13962999884386088,0.1099211493366102,0.16567147970428286,0.0576909351392697,0.31313842181217544,0.04530430742638067,0.031993734993413
167,0.11771762154287937,0.17685042439860732,0.14509091658407625,0.14124178332642273,0.11446602694723414,0.26277299707281915,0.040261717531307396,0.0015985125956537547
168,0.14360859307079135,0.23734483659656117,0.173860684269781,0.15616341153823188,0.18534878395313223,0.04341314205626993,0.06026054851423256,3.745473813636364e-21
169,0.09524428438493084,0.18719848047738338,0.21855678267798845,0.14664680747837527,0.15051432575413443,0.12847071860332163,0.07336860062286592,0.0
170,0.09206843729949854,0.2784009011776122,0.16086041862797526,0.1563794242565867,0.09866305788966441,0.1450457773915939,0.05023917799959444,0.01834280535647445
171,0.09795678480132211,0.28494201939078684,0.16676464534171886,0.11132667174446316,0.11836774748349461,0.09965597089854467,0.0779833172979577,0.04300284304071193
172,0.1128281145194226,0.24411090563226523,0.17408844283237038,0.13779522312199918,0.14650408943276458,0.09809964918977387,0.07297015436647794,0.013603420903926173
173,0.10949296964364093,0.22419458422119895,0.1726961940110172,0.13703400300077104,0.14739615438351425,0.11284940724180302,0.06962459819323512,0.026712089303819256
174,0.12471317666599774,0.22561779336208576,0.18429310093797555,0.15854704980073484,0.12482333479965836,0.10994649171603584,0.06472365910222533,0.007335393614286538
175,0.11112836645454921,0.22971081107837366,0.1838422006208343,0.1612429369218447,0.11706892337522867,0.1192589265153721,0.06350579498460121,0.014242040048196092
176,0.08904086319929373,0.2215115476996043,0.18789416596717057,0.15431575886251042,0.15294077198394596,0.12498468841896003,0.06639355039299738,0.0029186534745175323
177,0.08392776252604542,0.1929735879241649,0.21520588955070422,0.1361420338958406,0.15818784290407759,0.12176336342038271,0.09065975021153061,0.0011397695662539566
178,0.09912852798612953,0.16896163743955747,0.2131178904419869,0.14174976599351408,0.13710388621689412,0.11426013004723232,0.07916757962668676,0.04651058224699871
179,0.11440738658871241,0.19578101671449824,0.22597224053399625,0.1448249899576611,0.09286761110002617,0.10729338091770023,0.054986634394870317,0.06386673979153523
180,0.1138187831157076,0.20581340351989272,0.22884559862274728,0.10480606082361814,0.08243585100719307,0.15955895577856852,0.04390332447847291,0.06081802265279966
181,0.0876198319780226,0.1865053881110299,0.22255966113060632,0.09047269231210671,0.09207881774539138,0.18009014053961733,0.08344631955209195,0.05722714863013372
182,0.09502755781403849,0.20186401424255773,0.1970084906287739,0.10419364543072479,0.09712253808683594,0.18149547465402588,0.030949222378540333,0.0923390567635029
183,0.0998127070287675,0.19636948804358087,0.1944346168320252,0.10215512235242627,0.0984899301317602,0.1819307645103057,0.02941600567912442,0.09739136542100982
184,0.10529369149416,0.1792254993439232,0.18443453436066393,0.11077390939656918,0.1017593236514902,0.17528940010029867,0.05282468615244908,0.09039895549944564
185,0.10390640721708193,0.18055632683612038,0.18738966725893152,0.10890833755522082,0.10129515742286094,0.17584429704684468,0.0512217700005901,0.0908780366613496
186,0.10460561626698249,0.1843740381694905,0.19095014739713673,0.10720792994997252,0.10016420089306662,0.17972891880012254,0.05636258765240601,0.07660656086982254
187,0.10465966196921118,0.1874531042430414,0.19083569687949284,0.11018034927160723,0.09689089405538549,0.17789522856641948,0.0543776308382622,0.07770743417558007
188,0.10357543722395975,0.1825296946343686,0.16631134763886812,0.12292785608888906,0.10762619583989697,0.16587259245329353,0.07879734199594743,0.07235953412377646
189,0.10807751229542348,0.1791850297608292,0.1631006611245684,0.11075880631780421,0.11527541325009724,0.17265330293212547,0.07803997610271783,0.07290929821543411
190,0.10330666654102326,0.1818187363944668,0.1583559383774631,0.12199218223348428,0.11045816324016579,0.15378678039102844,0.0749448517919086,0.09533668102945966
191,0.10134105545456684,0.1619761749881976,0.16283599439311758,0.12032799188617876,0.1178842994224315,0.16005522562669658,0.07770314680193711,0.09787611142587405
192,0.10267912839737982,0.18849414350127447,0.14627069236204068,0.11455900386771346,0.11404406690379934,0.14584045395644732,0.09270140683443111,0.09541110417591372
193,0.10303487803577649,0.18691777041366792,0.14763887930688266,0.10725809509154044,0.11714256015504478,0.14964699662245634,0.10146290068811824,0.08689791968551308
194,0.1026564187290508,0.17815296260358046,0.1554511610319581,0.10731942032751181,0.10607723779526229,0.15365167457037157,0.11139564925900598,0.08529547568225891
195,0.1189971801593793,0.2094602900252165,0.1585759294485064,0.08895211358727408,0.08396856251372656,0.16026908022888026,0.11040795462264583,0.06936888941337113
196,0.1160715395128358,0.2089863405056815,0.16176428397134174,0.08459490292336828,0.08721768749284234,0.15625472460663326,0.1052999407256613,0.07981058026063569
197,0.11710769746910368,0.2226739839038256,0.1695095183710523,0.10223160304460024,0.06656713794554313,0.1594834891692546,0.10562934731356896,0.05679722278205141
198,0.12684377143609946,0.192697624315242,0.13914780756730838,0.09736238628915485,0.08379217923253249,0.17064118488837954,0.12128342115504587,0.06823162511523741
199,0.13564260708825462,0.16572209225666001,0.12304112807131284,0.08639325765718005,0.07002601049429134,0.17321747727170236,0.1901027775788578,0.05585464958074088
200,0.11516103199553139,0.16496667671695164,0.15195179383493274,0.06879084029401177,0.06895835828296704,0.17664361102386777,0.17105597200522232,0.08247171584551541
201,0.10420832065627342,0.1703881471514549,0.16306942943518454,0.048502739628924305,0.04844647147255539,0.16333300273790038,0.22887355760162179,0.07317833131508521
202,0.10436377894974154,0.1679644711115855,0.16062422343270483,0.05114431670066008,0.04988285898536167,0.16527976635304958,0.2300051203232716,0.07073546414262515
203,0.10240341545274836,0.18131040316871538,0.15109890955240166,0.06305342745288116,0.05628802667013933,0.15987237977150615,0.1812939234088088,0.10467951452179909
204,0.14108784583492323,0.23767302421117453,0.16872523958776728,0.04791972078680656,1.3442148175116286e-18,0.18503230978969415,0.1585768265527277,0.0609850332359065
205,0.13123271925831018,0.2472997591939324,0.17093212001107594,0.06947285351044333,0.002351041618231919,0.15904610074851763,0.14754675144105828,0.07211865421743044
206,0.13512622058682366,0.23792449359574572,0.17723723877417483,0.061357495641642765,4.394909856163347e-19,0.15419716904055217,0.16016409137549273,0.07399329098456806
207,0.11826354870608206,0.23074426562026804,0.14358818558297015,0.06002431823192927,0.01892211564483287,0.1481735059453815,0.18863912092495158,0.09164493934258454
208,0.11925178590231342,0.21329008707280425,0.155763429310177,0.06145802661279534,0.016395411151219886,0.14014868811639952,0.1853273645948072,0.10836520723848327
209,0.11603437016482236,0.20822813800445758,0.15596171087886623,0.06532489036570449,0.01159121893911835,0.12335103842368302,0.18301154714096135,0.1364970860813864
210,0.11274592376231742,0.21145156715010682,0.169485405714774,0.060218758509375914,4.511360342798447e-18,0.12112005811239045,0.18239638733903096,0.1425818994110044
211,0.10824477005891803,0.23786721135618347,0.1618203617628854,0.061417511232177896,0.0,0.1140126060695374,0.17941570245589236,0.13722183706340538
212,0.09617883238738416,0.23116518390207813,0.17224527517152688,0.057627810498930336,8.740374164030774e-18,0.10772840438311934,0.1959827084910339,0.13907178516492724
213,0.10733487698664854,0.2425054984027931,0.1767178969321788,0.06092850670264216,2.224591746129306e-17,0.11710034402987635,0.17879559434491268,0.11661728259994829
214,0.10820770399703006,0.23987584903628703,0.17274103805358534,0.059538745019633084,4.532435581317296e-17,0.12187990230406255,0.18357749450253794,0.11417926708586391
215,0.10051130069892832,0.22548577835632788,0.1775780503027485,0.07403142738992821,3.8228502733679655e-17,0.09357826025408122,0.20594109473995326,0.1228740882570324
216,0.12666859483335535,0.182233879448103,0.17634583301441775,0.06036140020394911,0.0,0.10623226386458966,0.22638936421406974,0.12176866442051541
217,0.1268048400001735,0.19238216864744653,0.11582573427449142,0.0784418609966462,2.3761508356622322e-17,0.161702677017643,0.18513024505266978,0.13971247400992953
218,0.1322867826941781,0.1703167322220642,0.14073942182312224,0.08840955281463721,3.010628271521482e-17,0.16871776134068725,0.1641231167291157,0.13540663237519518
219,0.12917289486998207,0.1704034746540398,0.15809843339451446,0.16739367534404234,4.255316179478018e-17,0.13354854927398713,0.09870340196992906,0.142679570492505
220,0.13746254400387323,0.16816906010622013,0.1648529753088059,0.11736625632490723,1.6916235831513247e-18,0.13864095249256317,0.11635003526221309,0.15715817650041736
221,0.13670592740853627,0.1644911133798781,0.17104282283800026,0.16175275123188798,0.0,0.13577108959601575,0.08015788839813723,0.15007840714654433
222,0.11168377697996229,0.16635974013256372,0.14389686093752607,0.12889884814837338,4.8327732541269495e-18,0.16640837114238555,0.11292820137125632,0.16982420128693262
223,0.16012531073818176,0.16539416736463972,0.14409517880449338,0.18875306935995026,0.0,0.12052058264113893,0.08246940251517475,0.13864228857542113
224,0.16473127339379828,0.16888590640305895,0.15779726494166008,0.17926805492750553,5.0082622951373336e-17,0.09333872327663087,0.09537309415809588,0.14060568289825037
225,0.13518272612870408,0.15677443107544048,0.15347985851433568,0.10793081110943199,0.03925159235463251,0.11655011464249769,0.1337008317334857,0.1571296344404718
226,0.12027919566164531,0.15610507134911772,0.18740133021226774,0.20122540777083422,1.5185437410883556e-17,0.10013927861778114,0.09435719289148382,0.1404925234958699
227,0.13300532956747907,0.15820740593061733,0.14454819554126497,0.23768702854536286,2.3408099604484002e-17,0.12013334039059247,0.06650152178963471,0.13991717823404862
228,0.12181312480358453,0.15721544126843456,0.17290377233307097,0.20684153279217937,0.0,0.12343396450278285,0.09046151245812394,0.1273306518408238
229,0.1080778489776033,0.16347936590951653,0.14833435347182855,0.2220115241708615,3.43594150493035e-17,0.12799681073068847,0.09504721451363968,0.1350528822248618
230,0.12736910839182908,0.1791096198666746,0.14800744189378606,0.11990914967968759,1.3333296944197436e-19,0.13346184648979642,0.14207976532525377,0.1500630683519725
231,0.11097319407148729,0.15027351608474693,0.19057741716371024,0.14786688726869326,0.0,0.14976322597634947,0.12495394145918419,0.1255918179748285
232,0.0898536786245878,0.1438473565947867,0.20284833047425846,0.17674279898758444,6.63989127351982e-18,0.1611850821628556,0.11469732040403122,0.1108254327508957
233,0.10516408329584814,0.16353159624502445,0.18342959560510072,0.19826932863975183,0.009487429682498116,0.08797674611951979,0.12764566334578892,0.124495557065468
234,0.11942454639150701,0.14571729237718217,0.1841166005988787,0.12982311166479304,0.0383591424895356,0.11357798151903754,0.14125226644959116,0.12772905850847469
235,0.11454896719869925,0.1255605745338654,0.16145256141672668,0.1786843684370349,4.278025930097747e-18,0.15163115336517574,0.1389032381150055,0.12921913693249254
236,0.12846659054489298,0.14472333376321503,0.15831482538320515,0.1522036588738883,0.0037381764922320643,0.12516265660845727,0.14874690308761654,0.13864385524549258
237,0.07812953783554884,0.13589756206254328,0.13089473432523063,0.1616310489399881,4.401500831284163e-18,0.1669865217182708,0.1670413102816874,0.15941928483573092
238,0.10141764399276225,0.1342898299970188,0.10267771551915655,0.1401934588765079,5.099785501568803e-20,0.1862963795139387,0.14778941817186517,0.18733555392775064
239,0.11973402062425648,0.14807775585391023,0.13476306431762097,0.09595574782731173,0.02753466257406637,0.16570961023906958,0.15139085047420872,0.1568342880885559
240,0.1024394315359043,0.1525770594833168,0.11503904999908382,0.137492862481855,1.916157933276762e-17,0.17174333760341878,0.1517430488556155,0.16896521003980575
241,0.10528555774525439,0.1583872998180788,0.09469779592757564,0.14955569698506518,0.0,0.18323079451927757,0.13606847344962217,0.1727743815541263
242,0.10510445976527026,0.13980613200321737,0.1135628064951811,0.16266714737901797,5.3834555391232507e-17,0.20841877831239317,0.09847107868953076,0.1719695973543893
243,0.08758526271298,0.1442937999239241,0.1407469375854309,0.1529995589035277,0.0,0.2199143969863904,0.0878975935666578,0.16656245032008912
244,0.08819096511109425,0.13550889866260898,0.04860141611547519,0.27366624954889396,0.0,0.2029050723564019,0.0832778208514866,0.16784957735303896
245,0.06097845060533749,0.11724843451630834,0.04613981458563057,0.2978733802827751,0.0,0.22865211383461545,0.06192729555469424,0.18718051061963886
246,0.062041059174455467,0.11253658329599009,0.04465701597014007,0.3124754675477586,1.1463690968569033e-17,0.21340985472002172,0.06269323980796097,0.19218677948267304
247,0.042161783388284614,0.1019712074671666,0.11844526397513812,0.2143274360328695,5.730813162880051e-18,0.23245436217247592,0.09600194220679964,0.1946380047562656
248,0.036205138770388834,0.09034581490742673,0.0947547218990034,0.3108520061740891,0.0,0.27053513354385544,0.02907918927934771,0.16822799542488878
249,0.049637172980710076,0.0644945400720142,0.11817220505836254,0.3514099766517617,4.116828939580038e-17,0.25047321965849095,0.03715550901236309,0.12865737656529727
250,0.06771428001852947,0.07991537699912263,0.07775499518450298,0.3587590665387488,7.574115674781176e-18,0.22877906677342486,0.04221271835744564,0.14486449612722566
251,0.021620912889270132,0.0614199647771352,0.10352539545401294,0.26178556291737226,0.09517389694528944,0.24270917686123944,0.10279997149739421,0.11096511865728638
252,0.07909769821178089,0.11022221195926227,0.09318571449931676,0.33117904951004834,0.0005645087148147724,0.23581646225461103,0.019566487342497104,0.13036786750666893
253,0.1260101579123466,0.04293299472996733,0.10500067934120251,0.22059355867880742,0.1087717345071284,0.20729864269353226,0.0453779529989879,0.1440142791370275
254,4.979769041936176e-18,6.114625640379149e-17,0.2052938382619009,0.4156726690360187,0.08805657094276105,0.20262056896466574,0.0,0.08835635279365342
255,0.08248298120295885,0.00236514978665178,0.11637977720035458,0.1985594167320646,0.126206439485028,0.22997293104339445,0.06865246754454567,0.17538083700400214
256,0.06616683914459204,5.963111948664312e-19,0.0643567832014872,0.37674223691658687,0.10920875122038588,0.2137249734721599,0.03203019377274203,0.13777022227104618
257,0.08587494674556621,2.456924942627048e-18,0.045841363223084616,0.38690174605076444,0.12079000334829054,0.1970038024066951,0.025926760562999644,0.1376613776615994
258,0.08158059289026469,2.1653126747113653e-17,0.029299252443552644,0.4102497582156629,0.13960569585633897,0.19554187375763107,0.03518098693841599,0.10854183989713366
259,0.09392754241095563,0.05142980573314494,0.10131266311120536,0.17323954851700035,0.15700145114058542,0.22477551677133692,0.0770090795380731,0.12130439277669826
260,0.07737334801478747,0.04788273138893739,0.10497737648512674,0.17320040791713429,0.19853402205675255,0.21867852049097364,0.0888880071616117,0.09046558648367632
261,0.0,0.0,0.16428692196344696,0.3154225531645069,0.16982735192605902,0.28068820410103656,0.06977496884395044,9.436849753569055e-18
262,0.0640574762163849,0.007547796604838434,0.06931536339979778,0.20826963038347363,0.1811518858255285,0.2566794161948611,0.11897304153558286,0.09400538983853281
263,0.057652788856791086,0.0056656400823065665,0.07679701345037787,0.18605732815737688,0.1724462796789068,0.25613700393087263,0.12678362587733522,0.11846031996503298
264,0.01191707337591896,0.05228601022136281,0.02964735755029269,0.26951276940883945,0.1516114695831396,0.2869543554370014,0.1316206234067648,0.06645034101568016
265,0.0581878111069645,0.057750414557423614,0.0456034210263357,0.11860301932724945,0.21801862532200073,0.24709678993434758,0.1269024895239994,0.12783742920067898
266,0.058236491354161514,0.07035790327627854,0.047548444988022444,0.11453084129317637,0.2191114220079655,0.2424331574874799,0.1222662913921912,0.12551544819972454
267,0.04290195452780364,0.054793587316338856,0.04447681424387852,0.1358156400613012,0.21613825994305463,0.22477356176280222,0.15680274505488034,0.12429743708894059
268,0.0808823878282834,0.10819297935704078,0.0698696323182153,0.11096118010256587,0.2040661189857031,0.19199949763945384,0.1126579257267428,0.12137027804099484
269,0.06892021190260943,0.11687664847725973,0.06509333021305264,0.0915336620502644,0.2192534171457098,0.20063439135766714,0.13876050107922902,0.09892783777320772
270,0.06976834367301693,0.12154924405853977,0.06290653585794506,0.117384070339448,0.20729405676820645,0.19285579567669525,0.14928641065779877,0.07895554296734988
271,0.027912857563266395,0.1114106818623022,0.06405462751036585,0.12174204537745598,0.2612837613340273,0.20757604997978973,0.1651642296593922,0.04085574671240033
272,0.019964939912367263,0.11687074550082104,0.06948937458936418,0.11874217400782101,0.2683652827937602,0.20233900157294582,0.15815516095177257,0.046073320670147834
273,0.05269941833484432,0.12186670984719963,0.0795925633019656,0.11949438203278367,0.22352795225291128,0.18983981981385462,0.14563406979429572,0.06734508462114515
274,0.07256214302226634,0.12677230607083098,0.07705159239684108,0.10967688220438272,0.19918470192079138,0.19666100319488708,0.14738416187361372,0.07070720931538665
275,0.058832814773307714,0.12930558838596404,0.07541739549455073,0.10885971658977389,0.1897451108514853,0.20295819792108352,0.16024718067464647,0.07463399530818811
276,0.05896269301876188,0.13977935412886894,0.07512378031874319,0.10186772965355784,0.19804958211079474,0.19446247743426442,0.15413439322155287,0.07761999011245609
277,0.06142498619122751,0.1361831781405226,0.07605074829774355,0.10360096069664804,0.19616661282169304,0.19352974389530767,0.15464220636631792,0.07840156358953965
278,0.07214882126456656,0.14031204252638316,0.07000398549188878,0.09968564053827496,0.19619051800330276,0.1888329119681053,0.1659030049378226,0.06692307526865578
279,0.07128352026434201,0.13742673167217478,0.0703524302659383,0.10157111001012833,0.19809140224173868,0.18934662796778864,0.16785192994677933,0.06407624763010988
280,0.07438952510072339,0.1382834775375329,0.06618810412802378,0.10326639363507416,0.19679630421969102,0.1905588834992584,0.16662283470784045,0.06389447717085583
281,0.07476477322674421,0.1401648991713344,0.06084650601653961,0.0979644941956873,0.19412224528332417,0.19253174718357802,0.16912459845032676,0.07048073647146548
282,0.05729943895750718,0.14415775188500318,0.06596790802425469,0.10086394418968761,0.2032082732988958,0.21326127767265665,0.16526162667035138,0.04997977930064349
283,0.0,0.1725588655924801,0.02968209882926854,0.1212011763259301,0.2347663098315242,0.2363571156357141,0.16595936890109936,0.03947506488298363
284,0.038785241361871885,0.16619780843787393,0.061882590838371054,0.08847586130906601,0.1967840224125709,0.23401048741866598,0.16381315600532953,0.05005083221525059
285,0.050240696343253816,0.22158355896106796,0.06389096095509607,0.08380509820009616,0.16340205968238602,0.2173206284948516,0.13693625208852173,0.06282074527372679
286,0.022878756924993585,0.1760996653795267,0.06965537651178944,0.10292133322818854,0.17673554635742877,0.2311344967191479,0.15979188487638507,0.060782940001539894
287,0.061457847570852805,0.175847287258768,0.07181075212182034,0.11303308064866494,0.17714828838910796,0.21232673425390988,0.1301173214613069,0.05825868829456916
288,0.0636762337018656,0.1839969779580206,0.07947030573350661,0.11576990363511713,0.17832706844741616,0.19142080767019148,0.12779555258947087,0.05954315026341137
289,0.06204759465598358,0.1746547360353858,0.0765494612576206,0.11464722996857689,0.18323878628715476,0.19401000391155834,0.12970799732433708,0.06514419055838269
290,0.05601613627361977,0.1827991023898256,0.07062806999857452,0.10573287522038712,0.16493532185910495,0.23575609375062861,0.11962038920636124,0.0645120113004981
291,0.06464230787999871,0.22128765339032688,0.058283432160641066,0.10470562624452902,0.1599749207063447,0.19105564267647807,0.12308873554734007,0.0769616813933415
292,0.06093374829579344,0.19396818064696747,0.05426794919668101,0.10669779550848264,0.18739293689520245,0.20090070856058598,0.12774718042120733,0.06809150047407958
293,0.05925842184601444,0.18529690409421262,0.07381563581872765,0.09077802321275096,0.20719789116386184,0.18728776532153482,0.1268403335294738,0.06952502501242379
294,0.053584922662509894,0.18467386770999786,0.07754256825457559,0.09818376758215643,0.20290183475715043,0.1862972391685849,0.12773619055119376,0.06907960931283103
295,0.07431732315711509,0.22423047630002674,0.059913670697415836,0.10504023307383167,0.23927789228733784,0.11599485749633212,0.11445868982111441,0.0667668571658263
296,0.0845404321047138,0.2523872333385492,0.06587018897604774,0.09173599822009569,0.21023693687125408,0.11154686487686939,0.10040872623860775,0.0832736193728622
297,0.07640328914230426,0.25019600285917076,0.03184053950078742,0.07738690456576088,0.2798987657494016,0.07802324320510559,0.1345130435137872,0.07173821146268226
298,0.08045003869308617,0.24672888701180073,0.03308164146622963,0.05992390211713537,0.2958876193076613,0.0281379874247117,0.13895424195461278,0.11683568202376227
299,0.0611231347697928,0.35019348782042026,0.020881107073464175,0.03825649964266968,0.26699690163992557,0.003470971418758979,0.10618244179501532,0.15289545583895314
