oos_period,model_1,model_2,model_3,model_4,model_5,model_6,model_7,model_8
150,0.020664366476126527,0.15073058490777888,0.0563865476577158,0.012466805522079127,0.23069980166869325,0.03787196695014501,0.004631864323678646,0.48654806249378285
151,0.1262163877838379,0.30451686598224187,0.0034505727707774096,0.04978334910891928,0.08006570138082456,0.41198321829457435,0.012033754385245595,0.011950150293579152
152,0.1349075612337778,0.20009432867565458,0.032916015948982524,0.06195621358959936,0.1302841261641123,0.34939253253487984,0.04107780559750771,0.04937141625548593
153,0.11748478394811282,0.1467083843370665,0.036529128071058674,0.07733414318406605,0.2118884155755241,0.2549823104762863,0.05378532688677975,0.10128750752110602
154,0.2126252018404386,0.19903862048948043,0.055442869649933745,0.05837485477068322,0.02519386468853981,0.34220682250183654,0.10001680122893084,0.007100964830156845
155,0.09444435719391629,0.08212149468944863,0.06677318227547184,0.14333330039153794,0.14897236916131404,0.3041221944753424,0.10242735800481491,0.057805743808153946
156,0.10623629093347178,0.115179072170027,0.05367153970797463,0.1052764108282061,0.15998341023292378,0.29582545109495334,0.1053518291061646,0.058475995926278765
157,0.09169410856466034,0.1145204502030571,0.0620145915507397,0.0986071658413157,0.14400505537065472,0.36195160064666926,0.016613447145519152,0.11059358067738403
158,0.16161824087994653,0.02570753993851546,0.10713299904375469,0.12287360842867237,0.1045590558720699,0.40816974041291604,0.027369322157185582,0.042569493266939595
159,0.15405398423336958,0.0451295099339301,0.08562037916772246,0.11651406695192075,0.12217541443424058,0.3472445813865458,0.04182053299835179,0.08744153089391907
160,0.20277488340022193,0.05945886826781944,0.04668108603583606,0.1400075585284712,0.13520848513486264,0.34214291616535747,0.04487532248386784,0.02885087998356351
161,0.12128182944872164,0.05398745226429401,0.002502133643902526,0.18384069504413386,0.1670623031426533,0.40646534110686916,0.03408271447346427,0.030777530875961273
162,0.14534905809244927,0.048160535848853436,0.03518709567838789,0.15997026064249448,0.16533744861574193,0.35524007261186946,0.04157469092625396,0.04918083758394954
163,0.14380378719254464,0.058205078721139884,0.03264060581730707,0.22092806581731161,0.12447327835946834,0.28683147099108414,0.046582621967555166,0.08653509113358915
164,0.18631001231228198,0.05046418803479389,0.03638618296963388,0.18310663929052987,0.1522295095810482,0.23073131905421612,0.129657320473921,0.031114828283575147
165,0.12819862590383466,0.05081391952779964,0.061675048617354795,0.15824815532266553,0.044036489206572715,0.244171474889854,0.020449417740733115,0.29240686879118555
166,0.11907400476979493,0.049859617424581504,0.052309822518248277,0.07464396075102601,0.03655855251223222,0.656987762703763,0.007039757898053983,0.0035265214223001527
167,0.04250772623889217,0.17613664572750512,0.06698534281754065,0.13707962116327974,0.14744627544240713,0.3481606482935307,0.04085500855936891,0.04082873175747561
168,0.0955462139044113,0.33518233225850996,0.06836746106129653,0.15561040331543605,0.20514630282938148,0.008583163155682147,0.06388259138629099,0.06768153208899164
169,0.05374492183187641,0.15872858609699297,0.14169684371855418,0.29656110218643555,0.08479826899930232,0.02833485369128332,0.18410483448758178,0.052030588987973476
170,0.09219369597516784,0.18466185655695497,0.10740655652129978,0.15315331357376802,0.03609940290759683,0.18317062637682613,0.13445215868884583,0.10886238939954054
171,0.06783773455861987,0.19086072432448575,0.06266982228818258,0.08386652418255977,0.028879061404254874,0.2442693487529612,0.19460212280802217,0.12701466168091385
172,0.051238154834928475,0.20681935448080394,0.17325264598348453,0.19717510988811104,0.042314598310989306,0.04890994168127881,0.15059239605172312,0.1296977987686809
173,0.3205665502729349,0.19183276020576495,0.07508601402490431,0.12820059756857885,0.045757254519898864,0.07486098690450933,0.06887988074334202,0.0948159557600667
174,0.03911690482019254,0.16561366949660972,0.16922075189136,0.19895733398294793,0.04723425902636713,0.05206807910851538,0.16248749035294857,0.16530151132105866
175,0.09656741053538052,0.1882821779476055,0.1753191084820569,0.1829292113013638,0.051243389140543605,0.030707707524666183,0.08504130254084635,0.18990969252753717
176,0.06537899861237988,0.19481655623572622,0.19594711158064385,0.16083552840848567,0.05499889035768256,0.03277365877935896,0.09672056667093332,0.1985286893547896
177,0.016959711493591927,0.23941102276760956,0.19116215873242928,0.10151605088323853,0.060835972135175116,0.03681934326635865,0.1326912228362646,0.2206045178853323
178,0.02432892313247896,0.23999157749732664,0.1445993731102881,0.10498053513254736,0.07736916843108481,0.040358457248911954,0.12826510698347815,0.24010685846388408
179,0.032477402774806215,0.1528502485039944,0.19012725029928904,0.13482211164048744,0.059881418151996706,0.026710932482481287,0.2376885011597417,0.16544213498720323
180,0.054721273855474706,0.15940158081960706,0.1947777915877538,0.13734395172977873,0.05410685192776256,0.03960649611531287,0.09476738284169489,0.2652746711226152
181,0.003019286916132102,0.019352618166709794,0.8972625097723395,0.00392231170909306,0.007433089460334301,0.004687672202745655,0.055389260418391595,0.008933251354253876
182,0.027608851768924074,0.23548100738046043,0.07699786008745035,0.13517336718935316,0.0554877815312597,0.11550548106408365,0.08192481070630243,0.27182084027216624
183,0.044888156456665926,0.2699360443375205,0.10899726398482333,0.10684440612040264,0.0654068723385527,0.032970500199106204,0.12381378449393567,0.247142972068993
184,0.03607800533090813,0.1344832838399501,0.09447527464851424,0.06604582831971326,0.07782120311097404,0.08804242566583734,0.2323534447959688,0.2707005342881342
185,0.037605823857350666,0.19911065698040237,0.11050267230979156,0.12200178602451253,0.0707241026929306,0.0361661817269715,0.13612857595094824,0.28776020045709255
186,0.015835187162424963,0.1624249734524006,0.12241443476376535,0.041864059182627804,0.06510909524399489,0.04262275656112865,0.08789156083567569,0.4618379327979821
187,0.04112131301597227,0.18060182789584692,0.14558480011808955,0.0801461805134593,0.1147433281902219,0.07467165193328887,0.12046395478009474,0.24266694355302654
188,0.019654753078351586,0.11013719722987415,0.33502059330623457,0.010742949858254426,0.02957497549070898,0.06564585164275952,0.023111011631612288,0.40611266776220445
189,0.020344543950303395,0.3027966932008242,0.07024791096407582,0.08035125280587702,0.12510803540815565,0.05633508598278294,0.1069353219754581,0.23788115571252283
190,0.033475952979313155,0.26040458633700714,0.07580208522374628,0.10385493000535995,0.09376593859543386,0.0408711530847368,0.13232295280594875,0.2595024009684541
191,0.07221418051796843,0.21830002664953574,0.06765123845006149,0.10766692267658157,0.10672987256422978,0.049391123719498164,0.1350570904758335,0.2429895449462914
192,0.015547136432246714,0.14009900278137818,0.09649478524211753,0.13606154508786794,0.10801132806053998,0.12620468508842264,0.13965722307772124,0.23792429422970582
193,0.01551101601077249,0.10978350157715079,0.01737601594120713,0.07002268707162576,0.04079156468752167,0.00813418300223649,0.03273337587288973,0.705647655836596
194,0.09317036804064426,0.20751432326204766,0.07497227482986031,0.009083759532977392,0.2925162442235901,0.0735032183186474,0.20284928852007855,0.046390523272154364
195,0.06940825156233502,0.2314000430158281,0.10430625029211332,0.018168746746569382,0.14582698812865816,0.08320500986197114,0.20062009345982237,0.14706461693270242
196,0.07608013321857873,0.20396062290206415,0.09189818980694969,0.027289422939090015,0.050370538398694875,0.0549742099670014,0.10589065690239449,0.3895362258652268
197,0.06152777854724818,0.21258041630151875,0.12335337671572669,0.07715699578760701,0.16560349066959043,0.09728341800142962,0.2151966858045334,0.047297838172345716
198,0.06626145779898772,0.13426654794273005,0.41375631213586694,0.07066956573610542,0.02843347017838448,0.042892531567813724,0.1962343455509104,0.047485769089201345
199,0.09887952259522263,0.11277455359589744,0.02905552845714102,0.11935537939525327,0.19629327933562893,0.1637390467836782,0.21146246469414656,0.06844022514303201
200,0.14944752521400267,0.1926294346232689,0.05360881052373917,0.08164937012637873,0.15189895751709162,0.08132358586680503,0.21832978032971617,0.07111253579899761
201,0.11260023871760501,0.196153923365136,0.06498374217142144,0.08267487918970629,0.13094913691244073,0.10650840930296625,0.24860321670255214,0.0575264536381721
202,0.07783188731455148,0.15089788853069125,0.051171864929334746,0.1238642757523721,0.24530687613771646,0.0827261669270011,0.23260922436585105,0.035591816042481926
203,0.14035467571971463,0.1756812328917254,0.10771547939400969,0.010126650643680589,0.030526850784116214,0.1590820028603676,0.3116028357851967,0.0649102719211893
204,0.05356880791516204,0.07516325118633184,0.0871810793939522,0.023776192613068087,0.08406481772604743,0.1585054762858971,0.434270826216891,0.0834695486626504
205,0.11760301880675722,0.11004906745858768,0.10043983640291582,0.07192708688212893,0.3081487695964561,0.13202863391284106,0.1401170511489057,0.019686535791407576
206,0.10924732592930825,0.12387673685588765,0.1405423492519505,0.0561591867872821,0.16435054164539709,0.05931935242359059,0.3001522024184668,0.04635230468811708
207,0.122213537834987,0.09789035640520577,0.1453973513314071,0.05127676311645732,0.19638180233602573,0.07627867700651735,0.26015228239747223,0.05040922957192743
208,0.09867637165323134,0.0914599128543418,0.13207014907765746,0.0510616080451304,0.30014393690068253,0.09023819196934399,0.1928299996660489,0.043519829833563665
209,0.10959961322604908,0.057735743568913055,0.1664200020663875,0.03926425781140179,0.054582069965306484,0.027397899527531706,0.21195735458353468,0.33304305925087563
210,0.11809958604081672,0.04998105494011251,0.16553815476053116,0.05940708532363487,0.27719183705831385,0.04979427906608507,0.25394449583452416,0.0260435069759818
211,0.1528657504345917,0.06259568762890513,0.23103267963772348,0.07454966487320899,0.14422836241217607,0.05903809957978063,0.22493090527347,0.050758850160143955
212,0.1169080411058291,0.097335285730534,0.24940349795333083,0.09288668730276166,0.1379008925887623,0.06941782086684684,0.2118353248234702,0.024312449628464967
213,0.05712834477105487,0.05741506785976277,0.12743879594059937,0.06631906402925251,0.10179253766712275,0.054543037263516746,0.15970751105932932,0.3756556414093616
214,0.1375417386776232,0.09296718914363819,0.21003254714504657,0.10894516851150331,0.19936912804224663,0.08881854117942373,0.15404960859628314,0.008276078704235282
215,0.14756904802513213,0.05488752142822526,0.20975716517606244,0.11905724159292853,0.22062353444185692,0.07475660129565673,0.1646855198442165,0.008663368195921502
216,0.3611672808588746,9.305928938889371e-05,0.1512575834135961,0.23600449708507992,0.007711120074114277,0.0272310677433165,0.21111065897193307,0.0054247325636965806
217,0.02846088948208412,0.001737111196791724,0.014998703029450408,0.04602212261014082,0.02695759313009927,0.04349131471911514,0.8353451079406748,0.002987157891643669
218,0.13747674265884977,0.04688543465718969,0.2614021595833375,0.21858151596591313,0.11676506953763165,0.13498720270726516,0.058357117447228136,0.025544757442585005
219,0.12777761291264977,0.013072925127555366,0.22834059457549163,0.3118030904217496,0.1506211584457031,0.0862719051066208,0.06805040136414522,0.014062312046084472
220,0.1756065325230947,0.031214585745222352,0.36370614773201526,0.23128848359733978,0.05346168378187036,0.08699168680617965,0.02434006396241483,0.03339081585186312
221,0.18593628018168687,0.04725152102220604,0.2066091908283126,0.24375051456038488,0.08420738300324355,0.14133605646906963,0.03320359569456259,0.05770545824053387
222,0.15276522460139788,0.0433558401007052,0.12691106387306939,0.2344872818235566,0.1597686596546611,0.2098786847673724,0.042019185569856336,0.03081405960938107
223,0.2001432226527865,0.05659817326825992,0.11184474580985815,0.32281815448051543,0.03257566319670735,0.16396425252042926,0.04741946887885081,0.06463631919259269
224,0.2508056799799028,0.049584851294106114,0.1558118586106438,0.2859045479305244,0.05004054263868802,0.09174558258106816,0.06080636964840041,0.05530056731666635
225,0.5852726893050506,0.026368728011973246,0.1333644684686452,0.1152619394525962,0.042371741062047254,0.03753831185900673,0.046819002058885346,0.01300311978179555
226,0.06849713307560412,0.0643934314495944,0.19657030896567074,0.2864929442881936,0.07482410376116483,0.12960816059644628,0.07552144704254717,0.10409247082077894
227,0.09208068996539957,0.08037895146019745,0.17949633353431685,0.334501234406489,0.07325713229317649,0.13761183556907208,0.05667227111562977,0.04600155165571875
228,0.12250746368508456,0.05853485227289892,0.20687207928142984,0.25693114103891485,0.10408048368835585,0.13629680741148656,0.0729362456723284,0.041840926949501
229,0.024447989847413417,0.0566585682782419,0.20629441775551693,0.3498606652207856,0.04238510730003956,0.13806526571627661,0.07906051691193691,0.10322746896978906
230,0.03133614398101507,0.0950772467597631,0.23936823116180825,0.3517267033297053,0.05556501791555727,0.12098649635054655,0.03710583150868182,0.06883432899292267
231,0.02567478262416626,0.0921775041270101,0.17333123080502075,0.4366141936354034,0.06661184021885087,0.10771723434753191,0.045560285724041416,0.052312928517975185
232,0.034160011292607276,0.11704899477757419,0.25313459778966807,0.2023228722046115,0.060613867160900343,0.20181715581449117,0.0658504475453288,0.06505205341481875
233,0.04505702082200401,0.1533470644313493,0.24163469064189658,0.307519843085096,0.07435284983072686,0.04902487842962816,0.027287969716069668,0.10177568304322944
234,0.055718728254992946,0.07015272569154518,0.2334986583019817,0.2831402311326493,0.08739985506867583,0.06653310446980519,0.05512812384702533,0.14842857323332467
235,0.10707475631685223,0.04659416597789696,0.19263290016432771,0.27656100642736925,0.09514070802798733,0.14217554104484376,0.07987694372881424,0.05994397831190859
236,0.08903434752951378,0.07134354059501721,0.17984728556202262,0.21588391560131326,0.1125953398188493,0.1125514299611427,0.0936870177187292,0.12505712321341195
237,0.04882428996628493,0.10941263245068789,0.1175401627969428,0.22150419966656457,0.133830190360859,0.17894303681685228,0.09848418373508766,0.09146130420672086
238,0.05882160511052206,0.0920157241234199,0.08830824113310788,0.18837662136754743,0.1502023626740904,0.10759621282035084,0.13997014304241598,0.17470908972854546
239,0.0643551829064674,0.09232236320571367,0.11103616304275282,0.19534318088157457,0.11353782930702704,0.08424643866095138,0.10937930917143053,0.22977953282408264
240,0.07636206534496963,0.13968340800584242,0.11610782869072885,0.21750117742734082,0.10061761205655437,0.052194209638832846,0.15256986324696778,0.1449638355887634
241,0.08209334458289919,0.13146711903772307,0.10313078481156232,0.20841247942660138,0.11330545403198782,0.0467210920993322,0.13086231119319233,0.18400741481670171
242,0.08649622492118503,0.1616968696015529,0.09395175244820658,0.22440436727631155,0.05415352143773341,0.06833375624273416,0.11869487947223077,0.19226862860004562
243,0.05611492576893535,0.26280054611965564,0.06994616237726037,0.23152920454836529,0.02568190779504987,0.16592818352239228,0.09617483118308437,0.09182423868525691
244,0.06176376345859233,0.14313819928500407,0.06316480078624126,0.2552381855699751,0.07516486024560755,0.10084057922431675,0.14216206533888734,0.15852754609137557
245,0.03728745748495863,0.22483151586503836,0.04771378000035964,0.23668386277302228,0.05659853725823507,0.18514036336674278,0.05828680672547619,0.15345767652616707
246,0.06584379866566975,0.15978831505819,0.03285357534230916,0.28689097852792483,0.07038457298120966,0.09374196446012165,0.07651026428076525,0.21398653068380977
247,0.0241392805390688,0.13709270127005072,0.058514058502206236,0.27803175744377323,0.03496816543928752,0.13417893618016014,0.17808083112521508,0.15499426950023826
248,0.02379191656584977,0.16904694427872669,0.04076151042826066,0.32581025596616714,0.01172037416416587,0.2307994083194772,0.006712121149032348,0.19135746912832027
249,0.06551319092732434,0.05263929582547326,0.08737300184570897,0.4877833673192676,0.06657383754711611,0.18661436388771174,0.02659602010726762,0.02690692254013028
250,0.06579886183350905,0.10382966805425398,0.06243899562911578,0.4017451629664488,0.0850745529853356,0.12971002973233306,0.05731613271636032,0.09408659608264351
251,0.031407313190867245,0.11373134828763762,0.06965647808196607,0.3072432263216278,0.13819657887075598,0.24498825791223242,0.0728924177522771,0.02188437958263568
252,0.06727193143158994,0.18954870410482394,0.09347684970941855,0.34947553542701426,0.06622784719991488,0.12498513937105703,0.046578924138798446,0.062435068617383016
253,0.1066562525792178,0.12470833274147394,0.09174544912032354,0.18624190218567743,0.216431271976516,0.14734704465194867,0.037838854314518194,0.08903089243032432
254,0.052152808330360435,0.15695907421777666,0.03918774204786907,0.19014670031856232,0.18548992083838425,0.1910493248913781,0.09245873043951532,0.09255569891615377
255,0.08448975135848297,0.11804057778730999,0.0331255901597992,0.26094234636485625,0.18898708921668914,0.1919343514431392,0.024349698195685023,0.09813059547403824
256,0.08861068806464409,0.19551819279469212,0.06663314585985183,0.2634467291520127,0.1140651084357611,0.12575389430162814,0.07069739195238332,0.0752748494390268
257,0.08316680930081055,0.1834461533144129,0.06285011792206296,0.2393526301592013,0.15832041130299412,0.13079563905946576,0.04112865598127292,0.10093958295977949
258,0.11464405538363873,0.1800339618399391,0.06062122661098757,0.2729771393111513,0.18235402351055008,0.09017097192226971,0.033353770674539346,0.06584485074692431
259,0.16303700380879407,0.2332625226915811,0.04240063140112702,0.0839267244774546,0.25995310924666726,0.0819524339984553,0.04139845252251655,0.0940691218534042
260,0.11392032057299174,0.14943587502047864,0.07658239424448605,0.14287314558228328,0.19516268852511354,0.16298776531850934,0.06824517723843247,0.090792633497705
261,0.09167569822047265,0.047294399058414476,0.05216009949091542,0.1498342611123583,0.1740535234303349,0.41055235867453893,0.03330201077335116,0.04112764923961414
262,0.10080565697592131,0.08896072944363217,0.05228590711705504,0.14067566300294404,0.26213346847440105,0.15121756728714944,0.12470308303764835,0.07921792466124858
263,0.12136378846536704,0.17191264488147123,0.051596809289034325,0.13111700503474358,0.14839532203260797,0.12702486929030302,0.13689677157074412,0.1116927894357287
264,0.12145577996351105,0.1416294501446848,0.045527166720749496,0.14799080425557104,0.1594393596619384,0.1465285225503782,0.14343453930110656,0.09399437740206044
265,0.12823570357781305,0.14309905798779476,0.04660799248371452,0.13111381670521838,0.18475604098487042,0.14042528393562756,0.1433347437403742,0.08242736058458704
266,0.1272342728262093,0.1377336642382146,0.0378099930581053,0.09618933039283237,0.1987219961404166,0.11511156771434922,0.18228519225454434,0.10491398337532837
267,0.10064936830006997,0.15814704073200925,0.036048992964886103,0.12235459688312454,0.18543499715154702,0.14686592000712465,0.14498487881625272,0.1055142051449858
268,0.02457143019437394,0.25488043735500143,0.10873670671817448,0.08607945665583445,0.32047673733700094,0.12264786086815975,0.01776037231739206,0.06484699855406297
269,0.14487023562126142,0.11505020791322232,0.05904689016890703,0.10635101250682487,0.250924527252803,0.20964636114829127,0.03842515471835251,0.07568561067033755
270,0.1819263571355001,0.16895159875289997,0.1452335022493486,0.13180374487697954,0.08694358100284472,0.16693098275360205,0.0537822073379836,0.0644280258908413
271,0.1042694476841076,0.19189580501132814,0.0973201034852542,0.19302641596632683,0.16460772618414127,0.13221739282380862,0.0691164612569853,0.04754664758804798
272,0.026137536690927388,0.25393459706915356,0.0915483641580447,0.16822357969578766,0.21125669298773586,0.12458116800720652,0.041959466579401965,0.08235859481174236
273,0.10830324340878708,0.17985309640911606,0.07540921325241279,0.11382323679725298,0.23743011837684852,0.12212217973622339,0.05768271923127762,0.10537619278808162
274,0.04847689220750119,0.15739876335754596,0.128382198466433,0.09898450458738729,0.23230223951612647,0.15778420340484076,0.05349898426019535,0.12317221419997003
275,0.06062757543631028,0.1590923524708558,0.11818099447700499,0.1275522688610598,0.2383069302699948,0.15667064711776538,0.04910169715641844,0.09046753421059059
276,0.07246249508448821,0.21232583612847858,0.12902677032286547,0.11142172160685052,0.22531098331653315,0.1326874571943777,0.06226430790689392,0.05450042843951263
277,0.07852320670901161,0.19439482657769358,0.10793743326498535,0.09590944965658842,0.23209565942376126,0.11515290547553275,0.07190744572535604,0.10407907316707105
278,0.07603222454112642,0.18615687326540997,0.11568318514877342,0.11739292180239605,0.2436898735037114,0.12942362619121295,0.049630471378092025,0.08199082416927775
279,0.07754631417281814,0.18194358298225866,0.11203680764438105,0.12087358228614627,0.23743402463611493,0.1339811218921887,0.05195347224743524,0.08423109413865693
280,0.08377157445990142,0.19828530052912852,0.09481548866806254,0.1156319081525067,0.2224557734382178,0.11692392143862486,0.0671920022230035,0.10092403109055469
281,0.07413117906734043,0.22264051702172746,0.04730590088076715,0.1344302532454995,0.23779931830740492,0.13230582638779445,0.06516817941868254,0.08621882567078361
282,0.061956684584786335,0.2060990707997508,0.06025665064609122,0.1206904252334765,0.2620241924541014,0.15107014330362034,0.05742927558927037,0.08047355738890308
283,0.062192994025111775,0.21878130823895325,0.031921634579765275,0.2655015357944547,0.1398513026631542,0.06253308720539869,0.06961976995879782,0.1495983675343643
284,0.02736506581911871,0.196953382660768,0.04901613036839853,0.052034847113950365,0.29570133258396036,0.19798856984836488,0.06846147565554632,0.11247919594989272
285,0.05360193930759795,0.22273239872975242,0.08414171204133854,0.05584066877837123,0.04513591727846358,0.30718903920631135,0.0858867859246547,0.1454715387335103
286,0.07316144554972258,0.19043089602174337,0.11462053801827718,0.07841952109513325,0.11047545075698106,0.19269705418921054,0.09927063940032423,0.14092445496860784
287,0.05132411761207836,0.19867322105367893,0.0658798016815315,0.091787884867991,0.13228784648681838,0.2280621920401693,0.05509640266308054,0.176888533594652
288,0.05100745980525182,0.1802996429876712,0.08296360616898159,0.09938784548701894,0.16782270853147171,0.21018029369223615,0.0555730679294077,0.15276537539796098
289,0.05377525626004715,0.21210532341165836,0.12133860171619715,0.1139916759767466,0.12543719840387557,0.17033801153564843,0.08871938086006222,0.11429455183576454
290,0.06625769143404985,0.24736220381433838,0.12319160384042419,0.12363215920865611,0.15270902841474676,0.19704653325035987,0.08363110474422805,0.006169675293196835
291,0.04529401207301777,0.25106132131500897,0.0434915920078685,0.10530006996686048,0.09033983655709339,0.22381567556239937,0.12873267960114823,0.11196481291660337
292,0.08711151011302087,0.23757750226923596,0.06670956834511055,0.08744065301328145,0.0985753769015716,0.2204066483503983,0.08780675328387735,0.11437198772350396
293,0.07434407800693034,0.25449103757661506,0.07812647459461072,0.09030747054485105,0.10622436684291818,0.19399778669920648,0.09584809814532583,0.10666068758954236
294,0.0262325302139006,0.2681166531551833,0.08887871490249809,0.07876940010194723,0.08905603370970733,0.2045814167477193,0.12416561812084355,0.12019963304820074
295,0.006309755863347986,0.14171486789391205,0.02450730474723105,0.035793478100093694,0.12522171358891526,0.5468146541048009,0.08277327062971465,0.03686495507198453
296,0.04605185582669999,0.3309930946722948,0.07470535466753588,0.09603036886111838,0.15423854586904504,0.09410614902126833,0.0843513737769113,0.11952325730512635
297,0.04178638304774461,0.32979308789245865,0.07223380512687361,0.0827050078818882,0.14615348011835894,0.10203733909443151,0.10326722778704672,0.12202366905119774
298,0.03597502467488142,0.315276018494685,0.06385888537228614,0.07957115433599023,0.14401539870398877,0.1354376337797583,0.11228485452984036,0.1135810301085699
299,0.02958684536183227,0.2592155286270269,0.08510062104299225,0.09045955687041471,0.10555013785442514,0.1071220784113352,0.08610601291217448,0.23685921891979905
