oos_period,model_1,model_2,model_3,model_4,model_5,model_6,model_7,model_8
150,0.02189631293620923,0.3093561540071425,0.13524070889198297,0.11407729191063463,0.05012212175699075,0.08813196469030132,0.11963721355640325,0.1615382322493354
151,0.051821263024598184,0.3323373632727821,0.10611860572945975,0.10227959981222001,0.08144325295056427,0.09474063677919113,0.10734550283745574,0.12391377559272877
152,0.048298504531489955,0.23069213628984497,0.12591306996621382,0.12494398362135882,0.06970588565970308,0.1307780805053476,0.1179079523560945,0.15176038706894715
153,0.02483239984983809,0.2811105748999336,0.12525658653910937,0.11792627853268094,0.12130033804414275,0.06528927569693614,0.12988545389785325,0.13439909253850596
154,0.043489226579788993,0.3164594439674228,0.11484621438064352,0.10159449528632183,0.09464991904994025,0.08201987992178261,0.12225755698896351,0.12468326382413644
155,0.03253279835051531,0.25595934385081076,0.11516454091770154,0.13670593961448585,0.08534188174915258,0.09601093334902987,0.1358771838733017,0.1424073782940024
156,0.03327683899780771,0.24936820018548092,0.11509970215641215,0.13594376979035042,0.08983516116340494,0.1066094626556009,0.12793832993140178,0.14192853511854114
157,0.0727735475386107,0.1938616124867963,0.13453415400894822,0.13187898443037244,0.09978139642172652,0.1561928546700531,0.08987301237116993,0.12110443807132276
158,0.09424150915170244,0.21132667279455075,0.13271894476125648,0.12893137133172572,0.07894405490548857,0.14226750839125707,0.07815080419117629,0.1334191344718426
159,0.1167140842565436,0.14898240707582794,0.10744489041191456,0.12946913599700555,0.094980533661634,0.20271095775248285,0.07731648345962375,0.12238150738396789
160,0.12891069863082674,0.1449119378177064,0.10657004159613233,0.12587078056842352,0.08743534882605178,0.21578201423203947,0.071326781581624,0.11919239674619574
161,0.12111233871404112,0.13658059727295785,0.11681368369138834,0.12460132795732469,0.0903971427147107,0.22832256123857841,0.0681842607049734,0.11398808770502557
162,0.11779704514643453,0.13156131257416911,0.11519993461941695,0.1258059081699841,0.09278270422967289,0.2462434679605086,0.06698749078314106,0.10362213651567266
163,0.11867984678431408,0.1280820844178962,0.11477433414416245,0.13659957026794475,0.09419552876306449,0.23690077139408036,0.0711638362143787,0.09960402801315892
164,0.11668077993003181,0.1305491125143718,0.10413805245985502,0.13803068436721677,0.0736239370258146,0.28470902687106414,0.06983690836107573,0.08243149846957017
165,0.14931242279120124,0.171707361091847,0.13334544943705687,0.15577330457570226,0.09626606414667196,0.16911327724145855,0.0518087299412076,0.07267339077385446
166,0.11080169794604112,0.1428868871215966,0.11263856848798535,0.15531847429810466,0.040936687014497014,0.3458544063034727,0.049303953754058265,0.04225932507324422
167,0.13398552967018532,0.18743449415082183,0.170612953303573,0.14665270214785045,0.12434470951928943,0.15240462757188666,0.05633081204530412,0.0282341715900892
168,0.14369047783553424,0.23640735503766452,0.17424156989563783,0.15629601700583068,0.18500046628333788,0.04362771959653295,0.060554969463491495,0.00018142488097034387
169,0.11045277703833214,0.23219622690945338,0.20133949172182172,0.16488352216665028,0.1452290727325972,0.05346613025311028,0.09147857506361277,0.0009542041134221681
170,0.10982889820269216,0.2518348676829699,0.18096920201996927,0.12397504240779071,0.1369995845711667,0.09287562073893804,0.06733032505968785,0.036186459315785215
171,0.11337332462537299,0.24083304867103822,0.18609182762484033,0.12377688291700131,0.1403407687744811,0.08669551513176123,0.07059408060045043,0.038294551654054376
172,0.11512755553429364,0.24637209232568327,0.17363231266311407,0.13624913806300953,0.14674223841965575,0.09915090435246478,0.06640335609337364,0.01632240254740531
173,0.10949296964364093,0.22419458422119895,0.1726961940110172,0.13703400300077104,0.14739615438351425,0.11284940724180302,0.06962459819323512,0.026712089303819256
174,0.1233038094813493,0.22313614798293957,0.18789957038486998,0.1675576609503101,0.12222849804878072,0.10719898944040893,0.06444176357489599,0.004233560135445353
175,0.11112836645454921,0.22971081107837366,0.1838422006208343,0.1612429369218447,0.11706892337522867,0.1192589265153721,0.06350579498460121,0.014242040048196092
176,0.08904086319929373,0.2215115476996043,0.18789416596717057,0.15431575886251042,0.15294077198394596,0.12498468841896003,0.06639355039299738,0.0029186534745175323
177,0.08392776252604542,0.1929735879241649,0.21520588955070422,0.1361420338958406,0.15818784290407759,0.12176336342038271,0.09065975021153061,0.0011397695662539566
178,0.09912852798612953,0.16896163743955747,0.2131178904419869,0.14174976599351408,0.13710388621689412,0.11426013004723232,0.07916757962668676,0.04651058224699871
179,0.11121518895719225,0.18896884383984186,0.2352472320333205,0.145961078913768,0.09123503752751463,0.10524127633656616,0.06054434675198225,0.06158699563881438
180,0.1138187831157076,0.20581340351989272,0.22884559862274728,0.10480606082361814,0.08243585100719307,0.15955895577856852,0.04390332447847291,0.06081802265279966
181,0.09650591967296028,0.18697529139371813,0.19489247655682332,0.09625119701324684,0.1006702006242962,0.18624886087880177,0.07128667002993587,0.06716938382921754
182,0.09502755781403849,0.20186401424255773,0.1970084906287739,0.10419364543072479,0.09712253808683594,0.18149547465402588,0.030949222378540333,0.0923390567635029
183,0.0998127070287675,0.19636948804358087,0.1944346168320252,0.10215512235242627,0.0984899301317602,0.1819307645103057,0.02941600567912442,0.09739136542100982
184,0.098164079154374,0.17329776846342304,0.1842389155677247,0.1067043637766959,0.098032167367043,0.1759594197824793,0.06511096982609088,0.09849231606116915
185,0.10390640721708193,0.18055632683612038,0.18738966725893152,0.10890833755522082,0.10129515742286094,0.17584429704684468,0.0512217700005901,0.0908780366613496
186,0.10460561626698249,0.1843740381694905,0.19095014739713673,0.10720792994997252,0.10016420089306662,0.17972891880012254,0.05636258765240601,0.07660656086982254
187,0.10465966196921118,0.1874531042430414,0.19083569687949284,0.11018034927160723,0.09689089405538549,0.17789522856641948,0.0543776308382622,0.07770743417558007
188,0.10357543722395975,0.1825296946343686,0.16631134763886812,0.12292785608888906,0.10762619583989697,0.16587259245329353,0.07879734199594743,0.07235953412377646
189,0.10789959440353658,0.18398680950011406,0.16284974379353429,0.1099024948860652,0.11382678345281859,0.17172200501572246,0.07691945334090232,0.07289311560630646
190,0.10517516601914427,0.17027332730958364,0.1621547428049412,0.12381712229273291,0.11401573203105232,0.158700059661839,0.0764414668735856,0.08942238300612103
191,0.10134105545456684,0.1619761749881976,0.16283599439311758,0.12032799188617876,0.1178842994224315,0.16005522562669658,0.07770314680193711,0.09787611142587405
192,0.10267912839737982,0.18849414350127447,0.14627069236204068,0.11455900386771346,0.11404406690379934,0.14584045395644732,0.09270140683443111,0.09541110417591372
193,0.10303487803577649,0.18691777041366792,0.14763887930688266,0.10725809509154044,0.11714256015504478,0.14964699662245634,0.10146290068811824,0.08689791968551308
194,0.10331132979193142,0.18056613137401778,0.15135727328266496,0.10600217054088973,0.11124336402023356,0.15251553602072573,0.11401107581650798,0.08099311915202898
195,0.1189971801593793,0.2094602900252165,0.1585759294485064,0.08895211358727408,0.08396856251372656,0.16026908022888026,0.11040795462264583,0.06936888941337113
196,0.1160715395128358,0.2089863405056815,0.16176428397134174,0.08459490292336828,0.08721768749284234,0.15625472460663326,0.1052999407256613,0.07981058026063569
197,0.11739550889416604,0.22469700878099738,0.16948227408341485,0.1026290635009251,0.06551079982910984,0.15925102542141278,0.10397388770048129,0.05706043178849272
198,0.12684377143609946,0.192697624315242,0.13914780756730838,0.09736238628915485,0.08379217923253249,0.17064118488837954,0.12128342115504587,0.06823162511523741
199,0.12505257504827702,0.15272211639215721,0.11225165153283993,0.10228164219134658,0.07647471253648919,0.1797513200028284,0.20098971610626704,0.05047626618879457
200,0.11285390208506897,0.14778778989172708,0.14733303340503906,0.06173509234570083,0.06708025375967511,0.1771799330884172,0.2047353412187626,0.08129465420460905
201,0.1057813465217806,0.16275758683044367,0.17068468908838008,0.05629546423509813,0.047220208945448455,0.16617969594105927,0.2127223380260651,0.07835867041072465
202,0.1087154174548963,0.17042014270276964,0.16609904630316488,0.05865069393896076,0.04734798272692197,0.165243564007545,0.20522845174919174,0.07829470111554965
203,0.10355489457189596,0.18171424384016027,0.1480212295178643,0.05625186522472111,0.0481104235870826,0.1601722640230135,0.20316847951834402,0.09900659971591816
204,0.1407345281857468,0.23688154684125876,0.16902593405183036,0.04762098813054383,1.240903267726309e-19,0.18478349783980044,0.16118642889260257,0.05976707605721724
205,0.13129182811702647,0.24770568806802074,0.17002101644536918,0.07074259246478716,0.007970308397119942,0.1575724338022112,0.14339725982611515,0.0712988728783501
206,0.13599779663678233,0.23903649477712294,0.17708037780432132,0.06459595043018027,0.0,0.15503960006400608,0.1512633173348087,0.07698646295177831
207,0.11593231291275005,0.22386164433465233,0.14178661092765468,0.06165399541287312,0.021466924960257688,0.14788041422892007,0.1934395724816958,0.09397852474019626
208,0.11790462348665738,0.21422663130186853,0.15784518396429725,0.06140408826275472,0.010220787627894566,0.13358458482278573,0.19524489579272575,0.10956920474001597
209,0.11539569294450952,0.2070035857411299,0.15571587592022024,0.06440513948301178,0.01139474467884134,0.12341553062492715,0.18704445337093242,0.13562497723542744
210,0.11101692168824226,0.20409340819633928,0.16671699241822133,0.06038578484661126,0.0,0.12260023972711787,0.195093994235382,0.14009265888708602
211,0.10824477005891803,0.23786721135618347,0.1618203617628854,0.061417511232177896,0.0,0.1140126060695374,0.17941570245589236,0.13722183706340538
212,0.09617883238738416,0.23116518390207813,0.17224527517152688,0.057627810498930336,8.740374164030774e-18,0.10772840438311934,0.1959827084910339,0.13907178516492724
213,0.10733487698664854,0.2425054984027931,0.1767178969321788,0.06092850670264216,2.224591746129306e-17,0.11710034402987635,0.17879559434491268,0.11661728259994829
214,0.10820770399703006,0.23987584903628703,0.17274103805358534,0.059538745019633084,4.532435581317296e-17,0.12187990230406255,0.18357749450253794,0.11417926708586391
215,0.10051130069892832,0.22548577835632788,0.1775780503027485,0.07403142738992821,3.8228502733679655e-17,0.09357826025408122,0.20594109473995326,0.1228740882570324
216,0.11899361460290664,0.17226910233865306,0.16942346141987538,0.059327657017119326,1.5367665822460194e-17,0.10608951933025088,0.2600511824864648,0.1138454628037297
217,0.12356278599069448,0.1878782308379787,0.11236887592687253,0.07424656089497338,0.0,0.16800446970485733,0.1984461341724667,0.13549294247115673
218,0.1322867826941781,0.1703167322220642,0.14073942182312224,0.08840955281463721,3.010628271521482e-17,0.16871776134068725,0.1641231167291157,0.13540663237519518
219,0.1294110459201033,0.18066915297373537,0.14701096818967588,0.1443935252831473,6.914298184694416e-17,0.1372671864509227,0.10734534569171038,0.15390277548970485
220,0.13746254400387323,0.16816906010622013,0.1648529753088059,0.11736625632490723,1.6916235831513247e-18,0.13864095249256317,0.11635003526221309,0.15715817650041736
221,0.12882905392114025,0.17390889765992962,0.1630802397433905,0.14338540611436326,0.0,0.13623880320010012,0.09327531388670643,0.1612822854733698
222,0.12044357458716488,0.15151654744078355,0.13798136536567926,0.1282575698334503,0.010941420867845154,0.18177284623063913,0.11551603143999406,0.15357064423344344
223,0.12386935051964673,0.14745714237479648,0.1316750048239948,0.19926874192830088,0.0279256651136441,0.11821257751380589,0.11095196635287385,0.14063955137193734
224,0.12479676566160919,0.15050358112582246,0.1351891866237392,0.1952303888555646,0.02969733562970055,0.10587293548876651,0.11507187298546698,0.14363793362833058
225,0.13097318770593022,0.1585784810648185,0.1502481530581228,0.10434266637712392,0.041418134037209994,0.11834783605593258,0.13556691713714983,0.16052462456271208
226,0.12117614277136532,0.1586416648886584,0.18252118931924122,0.20939354496844986,5.0675175437536344e-17,0.0958589051259192,0.09279885746078556,0.1396096954645805
227,0.12711393683879663,0.15197117161269696,0.12247808824323787,0.24685845621429026,0.0,0.11642562124390513,0.09241118559880038,0.14274154024727276
228,0.11777088724487841,0.16045460525211086,0.16953377115575022,0.2093490090466749,0.0,0.11813079024995622,0.09455535968534988,0.13020557736427948
229,0.1176365412971572,0.16806785128581653,0.11437071215513717,0.27870611241805726,3.290103607236987e-17,0.1196654441926213,0.07293111464270406,0.12862222400750628
230,0.12963133119227405,0.1813039781004563,0.1389813210566524,0.11752372470956303,0.000991746156126717,0.13492304951565343,0.1442690142064813,0.1523758350617926
231,0.11981476465644536,0.17739100337083527,0.18660323415438324,0.125995979246898,0.0,0.11804242462949559,0.14134985169194164,0.13080274224900082
232,0.10717043796866564,0.15480082042895615,0.19190367015296275,0.13013446113763122,0.030690041543855236,0.13444987645539327,0.1294840004495312,0.12136669186200455
233,0.10741274166969007,0.14558251394735747,0.14627331067869692,0.21756690537207365,0.03635930563292151,0.10017420665094945,0.12406772164087432,0.12256329440643655
234,0.13175641107704755,0.1651876279234269,0.1620974821560231,0.11220096268876789,0.012034509970569504,0.12226906827094954,0.15843306714882022,0.13602087076339525
235,0.11521347754540433,0.12908077787003092,0.14739937537554115,0.19163021739128844,1.0308185354557189e-18,0.1479801002851115,0.13971755721514578,0.1289784943164779
236,0.11832312974742917,0.13047520522070286,0.14093675356153118,0.20561315255804646,0.02933478675691823,0.11764283683661775,0.1316998780565803,0.1259742572611742
237,0.06694349349298688,0.1332767326120106,0.11781495187464376,0.1907120231616364,7.979659168058367e-18,0.18712189965035858,0.15212479204580212,0.15200610716156165
238,0.11007834716492433,0.13978900385353532,0.11301987906269742,0.11362023076555565,6.875604660872695e-18,0.19042672239938324,0.15261025757248378,0.18045555918042014
239,0.11415728261574291,0.15038237621258913,0.1295824597038512,0.09444012020965452,0.0,0.17847539546864702,0.15479541025872365,0.17816695552979145
240,0.09806229517012822,0.14619925438348122,0.11098581477624365,0.1715201628874408,0.01818496387859907,0.15534037536620446,0.142055164533185,0.15765196900371747
241,0.11671319030005915,0.1644783788597254,0.10861963344385199,0.10922848745257825,7.58306246028654e-19,0.18504077728022897,0.14624651241975806,0.16967302024279807
242,0.11510205616105007,0.14570806524372376,0.1291637737159313,0.1131870208728943,0.0,0.21093618061278457,0.11399468301103821,0.17190822038157771
243,0.06842775629965922,0.17721229698118,0.07412971538041183,0.2045317303284493,4.756439399918882e-17,0.24144765788720104,0.06256744060759008,0.17168340251450842
244,0.08835295895172852,0.13419494472194587,0.04833869090566329,0.27836529619549255,6.389233048603842e-17,0.2023446451244759,0.08191310840499043,0.16649035569470338
245,0.06829413857617506,0.12724921371040035,0.04388665026961297,0.272111786755088,2.0545220886995935e-17,0.2335398692394606,0.059727543469554695,0.19519079797870828
246,0.06278284978449832,0.11149929785011173,0.05043403517504603,0.3136308374724739,1.59049494088149e-17,0.2097894491340026,0.0668406859636409,0.1850228446192263
247,0.030293063084771685,0.10422651047021808,0.08832536739803604,0.25061545110859185,1.7334717892264423e-17,0.23363291918438175,0.08761999562524792,0.20528669312775263
248,0.03665459086075593,0.0794096100238685,0.09716026472031625,0.3809654090955613,6.8029451158661085e-18,0.23328076495326386,0.03928701751376482,0.13324234283146918
249,0.048321012740728475,0.06690282070285583,0.1042452698224869,0.3977340424901866,8.150177488252329e-19,0.22185730357303457,0.04365239510990916,0.11728715555979835
250,0.06382812923507518,0.07091682173651813,0.07842296513770769,0.38626844983249126,1.7295618689527466e-17,0.22116460254151893,0.04346539812619372,0.13593363338949502
251,0.02405704861722222,0.05246543214272868,0.0820920435987462,0.3917529225513666,0.0,0.28057432725833986,0.05766216208574221,0.11139606374485411
252,0.07511791827158144,0.09878791216495549,0.08493675841522205,0.37077169726672904,3.442394837197238e-20,0.23063232763822042,0.012907852294013688,0.12684553394827797
253,0.12873345719616755,0.04810364103161246,0.10660913893386675,0.21313456824801957,0.09618811175951235,0.2104839502068733,0.048721565832953395,0.14802556678999473
254,0.061490135746353564,4.429628942577878e-17,0.12022217823430663,0.3044573923101806,0.13706126454014958,0.2195412879148444,0.020158094566423382,0.1370696466867418
255,0.08470139069238669,0.006945265289416446,0.1190702109919893,0.18974496254934617,0.11511102249243975,0.2329358200701883,0.07210775460100737,0.17938357331222596
256,0.0724830376977849,0.020779725147017224,0.06780141863073887,0.3466967312092759,0.10754919324011067,0.2114795890611026,0.0313162277465521,0.14189407726641773
257,0.07796233862986894,0.0,0.03534584290998188,0.45068370848682304,0.09901366907619398,0.18490377448877116,0.02503138544493366,0.1270592809624273
258,0.06977397000922922,0.0,0.022494588459142366,0.4620279050410793,0.1212040786777315,0.18675020575184775,0.03560745394015565,0.10214179811981411
259,0.09392754241095563,0.05142980573314494,0.10131266311120536,0.17323954851700035,0.15700145114058542,0.22477551677133692,0.0770090795380731,0.12130439277669826
260,0.07429453976477364,0.046146925649342044,0.1035785509779728,0.17369967144369985,0.20170983427842765,0.22313732744856965,0.08884556543371926,0.08858758500249499
261,0.044096630621391124,2.840313230377642e-18,0.06357122803816159,0.20888972846068304,0.1639463705236494,0.32370808070496004,0.11445404995718717,0.08133391169296754
262,0.0640574762163849,0.007547796604838434,0.06931536339979778,0.20826963038347363,0.1811518858255285,0.2566794161948611,0.11897304153558286,0.09400538983853281
263,0.057652788856791086,0.0056656400823065665,0.07679701345037787,0.18605732815737688,0.1724462796789068,0.25613700393087263,0.12678362587733522,0.11846031996503298
264,0.032786983868800613,0.0478385462930536,0.04767601223543621,0.22728496795959258,0.16080289653287688,0.26918022879889775,0.12882531181925477,0.0856050524910875
265,0.0581878111069645,0.057750414557423614,0.0456034210263357,0.11860301932724945,0.21801862532200073,0.24709678993434758,0.1269024895239994,0.12783742920067898
266,0.058236491354161514,0.07035790327627854,0.047548444988022444,0.11453084129317637,0.2191114220079655,0.2424331574874799,0.1222662913921912,0.12551544819972454
267,0.04290195452780364,0.054793587316338856,0.04447681424387852,0.1358156400613012,0.21613825994305463,0.22477356176280222,0.15680274505488034,0.12429743708894059
268,0.0808823878282834,0.10819297935704078,0.0698696323182153,0.11096118010256587,0.2040661189857031,0.19199949763945384,0.1126579257267428,0.12137027804099484
269,0.06892021190260943,0.11687664847725973,0.06509333021305264,0.0915336620502644,0.2192534171457098,0.20063439135766714,0.13876050107922902,0.09892783777320772
270,0.06976834367301693,0.12154924405853977,0.06290653585794506,0.117384070339448,0.20729405676820645,0.19285579567669525,0.14928641065779877,0.07895554296734988
271,0.027912857563266395,0.1114106818623022,0.06405462751036585,0.12174204537745598,0.2612837613340273,0.20757604997978973,0.1651642296593922,0.04085574671240033
272,0.019964939912367263,0.11687074550082104,0.06948937458936418,0.11874217400782101,0.2683652827937602,0.20233900157294582,0.15815516095177257,0.046073320670147834
273,0.05269941833484432,0.12186670984719963,0.0795925633019656,0.11949438203278367,0.22352795225291128,0.18983981981385462,0.14563406979429572,0.06734508462114515
274,0.07256214302226634,0.12677230607083098,0.07705159239684108,0.10967688220438272,0.19918470192079138,0.19666100319488708,0.14738416187361372,0.07070720931538665
275,0.058832814773307714,0.12930558838596404,0.07541739549455073,0.10885971658977389,0.1897451108514853,0.20295819792108352,0.16024718067464647,0.07463399530818811
276,0.05849440802648984,0.1521350679995168,0.07229521213718065,0.09928712876494143,0.19866503079683526,0.19049466404432983,0.15277687963042025,0.07585160859928596
277,0.06142498619122751,0.1361831781405226,0.07605074829774355,0.10360096069664804,0.19616661282169304,0.19352974389530767,0.15464220636631792,0.07840156358953965
278,0.07214882126456656,0.14031204252638316,0.07000398549188878,0.09968564053827496,0.19619051800330276,0.1888329119681053,0.1659030049378226,0.06692307526865578
279,0.07128352026434201,0.13742673167217478,0.0703524302659383,0.10157111001012833,0.19809140224173868,0.18934662796778864,0.16785192994677933,0.06407624763010988
280,0.07438952510072339,0.1382834775375329,0.06618810412802378,0.10326639363507416,0.19679630421969102,0.1905588834992584,0.16662283470784045,0.06389447717085583
281,0.07476477322674421,0.1401648991713344,0.06084650601653961,0.0979644941956873,0.19412224528332417,0.19253174718357802,0.16912459845032676,0.07048073647146548
282,0.05729943895750718,0.14415775188500318,0.06596790802425469,0.10086394418968761,0.2032082732988958,0.21326127767265665,0.16526162667035138,0.04997977930064349
283,0.0022438642806415993,0.17179808464062107,0.029994388733586334,0.16969784775751665,0.2312704688662884,0.19240291578435287,0.13708522777192364,0.06550720216406941
284,0.03705627559639818,0.17618241934520287,0.05956480174457647,0.08619333511001076,0.1918578577309506,0.23891957510682107,0.16266976279302459,0.04755597257201543
285,0.051582915093778534,0.2422208517269127,0.06157534576153614,0.08462927193157947,0.15835066364098307,0.20807328685961826,0.13586150616919745,0.057706158815394336
286,0.022878756924993585,0.1760996653795267,0.06965537651178944,0.10292133322818854,0.17673554635742877,0.2311344967191479,0.15979188487638507,0.060782940001539894
287,0.061457847570852805,0.175847287258768,0.07181075212182034,0.11303308064866494,0.17714828838910796,0.21232673425390988,0.1301173214613069,0.05825868829456916
288,0.0636762337018656,0.1839969779580206,0.07947030573350661,0.11576990363511713,0.17832706844741616,0.19142080767019148,0.12779555258947087,0.05954315026341137
289,0.06204759465598358,0.1746547360353858,0.0765494612576206,0.11464722996857689,0.18323878628715476,0.19401000391155834,0.12970799732433708,0.06514419055838269
290,0.06341893206932031,0.17751018697801071,0.07328351894835622,0.11253460770208612,0.1705668156562694,0.2095845905150046,0.12254499890015644,0.07055634922979613
291,0.05364995256651785,0.19696518803010016,0.053866890058708955,0.10515953331328623,0.18205676463210363,0.20622639141279725,0.13315714244670432,0.06891813753878148
292,0.06093374829579344,0.19396818064696747,0.05426794919668101,0.10669779550848264,0.18739293689520245,0.20090070856058598,0.12774718042120733,0.06809150047407958
293,0.05925842184601444,0.18529690409421262,0.07381563581872765,0.09077802321275096,0.20719789116386184,0.18728776532153482,0.1268403335294738,0.06952502501242379
294,0.053584922662509894,0.18467386770999786,0.07754256825457559,0.09818376758215643,0.20290183475715043,0.1862972391685849,0.12773619055119376,0.06907960931283103
295,0.07431732315711509,0.22423047630002674,0.059913670697415836,0.10504023307383167,0.23927789228733784,0.11599485749633212,0.11445868982111441,0.0667668571658263
296,0.08267041276614746,0.2522480984420744,0.057459747708789685,0.0846670377056533,0.2423260152005334,0.1098609330620317,0.09768205036301478,0.07308570475075536
297,0.07659106075107655,0.25392770824596733,0.031122919739554798,0.07714043848555506,0.27929436368084676,0.0770447804205144,0.13378949096158607,0.07108923771389887
298,0.08045003869308617,0.24672888701180073,0.03308164146622963,0.05992390211713537,0.2958876193076613,0.0281379874247117,0.13895424195461278,0.11683568202376227
299,0.06685374347379819,0.32172221938431544,0.027099828960564804,0.03478176309757788,0.28288512205031147,0.005769820363572649,0.11404309479855365,0.14684440787030595
