oos_period,model_1,model_2,model_3,model_4,model_5,model_6,model_7,model_8
150,0.008416384803082197,0.11281332095328304,0.16980598329239122,1.106463464276766e-07,0.4222466597045241,0.08627693743932786,8.341698733427519e-08,0.20044051974405772
151,0.0007609485677784932,0.9840810778963338,1.4842435123772411e-08,1.714125311104717e-08,0.00012697729144633014,0.015030950291420198,6.668661821923891e-09,7.3006710682714524e-09
152,0.0005567830457332862,0.12212253102777068,2.6980897105780934e-06,3.487044495288329e-05,0.0012690154603185596,0.875977745101284,5.138588664225923e-06,3.1218241565750955e-05
153,9.958863805415199e-06,2.4301596118954163e-05,5.421824659764563e-07,7.759809606707755e-06,0.9998660062692301,7.92997771085474e-05,7.045863214048575e-07,1.1426915342967364e-05
154,4.239326372523918e-05,0.9542854875182929,2.9901146018165117e-07,6.286431185772267e-05,0.0003246476601557176,0.028759375149058415,0.016524922349360788,1.0736088969861679e-08
155,0.03375177039875192,0.05003348558445733,0.038398528190239506,0.09094983058443344,0.14364299896711769,0.5779447037659271,0.05898692916502029,0.006291753344052745
156,0.010237587385737951,0.02165763988027007,1.0463205341526495e-06,0.014395787048841929,0.145743061839537,0.796499340635401,0.011464249339448205,1.2875502297340243e-06
157,0.05105852241948007,0.07374601389123088,0.055374132991293165,0.06573883947988682,0.1841737670413464,0.4615703618606034,0.03578668173357836,0.07255168058258091
158,0.0460839383894912,7.908530759924948e-05,0.0024053458828422708,0.007673467594018073,0.01071062264250465,0.9330338116905182,2.5416010549997087e-06,1.1186891971422155e-05
159,0.07649096679332004,5.471761205013065e-07,0.005600298465304319,0.05784476005440457,0.05159140636615123,0.7551333608065094,4.899398079477573e-07,0.053338170398382
160,0.1296403860745307,0.0026644634881246893,0.0020144788085536664,0.012963880468621677,0.034684884391955086,0.8175633007447634,1.6305322283276757e-05,0.00045230070116747466
161,0.0247837617512196,0.00011229686470324484,2.409080269168527e-06,0.0016032675360377116,0.007381758643895074,0.9660574513501052,2.1018950695144012e-05,3.8035823074787265e-05
162,8.919543294271673e-06,7.628676636254553e-07,4.7146526558941375e-07,4.863165410768238e-05,3.027922141882533e-05,0.9999087372621401,5.624588838206097e-07,1.6355272259236516e-06
163,1.333298928058872e-05,1.7080506745165863e-06,5.730176003884739e-07,0.045637606273831184,2.1738677354815535e-05,0.9543165184351358,8.236798535026207e-07,7.698876269274094e-06
164,0.0008391543732609297,4.68712900219786e-08,4.5407964966873584e-08,0.022302560605684665,0.03851127194807475,0.9372167752030713,0.0011300958617984035,4.97288548225232e-08
165,0.0009316788274660999,4.55694099170699e-08,0.005556049811461795,0.014285271006642898,0.00021925366622557184,0.8121874454860382,4.2077062969109076e-08,0.16682021355569254
166,0.05159528723535966,0.042153839268013936,0.043931496102981145,0.041283631028226006,0.02492964537514696,0.7961054986927228,2.319725718833903e-07,3.703249776708651e-07
167,0.0002276625165403441,0.053621357574692156,0.0003034785351046206,0.004629795698922067,0.06852076185102024,0.8724783263930354,1.4660171282166205e-06,0.00021715141355702238
168,0.03495785842760412,0.1580719821154834,0.00800942443901027,0.6036363017945019,0.15650637315661897,0.0053667857017003825,0.012778063184686328,0.02067321118039472
169,0.01227859412333428,0.16380184878366394,0.1430853341072099,0.27162363448958116,0.12647502820630027,0.041809743000318776,0.194241680648789,0.046684136640802704
170,0.008217857581737962,0.6641334114598363,0.012880426745502247,0.1676877926212388,8.486478713792457e-07,0.09485946942367063,0.04335503350790168,0.008865160012240948
171,1.6389294570277792e-06,0.5427662637143971,2.2697847422561993e-06,0.01782181804996214,9.284092427731418e-07,0.059866115631733906,0.29940010358337116,0.08014086189709363
172,1.3778724556073297e-06,0.4758052270134157,0.1250318693274064,0.2307136336936272,5.68171199787388e-07,8.270804697069543e-07,0.14646671574490608,0.021979781096519345
173,0.47210207651759695,0.24855750544571278,2.7755918594996885e-07,0.27933880195392513,2.2593019041024893e-07,2.6302243342798904e-07,3.248975135847176e-07,5.246734416199726e-07
174,1.0395576506593138e-06,0.12212491223840322,0.1908190560056834,0.47407916907804915,7.492712151006271e-07,9.163111926457883e-07,0.1474449442665816,0.06552921327122413
175,0.0001127874177901381,0.1908280427124341,0.1796682592798697,0.3997017999829852,6.183102846806102e-06,2.301483249435338e-06,3.3603236628501797e-05,0.22964702278419616
176,0.00492762925420777,0.4725045157527691,0.2798081645708738,0.06662922542835431,0.00258656726738059,1.8420634426597369e-06,0.008414224551074047,0.16512783111189785
177,1.7016661402633158e-06,0.32808077854902484,0.0859877350517254,6.842395434100218e-05,3.844180390641791e-05,3.8351507041401484e-06,0.08363888264362729,0.5021802011805306
178,2.041422149939096e-06,0.5821675801190526,0.10047413379536387,8.821305095353466e-05,1.7005067536461857e-05,2.8593872970986807e-06,0.0002541809031781836,0.31699398625446834
179,3.3708251182118616e-07,0.08882564285068173,0.37444864843173287,0.1143896604063739,4.891735084375928e-07,3.071449811560929e-07,0.29911416719963,0.12322074771058
180,4.902637108927301e-06,0.012276362126450923,0.8105891286617278,0.0004818957875098054,2.7490026556694817e-05,4.208192168058719e-06,0.00119252021124513,0.17542349235723265
181,2.8568286346739136e-06,0.0015892098595875223,0.09087532000256188,8.337763810734e-05,2.631236033844233e-05,1.5187056017503875e-05,0.906191149173094,0.0012165870816587632
182,4.3542311834620166e-06,0.47826453517195966,0.00017689863730919396,0.012998470308106387,2.4828823132887684e-05,0.011776290728747524,0.0007208850780978674,0.496033737021463
183,7.5596552367685e-06,0.15960587072905036,0.00045961362081568596,0.001167754195012976,5.896023347085727e-05,3.7204527897898933e-06,0.006449478901367607,0.832247042212256
184,2.7063694939428393e-07,0.07197629729998985,0.15582003960636354,4.004429794802875e-07,0.00635743131104393,0.062261436796323504,0.44457210339735753,0.2590120205089928
185,6.477973695306746e-07,0.2113222647119179,0.04245624238506751,0.057622876878809286,1.96790254099871e-06,5.311169025884971e-07,0.0353055934058722,0.6532898758015201
186,3.3249210523777465e-06,0.06253876231784852,0.011625617606393345,5.963183777272599e-05,0.00045777860336038893,2.7441817798662564e-05,0.0013785563563016858,0.9239088865394722
187,4.118350338085973e-06,0.11134264709456766,0.020819363011436588,0.000111882633010546,0.0011244824191580314,2.657698257655078e-05,0.001433111413457877,0.8651378180954546
188,0.027538047736533792,0.1359674925330056,0.17437044440544117,1.5747001573123552e-07,0.015056169735635595,0.09744006383938095,0.0658250895512189,0.48380253472876833
189,2.8315335995066853e-06,0.7906002895655748,5.532832904476369e-05,0.00018136810197509696,0.0018624120261384026,2.6349819603620383e-05,0.01166633434454197,0.1956050862795218
190,4.754678414041048e-06,0.5075833140355903,0.00024884753131237817,0.0013045809840859773,0.0010907654207344057,2.4252641835735616e-05,0.018943671400668216,0.4707998133073589
191,4.979196379121494e-06,0.25544674508570614,1.824802717980361e-06,0.017957987025950146,0.022048779869437957,2.3764748450272352e-06,0.06159565855387241,0.6429416489910913
192,2.9152732500312884e-07,0.1608101690622067,0.015484482876074922,0.1158113791689477,0.060210073172975526,0.11703138276879943,0.04468523320163547,0.4859669882220352
193,3.5095812536900315e-06,0.11186930473341258,4.390406667698039e-05,0.009333749259120509,0.0005021707561289065,7.599130099857338e-06,0.00038567438682650433,0.8778540880864809
194,0.11955678345692484,0.17434682949785682,0.030007405757379237,0.1094991246948998,0.22337176524650418,0.09363268479611278,0.19391848081062832,0.05566692573969402
195,2.7856977321203165e-06,0.6001787472400224,6.652932839732098e-06,5.157717404059109e-07,0.061552815199140326,2.732178212659704e-06,0.24791207842143365,0.09034367255887867
196,0.06880871065805723,0.5350479130996016,0.025204023534524,0.016957234349651518,0.044757652623383694,0.003408828594357662,0.05339637912890135,0.2524192580115229
197,0.00988443265754479,0.5953934226639626,0.03747762867453812,0.025992139310759412,0.06584287465032233,0.015177486019153913,0.24477939937422713,0.005452616649491706
198,0.05985537658802107,0.16004699507291845,0.24341467533908112,0.15438716595020072,0.05492116203227053,0.03419574077407854,0.29317878587775636,9.836567310045758e-08
199,0.002744236708594472,0.08763953402020827,2.017723838136342e-07,0.20163057889727679,0.1631520758033763,0.16344148562205996,0.36372306850120883,0.017668818674891645
200,0.11980744679058596,0.003402441915792582,1.8185904181342448e-05,0.004736315874252957,0.00011422498475546738,7.470439822265672e-05,0.8718459710455235,7.090866854635251e-07
201,1.0872715357792104e-05,6.121185944188511e-05,1.5717770717023698e-06,7.125767231373223e-06,1.7216666301098967e-05,7.107825247183293e-06,0.9998906107579146,4.282631434430744e-06
202,1.1740143657569713e-05,6.416479738799845e-05,6.571140756500435e-07,0.00012194503000185191,0.0001655570178948037,1.6951747982202913e-05,0.9996184962699179,4.878790820301618e-07
203,0.0865690773995523,0.1761272153682721,0.048633706207517176,0.03692576701433405,0.03846526109506345,0.081928633009618,0.4518990469161944,0.07945129298944857
204,0.013907085370119324,0.01060157027278544,0.030016694279363158,3.996997181190859e-07,0.02360078443812849,0.12019541637365322,0.7600944962950185,0.04158355327121378
205,0.07627583881114175,0.04430781330714658,0.0129158891141031,0.08238983035261725,0.3159978793183499,0.2618413472283395,0.20582867043470626,0.00044273143359569925
206,1.623132926203585e-05,2.9064041617742437e-05,2.443689797434992e-05,7.351124136148268e-07,3.035669997469827e-05,1.0995699127289192e-06,0.9998974398038848,6.365449599142358e-07
207,1.9306296350588808e-05,9.033612580429216e-06,3.101128832124629e-05,1.5480558157373095e-06,0.00010743105184736865,3.2400641828806665e-06,0.9998274299270337,9.997038680515311e-07
208,0.0004141910338068198,8.78699511003975e-06,0.00012502138114357824,0.0002024219321584057,0.0013529932645767095,0.012139229772805668,0.9857573276178503,2.8002548552282407e-08
209,5.506466142487484e-05,1.8079386877504687e-05,8.822373649168587e-05,1.2628273540501458e-05,1.1239446158921647e-05,3.2972298666247987e-07,0.9997237441274476,9.069064507236158e-05
210,2.0752508069735274e-05,2.4110069999391808e-06,2.2244801271340334e-05,2.187316540111563e-06,0.00018355791690813329,1.2146597213114181e-06,0.9997668226619243,8.091285651264413e-07
211,0.883567693365645,0.0006476602856114292,0.08680659560321087,0.023355488343682063,0.0020479735947977386,1.8298347073624992e-06,0.0035622141669488846,1.054480539667241e-05
212,0.8547659990449664,0.04413782755469855,0.05230219559802242,0.03726368025870208,0.003625100122083115,0.00012000062800016392,0.007785178148017213,1.8645510073151423e-08
213,6.621764721402333e-07,4.7430767967704573e-07,0.27969377319208083,0.09204010159675653,0.09683871564451864,4.089464658028001e-07,0.18070879372643556,0.3507170704095908
214,2.404486690776343e-05,3.8362431489196635e-06,0.5149237194743942,6.856711138147659e-06,0.2115335089009885,4.602031804525058e-06,0.2735026264525803,8.053190376583222e-07
215,0.0006208038421805155,0.00014753150809406512,0.16821089281477766,0.0002648263152012215,0.02111937097933822,0.0012823160978848833,0.8083541446167246,1.138257988492892e-07
216,0.006248408022923326,8.93177607343877e-08,0.059573532927213436,0.004320711536419826,4.991844393667218e-08,5.7506561079456464e-08,0.9298571052194784,4.555119923002985e-08
217,5.738509706693407e-06,4.695558510363933e-07,0.049702477207758014,0.004385716824294465,2.0417452071734097e-06,0.38749597623514564,0.5584071765025419,4.0341949506609987e-07
218,0.014265143477449872,0.00010726504184158065,0.7749367094458103,0.20724782327549005,0.00165293820662472,0.00174849357346726,3.704608095293638e-05,4.5808983633375025e-06
219,0.022245391365898908,3.015579202868278e-06,0.22059657392834273,0.7539971349155453,0.000542656290539336,0.0025382263573831693,7.35900117751626e-05,3.411551312540336e-06
220,0.14230784579507547,5.391228752254848e-06,0.8460894636311832,0.010714223037119597,0.00015977212043703613,0.0007017849671412405,3.7609153975593138e-06,1.7758304893603198e-05
221,0.044993657518570165,2.1197080092680108e-05,0.007561914209434594,0.8643731874346712,0.00033508751518341706,0.08269477544289171,4.718400405090034e-06,1.5462398751101137e-05
222,0.05675851302919219,0.010636947405294098,0.027413127623915255,0.2866290296821041,0.15648700432179705,0.44490804142631407,0.016341803118205385,0.0008255333931777854
223,0.10582034702921117,4.337035402328335e-05,0.0013318238464831086,0.8777619458542514,5.106695020286875e-06,0.014945020620266727,3.914539591924322e-06,8.847106115212496e-05
224,0.14847555411719998,3.2391460390968174e-06,0.010171875903190887,0.840432043529758,2.788868813764493e-05,0.0007963053141280256,3.317597375243731e-05,5.991732779389135e-05
225,0.3093378648786419,2.447273354507869e-07,0.446008334288129,0.10841661936133651,0.0012426415788114739,0.03274574237464625,0.10224830302607163,2.4976502777255774e-07
226,0.007897315222520846,1.3466870965282654e-06,0.23211862795800342,0.6754684342235276,0.003445986249554737,0.04257056951078687,0.00689799320230583,0.031599726946204124
227,0.0006111850792386206,0.0004593056114078471,0.07057933940542145,0.9179751298737504,8.553352083020464e-05,0.010270166455158948,1.2335756310045437e-05,7.004297882473047e-06
228,0.04266543420353796,0.00027586947451695,0.26444640019845894,0.5670753142338124,0.023148231393909712,0.07592361679950835,0.023360439589612158,0.0031046941066434864
229,3.5874461803567283e-06,7.010016921372834e-05,0.09180945626181126,0.8854280714057248,1.6480844056933604e-05,0.0182525654554086,0.0010963419022361428,0.0033233965153682157
230,1.0534028512805563e-05,0.0031930976606650316,0.7143436774942447,0.26662138364327276,0.00014863153263511874,0.014970559279499267,6.446194446897344e-06,0.000705670166723513
231,7.592656632505274e-07,4.381840403031195e-06,0.4261482682602933,0.46640029438032543,4.997097654024383e-06,0.10743753980999458,1.396016020812388e-06,2.3633296455040945e-06
232,2.862535015247597e-07,0.10123148402426853,0.4271584577426658,0.17685886514767923,3.9134723194712237e-07,0.2839995059951945,0.008588557166322971,0.0021624523231354455
233,8.194592054841078e-06,0.003112486231881252,0.10888326460255945,0.8791795632327678,0.00020604509936036203,1.0015077379742245e-05,7.568607883063893e-06,0.008592862556113424
234,0.0020912878931114093,0.002262861903767332,0.7950707139967436,0.16120933646361074,0.0062765286377586054,0.003649876459599649,0.0010405996047158134,0.02839879504069274
235,0.004369871206596145,0.0030487830911237364,0.1364438610183862,0.6129852426764111,0.01018423628629686,0.20463690855149758,4.0336993783065464e-05,0.02829076017590525
236,0.0001248725925606991,8.366960519904671e-06,0.13851520252825283,0.8476004562823923,0.0020311512947009964,0.0009661103832845217,4.868646093842312e-05,0.010705153497350324
237,0.03442731632519271,0.1077042493448387,0.1445213346820879,0.3244709997827723,0.07587358186499234,0.20359086871350845,0.04172354921906393,0.06768810006754367
238,6.998725264218793e-06,0.0008882445252014526,7.246886085578523e-05,0.7925750286945524,0.024557525487241907,8.623654793732833e-05,0.006094506724029349,0.17571899043491754
239,0.01911520611299715,0.015876975768507814,0.05316808162273834,0.3660511509917778,0.09860651517377673,0.006853483288974646,0.028844338583241338,0.41148424845798615
240,0.0034529577857290972,0.09901655955829822,0.05822311753923283,0.5675640850974745,0.031741652549707164,0.00534121211817269,0.0922310918591392,0.14242932349224635
241,0.009394720388176346,0.06444989747385106,0.009848523365799933,0.5679411712600032,0.040177219173975084,1.6117991523088816e-06,0.029067980639597795,0.2791188758994443
242,0.032328594141048834,0.12892161039805877,0.024174406705864585,0.4945527481740157,0.011622384998293826,0.006000244747637226,0.04810984093366487,0.2542901699014162
243,2.888368148170399e-07,0.24644891848605882,0.1150995200649627,0.29370214645324233,2.2384782117410897e-07,0.22655797794341542,0.04608768916528619,0.07210323520239854
244,0.005071999035648806,0.051442930772147774,0.005082418554951756,0.6940659264771413,0.010830470897604591,0.023779934759399737,0.07750357028687825,0.1322227492162278
245,4.190850118166977e-07,0.14830200217823034,0.029669091848845072,0.4897943303522154,0.013806955352095831,0.13611205609021745,0.021277866225128433,0.1610372788682556
246,0.00936548045277065,0.07590909462752145,1.197812323728903e-06,0.6876968857532118,0.009025501013899128,0.021476931532527048,0.008521169915368032,0.1880037388923782
247,0.03812289729419592,0.10401257227802946,0.12826054209968552,0.3073031004954021,0.020798390017498426,0.10060448855507093,0.15072583357652786,0.15017217568358976
248,4.46066308802251e-05,0.011509913667576224,0.00014908382875526648,0.8892513438212456,1.6418939720732504e-05,0.0971504547665498,2.3338476598143915e-06,0.0018758444976124178
249,0.00037424301011760946,0.00026532369521513484,0.007986503047565782,0.9446095660881357,0.0017778950166677163,0.04494467041935544,3.495321967612502e-06,3.830340097498934e-05
250,0.0018333955126326378,0.030090199239757608,0.0009833318296126625,0.8457507152259309,0.018359654377031315,0.08371067825286978,0.0018325543810625456,0.01743947118110262
251,0.0033530205112422317,0.0711435551512879,0.04051421597742225,0.46256478747826485,0.10554420212804456,0.21499948987206338,0.09529671020775815,0.0065840186739166955
252,0.0028679527064333454,0.16010170957025663,0.012382732344320208,0.7835004184446984,0.004295546227608923,0.03302577057128653,0.003025180583837464,0.0008006895515584089
253,4.231533610620875e-05,0.0009936905445606305,0.00019584933803416116,0.08964489651948973,0.9020338970229393,0.007030548279878254,3.6649034914014876e-06,5.513805550029149e-05
254,0.01648317574877056,0.09971221406906135,0.15206210004291207,0.2273976875106791,0.2230676864001567,0.16184209968537916,0.031986451461352476,0.0874485850816886
255,6.088041562819083e-05,0.002086303208395826,3.4591293613414544e-06,0.23139008825938354,0.7316461550227955,0.03447374647053312,3.2397681231986034e-06,0.0003361277257793491
256,0.011056366888763831,0.3174803622685691,0.013061696671295026,0.5413222327642313,0.04320688823846768,0.05709010688834685,0.014913227767720832,0.0018691185126052624
257,0.00014762286548136632,0.10256204059925525,1.652171665528217e-05,0.8732616191360009,0.020136016292796342,0.0028120533286203095,5.2614068895728095e-06,0.0010588646543009538
258,0.0056775049905642885,0.04963993653430185,6.868403278387164e-05,0.865736828104759,0.07749806096609878,0.001198346559812221,1.9866631894216913e-05,0.00016077217978578668
259,0.17845259479700756,0.3086201346859893,0.0037073606176240077,0.055853600499208046,0.3707386331265145,0.01655694535988372,3.4365953935944925e-07,0.06607038725423346
260,5.776055604040493e-06,0.1620806157118518,1.2972571082330479e-06,0.1736019357930343,0.343997232913947,0.3203092525552478,1.4418741036346577e-06,2.447839103193385e-06
261,0.04548081244604645,0.027279693737118374,0.011005273714302937,0.17486708494092626,0.15139144733827498,0.5698004651137552,0.009400458762510024,0.010774763947065773
262,0.022258136537468297,0.01840001456853681,0.008276347708733908,0.0998180743741947,0.5951039596716751,0.2058172754712614,0.03892147754080865,0.011404714127321178
263,0.028692189779912117,0.6746302207573512,1.0853954471669376e-06,0.032911004608175025,0.15001629009019138,0.046535350454601436,0.048788342870035625,0.01842551604428598
264,0.011522847286365202,0.3312872076909929,1.1091319545314513e-06,0.26231281980576543,0.0876271273069625,0.2692294221363608,0.038015902323902645,3.56431769586862e-06
265,0.08074378823008749,0.13157600299662037,1.4126332127111934e-06,0.08046573192255682,0.5482753147067969,0.05542135458392112,0.10351337250047742,3.0224263272749456e-06
266,0.0034692929078083204,0.2537469544942539,6.3218198870505814e-06,1.9495268965176143e-05,0.5499971923743672,0.0005250475081457222,0.19208934159821398,0.00014635402835878444
267,0.0511704198846563,0.17494147311977018,5.748523901777471e-07,0.03010861915217812,0.36661893763545467,0.14467378310195025,0.14518629154750964,0.08729990070609062
268,0.06108676438463539,0.22338191692878087,0.1494636212481831,0.08829083261457911,0.2586532420103023,0.10418161481134683,0.10503420573776266,0.009907802264409694
269,0.03915315239689641,0.005282881527931972,4.418753300292878e-05,0.0006241148263875429,0.5894792137728321,0.36537638987208937,4.9277015679857995e-06,3.51323692917132e-05
270,0.21349689966974253,0.3121433806244818,0.048367534952194834,0.06696816803333115,0.01240831777695459,0.3350949299266166,4.748476762327365e-07,0.01152029416900238
271,0.22212534015454063,0.2567131773869247,0.0348701805299298,0.24200249080228176,0.16139250069722436,0.06905258226834748,0.005277140356726011,0.00856658780402532
272,1.1643779458764253e-05,0.7307578337785019,0.00015091365941518806,0.004213893827971268,0.24174052031476065,0.022702712626840392,3.525896257613261e-06,0.00041895611679427803
273,0.06789033989575259,0.21365262032499857,3.13844607655708e-07,0.10972023228558886,0.38635770579891854,0.08311755739842523,2.7856703433663146e-07,0.13926095188467422
274,5.1424220325056e-06,0.012719911055866385,0.00037566746885577955,0.0008632681595774329,0.8743050061815791,0.11151729497332125,4.197643237287201e-06,0.0002095120955302163
275,1.9028596739630696e-06,0.16799327836242686,0.028646402924704863,0.05031507633755535,0.6277978937109332,0.09616464753191643,1.2691176477518887e-06,0.0290795291551415
276,6.958740498110334e-05,0.7997763355841777,0.0006411642895329827,0.00047265233736816227,0.18603030524336386,0.013000652919008574,3.3594791573962834e-06,5.942742410228151e-06
277,0.0009651898827981497,0.23980843387225576,0.08367975097778066,0.02596509036640978,0.48998468189813416,0.07339225308077327,0.0122769404988344,0.07392765942301384
278,5.26480310252273e-05,0.11025870044402251,0.003171730834343172,0.0012621402175124615,0.8803427258554474,0.00485089208883187,7.093274061855973e-06,5.40692547554703e-05
279,5.472224204832319e-05,0.12181683739198766,0.0009520494404985643,0.0023528198578338195,0.8672654423898988,0.007451201668459024,7.562941503906222e-06,9.936406776991521e-05
280,0.002292337383739631,0.2551314350355708,0.06027674807761011,0.038212018801609036,0.49708687609946434,0.07575224152960122,0.016741520520344267,0.0545068225520606
281,6.277451238698942e-05,0.14746777460074267,4.981588594652307e-06,0.010975500748231865,0.8373075447148544,0.0037333641866493916,3.204920494335276e-05,0.000416010443596736
282,3.2282743626369764e-05,0.22394069681728496,6.379042682082835e-06,0.0012912268276826539,0.7534878399081674,0.021052174641555524,3.79798028557835e-06,0.0001856020387154822
283,0.012759199733329361,0.1541626547959002,0.00020189335200983616,0.3467424984338304,0.21201176934680183,0.06023416997656222,0.0016844005272457511,0.21220341383432037
284,0.0002358320220613009,0.5951719792418291,0.0011802236295316445,0.0006066562311927103,0.03399063311090571,0.363786740497046,0.00011461775180684363,0.004913317515626698
285,3.974438978780047e-06,0.7585350623604952,0.0022878713902752526,1.5406571612845396e-05,0.0004004365467911656,0.2097056288785597,0.0029865548367496992,0.026065064976537315
286,0.008346839722005815,0.23334419434494227,0.046801437389478326,9.058295195869956e-07,0.028225150495081164,0.5774620535412626,0.01325700020826382,0.09256241846944646
287,3.4723980357546227e-06,0.195209012265691,7.07826807444598e-05,0.0005889395752114361,0.0037893587123151553,0.7651087627520451,1.978950637768545e-05,0.035209882109579496
288,3.5432345242755607e-07,0.17823271503271915,6.466962797756949e-07,7.658100176354716e-07,0.4359338416498065,0.2791844180049051,3.9521319440445664e-07,0.10664686326962494
289,9.537001234624797e-08,0.16288973944264193,0.10044309535033763,0.09695221321215199,0.15976404207423225,0.16978506632871293,0.013191324733983377,0.29697442348792763
290,6.938671220421103e-05,0.29023444317900243,0.0021791723419008527,0.0022671594328752625,0.011491682953971563,0.6934451401709837,0.00030669874227840676,6.316466783659964e-06
291,3.714081204042782e-06,0.6610977759073129,1.7575954045991632e-05,0.00035419375800885234,0.0010054490779319817,0.3086514472164749,0.01881494750107134,0.010054896503950079
292,0.016855705106433024,0.5667340198158423,9.648436049585788e-07,0.0026924622760973937,0.018235243129178718,0.3261112179168278,0.012560736456641033,0.05680965045537474
293,0.042548293744710114,0.5136474303864198,0.012892782395330364,0.033228555225655265,0.06811951855997597,0.2181501014080886,0.02764641361172999,0.08376690466808988
294,8.009873226185754e-07,0.654440347482051,0.01595956105060371,0.011746784418229446,0.01270509677846494,0.2503976196696001,0.032914962186159996,0.021834827427568163
295,1.354823548244661e-07,0.2556437037183431,1.775100898803772e-07,0.0441477531635528,0.28329337804101756,0.29549831641319774,0.12141635933858853,1.7633285562968604e-07
296,7.305521169258937e-07,0.778357573522622,0.005569563754559671,0.017911359498957884,0.10791594470981536,0.015476107401928375,0.019824847236694296,0.054943873323305414
297,4.812783809264488e-06,0.9584363620659172,3.7725591460904066e-05,0.00013175107667669637,0.032958466483497616,0.0048299568662551464,0.0005838192691728471,0.003017105863210396
298,2.4217403047999728e-06,0.9005068217794229,1.1347605360644125e-05,3.349857291823431e-05,0.043329073322293,0.02448445631674768,0.025331952830175263,0.006300427832777536
299,4.601295686796431e-07,0.6241192964834803,0.028518789256464644,0.034929880303532806,0.023765477097304557,0.00968886349160322,0.04375177435667094,0.23522545888137483
