oos_period,model_1,model_2,model_3,model_4,model_5,model_6,model_7,model_8
200,0.12596588503157538,0.20952841501357655,0.05023813961271893,0.17066567674408328,0.07208104946047739,0.05423758517576156,0.25418076430073133,0.06310248466007555
201,0.10748856335825568,0.1711563773438578,0.051997324078614786,0.16636405999427545,0.07810628466573351,0.09175360396632648,0.2474120731958711,0.08572171339606521
202,0.10536003497817589,0.16903385476858934,0.05619789092412046,0.15212609951594505,0.08758457343380113,0.11227653239829069,0.23352901194311357,0.08389200203696372
203,0.12450540560091969,0.18450750431352936,0.05742422360249282,0.15777073274446066,0.09127008689728858,0.06393570511147456,0.24471663356242787,0.07586970816640642
204,0.11130404980914355,0.18429667985226975,0.062498097484825973,0.14346127550944784,0.12290314361738879,0.0610661923797145,0.2426613318628502,0.0718092294833593
205,0.14549662133730434,0.2225146934238321,0.015806423161521477,0.16638795082438376,0.0679682569765901,0.07623725973045313,0.23063844899463357,0.07495034555028143
206,0.1420591404173918,0.17786277898629613,5.160984982505091e-18,0.19499584670012285,0.08046275906176119,0.10231997120747569,0.20010351683891284,0.10219598678703955
207,0.15903966492694785,0.19390614159883032,1.5864225652897734e-17,0.16163110981749979,0.09896504423546629,0.09662352237047404,0.1965779662986863,0.09325655075109535
208,0.16106971685000138,0.19954931238639942,0.0,0.16209237728306908,0.0975225425172858,0.09200545032212604,0.19604353868114774,0.09171706195897052
209,0.16138073776244583,0.19172731418111727,0.0,0.16081201558799782,0.09792786224349262,0.09600536394957564,0.19539036037300528,0.0967563459013656
210,0.14612008539589602,0.19274121622032683,2.1990245860120526e-17,0.16881359774328503,0.11302503188091863,0.08267216536576096,0.20320957549683638,0.09341832789597605
211,0.19500613982277343,0.1756049293274618,7.811417248910151e-18,0.14231703017047567,0.11482471827593252,0.07689353193142807,0.19053844584870203,0.10481520462222653
212,0.17602432121085182,0.17892736071208887,0.011112073755585818,0.1199345544396267,0.11836584672341745,0.09002285276910271,0.20092545202207732,0.10468753836624932
213,0.142249461760353,0.18352143647483393,0.02087251175419895,0.12365161342600718,0.1236092567843006,0.10107118571026573,0.20710670861648262,0.09791782547255792
214,0.14422069600138482,0.1946116730556469,0.027739217352891414,0.11281471799746842,0.11921495527516927,0.10583294175913317,0.20744611396121784,0.08811968459608806
215,0.12627436777528717,0.18821543850857975,0.047246504882987525,0.08942419538460225,0.12102536457640709,0.11889029814622304,0.20508597457349786,0.10383785615141526
216,0.12391817503824847,0.18909112246344817,0.03181787702628853,0.07679831280129742,0.12648383197898566,0.10966680078596211,0.21098025428456615,0.1312436256202034
217,0.1285628429771269,0.1941151066479441,0.04656606620668594,0.09562991467949115,0.1256483174115589,0.10265078233352447,0.21176473131457615,0.09506223842809235
218,0.14005230871509497,0.18970157659981896,0.04490002898498199,0.0899621793611041,0.12076204698243295,0.1060386052941565,0.21052811283879255,0.09805514122261796
219,0.15840309370102457,0.1920877824617377,0.05189091482617079,0.08816695626155595,0.10349388080051024,0.0963643839777223,0.20728963058478697,0.10230335738549139
220,0.160131018157668,0.18903466997271515,0.0658102362446996,0.07489801224939664,0.09818722039880992,0.10381822847567866,0.20162093495866815,0.10649967954136377
221,0.17593397075557748,0.18707019835890545,0.0630520203807349,0.07260095085117661,0.09578315639995089,0.10363633589161406,0.19588514640525936,0.10603822095578101
222,0.16543691990464368,0.1807326768688709,0.0785314645100503,0.07625490401730847,0.0964659962694221,0.1081670348617349,0.19192313869142832,0.10248786487554137
223,0.18403802396888694,0.189238236162143,0.074974102382682,0.10855210912740335,0.09562443050241184,0.11312141235166348,0.15793418424378325,0.07651750126002611
224,0.18760829918892902,0.1922274565885477,0.07645920704198012,0.101041618417335,0.09681160700819066,0.12015737922204917,0.15560043867094323,0.07009399386102505
225,0.20728469707616196,0.21847847843692605,0.07730341431282166,0.08395842820138431,0.08089640937974503,0.10589321766986501,0.13093383237971154,0.09525152254238443
226,0.18855938899559574,0.2180291376072449,0.0633230669914388,0.11112962616385015,0.07805023429065319,0.1078903151791155,0.11608260008366797,0.1169356306874335
227,0.19276474933935167,0.21448119851504263,0.06940208708273304,0.09725710849753202,0.084879371997369,0.10208267618785981,0.11951763983569462,0.11961516854341711
228,0.1928504313067007,0.21629300250621306,0.06392364935757744,0.10824698007182307,0.08819390906029213,0.09790396140770465,0.10867646400283822,0.12391160228585063
229,0.19054528649946306,0.206145218431173,0.06792786366103833,0.1182154525404759,0.09527709350736537,0.09277184837750062,0.10029353678658577,0.12882370019539785
230,0.1861462732383218,0.20950031555534004,0.06255058501412772,0.12505198586086191,0.08812710644398102,0.10375229740771143,0.09688295322620412,0.12798848325245185
231,0.2064973652360957,0.22800370856017435,0.05419821669647918,0.13600132271409365,0.08402926736181474,0.10169078555393059,0.0889927500106795,0.10058658386573226
232,0.18845878145135733,0.21525111540211564,0.062018318195230404,0.1247852739214663,0.08474180988441721,0.09301632739136398,0.11474854639683257,0.1169798273562165
233,0.1879077329346931,0.19845323275752846,0.07146357856209341,0.13693863976395368,0.09590278295715388,0.10015607708418625,0.12404041409686044,0.08513754184253075
234,0.18275441504314802,0.1891387752392462,0.08274774878860142,0.1472835979232773,0.09970784744760443,0.0988534754496349,0.12516356761276282,0.07435057249472485
235,0.16048862620177728,0.18175760858142476,0.09182218532683656,0.160192867558851,0.09830505114820773,0.12382595426971663,0.1260915307328706,0.057516176179315516
236,0.1707594412144118,0.18139366120070768,0.10520228914279002,0.16310306919231315,0.09170333113223594,0.12219610158848905,0.12782382333176584,0.03781828319628646
237,0.15822354840466984,0.17927101863177772,0.11498950719548828,0.17160388003555743,0.08996652591126789,0.10695584200057584,0.12661920754563216,0.0523704702740308
238,0.15516227906307511,0.17970765897686625,0.1142315369366123,0.16839231047148573,0.09216828248185487,0.10539262211832826,0.13215972917343385,0.052785580777343515
239,0.1596600937772002,0.16521437918220677,0.12838054704476867,0.17298530662809633,0.10346960940414464,0.10051711805619457,0.12800099365129344,0.0417719522550954
240,0.16028936676888417,0.19759749558636408,0.13766426605730506,0.1813645949724343,0.09841429388367616,0.10296680706018688,0.1006853640947205,0.02101781157542878
241,0.16183303397426305,0.19900685921180097,0.1395442967363656,0.17286171190828825,0.10002583423664031,0.10252717908865558,0.10439192403820781,0.01980916080477837
242,0.15321362896818888,0.18935185152038642,0.13199262787912058,0.17088334765231525,0.1048866872660234,0.10609127404686221,0.09921617323492558,0.044364409431177636
243,0.1736985769407419,0.17726535251000672,0.19533225825906123,0.1461487187228143,0.1327154611867466,0.07046800484248171,0.0921511491370996,0.012220478400047835
244,0.130162865086707,0.18269361655735322,0.1707062707394367,0.18204452226641823,0.12766026531346347,0.0802285726800629,0.09893200840683829,0.027571878948720083
245,0.1548108886033188,0.17732822099547457,0.19092725423209597,0.16087368049960898,0.138993979480952,0.048728338350284006,0.12833763783726565,2.5780506540842914e-18
246,0.1351600627958677,0.15762255486896182,0.2364528895276644,0.16832030156779004,0.12801436413543824,0.038214711464043635,0.13621511563923402,0.0
247,0.139034679321551,0.16206317125541386,0.211180577618313,0.17035440801212795,0.13162475791887027,0.041865554697366456,0.14387685117535728,1.467462081803946e-17
248,0.14480501129526213,0.1691494304069493,0.20005641957885573,0.150328547850836,0.13574871927499152,0.035231755197143756,0.16468011639496155,0.0
249,0.16625090066456547,0.13646610581214677,0.22452830009712246,0.13727530133790738,0.13011294275954177,0.05547903903063713,0.14988741029707892,6.915568734115297e-17
250,0.1740221589040234,0.09764728697803911,0.23320570245630645,0.1291251377010062,0.1324503166207415,0.0628364860729149,0.17071291126596833,2.6144000261308898e-17
251,0.16683362765248896,0.10835166749483387,0.2336978663390548,0.12606689621301648,0.1224350379061193,0.0945148161497036,0.14810008824378296,1.6085070505422544e-17
252,0.1612805246648452,0.1062093559473786,0.24577716100410132,0.12047167271092842,0.13634238232308282,0.05584710266872474,0.1740718006799389,2.2253196650683524e-17
253,0.15189437064571795,0.11242828861197654,0.23550445777562737,0.12206023077580165,0.13472514840568073,0.08616462793061022,0.15722287585358535,3.8411488320066013e-17
254,0.1483347111269029,0.11491957661607645,0.23359116881063638,0.12255595811505066,0.13585541215091282,0.08405774463529488,0.16068542854412585,0.0
255,0.14291375749841215,0.10310702170918844,0.2357576427522567,0.12803721282852062,0.138349503526399,0.08846127440878165,0.16337358727544155,0.0
256,0.13941875167910237,0.10504150720921855,0.2590710046894532,0.11889135159473585,0.11548050675016722,0.07456213950355327,0.18753473857276956,0.0
257,0.12747242546934853,0.06760814675404891,0.2747813735353979,0.13835892877992664,0.08817440276007209,0.12596995370429512,0.17763476899591077,3.603489915853003e-17
258,0.12735103807982973,0.05766752623087993,0.27556229562531653,0.1404377623994142,0.08960979877347203,0.1295145081774923,0.1798570707125951,0.0
259,0.12690835274723616,0.060083987807474704,0.2738427808915426,0.1404760559022694,0.0872236106778744,0.1342265431005598,0.17723866887204276,3.330517666732817e-17
260,0.12420459175578177,0.05932693978513951,0.2771905413268862,0.14222869739211455,0.08814708904815598,0.13577300409275164,0.17312913659817022,3.0193941718593124e-17
261,0.11022931133715728,0.07088507251464007,0.2520375881677856,0.1779198992105709,0.08299068681235944,0.13829494194081918,0.16764250001566752,0.0
262,0.11232093041089053,0.06747440839319842,0.23527419458158644,0.19021716365019545,0.08434638192875588,0.135374448717983,0.17499247231639029,0.0
263,0.12381610171438051,0.07345634307869173,0.2275402554422332,0.19295099056048676,0.0799188370232765,0.13081717470685392,0.17150029747307738,0.0
264,0.111152400186676,0.07046728850466258,0.2298451433690151,0.21598664601940415,0.06432344032040227,0.12032157400015495,0.18265012698034794,0.005253380618336946
265,0.11266041704437477,0.07985791879369354,0.21801728379011417,0.21972191256519755,0.08570124041977716,0.1080446132278496,0.1685748876078247,0.007421726550168393
266,0.1258172726000984,0.06503059513481646,0.20300457056910773,0.21920662287388215,0.09200188731981769,0.0996376729800717,0.18834206583258925,0.006959312688616602
267,0.12519189402107958,0.0526915843359039,0.2093886387608169,0.2305570533274937,0.08906615730541825,0.0921354871559913,0.19483929338909822,0.006129891703197992
268,0.12325523215322942,0.04127291391943055,0.19972083718715813,0.226902217064011,0.09594946584682165,0.09844842121674979,0.1944119200669492,0.020038992544650185
269,0.12345920134051049,0.05417975034080416,0.17860687670617828,0.23022253032767775,0.09807417748355472,0.088663098591556,0.21417020131494016,0.012624163893778477
270,0.1276239023501211,0.04845658138578449,0.16398822299239055,0.2549752935018059,0.09678599639602825,0.07519858388833503,0.21964344825481763,0.013327971229716924
271,0.13405001834966632,0.044927102222666895,0.1617841869243637,0.25789978928564944,0.09336840518203629,0.07583298159976458,0.21901798152045354,0.013119534914399196
272,0.12749087376239515,0.03433132896205765,0.16082269681478442,0.2682879263534788,0.08667635606372494,0.06925899160545858,0.2193365478122449,0.03379527862485554
273,0.12194958151513052,0.02973615347276531,0.16119476973835672,0.26008653942092386,0.08740315134293815,0.07030003546166616,0.2331205491670869,0.036209219880132336
274,0.11706607152062108,0.024200676712796396,0.18492132554878676,0.23068604821159194,0.08459361024107005,0.05780175683850687,0.24980106980712952,0.050929441118497315
275,0.10558375791374425,0.036875288528200045,0.18626393369318983,0.22814433887753535,0.09040023401003731,0.060011096165781035,0.24261926654277488,0.050102084267737164
276,0.10470948979523258,0.030930825733551943,0.19093740366345255,0.22809806756095988,0.09062796344612875,0.06183179274108552,0.24725935791949405,0.04560509913909462
277,0.0996786105431807,0.01722646749922357,0.1731488189572546,0.2503292648631781,0.09015373614388271,0.06260928256229757,0.2537820646501013,0.05307175477988146
278,0.10336024101388788,0.018565277073083242,0.17795906519706567,0.23547850860398362,0.09314228893869789,0.05073156823649158,0.26590724008554123,0.054855810850248765
279,0.10046757300881272,0.008496096559150564,0.18339634040133568,0.23487734744252584,0.10809908800628869,0.049290759981389945,0.2636316246173599,0.05174116998213654
280,0.09029033183562696,0.009687630909015218,0.16615862335074963,0.2344805314923723,0.12179120840663875,0.04038690249258568,0.27485804005165654,0.06234673146035482
281,0.06886010309141664,2.3551322631463708e-18,0.16182212546796262,0.2336259441512965,0.127427510814713,0.050323382491057146,0.27976070964720207,0.07818022433535195
282,0.08305686738535034,0.0,0.15695334005177652,0.24503228606349112,0.12979759987020223,0.05245852119058248,0.26711632893202747,0.06558505650556976
283,0.10020892756106495,0.0,0.16220240510397518,0.23377707068655024,0.1154329696473385,0.040702344434216574,0.27448053496447306,0.07319574760138146
284,0.09920395619096589,0.0,0.1481953430436021,0.21820929382392953,0.1266941302052389,0.03575246626164822,0.2911067156172733,0.08083809485634187
285,0.12510111791070558,1.1018118551089214e-17,0.13331888881167261,0.20398749618785716,0.13577968447623223,0.024652918014852483,0.2822521072268033,0.09490778737087667
286,0.12654072698980154,3.7771115652897164e-17,0.12373650361563225,0.20433689825926918,0.1386163697478963,0.0248991863431834,0.28613224151331773,0.09573807352989949
287,0.13227529430501653,3.7235535274037303e-19,0.11102674400415606,0.20209340725524372,0.1557273432449967,0.03990368659841013,0.2822700908201745,0.07670343377100229
288,0.13703773372084824,3.3262560322169473e-17,0.10971380520121402,0.19657837821743473,0.1583999770196348,0.029000311621752015,0.28651215552918546,0.0827576386889305
289,0.13419841429777032,1.7643448137105666e-17,0.11300859025134287,0.1802769773288174,0.15178950890762774,0.03495203860756469,0.2880538813601921,0.09772058924568486
290,0.1293822747061325,6.9048537673325406e-18,0.10967257177559123,0.16669772149167109,0.1415479013493051,0.03575302963817739,0.30034399152536795,0.1166025095127547
291,0.12160936372028402,0.006204390675902162,0.12179514476991729,0.17867688149637576,0.15228511080100363,0.04412633396545131,0.2636484807804474,0.1116542937896183
292,0.1302443252883231,0.00782322010242898,0.12358479219213253,0.17954993026324118,0.14574785395813997,0.04234883017066529,0.26573927901253047,0.10496176901153835
293,0.13718254580326267,0.016052341848908244,0.12328150263961941,0.1691395540310498,0.13915359057518267,0.053327433310444323,0.2709806647692694,0.09088236702126341
294,0.16225292727433616,0.0351313002481635,0.1097075950890193,0.1555502501594682,0.14403668580892817,0.03477750254341158,0.259911197404114,0.098632541471559
295,0.16537261193905606,0.03968400420486561,0.11155195789393198,0.13584718677696245,0.15526441054685328,0.045448718066130114,0.2346245918525872,0.11220651871861326
296,0.16368111731300758,0.041467183280087874,0.1105240416816205,0.13848150767011186,0.15125114911389165,0.045652171572156675,0.2370565428799671,0.11188628648815688
297,0.1829670736937584,0.04443891632264793,0.10892361995333477,0.13297063081945254,0.12140790545962069,0.036451088354296245,0.22961153384646155,0.14322923154942793
298,0.17487981605101796,0.05849310719916384,0.10575574418079907,0.13091578439646953,0.1286330261883054,0.04421722689710538,0.22542338781283974,0.13168190727329898
299,0.11758341791081856,0.12502385465186158,0.08509432215219156,0.12249315277967017,0.12663914676247356,0.0001636238228045249,0.2396385930146923,0.18336388890448765
300,0.1073159855111256,0.12946515812702233,0.08819572229108381,0.13706643922820808,0.1307474280693957,0.012770657824233754,0.22447723181942106,0.16996137712850964
301,0.10928380796377529,0.13465326353305987,0.0834628240503402,0.1408911881936582,0.12635262447889795,0.003914773284562433,0.23529635565834464,0.16614516283636138
302,0.13311886610553747,0.11801965107001128,0.0702488812475714,0.1977037964595813,0.09454758322277922,1.109521509290153e-17,0.23220987293417802,0.1541513489593412
303,0.12447799912337003,0.12558151789831123,0.07330330007491095,0.2119250027892973,0.09058576218880171,1.770250677033153e-18,0.24868812145463295,0.12543829646967572
304,0.11480115457824677,0.13401587616716357,0.06250330159213446,0.19657306648801276,0.10559362251537915,9.506224297245905e-19,0.25060126782468795,0.13591171083337533
305,0.12221215176113315,0.14488210065442425,0.05921354556844798,0.19672523271457826,0.1027848211055634,0.0,0.2443409252747305,0.12984122292012237
306,0.09893741441370861,0.1589989674989313,0.07912083929355272,0.19382732391661145,0.13555717997959962,0.00961250590486665,0.21787842703411936,0.1060673419576101
307,0.08504623089791839,0.1518893952355911,0.09038579266045872,0.17861215119944354,0.13243409769847847,0.0,0.2641898514126473,0.09744248089446239
308,0.09936571903651015,0.14765206946932075,0.0882656174501695,0.18942058017393448,0.12561727286333738,1.0227671375179235e-17,0.24541846151083413,0.10426027949489368
309,0.09681089137499664,0.15379445240440637,0.10342675662525491,0.18769026251089385,0.12962315010978379,4.290963031667588e-18,0.22942184486013736,0.09923264211352699
310,0.11529989588986997,0.16030741404719664,0.10455971795290679,0.1711547777450615,0.14222018958931645,0.0,0.2115153233205397,0.09494268145410886
311,0.12244028685491481,0.17466260816558377,0.13827688626333748,0.1512350770466375,0.13859074069232558,2.3446468943254502e-17,0.22351288621432117,0.051281514761879685
312,0.1361665905155812,0.16917396023433406,0.12357229678295596,0.168134123818411,0.11868244613128968,0.0,0.22271798971302592,0.06155259280340214
313,0.0987109816971171,0.15130653164699615,0.12546069190227008,0.15862207292247074,0.13671333233669303,2.908906686365166e-17,0.24519076720068106,0.08399562229277184
314,0.10867779455703755,0.1506351990056525,0.12471234054352916,0.15184174067036146,0.15912182781986597,0.0,0.22490030223946922,0.08011079516308411
315,0.10397830963561955,0.14872757974760442,0.13426368420979728,0.14736960443058902,0.12998759422415598,0.0,0.24903529546339565,0.0866379322878381
316,0.11497653056004063,0.1595044156169019,0.14464692970402065,0.14806588939186308,0.1323938406957385,9.388830824712496e-19,0.2129516304673015,0.08746076356313365
317,0.11849982659563664,0.16066366138709096,0.14350530793073632,0.1478358787719851,0.1348829155704413,5.371512374566977e-18,0.20250451478986475,0.09210789495324491
318,0.11553762482854664,0.17463100610807097,0.1639468244449104,0.15088963988557735,0.1233797255835994,2.6420817126852223e-17,0.20163927222075043,0.06997590692754473
319,0.11172796388505579,0.1517656537310707,0.16929146142682872,0.16271511482658185,0.12543643332583237,0.0213304372538533,0.1787057654003585,0.07902717014941867
320,0.1126306822760933,0.1589773522730566,0.16964421562000634,0.1469602081065865,0.11202619595892964,0.039761939644322036,0.1796083296240577,0.0803910764959479
321,0.1059848934177496,0.15841438748982978,0.16363207517677086,0.15061645590611353,0.11619243031495988,0.03708732154667532,0.1835838260757399,0.08448861007116122
322,0.11636422373465156,0.15291737647118192,0.14827631110035486,0.13323049817702234,0.14679201880025947,0.0579463305812037,0.17272479058503126,0.0717484505492948
323,0.11024622929612599,0.16154836365969483,0.13471001487718115,0.14235506393999348,0.15626425930680238,0.04114494641367185,0.16414868588205256,0.08958243662347773
324,0.10633949391178897,0.16396071373717536,0.143902338002713,0.13366948955943295,0.1565601030954166,0.047189690124504455,0.1673179084272515,0.08106026314071718
325,0.11182336150127048,0.16174220872934802,0.14609775591492286,0.13003476429681526,0.15530788397800094,0.050329814142743436,0.16971252134512832,0.07495169009077068
326,0.10871123572083329,0.1704045339527685,0.14093638442515857,0.1308440902289915,0.15137771788701088,0.04524518458198449,0.16158437993755181,0.09089647326470092
327,0.1157274780140186,0.1783812738157788,0.13981083585466847,0.10892245720667998,0.14156448260449694,0.047036598936210025,0.16220229997199404,0.10635457359515317
328,0.11872082264006328,0.1761637265225512,0.1359635271412145,0.11650640258820351,0.13391934959142313,0.05272000009629003,0.1560120017449251,0.10999416967432922
329,0.10857666582145276,0.1843724353742656,0.1379948817100993,0.11192511584788624,0.1325352967530852,0.05887159375031066,0.16293093509442175,0.10279307564747864
330,0.11950724560957338,0.18528702070035724,0.15710163651923822,0.10564021903595511,0.1322558571484685,0.06255794773920693,0.15165070161357447,0.08599937163262608
331,0.1143916951735675,0.18233139332494575,0.15647230162955336,0.10492630247620674,0.1367092762920361,0.06568561763768124,0.15286838599004668,0.08661502747496246
332,0.11032159818901988,0.19790947447896096,0.1535237885113087,0.09776357460277058,0.14083735816032797,0.06912489258665916,0.14626539326365562,0.08425392020629709
333,0.0849402551934091,0.22212618673870752,0.14444250617479004,0.11808539755660233,0.1497523964637675,0.07205964902766426,0.1340718517839388,0.07452175706012028
334,0.0914294139902472,0.21932116691556533,0.1495756831465598,0.11585443728531969,0.14494273874383135,0.07535293292191705,0.12838992746701458,0.07513369952854485
335,0.10982334680769149,0.19804596589802695,0.12711490017645088,0.1445448817793914,0.1362451698008112,0.08156053416370326,0.11212876268438454,0.09053643868854024
336,0.1206464137498694,0.20255577746549555,0.12981578455675052,0.13827102745553366,0.1276405094586133,0.08461741123463788,0.09513999221201888,0.10131308386608075
337,0.12753283962561232,0.19607398198674308,0.13195171154682697,0.14710492637924374,0.10837876932222891,0.0858453084670207,0.09010408664788021,0.11300837602344403
338,0.11621681693926728,0.19908355235297043,0.1268757534977672,0.1362114406780737,0.13440368518305468,0.06802463709466092,0.12455687677994538,0.09462723747326053
339,0.11755376204538819,0.19571726208744628,0.12728466935885863,0.13718005771130204,0.13143791197433027,0.06806128554524216,0.12666597313936317,0.09609907813706924
340,0.12799923302247682,0.19748259139840088,0.12803685402205905,0.13628995396680654,0.14409600273181733,0.06723256302447908,0.12439542505186404,0.0744673767810962
341,0.12582456123074004,0.20512886270300046,0.1401633717642843,0.1258690369774169,0.11659486998701579,0.06962102405316743,0.13177036633145578,0.08502790695191934
342,0.12941795620530008,0.22091014888111205,0.1409818352089922,0.13861900513522404,0.12585795900979743,0.07745006150002888,0.09192057110817352,0.07484246295037165
343,0.12121412478441745,0.20909072465627643,0.13203053528731987,0.1520123008944448,0.13446534667721408,0.08849974151622535,0.07906034531765582,0.08362688086544615
344,0.09672498252658819,0.1852788964989838,0.15200482781882393,0.16249800178860022,0.12005020516360705,0.10377399822398169,0.08779641977434113,0.09187266820407392
345,0.06418494764087607,0.21211107137742946,0.1352161075997296,0.18099945460366487,0.1062789543826195,0.10230115072905689,0.08694165851163847,0.11196665515398506
346,0.06895532021462768,0.20987486308407757,0.13256150655476143,0.18117230331525713,0.10904660260599701,0.1028291161208144,0.08561184364381605,0.10994844445964867
347,0.06191057748620898,0.18119148587690243,0.16111291287382482,0.1793285056450274,0.12349313685120056,0.10136886059579825,0.08654003761046945,0.10505448305956806
348,0.08096623953686966,0.15161623805500812,0.17477710562984028,0.16090830470963388,0.14469700983414016,0.11914341628094516,0.07958332627155555,0.0883083596810073
349,0.09639996586583365,0.14516867522568594,0.1497452990035122,0.14748582428426182,0.1762311239151234,0.1304723878700768,0.07642653099777194,0.0780701928367342
350,0.0885747066888925,0.1482186059489697,0.151101210758534,0.1521467536040133,0.17128768730854024,0.13679775905642172,0.07271435829141974,0.07915891834220876
351,0.07942437604211973,0.14611451066576903,0.15060599588676946,0.1558433609984029,0.18507093913102335,0.1336981866388298,0.07074744312772455,0.07849518750836114
352,0.08036851124531397,0.15791698235816712,0.14831786347719025,0.11769935666384394,0.18049478350035122,0.1443398344768273,0.07882705347931027,0.09203561479799582
353,0.08621164761561671,0.12761125595012127,0.1519746672764303,0.09881883579369746,0.16763772067644878,0.1512188048698002,0.06782585580613859,0.14870121201074668
354,0.08933713479500016,0.12278711185696453,0.18748760220983673,0.10659104659758074,0.13477276658622706,0.17257301485444837,0.050858365671309684,0.1355929574276327
355,0.08521535998880356,0.10830728943243717,0.20853087441711238,0.10051267682753831,0.13558848846519675,0.1740083593980463,0.05836837431963002,0.1294685771502354
356,0.09108106151367625,0.09645004007707803,0.20107118788134246,0.11051036630554638,0.11669787239042521,0.15580438921467457,0.08253522422984133,0.1458498583864158
357,0.12829732187123732,0.14848316314998966,0.13030605008842816,0.0670503008153615,0.10127061862436577,0.1616894403773277,0.09673203192360143,0.16617107314868843
358,0.11833718597077507,0.16169970358987212,0.11443139611291171,0.028938068313074168,0.11070556231966923,0.18476842373693306,0.12185046041034789,0.15926919954541668
359,0.11459180967599966,0.14648684577569282,0.09846681430580735,0.021107377946483766,0.10314295802565955,0.205988783994225,0.14757001246746496,0.16264539780766693
360,0.10839165026171844,0.14291596966362527,0.09796782516623849,0.031713842283038036,0.0985496401149561,0.19659248923821912,0.15846445269889786,0.16540413057230668
361,0.10346495201739281,0.14452470036661047,0.09277868987859696,0.02133296311775833,0.11508119372078406,0.20949640459957447,0.15085747365239513,0.16246362264588776
362,0.08519648790574354,0.15532405690862666,0.11614817653502062,1.7743130018363107e-17,0.11609587879732923,0.20842917868926777,0.15889897644399856,0.1599072447190136
363,0.08538117240582548,0.16568500865285218,0.10855310116764925,4.29795973887886e-18,0.0980379243828589,0.19563564013400747,0.18732623471394053,0.159380918541866
364,0.0907342643114583,0.17669484481569575,0.11026664771403522,5.917703041757645e-18,0.10068225301641287,0.1994062116736489,0.17038161378166497,0.15183416468608396
365,0.09529809466000827,0.17299610627807116,0.09938964618156046,0.0,0.10407964349058949,0.19691325189881426,0.17327145358776477,0.1580518039021915
366,0.06539444168718248,0.185382438870351,0.10090706227466284,0.011878720917865185,0.09719382601324889,0.18448388504959518,0.18945751041830033,0.16530211476779402
367,0.07320268327115909,0.2027676861782991,0.0858787613937934,0.031730450539000574,0.08392537860614799,0.1885980643167253,0.19267399541147603,0.14122298028239846
368,0.07242360560730565,0.20632734140983539,0.08886670624443076,0.032719397554469495,0.08482662414230117,0.1929068524244004,0.18489889513673669,0.13703057747952033
369,0.08604285234407526,0.22526946291533262,0.08111898243812034,0.009434609635953555,0.09114476849335745,0.1953268125452052,0.18439870075718864,0.12726381086976682
370,0.0838632781925684,0.22081714968635105,0.07344110470033287,0.011378278634661211,0.09427055494208154,0.19525734702000017,0.18280169912719718,0.13817058769580748
371,0.07739247360106935,0.248370595131279,0.060497891224514565,0.021549712643900917,0.09308183188932452,0.18103699051021857,0.18274573843765918,0.13532476656103395
372,0.13816337608826934,0.20067100280590458,0.04830888134019236,0.03229384087514453,0.07257786211799377,0.1945497287020663,0.1975660041448722,0.11586930392455685
373,0.14315575356288718,0.1978612135026452,0.05791427401961829,0.03683798369466012,0.06523223325079887,0.19831482069539005,0.19077354076589717,0.10991018050710302
374,0.13358406307054368,0.19238702266462657,0.06488508350274033,0.0366459449801145,0.0797448492449381,0.19467323442938417,0.18842220288168907,0.10965759922496363
375,0.136814150945164,0.1882535239624451,0.06525909818340891,0.04472912848243883,0.0913096868626155,0.19030195717500384,0.17676842747280092,0.10656402691512294
376,0.14379437493132388,0.1916230625326588,0.06488463869766933,0.047301837516312215,0.09128644127743109,0.1948928832039915,0.16540027757193043,0.1008164842676827
377,0.14097522560681072,0.18994529327380757,0.06941050759852259,0.05219262793665748,0.09406400466250232,0.19232751754350125,0.1648445649450421,0.09624025843215585
378,0.14657798688465584,0.18123007719023107,0.06881236850157986,0.05554489339218908,0.09926018063888624,0.19152322886162088,0.1602926885327437,0.09675857599709328
379,0.14356469103304847,0.18128560126112192,0.05486273586268017,0.04709445157284215,0.10141080735689409,0.20271503951100256,0.15982709476610418,0.1092395786353064
380,0.13572868033278196,0.17953465618321654,0.04281495282532069,0.05027692992092236,0.10247778871448132,0.20007071018298236,0.17027458662720696,0.11882169521208774
381,0.13434443830566942,0.18207467052101226,0.04388792585266495,0.04838931290184227,0.09962749876632081,0.20008494801120677,0.1724974857144056,0.11909371992587789
382,0.13872187740540598,0.1934982745742352,0.048057812061884565,0.05175514240974155,0.08936830724032986,0.21001691112304405,0.1521889606925246,0.11639271449183416
383,0.17363536672083243,0.16559397024447964,0.0622240333472164,0.048736215119653745,0.09185247382950266,0.1917407478923794,0.1642332851514644,0.10198390769347117
384,0.17407487981794667,0.15643744757258898,0.06109467599792945,0.038569982070646734,0.10767533626069697,0.19138001968695847,0.16416264254119695,0.10660501605103571
385,0.15348208230878083,0.17784161740820195,0.08421407524323879,0.0,0.13361843981526614,0.18088668715862205,0.15810759595102467,0.11184950211386552
386,0.1386829335830233,0.16725915916386627,0.08028752042669254,0.00420858252913583,0.12731546561124624,0.1631136643624367,0.1815548717617512,0.1375778025608479
387,0.14379096255143814,0.1625988951272911,0.076559270596546,0.009115444663327147,0.13031875701169435,0.15825123618282572,0.1812552912867287,0.1381101425791488
388,0.14905245224221877,0.1775362627289043,0.09119972492824654,0.008784389531561744,0.11678518662584096,0.14335340175519878,0.16215151758433818,0.1511370646026907
389,0.14761954614775508,0.17645066570213716,0.08984853973852003,0.008674915916377953,0.11611644316761319,0.144175147663547,0.16510533290302273,0.15200940876002678
390,0.15131063204174375,0.17903012750364666,0.09589102985042211,0.002171862815552199,0.12292781905209763,0.14153665527057654,0.14326104543876994,0.16387082802619113
391,0.1593212425707841,0.15755848629966662,0.07392283536237024,0.01715795682665915,0.13590772120600256,0.12696669871307806,0.17329751638937435,0.15586754263106484
392,0.15425253137670045,0.14329520953194003,0.08105014246493976,0.014946784077334992,0.13880460726873103,0.13400889834258362,0.18464663225350342,0.14899519468326666
393,0.13894614493200141,0.1536817695475032,0.0881692198233444,0.007893403519553456,0.13558458865398154,0.1445037760452019,0.1785706103815987,0.15265048709581538
394,0.14413747927495899,0.15681394981093535,0.09300720018165527,0.0,0.13737367975388712,0.13587247848646503,0.17289845721085478,0.15989675528024358
395,0.14260368402124046,0.1552701276763808,0.09307053067471469,0.0,0.13019553763994593,0.14617031299005093,0.1864522603256606,0.14623754667100658
396,0.13229211937315774,0.1520368810841227,0.09589639307977739,0.0,0.1271142031351711,0.1515073244722593,0.19765354070259275,0.14349953815191893
397,0.13032126886255715,0.1536280558958489,0.09149412001365477,4.089509876043895e-18,0.12714351970083992,0.15550754379709555,0.20137741618915175,0.14052807553985186
398,0.12738233925083953,0.16658943873622414,0.09609878252706179,3.6009488170112423e-19,0.11079459632960978,0.12911957735643653,0.20816814816546134,0.1618471176333667
399,0.14181009140865877,0.16837930981228216,0.0864947838439882,3.1543506955718598e-18,0.11086606030650167,0.11178934243847476,0.20446447240832175,0.17619593978077255
