oos_period,model_1,model_2,model_3,model_4,model_5,model_6,model_7,model_8
150,0.000894263747695104,0.8220895737082808,0.0010494475717351573,2.1367888334729324e-05,0.015629186829003293,0.16025135126843,3.67661527381463e-06,6.113237124704257e-05
151,0.0013498058660521635,0.16838820302865978,1.1299350675441505e-05,0.00014736558296764434,0.00569885439332746,0.8243693435840508,3.7205878460259516e-06,3.1407606420686635e-05
152,0.0013243088630378837,0.10093771346234666,4.185723515616186e-06,0.00011261816122629476,0.0057732040899027256,0.891781222973705,7.390740767999373e-06,5.9355985497886594e-05
153,0.006150416564824129,0.08737330035986808,4.641306268732319e-06,0.0002025268800016898,0.0015146252618563035,0.9047220542195812,2.344833967714197e-05,8.987067922758517e-06
154,0.00013630063043447416,0.07387395693374417,4.890530493889437e-06,0.00032306430926694855,0.0024404934636778714,0.9231744196797385,3.6780449437219805e-05,1.0094003206919194e-05
155,0.0004115613551445692,0.004055641495320949,5.563399323602819e-06,0.0016107843896936676,0.05803151017473055,0.9357988016527445,7.161032017241892e-05,1.4527212869616006e-05
156,0.0004756976428470564,0.003640245561011106,5.347333958068247e-06,0.0006995650607600497,0.04808423787462286,0.9469677592906061,0.00010463637528215888,2.251086091268861e-05
157,0.02329955837035101,0.00042985425927716004,0.0001927118887148349,0.0024427755046210267,0.014683639053387897,0.9589010055659413,5.564638400662849e-06,4.489071930611892e-05
158,0.03825900830613082,1.9726162519056898e-05,0.0003679629171668068,0.0019217693125241964,0.0072028489546716225,0.9521930037659903,4.6041436542714155e-06,3.107643734301421e-05
159,0.04052931253311077,1.2879692874649883e-05,0.00016490297147803948,0.0009126537346818433,0.007089431914389813,0.9512782649441427,4.682016819742363e-06,7.872192502341126e-06
160,0.022434887017753594,6.516271513078609e-05,4.586343225421778e-05,0.0015796539505243095,0.0076207413495148904,0.9682428890502728,5.23683409413256e-06,5.565650455289218e-06
161,0.005555837874038458,8.903838110861988e-05,3.7238737248383835e-06,0.002717917376963008,0.017544892761585933,0.9739364797070658,1.3922643076867072e-05,0.00013818738243654433
162,0.01821471302453845,3.760952436129176e-05,3.5819126492272102e-06,0.019012490040119744,0.0032633758259294487,0.9593399004127862,6.74011725546058e-06,0.0001215891423602471
163,0.03415936568835514,4.024617216273808e-05,3.5251674047621294e-06,0.025217215259598483,0.0025243522264283285,0.9379729675698859,1.4123393823545073e-05,6.820452234115729e-05
164,0.021527023093239946,7.304863529405168e-05,9.970450946279185e-06,0.0400487112321553,0.001427416438097814,0.9367682512369755,3.824670319986314e-06,0.0001417542429710898
165,0.016215958296279278,0.00018890031610207758,4.46775896471506e-05,0.02690022697407917,0.0009989027141919374,0.9556278472060501,3.210655955986994e-06,2.0276247694340777e-05
166,9.319598199136647e-05,0.0006291877798321239,0.0001891999522683472,0.050692248066481024,0.0035309462528604744,0.9448499897482767,3.0267806800584412e-06,1.2205437609753748e-05
167,9.276331132900101e-05,0.0007224282392284401,2.642930771712491e-05,0.0309792407478055,0.0031209457418554486,0.9650250153964594,4.23703719594895e-06,2.8940218409277345e-05
168,3.199116289566204e-05,0.04407103339673242,3.2856396917179075e-05,0.9208431821443739,0.03462599493263385,0.0003533578275098552,3.364403437772759e-06,3.821973549936659e-05
169,8.082615707267991e-05,0.014792109893533297,0.007695082012290229,0.8287683291533965,8.90370117937667e-06,0.14689227585514952,0.000460645136087002,0.0013018280912913396
170,4.22035641302112e-05,0.01567779412691772,0.00021201256058942932,0.18223743644171633,5.684928730316547e-06,0.7994538402314166,0.0014873913505146041,0.000883636795984757
171,4.759483705256151e-05,0.05928171413425552,0.0006509307021846263,0.9298145144084614,6.1185178985859455e-06,6.257315328195868e-05,0.0074574603775949605,0.002679093869270267
172,0.00011736857533033878,0.06329434761627861,0.0013528559882264727,0.9299944076885737,5.80279266821311e-06,2.717510853766779e-05,0.00032164214387432805,0.004886400086510729
173,3.198167521757185e-05,0.025807923503542746,0.0009177833589448163,0.967592904111915,6.285009411507753e-06,1.6583388806740042e-05,0.0004067523846693768,0.005219786567492214
174,7.156788371576085e-05,0.03177497479171422,0.006406343658664314,0.9137849712933561,2.0793959513722856e-05,6.932256449737754e-06,0.0007642586473655733,0.04717015750922056
175,1.876303513803457e-05,0.030694349998929935,0.007160841395134928,0.8784528634698062,7.121226436200357e-05,7.454668326981032e-06,0.0009695727666193462,0.08262494240168253
176,2.650416313747203e-06,0.37811811582104893,0.2607607348806249,0.2404877234512736,1.8250660755976477e-05,6.878753826938968e-06,0.00011506691516399297,0.12049057910099195
177,7.120299966876644e-06,0.5342156039256861,0.03550800597023787,0.002888043629113776,0.00022363275562037254,2.5826401461994636e-05,0.02139830065856831,0.40573346635934465
178,9.679226646197664e-06,0.4021870132511501,0.13418513638406654,0.0016515362702396576,0.00010249283033917376,6.723721607799987e-06,0.009392353631549498,0.4524650646844011
179,9.841366649620647e-06,0.04064653284334588,0.33095998784808484,0.008160077117180368,7.718712566515879e-05,1.1140850926904883e-05,0.0016121731099250178,0.6185230597382223
180,5.836333719256717e-06,0.08721875751819279,0.8222942541257846,0.001151556150986244,9.921072712111849e-05,2.9628042565191275e-05,0.006752490282657297,0.08244826681897352
181,5.452807061868047e-06,0.5785499695357745,0.0069283808338562545,0.0009512992258223753,3.386856988204663e-05,8.287438151023834e-05,0.02725500036229635,0.38619315428379636
182,6.354995886637669e-06,0.22970901772135108,0.0019568175835258093,0.001178920283369249,9.379944199421243e-05,2.472178936851143e-05,0.012683354196006007,0.7543470139884985
183,4.808554687139609e-06,0.08770873922840026,0.001819561788015373,0.00041912470119287535,9.888873874141887e-05,2.6776449144188857e-05,0.009479785072098153,0.9004423154677206
184,4.763271057119299e-06,0.09213900393578803,0.008380411551847896,0.0004544992953040403,0.00013642785698805496,2.6085658810459384e-05,0.003105977642691428,0.895752830787513
185,4.1942767446588605e-06,0.08410583973880946,0.012338147653488838,0.00012322048510089267,0.000467352633577286,2.946589515344438e-05,0.001813560639236171,0.9011182186778893
186,4.868561738959891e-06,0.1177890018475934,0.01609374457489955,0.00012230611535940067,0.0008229140672250573,4.080702571530973e-05,0.0015648034698935121,0.8635615543375748
187,4.8367504608304145e-06,0.12254649349801959,0.01597970405907946,0.0001087897208877953,0.0007311221229145695,4.318558111156103e-05,0.001026079021187084,0.8595597892463392
188,5.137764929364522e-06,0.6863901810166271,0.0008231646794716164,0.0003671954110063634,0.00206240471768181,4.485888929932101e-05,0.010114056556663822,0.30019300096432056
189,5.7162385321700105e-06,0.5683418886886936,0.00018791182143193763,0.0023987284219752123,0.0009158855343730877,3.373352921907628e-05,0.019713258042304817,0.40840287772347006
190,5.093552689670952e-06,0.19168520123206315,9.318608435297992e-05,0.0021630903845532195,0.0004948805036471807,2.012496923768093e-05,0.012933195240246192,0.79260522803321
191,4.958987149650705e-06,0.09452049786989741,0.00014407004948182624,0.004452613940521402,0.0008661164765056871,3.652668156757749e-05,0.0031031880940317323,0.8968720279008447
192,4.761871352718514e-06,0.08398308250412503,0.00010767814055662356,0.004203367838686731,0.001651972590363177,1.980517617635994e-05,0.0009489247210598182,0.9090804071576796
193,8.118111814240539e-06,0.8092855593921426,0.00014019376381792427,0.0014203963727887,0.015448876442874779,7.864214810371872e-06,0.009535062527324804,0.1641539291744266
194,8.461288778813208e-05,0.8566983165040161,0.0019741277215383044,6.0643431901266415e-06,0.049482013028254265,0.00022004508114490057,0.016317511949373944,0.07521730848469427
195,5.826532215132589e-05,0.8856982716911171,0.0010515304871961373,4.687758701908487e-06,0.0039287351042597155,0.00015534260139008198,0.040762187923465525,0.0683409791117182
196,3.6307450174876316e-05,0.9146788915869802,0.002232906267926869,5.507876085030745e-06,0.009326848913131873,0.00037243331517012316,0.07329433143264505,5.2773157885923354e-05
197,8.908728238252253e-05,0.907616515201123,0.006317974779275648,5.68781750630224e-06,0.0019309927045166753,0.00050479439469374,0.08352048612295804,1.4461697544065577e-05
198,0.0006378267045290968,0.08727812619595277,5.441224265566748e-06,2.4288849800405014e-05,0.010105301454455068,0.0017916758614317406,0.9000916760289135,6.566368065178852e-05
199,0.0030850249989732453,0.07248121321688178,4.0585462133580095e-06,0.0002624500802994599,0.010897330241974458,0.00010651533805187005,0.912911612381301,0.00025179519630477893
200,0.0005232681906558462,0.039700619132767165,9.56967460612027e-06,1.0311467389209296e-05,0.004036152275666076,0.00014477177139879337,0.955567983198249,7.324289267781573e-06
201,0.0001936893091247055,0.016132986403447375,1.396898282253063e-05,1.9614254968712727e-05,0.002361563472257137,0.0001495325540677413,0.9811243778317613,4.267191550483137e-06
202,3.921750366006101e-05,0.0015250013814923971,6.802814703732103e-06,1.1729032032247488e-05,0.00013778040268910008,9.622760479710272e-05,0.9981806046344298,2.6366261955520064e-06
203,0.00010478182916945585,0.010852739390033473,0.0005539231124613845,4.8966912899043865e-06,0.0024981377449950597,0.0253713930167237,0.9605408395742,7.328864112711012e-05
204,0.0003103276204484897,0.0016011213092584455,0.0015339898221714055,5.836078230708418e-06,0.043176380573780426,0.013575246851017932,0.9397794892890056,1.7608456086982466e-05
205,0.0005943978261621484,0.005557293685495053,0.004430128995040238,6.0128424880848806e-06,0.04940902571628815,5.07533499466924e-05,0.9399431169766739,9.270607905770093e-06
206,0.0011294753971312775,0.000703018918627719,0.007914027213881722,7.089924107910018e-06,0.05674953788470305,5.952159974535475e-05,0.9334232368371026,1.4092224700240163e-05
207,0.0003166740879309498,0.0006134251344872292,0.0033236754385616105,4.7736434818352626e-06,0.01819481338352585,4.4132432055546556e-05,0.9774894794262681,1.3026453688803799e-05
208,0.0005805759541204544,8.470879862662169e-05,0.0028228322939778797,3.982071463337623e-06,0.003520083713530547,3.6095054172127247e-06,0.9929612904764984,2.291718636567176e-05
209,0.0007246377383186581,3.5660084083284756e-05,0.005622925734518333,1.1310062312278843e-05,0.0036679695014099852,4.5232985096061875e-06,0.9899293977374926,3.5758433553315075e-06
210,0.001016235393557862,3.9754730420436746e-05,0.008352183185467316,2.0476592763605614e-05,0.002261648342835857,1.038231390316586e-05,0.9882958228729035,3.49656814824913e-06
211,0.0005530681338566123,4.76963356409088e-05,0.56562560112762,1.7051764015244756e-05,0.001247084832078423,9.647048925480437e-06,0.4324970996596877,2.751098175646113e-06
212,0.0003418433464091367,4.6682573563061796e-05,0.63768394652322,1.198889765586863e-05,0.0020223044171907767,1.0709936380765781e-05,0.3598797627688602,2.76153672019268e-06
213,0.00037237761496272627,3.9459418850136015e-05,0.7396399450642653,2.0188047572313964e-05,0.03452686106048405,1.588618848994068e-05,0.2253828086587154,2.473946660087504e-06
214,0.0006645818368849144,5.027533572582327e-05,0.7588066020902711,4.377553506021478e-05,0.002383523385047734,1.6748965682401438e-05,0.23803204733785374,2.4455134741574567e-06
215,0.0011890991912459473,2.4468286579208833e-05,0.7405611746887215,0.00015094078830900072,5.696158238307731e-05,1.0778662676694515e-05,0.2580045162107411,2.06058934355425e-06
216,0.04302131971460727,0.2868410098139007,0.0737660059379043,0.36488208760764734,0.00742536770389862,0.010945028201208736,0.21311914791878594,3.310204703044987e-08
217,0.01900309396788644,2.5808674102681303e-05,0.845781389258035,0.12249214637868394,0.0025791328230402406,0.009789958518034176,0.0003226088648877909,5.861515329671584e-06
218,0.017871815200609608,1.3163756327082254e-05,0.8690983296782547,0.10859381564532374,0.0014065385590891217,0.0028726843255091816,0.00013751418853553211,6.138646351150916e-06
219,0.01860458598310169,5.601965724380163e-06,0.7958142940833803,0.18349306729060708,0.00034723010006759177,0.0017025851746844884,8.770088183995778e-06,2.386531425045093e-05
220,0.06937107736236199,1.6180539003313236e-05,0.9037007752820877,0.02380832668775427,0.00046019817719873067,0.0026016053768146722,5.605222078787901e-06,3.623135270056485e-05
221,0.03323745161152032,4.005820540880558e-05,0.2272492987824069,0.7331972861004226,0.0006229724694669097,0.005637575394504267,8.214866283535963e-06,7.14256998665574e-06
222,0.029020287667501077,1.4892510303299265e-05,0.06032835779600275,0.9042451139015173,0.00017088581563121127,0.006174364183015562,8.608498703975471e-06,3.74896273248845e-05
223,0.07278804700009864,7.638849319662251e-06,0.002912941715824047,0.919484007998635,8.801545035623049e-05,0.0046618222496720655,3.3830204851854805e-05,2.369653124265707e-05
224,0.10791222895296541,6.7331582303087415e-06,0.007545978072418866,0.8836416304473482,7.663364547690128e-05,0.0007857602562302001,2.4785785362378894e-05,6.24968196779927e-06
225,0.0007459550638536282,1.0115375853370473e-05,0.06699107353362253,0.9268947210846583,9.939983557077894e-05,0.00520432095045052,4.26928327984315e-05,1.172132319244594e-05
226,0.0007499205804485286,7.496258076342295e-05,0.07243473030342515,0.9185228452278283,0.00014945035728814024,0.008034174294958599,2.64674282312969e-05,7.449227056550427e-06
227,0.0004270191793253485,5.5564824946433896e-05,0.06293777982007602,0.9297194506036629,0.00011322486579197865,0.006718491296862058,2.0366760407744154e-05,8.102648927668226e-06
228,6.2360711339204585e-06,0.0003384196452889422,0.06802882421564407,0.9241780951259343,3.67528494021232e-05,0.007069934440574367,0.00012230882585115144,0.00021942882617116677
229,5.443041966962794e-06,0.0007955580773208352,0.07086615044866172,0.9191131192389381,9.493014526659362e-05,0.008946517461429222,1.8675928278812308e-05,0.00015960565813763768
230,4.949764064891924e-06,0.0011697679273394257,0.10460334025721936,0.8859345153050129,0.0002458549207096168,0.007951188990004266,2.154503293819821e-05,6.883780271141907e-05
231,5.7059472653983635e-06,0.0019203943062814342,0.11883811186666854,0.864479605942452,0.00023405806206051348,0.01439119495942277,2.803454208027079e-05,0.00010289437376901833
232,6.803984471987077e-06,0.003470366431672899,0.09075790550106169,0.903021259674185,0.0002535441534075691,0.0023007730749846503,1.6716734635573634e-05,0.00017263044558057952
233,7.852603457225671e-06,0.00031409967678421046,0.06753554687105266,0.9282699690495714,0.0007352862876186194,8.99801244595208e-05,1.6404958830750777e-05,0.003030860428225643
234,1.914953662310213e-05,7.438142051219901e-05,0.27023605167443027,0.7213897386335376,0.006444245159141157,0.0004959347354443405,2.230897848246155e-05,0.0013181898618288633
235,9.985396094690927e-05,9.846732605018452e-06,0.09268747817995836,0.9005699042473023,0.0010034295700075252,0.0014170729002973748,0.00014571736506756674,0.004066697043814872
236,5.1096111216663876e-05,9.344379715323284e-06,0.1085526813358774,0.8808301660640956,0.001778591643760392,0.0010783767042612964,0.0001832827686244222,0.007516460992449088
237,9.099246255672103e-06,6.847339823609703e-05,0.007501270052140349,0.8816195558268735,0.0024776061615461925,0.019966938700899956,0.0005286726046171363,0.08782838400943112
238,9.847810136081963e-06,4.33455673213888e-05,0.0007980551638159593,0.8444910615278556,0.021886068339317468,0.0005025173368346157,0.0035720639035718787,0.12869704035114699
239,8.935116821416972e-06,4.307908872169127e-05,0.009576122285827077,0.9172570881422212,0.0009747085102128864,0.00022072761979038838,0.0037328645706778043,0.0681864746657276
240,1.8474257005930043e-05,0.00017781335787598078,0.0006014658469897845,0.8971913265739592,0.002358134519577466,9.776259985422333e-06,0.013975726477485127,0.0856672827071212
241,4.571116468186461e-05,0.0007270373525881557,0.0014268584556961857,0.903903618122425,0.0004177983085456535,9.67934815854079e-06,0.011910180331921627,0.08155911691598285
242,0.00023446676403443353,0.005288795526967772,0.002833089075430225,0.9386161411125439,3.4411475662251374e-05,1.0881289590966114e-05,0.02378042691513854,0.029201787840632022
243,0.00011308985310706326,0.04262328539103596,4.3853112544281364e-05,0.9293151033331806,8.024069760021463e-06,0.0010126458261947994,0.005693650156430016,0.02119034825774719
244,4.731714491862031e-05,0.023795564764508555,2.238412436589451e-05,0.9264737805640949,4.8124329209356555e-05,0.0007434696148285062,0.007237173752414203,0.041632185705660116
245,4.0193284459623384e-05,0.025381041929414108,5.92470927312494e-06,0.9020127929067313,4.171669610873935e-05,0.0032477146157486383,0.00034395945813155105,0.06892665640013286
246,3.2982258874942496e-05,0.01955892659816059,5.874185534325017e-06,0.9094339979563074,9.972623688867933e-05,0.001748561310808432,0.0006872746017839712,0.0684326568516417
247,7.805549054826639e-05,0.014796146863567753,0.00011336048676576341,0.9222378739219012,3.6137407907005993e-05,0.0029637945198101754,6.547920170094083e-06,0.05976808338932978
248,3.254757514495634e-05,0.04897888949118547,0.00025575110420558304,0.9344669471008699,1.1407520200503066e-05,0.01476131677659973,5.556368585668012e-06,0.0014875840632083248
249,1.1301867177894697e-05,0.002969350337865363,0.000290394026045961,0.9585169814057286,5.954388591159776e-06,0.03809832436427304,6.544345553382025e-06,0.00010114926476447554
250,7.300275520326484e-06,0.006494576410690682,0.00011002797796436575,0.9708389851484164,2.156754560149245e-05,0.021978425992996552,1.5732490949688253e-05,0.0005333841578604694
251,1.7147980847576323e-05,0.007376687169037153,0.00021184547605674397,0.946140431677559,0.0005046412822804156,0.04572295461288241,5.687034288979051e-06,2.060476704771476e-05
252,3.0784306852466764e-05,0.03961349472896073,0.000690808172876402,0.9500083320838785,0.00023068082604623142,0.009362333154816459,5.46311572117804e-06,5.810361084800384e-05
253,3.2959667127251134e-05,0.011967937434861365,0.00038487532919960737,0.941853114658599,0.0016716997717702105,0.04401776290349566,6.1555126138264785e-06,6.549472233310253e-05
254,7.776321067283964e-05,0.016169525067071994,1.0903397723367094e-05,0.9286804630871666,0.002262292828746164,0.05247501299752967,5.095456100862323e-06,0.00031894395498852546
255,7.381893199210459e-05,0.005611717517037305,1.1588096314029473e-05,0.9222592651603891,0.0036486235118532366,0.0679372479062912,5.854130409982906e-06,0.0004518847457131549
256,0.00011988402504909964,0.05229878160023869,2.7493163565908074e-05,0.934074111116136,0.0027045351177541663,0.01051276811363893,5.582184875544475e-06,0.00025684467874163695
257,0.00011458677839864551,0.05490012010239063,2.333610719719012e-05,0.9313607227900418,0.004536322906899222,0.008572576560975874,5.738451777183559e-06,0.0004865963023194523
258,0.00021943291668823157,0.04999214168241102,1.5935452744498005e-05,0.9382689829757093,0.009771371303109538,0.0016744350401701911,6.405777310556969e-06,5.1294851856775597e-05
259,0.000358190778484786,0.763607168375947,2.6544475031210994e-05,0.02290042342440201,0.21033093581196546,0.0027199659689755413,8.351943437526097e-06,4.841922175652492e-05
260,0.0009927615887124544,0.2223557372867,3.0657183415370065e-05,0.0645790596319373,0.6989126096639484,0.012960362611654423,1.2839818765289372e-05,0.00015597221486669555
261,0.0004381726482884208,0.0039149482803530825,1.5065370861781466e-05,0.04352616831471594,0.1587701555192064,0.7931290462359132,0.00019690978625364948,9.533844407437487e-06
262,0.0006090550844611819,0.0037597549674915323,9.398239870837374e-06,0.10035306075612471,0.8308967111363195,0.06194149555365871,0.0023606617540178907,6.986250805563626e-05
263,0.0010430949144895158,0.011407424041431954,1.0107071611716045e-05,0.07301977017790715,0.8134797374378024,0.09646943978828122,0.004433204281802994,0.00013722228667293975
264,0.001638657131817023,0.01067848976243512,1.0336883637687226e-05,0.16874278168793302,0.758077700261255,0.047789738389205964,0.012886844592928081,0.00017545129078802885
265,0.0020655763608156295,0.018160084223043344,1.059382997948346e-05,0.006165589107897327,0.852894972311607,0.08327858396443037,0.03726769053499788,0.0001569096672289445
266,0.004538664832455124,0.08181125372969296,9.03893178276734e-06,0.0014767672772070274,0.8224135849047067,0.015869889900289546,0.0736992844307789,0.00018151599308679703
267,0.0005762176995555322,0.06059240294150467,1.0319505670378016e-05,0.0030423834962569987,0.8830736178042904,0.033751505627408675,0.018743174019535628,0.00021037890577778922
268,0.002932266174298331,0.15072104046967885,4.367075360520542e-05,0.0010595400639904142,0.821398463670106,0.023508650820272006,5.179596319938721e-06,0.00033118845172924483
269,0.004234972280136146,0.009830964582547522,2.5121803407687304e-05,0.0005497884908744017,0.8756246743146665,0.1095312154184236,6.073800930803777e-06,0.0001971893090132603
270,0.009235233847036584,0.11341456008353629,0.00012989295819438828,0.0024256541551514496,0.8338421623202891,0.04086262390654682,1.0199025029413602e-05,7.967370421586182e-05
271,0.0002929865749488225,0.11210760289777189,3.562283860565565e-05,0.0037034042323603722,0.8697667223852346,0.014077432041331373,7.732444102547417e-06,8.496585644715175e-06
272,3.9386367187492324e-05,0.21666994203316586,0.00023493109313940132,0.020770761155936186,0.7573433841875054,0.004782541595842633,7.338840024105161e-06,0.00015171472719894904
273,0.000168738093678635,0.11572196106865525,0.00013932984106090898,0.0012892422934661651,0.8728654533313646,0.009767248114075078,8.356250061204278e-06,3.96710076383604e-05
274,1.4329724693184945e-05,0.04321355250035208,0.0005825464085760571,0.002873108103823284,0.927153840279937,0.025900486065256086,7.551542317281941e-06,0.00025458537504505777
275,2.8003513391477506e-05,0.062230377116646855,0.0015822403116218932,0.0010669603467811952,0.9111035900067904,0.023713255443733355,7.437190161835415e-06,0.00026813607087302884
276,8.749414637533098e-05,0.18851470802872985,0.009602479992947418,0.0010197308586577017,0.7934856980660612,0.007249737310567449,7.78019177062933e-06,3.237140489049446e-05
277,2.0729888323314932e-05,0.11481001053034515,0.0005118591715418317,0.001935651629722773,0.8766519694866748,0.005886712355724387,8.240012875081876e-06,0.00017482692479261976
278,3.993263963712197e-05,0.11811051688465167,0.0008022365227977468,0.0028983218144775593,0.871698387159878,0.0063133173270281005,6.974806885250963e-06,0.00013031284464449253
279,4.61467911050575e-05,0.11782905089476663,0.0008900155641545769,0.002371342796783908,0.8711520183601884,0.007590731297903743,7.130721864660549e-06,0.00011356357323294536
280,2.2922755646300952e-05,0.11199882839575946,0.00013353915283377229,0.0026859150309715405,0.8785030588628088,0.006391281711830029,6.897352287851648e-06,0.0002575567378622606
281,1.537473587123514e-05,0.11491677106269262,1.790492592031742e-05,0.002440196058332894,0.8744262800295577,0.007995828138390284,6.683626801054526e-06,0.00018096142243385246
282,3.298476067579427e-05,0.2016826734951364,1.693204929486567e-05,0.012117522090020094,0.7816652987552801,0.004166885116330781,6.239230520257996e-06,0.00031146450274161777
283,5.875582819713993e-06,0.22908535650449896,5.608261469910749e-06,0.0002557950768209529,0.7534544266601072,0.01570453612926986,4.8617615212694155e-05,0.001439784169800632
284,1.060954014510313e-05,0.9023280399784691,6.9958758857496325e-06,9.164103102688503e-05,0.022562511759542662,0.07347036730602739,5.3973031087502574e-05,0.0014758614778154588
285,6.973153815694624e-06,0.8615402699167827,2.546867865692006e-05,2.9872101825949576e-05,0.0031325298767667675,0.1341484616780271,7.113743886831613e-05,0.0010452871552564828
286,7.448962066174854e-06,0.5945378905396261,0.00017595291642839676,7.329832699264654e-05,0.020301141792721685,0.3792672349478968,0.00041191934688666204,0.005225113167381509
287,7.182425351771584e-06,0.28844415101936505,9.626809891267835e-05,0.0005031834016417863,0.0032975482548414066,0.6937026819364704,2.9832776675001753e-05,0.013919152086741977
288,8.288797842921345e-06,0.24906234206672104,0.00015942828998207902,0.0006519987042011707,0.004598463468407176,0.7263958332107782,2.1706633972749032e-05,0.019101938828094724
289,7.478987593443834e-06,0.24698061630332202,0.0002303728297628259,0.00013789674305744726,0.011945854575999325,0.7392881184535055,1.4128351432646714e-05,0.0013955337553268104
290,7.518282401405309e-06,0.26438391911740466,0.0014709161827993692,0.0010239579618295373,0.011045385991260516,0.721935604572087,8.726962041532043e-05,4.542827180206028e-05
291,1.8806618128610565e-05,0.823279992409989,8.727145666846852e-06,0.00026179372063823026,0.0035803055142784295,0.17174465020640256,0.00015889824739842557,0.0009468261374978094
292,6.4047934914447764e-06,0.8277041682422842,1.8556986133222484e-05,0.0015247254372761005,0.004054138405558438,0.1650652817138266,0.00010387002152778575,0.0015228543999021532
293,5.9933926304183934e-06,0.8968070046494202,5.525180623083579e-05,0.0002028013634370229,0.004311250114858591,0.097705541593859,0.00019517989355477192,0.0007169771860092083
294,5.053893062314841e-06,0.880725621916762,0.0001401197212896414,7.286442011085107e-05,0.004273582195682181,0.11306113896433896,0.0006556908598624467,0.0010659280288916793
295,5.486825783096813e-06,0.9560369167238257,4.364526966064723e-05,0.0003145401246896234,0.0365615840978246,0.0023170156916039017,0.004404271861795752,0.0003165394048165977
296,5.595521616871231e-06,0.9570002638490843,4.449372221043151e-05,0.00011778056263150451,0.0348318497865514,0.005568468734522587,0.000552995854759763,0.0018785519686232831
297,5.1281577517892814e-06,0.9530750135180812,3.892654592050614e-05,0.00020711500325807405,0.03747141266645673,0.006109226928035482,0.0008115918935662716,0.0022815852869299534
298,5.775745878432934e-06,0.9636461265165266,5.5143188039980516e-05,0.00029965520511671264,0.03003925761936367,0.001191322919119357,0.0013979661222808843,0.0033647526836743467
299,5.205942078563069e-06,0.9645969856650606,0.00031755708448625425,2.6737082731375537e-05,0.0068785081060590255,0.00012205706351652536,0.0012157335549469234,0.026837215501120733
