oos_period,model_1,model_2,model_3,model_4,model_5,model_6,model_7,model_8
150,0.04600651426819365,0.36079271528350637,0.11051850597815888,0.08019678853119928,0.0801241121131029,0.12288445427016906,0.0925475352219908,0.106929374332679
151,0.05003749757126003,0.25570119666046254,0.11363277657949328,0.11296435805560782,0.07065651526430299,0.15104335378746697,0.10968653412398588,0.13627776795642058
152,0.044398708627159264,0.25491615525593314,0.10691484534990749,0.10394794257068084,0.05941713900530011,0.19462863368288957,0.09824872230088348,0.13752785320624605
153,0.02193024756627147,0.30051123140661984,0.11453325828679702,0.10489131495871809,0.059671109274286,0.1537802924362668,0.11481484267124359,0.12986770339879716
154,0.004145150248042448,0.2953639372339417,0.11085714066283514,0.10390044251472158,0.07647502021575397,0.1316407450068224,0.12887905627692406,0.1487385078399587
155,0.03328194997632356,0.25922374138677623,0.11595623617747378,0.1360260563735628,0.08857916299753141,0.08599867029301292,0.13626987002235738,0.14466431277196193
156,0.03432090344001852,0.2550364683498046,0.11724327022042225,0.13805331257385003,0.0951177970539656,0.08503185069674435,0.13119587596553697,0.14400052169865762
157,0.06160315722766191,0.2247841738920733,0.13658163607129495,0.13264049957877866,0.07824257312140243,0.15801422507739568,0.08543159363011078,0.12270214140028232
158,0.09754520360542895,0.2030966934840084,0.12935818941527483,0.12632757394878164,0.07977206457245631,0.16501634390769127,0.07141776702994126,0.12746616403541722
159,0.1241140911616093,0.15654217192491987,0.10481296760221379,0.12681857282816558,0.1002133954801965,0.21427012720983843,0.06139213718926941,0.111836536602787
160,0.12563213393375383,0.1512304867756047,0.10091695059944149,0.1318181183243999,0.09295447419114747,0.2240456565568198,0.05454355515676308,0.11885862446106968
161,0.12948061080931353,0.14226268119188742,0.1141769831615638,0.13371136742945725,0.1113942291866494,0.2086124157765791,0.050895546476880674,0.10946616596666872
162,0.13107084287402576,0.13440133752162503,0.11255499639578793,0.1391137012915481,0.10595220768085808,0.2288694946053829,0.049776437303321645,0.09826098232645043
163,0.13556547231756755,0.1296743573310129,0.11162124445378142,0.1479201875764734,0.10722697117920306,0.2222205964947296,0.05475006203459531,0.09102110861163687
164,0.1448312232303074,0.15726333968722378,0.11178083848663721,0.16322968993977727,0.08520088713048252,0.203963698627346,0.056324609084167324,0.07740571381305826
165,0.1415135034178881,0.1326053418357975,0.10381591841223044,0.17127371509537684,0.055224370383681984,0.3130464883169022,0.04131988664334179,0.04120077589378116
166,0.11760099587338535,0.16242914208867779,0.12211250353243412,0.17878778769518636,0.07935933052943078,0.2373587659340797,0.057444580107692184,0.04490689423811345
167,0.12806375881625834,0.17372116178403013,0.16250979306320965,0.15775642351012212,0.11449777493835306,0.19393806634565913,0.05021924350661663,0.019293778034750828
168,0.14282377922471037,0.23802641837843738,0.17396851827899726,0.15642241662781048,0.18376438516433244,0.04483936761932864,0.06005842006250125,9.669464288219422e-05
169,0.119589271302078,0.21014045253353297,0.18675704449454772,0.19258690153387353,0.11730837233356295,0.09525726303340537,0.06447715757664978,0.013883537191349618
170,0.0772712771698848,0.2128643016002492,0.1577192512524718,0.16660895498421613,0.07881662279130669,0.23025249991226618,0.05374067694808462,0.02272641534052055
171,0.11403955576194323,0.23769112403850123,0.18668048079179866,0.12456531905758828,0.1410390771437278,0.08722520748484448,0.07026335839548843,0.038495877325107675
172,0.11758226127738464,0.23296789326630438,0.17317163158424984,0.1349360820885655,0.15058234335042228,0.10354726616188106,0.06778259897695599,0.01942992329323629
173,0.10949296964364108,0.2241945842211991,0.17269619401101707,0.137034003000771,0.14739615438351397,0.11284940724180342,0.06962459819323498,0.026712089303819183
174,0.12782629969430775,0.22370871631774178,0.18285609424290697,0.15114193160248174,0.12899003820545615,0.11350061443460736,0.06416018333218784,0.007816122169310373
175,0.11112836645454909,0.2297108110783736,0.18384220062083434,0.16124293692184477,0.11706892337522856,0.11925892651537227,0.06350579498460118,0.014242040048196184
176,0.08904086319929377,0.2215115476996044,0.18789416596717046,0.15431575886251048,0.15294077198394598,0.12498468841895968,0.06639355039299709,0.002918653474518039
177,0.08392776252604538,0.19297358792416502,0.2152058895507043,0.13614203389584073,0.15818784290407714,0.12176336342038259,0.09065975021153043,0.0011397695662543452
178,0.09912852798612341,0.16896163743955608,0.2131178904419849,0.14174976599351755,0.13710388621689917,0.11426013004722901,0.07916757962669428,0.046510582246995516
179,0.116664263536643,0.19163217198389643,0.2234286910872413,0.14488810615322537,0.09573858398621408,0.1095696460477706,0.05411483728501131,0.0639636999189977
180,0.1138187831157075,0.20581340351989266,0.22884559862274748,0.10480606082361817,0.08243585100719344,0.1595589557785682,0.04390332447847269,0.06081802265279979
181,0.10174612108105309,0.20167073700859028,0.19655899402276752,0.09859694687391532,0.10002762166702148,0.18535643236501817,0.038869407698941504,0.07717373928169259
182,0.09502755781724309,0.20186401423990455,0.19700849063055018,0.10419364543616032,0.09712253807602776,0.18149547465799828,0.030949222380607194,0.09233905676050848
183,0.09981270702876738,0.19636948804358084,0.19443461683202548,0.10215512235242637,0.09848993013176052,0.18193076451030546,0.029416005679124203,0.0973913654210097
184,0.10529369149415939,0.17922549934392246,0.18443453436066579,0.11077390939657006,0.10175932365149025,0.1752894001002974,0.052824686152449035,0.09039895549944547
185,0.10390640721708207,0.18055632683612066,0.1873896672589316,0.10890833755522032,0.10129515742286074,0.17584429704684487,0.05122177000059027,0.09087803666134943
186,0.10460561626698235,0.18437403816949047,0.1909501473971368,0.10720792994997246,0.10016420089306656,0.17972891880012254,0.05636258765240589,0.07660656086982284
187,0.10465966196921109,0.18745310424304137,0.19083569687949273,0.11018034927160696,0.09689089405538555,0.17789522856641948,0.05437763083826234,0.0777074341755804
188,0.10357543722395973,0.18252969463436872,0.16631134763886837,0.12292785608888906,0.1076261958398968,0.16587259245329347,0.0787973419959476,0.07235953412377621
189,0.10807751229542328,0.17918502976082895,0.16310066112456834,0.11075880631780415,0.11527541325009737,0.17265330293212597,0.07803997610271773,0.07290929821543418
190,0.10517516601914412,0.1702733273095835,0.1621547428049413,0.12381712229273291,0.11401573203105228,0.1587000596618391,0.07644146687358591,0.08942238300612095
191,0.1013410554557321,0.16197617498768493,0.16283599438976576,0.12032799188403767,0.11788429941601718,0.16005522563593935,0.0777031468070212,0.09787611142280175
192,0.10267912839737964,0.18849414350127464,0.14627069236204093,0.11455900386771341,0.11404406690379912,0.14584045395644768,0.09270140683443108,0.09541110417591361
193,0.10303487803577677,0.18691777041366828,0.14763887930688266,0.1072580950915406,0.11714256015504476,0.1496469966224559,0.10146290068811802,0.08689791968551298
194,0.10265641872905092,0.17815296260358068,0.15545116103195816,0.10731942032751184,0.10607723779526186,0.1536516745703717,0.11139564925900573,0.0852954756822589
195,0.11899718015937975,0.20946029002521682,0.15857592944850654,0.08895211358727442,0.08396856251372664,0.16026908022887942,0.11040795462264533,0.06936888941337108
196,0.11529682115274678,0.217069663328911,0.16164718614502954,0.08263835679619665,0.08610032130327809,0.15452321152464807,0.10517524793688517,0.07754919181130465
197,0.11723550815074583,0.22542453936511564,0.17002976269914963,0.10171534017239589,0.06472621648309547,0.15949368124012178,0.10477646466025585,0.05659848722811985
198,0.11685303931850549,0.19745502346910418,0.12895263293981496,0.07260398113473647,0.07460142708393597,0.17890518228896607,0.1810535972265463,0.0495751165373906
199,0.14576416699100592,0.1822293125792249,0.1344205919220627,0.0885797360054894,0.06611315926050589,0.16222530916811867,0.15481371392673612,0.06585401014585643
200,0.10537072142239869,0.16052505204185225,0.14113250054206286,0.051977679224438515,0.06931811295716422,0.1726982364626541,0.2247393192728223,0.07423837807560699
201,0.10303466232366806,0.17495273886254484,0.1633666612644535,0.04869593787528622,0.050673803684040564,0.161531999340431,0.22676374651214956,0.07098045013642615
202,0.10770117758463654,0.16359608904406778,0.1494085518749803,0.07298632310971233,0.06572998644237392,0.15300970553669715,0.20121326074332171,0.08635490566321016
203,0.10041681096002733,0.1679725682954998,0.15170902689432586,0.059637959540823425,0.0569308447886132,0.16431119763647567,0.20128417763080717,0.09773741425242749
204,0.14151562773873522,0.23849871142572163,0.16925904787416718,0.048189600377758796,1.408192274808866e-20,0.1839784093954748,0.15974571221563127,0.05881289097151095
205,0.1309733047167473,0.24998629324770028,0.17508132938076565,0.06938102660014885,1.6924777077308062e-19,0.15024758209228986,0.15112421798380726,0.07320624597754073
206,0.13574986717846993,0.23829035143397811,0.1773799847997312,0.06358593048118734,1.380001959533087e-19,0.15481737833832857,0.15409702188147276,0.07607946588583213
207,0.11808027941465239,0.23079337477699766,0.1437549328395057,0.059944994841007126,0.018631126307813717,0.14814317466894852,0.18890413609297765,0.0917479810570971
208,0.11940422928077164,0.21628715743756474,0.15938558742835707,0.06228076599611782,0.011541669486853456,0.1326506687891143,0.18885346759407542,0.10959645398614551
209,0.1153794346776625,0.20587557947481042,0.15636491966606048,0.0634760481674463,0.011734986840259361,0.12307444668987876,0.18972452078510932,0.13437006369777277
210,0.11324489081453533,0.213374591685317,0.16960437228654102,0.061668408950377465,3.3987560968014336e-18,0.12112087622123131,0.1768707219923694,0.1441161380486284
211,0.10824477005891832,0.23786721135618372,0.16182036176288553,0.06141751123217779,0.0,0.1140126060695371,0.17941570245589197,0.13722183706340546
212,0.09617883238738471,0.23116518390207838,0.1722452751715267,0.05762781049893031,0.0,0.10772840438311924,0.19598270849103355,0.13907178516492713
213,0.10733487698664879,0.24250549840279337,0.17671789693217851,0.060928506702642375,0.0,0.11710034402987625,0.17879559434491205,0.11661728259994845
214,0.10820770399703018,0.23987584903628684,0.17274103805358526,0.05953874501963275,0.0,0.12187990230406313,0.18357749450253794,0.11417926708586366
215,0.10051130069892833,0.22548577835632788,0.17757805030274848,0.07403142738992852,8.557044470509602e-18,0.09357826025408124,0.20594109473995317,0.12287408825703217
216,0.12666859483335513,0.18223387944810296,0.17634583301441792,0.06036140020394937,0.0,0.10623226386458959,0.22638936421406988,0.1217686644205151
217,0.1268048400001728,0.19238216864744637,0.11582573427449111,0.07844186099664627,4.751248273304639e-17,0.16170267701764332,0.18513024505266995,0.1397124740099301
218,0.1322867826941775,0.17031673222206417,0.14073942182312202,0.08840955281463729,0.0,0.1687177613406871,0.16412311672911614,0.13540663237519573
219,0.1372232875808439,0.18647996837679576,0.13996226254222505,0.11572393207555982,0.0,0.14573833392757046,0.11509703555980882,0.1597751799361962
220,0.1374625440038733,0.1681690601062202,0.16485297530880583,0.11736625632490734,8.569455955145521e-19,0.13864095249256328,0.11635003526221306,0.15715817650041694
221,0.1309365355843246,0.1630771414795204,0.18955267820951976,0.16209480698287596,0.0,0.12555639671440635,0.07981195722664883,0.14897048380170388
222,0.11661385708934378,0.1595258903143902,0.17498197736823876,0.2031538834706359,1.1608465771012147e-17,0.11443945437773985,0.0817622937448598,0.1495226436337916
223,0.15957574158621485,0.1651023140688241,0.14292746178422702,0.1961437807634492,0.0,0.1157784886951798,0.08277192391878757,0.1377002891823175
224,0.15620264345795928,0.16890099465803987,0.15572305971274517,0.18747138451840445,1.1102960812157471e-17,0.09327117326579942,0.0969145421261908,0.14151620225986103
225,0.11895470074444918,0.1431960465724447,0.1633445038689049,0.1686071159134557,0.03240176089452153,0.11442417092922978,0.1157038334619874,0.14336786761400674
226,0.1255833364074511,0.1590006273319859,0.18514514500521154,0.2115300316313008,0.0,0.10307788047225955,0.08376015367345585,0.13190282547733534
227,0.127860140717458,0.15142274248400686,0.15339044167543553,0.236313159100289,0.0,0.12219253213215003,0.06880755095607957,0.14001343293358096
228,0.10899240220250218,0.1593441813395424,0.1587208878232966,0.22927481522904175,5.55341166511806e-17,0.1257442766154957,0.08594474610573395,0.13197869068338736
229,0.11340676377273969,0.16690054971974003,0.15199328045298088,0.22892760469646692,1.8809913972409414e-18,0.13058202295874288,0.07816519359643063,0.13002458480189893
230,0.09459642535740563,0.16930933314959015,0.17007620442319954,0.2363147958934761,1.3827812863912625e-18,0.11316759543960957,0.09393429163355,0.12260135410216906
231,0.10962498865605153,0.17482956160225538,0.18750747682754404,0.16823764094345584,0.0,0.11179377260826179,0.1260373338393383,0.12196922552209315
232,0.10197003839462364,0.16039548237289797,0.18572278026207423,0.203818754494504,0.00548627339437806,0.1055319485619193,0.11984708355042677,0.11722763896817597
233,0.10351799957559905,0.15248752354448514,0.1859732641199824,0.20565327384555732,0.009683762324492428,0.09146804841849115,0.12774080353874182,0.12347532463165058
234,0.11076507840575837,0.13751408591148245,0.1764656635429598,0.18114858684230215,0.037541971961314806,0.10875330204281966,0.12994713140076175,0.117864179891601
235,0.12478429810669289,0.14303084925436774,0.1640192732894228,0.15118217632868725,0.0031776302519366966,0.1271096134554285,0.15369962732097744,0.13299653199148675
236,0.12821797104002644,0.14466434598504127,0.15968467914323578,0.15206533747177106,0.0030830509164203514,0.12491469613031955,0.14932712943665932,0.13804278987552612
237,0.08288237009457458,0.14315857904219698,0.10402373168161372,0.15866780980512388,1.2587611045345762e-17,0.16010027359919024,0.18056194780918802,0.17060528796711255
238,0.09848086499850868,0.13038211966756183,0.10052195373672501,0.14790354811590323,2.744995554032027e-18,0.19122751218158693,0.14428607587476544,0.18719792542394884
239,0.09735972177753378,0.1375779815512933,0.11978017482484023,0.15085552894122808,0.0,0.1771065046085168,0.14703481860391623,0.1702852696916715
240,0.10197828662177125,0.14760837781707678,0.10771150033735323,0.1473555020197545,2.1402605638079254e-18,0.17425892701826068,0.14942647475987245,0.171660931424911
241,0.10373005181010923,0.15318141105149977,0.0991850831182047,0.15290561749391934,4.844127976067923e-18,0.18172625574796702,0.14131869071695252,0.16795289006034736
242,0.10001677803700623,0.13110644674169988,0.12088862179245989,0.17154524922329878,0.0,0.20796438710854284,0.1062849259676152,0.16219359112837717
243,0.09736021263582917,0.15409694370487012,0.07223460589358638,0.19353686894800373,3.391202283447607e-17,0.21265874562873613,0.09116019209890222,0.17895243108907224
244,0.08928500567023165,0.1435544529036555,0.04514534598950081,0.2755935556295783,3.0903891201423834e-17,0.19981451067595904,0.08145791984557206,0.1651492092845025
245,0.0666812547451753,0.12080624346057124,0.03741166145699939,0.31159912054899536,6.2593087824070025e-18,0.2165499570014529,0.0604427003301415,0.18650906245566418
246,0.05843573214639066,0.11575137779171035,0.0439175710721797,0.31662878274634165,2.2977330411246418e-17,0.21260056527463067,0.06757412024193345,0.18509185072581347
247,0.05181832785973278,0.10898437342060423,0.05309495363044602,0.31041264501881966,0.0,0.23299922662888192,0.03580600113011609,0.2068844723103991
248,0.03718695391822784,0.10709076475171563,0.09556498418993786,0.3407701660414629,0.0,0.23750847074033657,0.032811676831785555,0.14906698352553358
249,0.048234788499832336,0.07777880605485926,0.10847956199839831,0.35042328915708115,0.0,0.2472976821016692,0.039381433258143556,0.12840443892901618
250,0.06539184633126399,0.08274020698374124,0.07818119970729843,0.36195912045206674,0.0,0.22785370022216392,0.041899361483150294,0.1419745648193153
251,0.06352246073717353,0.0818685444562506,0.09509237018360621,0.34579103653959065,5.4031172914113725e-18,0.2508972183934018,0.02966922570089052,0.13315914398808673
252,0.07671918478369465,0.09450562809359986,0.09304851461440196,0.34344078680141793,0.0015282308247922833,0.24446018495256644,0.014263174490815336,0.1320342954377116
253,0.10440853674437513,6.259772003550032e-18,0.051355208825568224,0.43308372747384016,0.06867276445275138,0.21696725509273626,0.011131603033129845,0.11438090437659895
254,0.08780906725456905,0.0,0.04224935097377178,0.43578443008936524,0.05344340769721858,0.22669441287813655,0.0261399906859811,0.12787934041995783
255,0.053242594265624166,7.413973508191072e-18,0.05385585434816807,0.3815641817925295,0.08490989899904623,0.22902117219425572,0.045766121343671716,0.15164017705570465
256,0.06566405018787574,0.0,0.05739958053011595,0.39235804509428424,0.10712003568279119,0.21636774412194631,0.02164508171686589,0.13944546266512073
257,0.08183237984356288,2.561480572053646e-19,0.04271289243035223,0.3988739999892622,0.1103189988426478,0.20289939099683477,0.026501043180833645,0.13686129471550645
258,0.07500711971795468,3.2832585222319946e-18,0.02927988080493981,0.41665817182856874,0.12924256241446044,0.20184863985233265,0.038415890315626776,0.10954773506511685
259,0.0939275424109564,0.05142980573314531,0.10131266311120511,0.1732395485170004,0.15700145114058553,0.22477551677133642,0.0770090795380726,0.12130439277669798
260,0.08004676568076156,0.04724160931612198,0.10837669285158653,0.16800986705227489,0.19066195786056397,0.2195518224382465,0.09087469764647516,0.09523658715296932
261,0.035924721395443136,5.474638635895086e-18,0.06514055122089187,0.1886222564241884,0.18677374065642377,0.3282768985929306,0.11797353340326643,0.07728829830585589
262,0.06405747621638458,0.007547796604838246,0.06931536339979762,0.208269630383474,0.1811518858255287,0.256679416194861,0.11897304153558308,0.09400538983853271
263,0.05765278885679102,0.005665640082306687,0.07679701345037762,0.1860573281573768,0.1724462796789071,0.2561370039308723,0.12678362587733544,0.11846031996503302
264,0.05779198312498777,0.007152372002385757,0.07385652290980499,0.18897458148394045,0.1717993793079703,0.2541673009967554,0.12867882546654363,0.11757903470661175
265,0.05818781110696458,0.05775041455742353,0.04560342102633572,0.11860301932724956,0.21801862532200045,0.24709678993434755,0.12690248952399938,0.12783742920067917
266,0.05823649135416098,0.07035790327627812,0.047548444988022416,0.11453084129317638,0.21911142200796535,0.24243315748748043,0.12226629139219135,0.12551544819972493
267,0.04290195452780404,0.05479358731633943,0.044476814243878,0.13581564006130137,0.2161382599430543,0.22477356176280186,0.15680274505488026,0.12429743708894075
268,0.08088238782837051,0.10819297935809366,0.06986963231864435,0.11096118010170447,0.20406611898757443,0.19199949763784968,0.11265792572647236,0.12137027804029049
269,0.06892021190355185,0.11687664847915608,0.0650933302124272,0.09153366204995171,0.21925341714693905,0.2006343913560604,0.13876050107865154,0.09892783777226206
270,0.06976834367282264,0.12154924405631226,0.06290653585688326,0.11738407034163172,0.20729405676577678,0.19285579567895378,0.1492864106580427,0.07895554296857686
271,0.027912857563266426,0.11141068186230219,0.06405462751036584,0.12174204537745587,0.26128376133402753,0.20757604997978965,0.16516422965939218,0.04085574671240029
272,0.0199649399123668,0.11687074550082098,0.06948937458936431,0.11874217400782086,0.2683652827937606,0.20233900157294563,0.15815516095177282,0.0460733206701479
273,0.052699418334844136,0.12186670984720112,0.07959256330196621,0.11949438203278087,0.22352795225291092,0.18983981981385475,0.14563406979429633,0.0673450846211456
274,0.07256214302399583,0.12677230608066614,0.07705159238777506,0.10967688220097632,0.19918470191514834,0.1966610031971381,0.1473841618729986,0.0707072093203016
275,0.05883281477330778,0.1293055883859641,0.07541739549455058,0.10885971658977393,0.1897451108514855,0.2029581979210837,0.16024718067464655,0.07463399530818782
276,0.06001740987993455,0.13417226902572416,0.07662221654727082,0.10358570775100136,0.19587734447692917,0.19484865688069003,0.15543614952623616,0.07944024591121351
277,0.06142498619122782,0.13618317814052272,0.07605074829774364,0.10360096069664804,0.19616661282169306,0.19352974389530753,0.15464220636631776,0.07840156358953936
278,0.07214882126801572,0.1403120425247631,0.07000398549140743,0.09968564053921485,0.19619051800260662,0.18883291196889407,0.1659030049382011,0.06692307526589704
279,0.07128352026400696,0.13742673167182462,0.0703524302663198,0.10157111001030811,0.19809140224231964,0.18934662796740323,0.16785192994674844,0.0640762476300691
280,0.07438952509956662,0.1382834775384881,0.06618810412875419,0.10326639363448721,0.1967963042198844,0.19055888349900219,0.16662283470771405,0.06389447717110316
281,0.07476477321970201,0.1401648991844069,0.06084650601176712,0.09796449418068198,0.1941222452768363,0.192531747192886,0.1691245984523063,0.07048073648041345
282,0.05729943895750669,0.14415775188500368,0.06596790802425498,0.10086394418968732,0.2032082732988948,0.21326127767265723,0.16526162667035146,0.04997977930064379
283,0.0019994967771423335,0.1730888910021441,0.050648991561739735,0.08385249137901128,0.23106590946000982,0.26309759882691974,0.1859171867229636,0.010329434269069376
284,0.039090699153158597,0.16842397466271777,0.061530888278019225,0.08871902879818538,0.19644196818551957,0.231566985198682,0.16371152223618976,0.050514933486527594
285,0.050428402455042105,0.22302315881863227,0.06256565499916032,0.08369440166540551,0.1647447850944086,0.2178971744542145,0.1367169540780269,0.06092946843410977
286,0.02132228318435016,0.18525094955009105,0.0674652929584206,0.10006882164013682,0.17540492163185173,0.23300921684868175,0.1580558710532361,0.05942264313223172
287,0.06145784757115965,0.17584728725871948,0.07181075212157918,0.11303308064864952,0.17714828838906815,0.21232673425394802,0.13011732146137667,0.05825868829449925
288,0.06367623370247248,0.1839969779587479,0.07947030573294409,0.11576990363589071,0.17832706844612145,0.19142080767038683,0.12779555258941888,0.05954315026301762
289,0.06204759465667786,0.17465473604353784,0.0765494612538863,0.11464722997162138,0.18323878627563736,0.1940100039142307,0.12970799732363453,0.06514419055977393
290,0.055807455703019225,0.18162376719255727,0.06984074047085162,0.10536481984833711,0.1661649449120822,0.23675230296668615,0.11956418458080972,0.06488178432465669
291,0.05379387546850063,0.19547937695621967,0.054204380687174904,0.10554421459289044,0.18241860570379553,0.20590710875484347,0.13342791829578404,0.06922451953979122
292,0.07613963891911775,0.18550577868835819,0.06738755283780981,0.11284182101671371,0.17055954091527872,0.18098391168936226,0.1245885526424071,0.08199320328995241
293,0.0592584218460108,0.18529690409421004,0.0738156358187229,0.09077802321275233,0.2071978911638597,0.18728776532153676,0.1268403335294772,0.06952502501243017
294,0.05358492266250998,0.1846738677099977,0.07754256825457544,0.09818376758215625,0.20290183475715046,0.18629723916858495,0.12773619055119367,0.06907960931283147
295,0.07512396618710357,0.23592048478739988,0.058882800506214326,0.10368414568296631,0.23424056544938435,0.11345391480357342,0.11223900954163982,0.0664551130407182
296,0.08528760488286907,0.25735932213937157,0.06526335598416207,0.08918841696276272,0.21038864487651945,0.11272683377445195,0.09940327526881262,0.08038254611005052
297,0.07639595201966615,0.24818542265028867,0.03229385692608519,0.07762805761256614,0.27984820454248216,0.07868577480371593,0.13494679498103476,0.07201593646316087
298,0.08046596489385217,0.2487983416625985,0.03261966147565554,0.05970223242874571,0.29589238531948286,0.027485013971012592,0.13851912461045526,0.11651727563719728
299,0.06857996215572675,0.30762820343064773,0.030723236467345788,0.03528036047806054,0.28730863325500827,0.009911636399526613,0.11732388476992342,0.14324408304276087
