oos_period,model_1,model_2,model_3,model_4,model_5,model_6,model_7,model_8
150,0.06681237202401046,0.12869727139157003,0.12941011343292028,0.05289281596343144,0.2877023025619997,0.10798085211197206,0.04931836838686577,0.17718590412723026
151,0.09102623610407144,0.2133470095164953,0.07637693896668742,0.06577101110192314,0.11721843813164186,0.327165512564052,0.05351133503795189,0.05558351857717697
152,0.09052042091171161,0.19736345799696728,0.05691390803213739,0.06262782835908394,0.11179020852799484,0.35918972265541066,0.057624578111527006,0.06396987540516723
153,0.08592944056237545,0.11051286257453768,0.058432009289960896,0.07363700004636163,0.37347773857628,0.15546992531785034,0.059635760083927826,0.08290526354870616
154,0.06213916470492555,0.21846981451194725,0.02184614300161146,0.05617103244004317,0.21102098862054786,0.16510808995434773,0.24641102123787173,0.01883374552870519
155,0.07590618028443874,0.09104140284649748,0.07082573681873101,0.09922245431239883,0.14723604412503966,0.37535473855766727,0.07943182969015054,0.06098161336507652
156,0.07959351280142735,0.092950670436907,0.06000758448288193,0.07761693653803292,0.16541604433401982,0.38830667907761063,0.07540183968643005,0.06070673264269028
157,0.07472258468752108,0.08252119934352378,0.08555107469409147,0.08793089026942547,0.14969383063827946,0.3473836171605693,0.07733488729863199,0.09486191590795737
158,0.11519261372889328,0.07196943945030494,0.07964261035022327,0.08491158440216343,0.11725067604652746,0.404012111600582,0.061676286835827716,0.06534467758547789
159,0.1120417428721198,0.061275597199687386,0.07016286041508334,0.09831288510335762,0.12494733547456055,0.39270393343581667,0.060474792674574965,0.08008085282479964
160,0.13713569636673356,0.0672776988789931,0.06681165809459581,0.09039613187396843,0.1346265431816805,0.383950537984205,0.059566071056335455,0.060235662563488265
161,0.09913825459378929,0.07043887893691218,0.061077024549620725,0.09135610647219151,0.15325511274084982,0.3983719957713592,0.0621360885076286,0.0642265384276487
162,0.09697217058609783,0.06491663377700385,0.061319596918814855,0.09170442222808747,0.14860206788369767,0.4006550298327844,0.06244545498858618,0.0733846237849277
163,0.07760441631211396,0.06022395691424298,0.053270206182576996,0.3248960581911625,0.0984917043132808,0.26462061620535854,0.05480588208750186,0.06608715979376241
164,0.05511860919810187,0.019332704161528554,0.018750000000000003,0.25422872995434326,0.27625691636055055,0.24530693550115817,0.11057343909143903,0.020432665732878476
165,0.05017579238615134,0.01983827583694414,0.0898078955483738,0.21222532300133906,0.027694788652854567,0.29613484534311746,0.018750000000000006,0.2853730792312196
166,0.14411871370017212,0.07421305807418475,0.075416172078709,0.10174847171274454,0.09076497951643109,0.38946872653442055,0.06013105191540266,0.06413882646793527
167,0.06244794209573427,0.12084689666953151,0.06288584165740575,0.10571602583935458,0.15331624404376862,0.3741961239551384,0.05850833816384167,0.062082587575225244
168,0.07530409365331994,0.15463738143732,0.060287150350273044,0.3644118715631112,0.14841505669026306,0.0654465169458234,0.061759438822950215,0.06973849053693919
169,0.0257573658193619,0.10182233839786187,0.19477892253963475,0.15427514825315153,0.18256646045021135,0.2194440266390446,0.07646798694059692,0.04488775096013705
170,0.024950203521491892,0.2818288203967919,0.02573926477925648,0.2906731190090601,0.018750000000000003,0.29819791580675825,0.03640010033574821,0.023460576150893087
171,0.05530772050475335,0.32056906441300426,0.057824765099049553,0.08422725772887915,0.0528104627440471,0.16731794666637903,0.17491649407573356,0.08702628876815409
172,0.020911303371075017,0.28033164957754914,0.12836694598977502,0.205597478029297,0.018750000000000003,0.019471931730771008,0.28408650839166766,0.04248418290986504
173,0.2973311442952772,0.3059505334217302,0.0199888714570847,0.2874327427381981,0.01875000000000001,0.019811151348658445,0.021711861854269435,0.029023694884781813
174,0.05052393836405603,0.15402318161873738,0.13706675808234728,0.28641651833275594,0.049181751791300785,0.04991951816129491,0.15989651825952558,0.11297181538998209
175,0.022862394009614703,0.19886286905302797,0.27046729563472016,0.28335538863994875,0.01926305003734344,0.018750000000000006,0.021608430302136886,0.16483057232320808
176,0.01998735959827717,0.3034545172390691,0.29213936544895014,0.03343182215443971,0.01964949985889624,0.01875000000000001,0.0220738675713444,0.2905135681290232
177,0.04997409158680863,0.16827631556443193,0.18295301533940492,0.075873828342055,0.053865645491887236,0.050846225001574145,0.12433705749815213,0.2938738211756861
178,0.018750000000000017,0.2928435902317189,0.29103191668353656,0.025691062161848074,0.02098834484560584,0.018859821290201705,0.029309390857024914,0.30252587393006397
179,0.01895564963900213,0.2275928194835767,0.23241394811089214,0.12497682017828311,0.020001220782221576,0.018750000000000006,0.22416804755499845,0.13314149425102598
180,0.05345073722769038,0.11511371772227337,0.32571839755779736,0.08723647894598734,0.05665857195721705,0.05335757974051598,0.06960582941489085,0.2388586874336277
181,0.05621593646977793,0.09220375574106676,0.242348474425977,0.061647101644221096,0.05851437226567766,0.05839156351348894,0.3526205785390864,0.07805821740070419
182,0.056262803121522514,0.3530616764378589,0.0642262568426684,0.09439888959620683,0.05796585443180659,0.08785124902107548,0.0708848515212606,0.21534841902760066
183,0.057718384626376004,0.20663938022724862,0.07413503395331414,0.08619893193786732,0.06268005570049252,0.05712662226102234,0.09430985236640999,0.3611917389272691
184,0.018749999999999996,0.0944046401414746,0.26455256812781536,0.019851435045802984,0.023449362644901564,0.07304625070455377,0.28649809014551875,0.21944765318993295
185,0.05760697815214009,0.15283096169608024,0.11017988857525958,0.11605885483244748,0.06433943113031147,0.056822022480947,0.08383694130087002,0.35832492183194414
186,0.06194653352962749,0.14564297181493205,0.09681240540881537,0.06786016409366044,0.0720223834205495,0.06465887595284177,0.08450105608896173,0.4065556096906118
187,0.05883015114614757,0.17232798224564572,0.10842272083133005,0.06732911281164514,0.07642408142731183,0.06124932406721413,0.07819167550696382,0.3772249519637418
188,0.05873675953477557,0.1055283822830852,0.16415473924759924,0.04962359908861202,0.057038135759962486,0.1082948089117287,0.1660484967408284,0.29057507843340835
189,0.0586084756154419,0.37513859402768845,0.06288373382885684,0.07156885380216384,0.09023373169854663,0.061870328935511996,0.1063494789252112,0.17334680316657908
190,0.05787865801419514,0.3682697224865425,0.06471089789129132,0.0768029537492698,0.06962229661366201,0.059152281589652266,0.10047345286699774,0.20308973678838918
191,0.06209569997355038,0.18744749051105097,0.05876341404724543,0.0794904153734368,0.07922934585364177,0.06134697653213713,0.10010740829838038,0.3715192494105572
192,0.052244049053387906,0.14492185523312426,0.06530600381809368,0.11530280513213509,0.08793896086113212,0.1321626437062268,0.08688555918965497,0.3152381230062452
193,0.0622477881471166,0.1352727603968979,0.06579113732466504,0.1078250509364666,0.07844938886209672,0.06281741486843183,0.07820551219734541,0.40939094726697983
194,0.07652729961017912,0.31502952377553334,0.06089336670368816,0.1227451350114532,0.15774571692509265,0.0687909273469601,0.10982012401666741,0.088447906610426
195,0.06087172974116993,0.3204864385159061,0.06679621909410585,0.052801682047737296,0.14517539425872902,0.059398875615532636,0.180511187278302,0.11395847344851719
196,0.08497640626846825,0.3425457391815707,0.07213774595432082,0.06338637966934196,0.08588923057194707,0.05685509236761379,0.10323789334147389,0.19097151264526352
197,0.06239537184797571,0.33431965386494417,0.08439657760767638,0.06838414428899373,0.11320557182099444,0.06568636338280422,0.213896664735632,0.05771565245097932
198,0.04876653243127394,0.22994288001793486,0.2721863985112847,0.14251828208246817,0.04802876565619713,0.03665296560079758,0.20315417570004354,0.018750000000000003
199,0.061002123612349544,0.10925478495192313,0.052701185779328454,0.12614530736660629,0.13836687063015704,0.1329152931698858,0.3195405882642808,0.06007384622546886
200,0.27558808346514063,0.16699844485814622,0.022576555870357284,0.1580925456619959,0.049405110486329194,0.037984427606079875,0.2702091052837496,0.01914572676820129
201,0.08499162846614938,0.14680898993343217,0.0632586677481989,0.06287590252626908,0.09319076019186959,0.07862537082732335,0.4011296285208368,0.0691190517859208
202,0.07453742611918375,0.11219578369857533,0.06449338109937315,0.08307143627331012,0.10973145876681646,0.07875808020414417,0.41442931884005246,0.06278311499854461
203,0.0841896112890379,0.15681339435094668,0.07723166562496639,0.06882357649073044,0.0908920041568091,0.09789011723186969,0.31496608484674865,0.1091935460088911
204,0.0785414669677388,0.07387379688142028,0.07978229236879607,0.060195332432791473,0.07593032688107003,0.1362526938799735,0.3900737211518275,0.1053503694363824
205,0.06240064511936667,0.04578001991855323,0.027831997410125656,0.06408960123655649,0.2041683947945194,0.284062516088518,0.29265481792369946,0.01901200750866103
206,0.09195886109024896,0.12039295163033503,0.09371395473452115,0.06184318377519167,0.1077171620889082,0.0651282705533737,0.39818812802901127,0.06105748809841002
207,0.08916106244034477,0.08062466703394187,0.0881369903462466,0.06378550919034318,0.14300540337945408,0.06769826151607505,0.40572936144053734,0.061858744653057095
208,0.07899399249325885,0.02410784000774563,0.04284759315898954,0.04403490489425272,0.2129952593660854,0.27693390170190735,0.30133650837776055,0.018750000000000003
209,0.09602003726741999,0.07966644215817352,0.11407227310301335,0.06592915468317671,0.0760403084835311,0.05903765278101,0.3791779102990052,0.13005622122467014
210,0.09881187528777555,0.06536818049162654,0.09103028496060761,0.06324089668685706,0.17353048454208364,0.061262718694521746,0.38689768075618336,0.05985787858034448
211,0.2474406747145173,0.05314699274249204,0.26441806261602313,0.0948347966986596,0.08943667520710977,0.04698624023367144,0.15576045577507616,0.04797610201245057
212,0.23868611955599214,0.1194951755738951,0.18602339752055014,0.09943297787309975,0.09530625110920099,0.04239807254960286,0.18014302513539063,0.03851498068226833
213,0.020574058642649724,0.019286161865988933,0.28003510058233455,0.2573378214063507,0.09488363264722151,0.018750000000000003,0.12995499304067226,0.1791782318147822
214,0.09437915548973021,0.059193533296087654,0.3300876120346972,0.06363929772845532,0.16141490846741738,0.060356957752892466,0.17710672645203326,0.053821808778686586
215,0.04759100345868945,0.025291189998113816,0.27869488471911885,0.02882642427850547,0.2698677498200362,0.05541020251778028,0.2755685452077559,0.018750000000000006
216,0.24228116535626598,0.03034659519312963,0.26749267984641023,0.12493147286164205,0.021015753323484068,0.02069099097947143,0.2743438943786012,0.018897448060995383
217,0.03138500587346633,0.018954078758802756,0.2782718249204451,0.03517555394617371,0.022645143000703877,0.2901401772157873,0.304678216284621,0.018750000000000006
218,0.11787914943722311,0.06070091184387517,0.3647846660771266,0.17972494003408013,0.07618915444077899,0.08204830739327379,0.06116450000294752,0.057508370770694706
219,0.10968967534846724,0.05650025875688295,0.17119180704548315,0.35529655300595725,0.08838848823401554,0.09337272442833594,0.06899047552912307,0.056570017651734895
220,0.1740774812800611,0.05736719868084878,0.36114315493648097,0.14294870619630567,0.07202054107910791,0.07613419731710255,0.05712146021200111,0.05918726029809199
221,0.1434563897258108,0.0586775102684028,0.12461100731730519,0.3592509410644824,0.074565789105758,0.12461609103839662,0.05692041248810126,0.05790185899174286
222,0.044010614846725034,0.021850460257983997,0.029326796660540513,0.288507544504111,0.2951101954224,0.27381626028413936,0.028395695035558735,0.018982432988541374
223,0.1924855660314119,0.062340882411449146,0.10436106403019527,0.3548420647479686,0.056736982407087716,0.11222230132135656,0.05645196937947167,0.060559169671059225
224,0.22739823708340143,0.0551279860753692,0.11814237987072475,0.34238104556005683,0.05797795354740207,0.08196648213680675,0.05835038065372211,0.058655535072516925
225,0.30169944651083824,0.018750000000000003,0.24929319723549434,0.2818868467898896,0.02085171901496107,0.03687479462176192,0.07179710006460838,0.018846895762446473
226,0.067062472504648,0.05870026198854794,0.18408556061809356,0.3760024665576506,0.06609022227356727,0.09877640218971545,0.06993473324779073,0.07934788061998635
227,0.07532344805598463,0.07421641649407988,0.1620792736289259,0.39034912561212814,0.06593705925673973,0.1112216237641906,0.06064845859166248,0.060224594596288615
228,0.09134909016918218,0.055148939144322465,0.2007074641532681,0.33857998469916245,0.07943501591434855,0.11163476497669562,0.06696692200087083,0.05617781894214985
229,0.058549870144078635,0.06458673111545694,0.16810275832916047,0.3745870131207401,0.06094455974610916,0.10615301906835341,0.08851887554950902,0.0785571729265923
230,0.05856553845118591,0.07675677339652423,0.3717051391610304,0.2016132165765797,0.06556970390332464,0.09913226340374655,0.058243671035859486,0.06841369407174915
231,0.018750000000000017,0.023226314134753304,0.29977132268903384,0.30400666728791875,0.02439320126177033,0.2890773054793548,0.019699969000568814,0.021075220146600217
232,0.018750000000000003,0.07727512182445692,0.2590654039076119,0.29176489742500517,0.01991757837632409,0.2858493099722616,0.025482420766131702,0.021895267728208684
233,0.05768695675024398,0.10564101793150138,0.19479794793055588,0.36241277563812735,0.07733812503989235,0.05779815846615513,0.05777328513826435,0.08655173310525956
234,0.059989091505430435,0.06357408680372781,0.35505141252563216,0.2336806051495367,0.06916737407276323,0.06334836110720705,0.05824201685324265,0.09694705198245998
235,0.0631258859332972,0.05490622332976893,0.1654801487330916,0.3303041223588223,0.0748074976031875,0.18136237478596912,0.053924270265413264,0.07608947699045013
236,0.06261408949028094,0.05915783683557354,0.18905443806165634,0.3803090525701039,0.08106860270566796,0.07641884293373599,0.06201757312167067,0.08935956428131073
237,0.08210462706578851,0.09463556351361699,0.16077721136622633,0.2677954851436981,0.08934729371979223,0.14068506870749006,0.06459178977507224,0.10006296070831548
238,0.05652468347540973,0.06817334774061345,0.062275541162619685,0.35552643270973866,0.12384778985136842,0.062026665305232945,0.09017729229937763,0.18144824745563948
239,0.06048007633444644,0.06708079470560097,0.100698370535806,0.20665269126573488,0.10377309681492919,0.0571286378537061,0.07251150045092855,0.33167483203884796
240,0.05979482588391982,0.10071132975109832,0.10452267435774068,0.35808492502773953,0.0718407504130926,0.06001638973497767,0.10381722824838786,0.14121187658304354
241,0.06441563420701629,0.09147613201433713,0.07329588403523069,0.37928264481334295,0.08505463468435827,0.059048780554091226,0.08023981930491836,0.16718647038670512
242,0.07118904430412398,0.11625060479520626,0.06955729057963905,0.38427087814936034,0.07025728414634837,0.061238178132408734,0.07596920730189527,0.15126751259101795
243,0.019468048908315886,0.15915978266591643,0.28758443463584255,0.2668063814827611,0.018750000000000006,0.14570170968065038,0.046597876100497794,0.055931766526015884
244,0.06404280376109227,0.09047195512811979,0.06492237154435936,0.4010481006642875,0.06903363687221298,0.07645912569599204,0.10279539666207074,0.1312266096718653
245,0.05581113388299296,0.12310197767372226,0.08286637668475531,0.34881068459766057,0.062489345696370435,0.11551617478823313,0.07818446249206694,0.13321984418419827
246,0.07079319040301188,0.10533661496046356,0.05984342046240079,0.38676160641040896,0.06938249532330296,0.07446548342184352,0.06759894426168742,0.16581824475688087
247,0.06046832878233443,0.08939284070286671,0.17419423732953218,0.24630531332214337,0.05292659388261699,0.0970632467716301,0.1613480933269196,0.11830134588195669
248,0.061585188584080214,0.10632978723352712,0.06097279900245458,0.34541917140302175,0.05917250614532442,0.19834821085347434,0.05545078696157107,0.11272154981654654
249,0.07121311096000386,0.07846744624951256,0.08881680104762406,0.40451527298231543,0.07627659465055694,0.1471561145247738,0.061729747754371025,0.07182491183084223
250,0.06884375818544551,0.1016013657478937,0.06601817834335555,0.41716427507571,0.07828783848335572,0.12027878437188408,0.06528749342518736,0.08251830636716802
251,0.020002078164415578,0.052444350193893256,0.04117424356138303,0.271580909022385,0.26415068238155426,0.16463386445643385,0.16349582576463745,0.022518046455297522
252,0.06373537615819869,0.16381983917112541,0.08136304765394714,0.39216523675955384,0.06651066300449543,0.10213530241951004,0.06832648417480945,0.06194405065836002
253,0.06348172559149698,0.09429848494531512,0.06936241858406138,0.2017794780144573,0.34093514485803184,0.11428932464394846,0.05497435914116588,0.06087906422152288
254,0.026894098421725306,0.07868265328332244,0.25686151665903284,0.28013120124731083,0.130526643753486,0.1298336557163579,0.03464202922009517,0.0624282016986695
255,0.06453442397893486,0.09931427456749889,0.05290072004061226,0.21541237402428462,0.32098688093264427,0.12765181867246217,0.05285485609909345,0.06634465168446943
256,0.06754461321845923,0.18080700780043688,0.06691413171579147,0.3662187792789292,0.08846155926629176,0.09276786122768145,0.07831754732396025,0.058968500168449775
257,0.07093437973974459,0.1660431809243016,0.05984262570509591,0.37422325026772535,0.1112702617476853,0.0871259828495952,0.05851122034094582,0.07204909842490624
258,0.08370520959255676,0.1290247463640574,0.0604166014481858,0.38730064316794305,0.13175464069247952,0.08126461971436594,0.060210613975202595,0.06632292504520892
259,0.10498610126606557,0.17538824124005012,0.056644871194558064,0.13500640689455168,0.33408330337753583,0.06954578172319062,0.05424635069186908,0.07009894361217896
260,0.057753033788918634,0.17056920153207264,0.04663387172696066,0.18558578675757192,0.262436472024595,0.18030486066298215,0.04700778875067908,0.04970898475621981
261,0.060385234115289184,0.07007610495372203,0.2206376719986114,0.23681665603709662,0.11559308388952903,0.2157166470156022,0.05491948109359107,0.025855120896558455
262,0.06832797079444371,0.0677056358548691,0.06208309511048969,0.11425393995989858,0.36178521254110035,0.18523877576981163,0.07764499317971423,0.06296037678967256
263,0.08582778483558352,0.3302550871870988,0.05383960162834849,0.08133041111182145,0.17539473088370722,0.08822415987089477,0.10513623548266285,0.07999198899988295
264,0.03218745260340761,0.26368484765926864,0.01875000000000001,0.25558659984961263,0.09463120010021678,0.2546507912976335,0.06000380937636565,0.02050529911349504
265,0.09663509049611763,0.11105081287913257,0.05653020317450736,0.12121133091409377,0.35557838950025883,0.08666736589988701,0.11371466979244965,0.05861213734355314
266,0.02938242930255676,0.29222781069311415,0.018750000000000013,0.018997611504991917,0.29953815710275405,0.026203896343747944,0.29347464565750686,0.02142544939532829
267,0.12391330707721435,0.11976812931997716,0.050588278332334535,0.0673400282713601,0.29965440416072847,0.1261835072627987,0.1295185296289411,0.08303381594664558
268,0.08031362686710315,0.16897252555896317,0.08913660844939647,0.07588099195822386,0.33500078623100854,0.09282723826295801,0.10054292346441468,0.05732529920793206
269,0.10498918675991763,0.10500788417073818,0.06241112010968648,0.07249969657539793,0.36306644681257894,0.1725506115820279,0.05732580997383651,0.06214924401581652
270,0.15308552730358646,0.23043444216046566,0.07814909960397155,0.11065451666429593,0.04810925428319426,0.14485929445049384,0.018750000000000006,0.2159578655339923
271,0.2583800597688269,0.16886270726552793,0.038607006247378284,0.14236530953362986,0.27227459646254437,0.07215403225273345,0.024405950521519303,0.022950337947839933
272,0.05876593802590108,0.34958001342892103,0.0675920693990176,0.09491328099713685,0.18320352181959973,0.1193077916102982,0.05589287642682286,0.07074450829230264
273,0.08129332003317336,0.14336010761553206,0.05540317378577279,0.13807964936922087,0.3229044722927968,0.09799710004118077,0.053058598639978055,0.10790357822234531
274,0.057464354186509005,0.13300538644467833,0.07914860514952282,0.06983142992203772,0.36176062361051703,0.15888638533720714,0.05718706625861744,0.08271614909091059
275,0.06100861583155752,0.13510025848291132,0.07732801300628464,0.10266357526200774,0.38053277128773977,0.10531926260907151,0.05918160670008016,0.0788658968203473
276,0.06478982506156425,0.3372570947449714,0.07511373752472812,0.0769191430196544,0.19379486226598103,0.1415750277656917,0.05458356631665321,0.05596674330075583
277,0.05770916886767697,0.16985081431876647,0.09160582964887601,0.07126694896446291,0.3542750106492639,0.096920136207078,0.061440200186808167,0.09693189115706752
278,0.06317782216412228,0.18150335186855257,0.07471018612449035,0.07881416324379002,0.38655142445657303,0.09134650273155256,0.05982108884851088,0.06407546056240826
279,0.06352985267279229,0.1817555006082019,0.0728561795237053,0.08111149161820595,0.3856120306664927,0.09131824496376705,0.05972127825831485,0.06409542168852003
280,0.05883554336314278,0.1787739515265782,0.07894458974389423,0.07637662516877548,0.35989936628006086,0.09589054841212144,0.06386574313472303,0.0874136323707039
281,0.06352074536946982,0.1904295179099995,0.05844610644224275,0.0939162781270374,0.3736104135740494,0.0878878870680725,0.061544182220535266,0.07064486928859334
282,0.06327146608256265,0.17072028677169782,0.058488718582859575,0.08470504262445509,0.3652812974157856,0.12881945500275316,0.05756113785042722,0.07115259566945886
283,0.02239494400405534,0.12486906465706052,0.018906030171590295,0.3002375009497819,0.16594849749106652,0.0614147519222278,0.022187093907747344,0.2840421168964703
284,0.05389380846003448,0.32526194171630407,0.05807077969957265,0.05761495649916443,0.1483308641797497,0.22343986728640802,0.05395188097343909,0.07943590118532762
285,0.058035644490425746,0.36974724226283046,0.0654259875478889,0.06025797892835053,0.08606750836180328,0.19952586656155016,0.06251812196054239,0.09842164988660856
286,0.2631054556753694,0.15729545602757783,0.12151301371053087,0.018750000000000006,0.03625446331351433,0.28674697223498025,0.03526739256061912,0.08106724647740812
287,0.05794689000076868,0.16237463384730763,0.06227210459306208,0.07171760143212222,0.09360386138323078,0.3689119058895875,0.061331111415135475,0.12184189143878557
288,0.01875,0.230317872032398,0.020965871454459054,0.021906056242014207,0.2333004073722162,0.24252664152859432,0.018982665449369454,0.2132504859209487
289,0.018750000000000003,0.14551823979138825,0.07745026319273941,0.07363140987090659,0.10994677273408192,0.2843548813629186,0.026654269368027353,0.2636941636799378
290,0.05936795612489805,0.20742778782597995,0.07942486886132046,0.07337986337263942,0.08713165372778324,0.37216533653962575,0.06280996654041789,0.05829256700733523
291,0.05728816064773325,0.36271210021396005,0.05938628256037097,0.0770640066299315,0.07619300065147021,0.19854559126881052,0.08278351380813254,0.08602734421959106
292,0.07476089421552529,0.38231097761941046,0.059370541162458976,0.06185420606312926,0.07176496753910977,0.1979671207623483,0.06538263901759628,0.0865886536204217
293,0.0789258347698922,0.3654640629481482,0.06353802352733247,0.07253661101575744,0.1024335727488716,0.1647281863078646,0.06715609004556808,0.08521761863656553
294,0.05880669471119075,0.37700418736852437,0.07241531893589685,0.06798947381148604,0.06787157659259363,0.19227143720384543,0.0812064667799205,0.08243484459654252
295,0.018750000000000006,0.2556209173689984,0.019526697382800176,0.060779560253327564,0.23578687136530518,0.28729498209820115,0.10237355973801655,0.019867411793350997
296,0.06075358995261326,0.39532790703942694,0.06763042684528688,0.08372076211527966,0.13124701471081487,0.078706517623964,0.08061328687360397,0.10200049483901036
297,0.06320248282940791,0.41837630898266265,0.06639683279676477,0.06952178934502155,0.13253704083206672,0.07861371811906344,0.07739198021775957,0.09395984687725341
298,0.06356527830265904,0.42179085759823404,0.06661033663563821,0.07119981612400544,0.11586696459587945,0.09891960415630621,0.08169953104340232,0.08034761154387522
299,0.0562036458792389,0.3525049119307999,0.07278482291783298,0.09531953352762977,0.08219884402045971,0.06820513934929588,0.08069580510035768,0.19208729727438523
