oos_period,model_1,model_2,model_3,model_4,model_5,model_6,model_7,model_8
150,0.00841638480308228,0.11281332095328331,0.16980598329239185,1.106463464276763e-07,0.42224665970452185,0.08627693743932816,8.3416987334275e-08,0.2004405197440588
151,0.0007609485677784879,0.9840810778963334,1.4842435123772818e-08,1.714125311104762e-08,0.0001269772914463294,0.015030950291420705,6.66866182192408e-09,7.3006710682716584e-09
152,0.0005567830457332108,0.12212253102777632,2.6980897105779825e-06,3.487044495287956e-05,0.001269015460318371,0.8759777451012787,5.138588664225604e-06,3.121824156574811e-05
153,9.958863805415192e-06,2.4301596118954163e-05,5.421824659764565e-07,7.759809606707734e-06,0.9998660062692301,7.929977710854746e-05,7.045863214048587e-07,1.1426915342967306e-05
154,4.239326372523932e-05,0.9542854875182929,2.9901146018165175e-07,6.286431185772257e-05,0.0003246476601557172,0.028759375149058533,0.016524922349360725,1.0736088969861707e-08
155,0.03375177039875191,0.05003348558445748,0.038398528190239506,0.09094983058443344,0.1436429989671175,0.5779447037659272,0.058986929165020234,0.006291753344052752
156,0.010237587385737948,0.02165763988027007,1.046320534152649e-06,0.014395787048841946,0.145743061839537,0.796499340635401,0.011464249339448195,1.2875502297340226e-06
157,0.051058522419480154,0.07374601389123084,0.05537413299129314,0.06573883947988673,0.18417376704134616,0.4615703618606038,0.03578668173357835,0.07255168058258091
158,0.04608393838949112,7.908530759924946e-05,0.0024053458828422664,0.007673467594018109,0.010710622642504625,0.9330338116905182,2.541601054999707e-06,1.118689197142215e-05
159,0.07649096679332021,5.471761205013039e-07,0.005600298465304297,0.05784476005440511,0.05159140636615154,0.7551333608065077,4.899398079477556e-07,0.05333817039838271
160,0.12964038607453204,0.0026644634881246992,0.0020144788085536885,0.012963880468621682,0.03468488439195541,0.8175633007447617,1.6305322283276005e-05,0.00045230070116747547
161,0.024783761751219734,0.00011229686470324469,2.409080269168529e-06,0.0016032675360377153,0.007381758643895072,0.9660574513501051,2.1018950695144114e-05,3.8035823074787435e-05
162,8.919543294271685e-06,7.628676636254555e-07,4.714652655894132e-07,4.863165410768273e-05,3.0279221418825372e-05,0.9999087372621401,5.62458883820609e-07,1.6355272259236484e-06
163,1.3332989280588794e-05,1.7080506745165844e-06,5.730176003884729e-07,0.0456376062738201,2.1738677354815823e-05,0.9543165184351469,8.23679853502619e-07,7.69887626927416e-06
164,0.0008391543732609331,4.68712900219785e-08,4.5407964966873505e-08,0.02230256060568397,0.03851127194807361,0.9372167752030733,0.001130095861798351,4.972885482252311e-08
165,0.0009316788274660985,4.5569409917069685e-08,0.005556049811461806,0.014285271006642966,0.00021925366622557176,0.8121874454860373,4.20770629691089e-08,0.1668202135556933
166,0.05159528723535958,0.042153839268014165,0.04393149610298104,0.041283631028226256,0.02492964537514707,0.7961054986927224,2.3197257188339074e-07,3.7032497767086603e-07
167,0.00022766251654034379,0.05362135757469189,0.00030347853510461994,0.004629795698922066,0.06852076185102024,0.8724783263930357,1.466017128216621e-06,0.0002171514135570214
168,0.034957858427604016,0.1580719821154829,0.008009424439010236,0.6036363017945032,0.15650637315661844,0.005366785701700347,0.012778063184686267,0.02067321118039461
169,0.012278594123334237,0.16380184878366377,0.14308533410721022,0.27162363448958066,0.12647502820630038,0.04180974300031881,0.19424168064878913,0.04668413664080276
170,0.008217857581737804,0.6641334114598374,0.012880426745502152,0.16768779262123876,8.486478713792458e-07,0.09485946942367054,0.043355033507901194,0.00886516001224086
171,1.6389294570277659e-06,0.5427662637143964,2.269784742256173e-06,0.017821818049962537,9.284092427731388e-07,0.05986611563173446,0.2994001035833709,0.08014086189709373
172,1.3778724556073371e-06,0.47580522701341676,0.12503186932740598,0.2307136336936269,5.681711997873894e-07,8.270804697069575e-07,0.1464667157449058,0.021979781096519418
173,0.47210207651759617,0.24855750544571398,2.7755918594996816e-07,0.2793388019539247,2.2593019041024856e-07,2.630224334279883e-07,3.248975135847166e-07,5.246734416199702e-07
174,1.0395576506593104e-06,0.1221249122384039,0.1908190560056837,0.4740791690780492,7.492712151006303e-07,9.163111926457953e-07,0.14744494426658172,0.06552921327122307
175,0.00011278741779013937,0.19082804271243387,0.1796682592798703,0.3997017999829849,6.183102846806129e-06,2.3014832494353457e-06,3.360323662850199e-05,0.2296470227841961
176,0.004927629254207763,0.4725045157527693,0.2798081645708723,0.06662922542835457,0.002586567267380606,1.8420634426597329e-06,0.0084142245510741,0.1651278311118987
177,1.7016661402632978e-06,0.32808077854902334,0.08598773505172674,6.842395434100041e-05,3.844180390641638e-05,3.83515070414008e-06,0.08363888264362784,0.5021802011805302
178,2.041422149939101e-06,0.5821675801190567,0.10047413379536399,8.821305095353562e-05,1.7005067536462012e-05,2.859387297098711e-06,0.0002541809031781869,0.3169939862544642
179,3.370825118211864e-07,0.08882564285068148,0.37444864843173326,0.1143896604063741,4.891735084375927e-07,3.071449811560929e-07,0.29911416719962997,0.12322074771057974
180,4.9026371089273586e-06,0.01227636212645094,0.8105891286617278,0.0004818957875098071,2.74900265566949e-05,4.208192168058716e-06,0.0011925202112451287,0.1754234923572325
181,2.856828634673914e-06,0.0015892098595875206,0.09087532000256196,8.337763810734015e-05,2.6312360338442273e-05,1.51870560175039e-05,0.9061911491730938,0.001216587081658763
182,4.354231183462022e-06,0.47826453517195766,0.00017689863730919396,0.012998470308106446,2.4828823132887707e-05,0.011776290728747592,0.0007208850780978679,0.4960337370214649
183,7.5596552367685296e-06,0.1596058707290515,0.0004596136208156878,0.0011677541950129914,5.89602334708575e-05,3.7204527897899026e-06,0.006449478901367656,0.8322470422122548
184,2.7063694939428345e-07,0.07197629729998947,0.15582003960636362,4.004429794802861e-07,0.006357431311043854,0.06226143679632402,0.444572103397358,0.2590120205089922
185,6.477973695306745e-07,0.2113222647119172,0.042456242385067434,0.05762287687880854,1.9679025409987096e-06,5.311169025884972e-07,0.035305593405872034,0.6532898758015216
186,3.3249210523777422e-06,0.0625387623178484,0.011625617606393315,5.9631837772725845e-05,0.00045777860336038796,2.7441817798662465e-05,0.001378556356301683,0.9239088865394723
187,4.118350338085961e-06,0.11134264709456754,0.020819363011436637,0.00011188263301054535,0.0011244824191580264,2.6576982576550723e-05,0.001433111413457879,0.8651378180954546
188,0.027538047736534052,0.13596749253300577,0.1743704444054422,1.5747001573123565e-07,0.015056169735635712,0.0974400638393811,0.06582508955121885,0.4838025347287666
189,2.8315335995066853e-06,0.7906002895655742,5.532832904476412e-05,0.00018136810197509664,0.0018624120261384052,2.634981960362038e-05,0.011666334344541975,0.19560508627952256
190,4.754678414041052e-06,0.5075833140355864,0.00024884753131237887,0.0013045809840859846,0.0010907654207344142,2.4252641835735667e-05,0.018943671400668386,0.47079981330736265
191,4.979196379121423e-06,0.25544674508570586,1.8248027179803465e-06,0.017957987025950195,0.022048779869438033,2.3764748450272225e-06,0.061595658553872334,0.6429416489910914
192,2.91527325003129e-07,0.1608101690622068,0.015484482876075052,0.1158113791689472,0.060210073172976164,0.11703138276879856,0.044685233201635824,0.4859669882220353
193,3.5095812536900188e-06,0.11186930473341233,4.390406667698015e-05,0.009333749259120566,0.0005021707561289025,7.599130099857272e-06,0.0003856743868265084,0.8778540880864812
194,0.11955678345692482,0.17434682949785682,0.03000740575737921,0.10949912469489975,0.223371765246504,0.09363268479611286,0.19391848081062849,0.05566692573969398
195,2.785697732120324e-06,0.6001787472400203,6.652932839732118e-06,5.157717404059121e-07,0.061552815199140735,2.73217821265971e-06,0.24791207842143503,0.09034367255887896
196,0.06880871065805737,0.5350479130996021,0.025204023534524004,0.016957234349651396,0.0447576526233838,0.0034088285943576543,0.053396379128900905,0.2524192580115228
197,0.009884432657544948,0.5953934226639559,0.037477628674538646,0.025992139310759613,0.06584287465032332,0.015177486019154005,0.2447793993742319,0.005452616649491751
198,0.05985537658802121,0.1600469950729174,0.24341467533908098,0.15438716595020072,0.054921162032270696,0.03419574077407866,0.29317878587775725,9.836567310045762e-08
199,0.002744236708594471,0.08763953402020841,2.0177238381363465e-07,0.20163057889727706,0.16315207580337626,0.16344148562205968,0.3637230685012087,0.017668818674891663
200,0.11980744679058952,0.003402441915792618,1.818590418134243e-05,0.0047363158742530324,0.00011422498475546742,7.470439822265687e-05,0.8718459710455199,7.090866854635267e-07
201,1.087271535779224e-05,6.121185944188565e-05,1.571777071702384e-06,7.125767231373327e-06,1.7216666301099075e-05,7.107825247183372e-06,0.9998906107579146,4.282631434430848e-06
202,1.174014365756971e-05,6.41647973879983e-05,6.571140756500456e-07,0.00012194503000185167,0.0001655570178948025,1.6951747982202774e-05,0.9996184962699179,4.878790820301631e-07
203,0.08656907739955219,0.17612721536827175,0.04863370620751704,0.03692576701433399,0.038465261095063256,0.08192863300961771,0.4518990469161957,0.07945129298944836
204,0.013907085370119192,0.010601570272785358,0.030016694279362835,3.9969971811908616e-07,0.023600784438128214,0.12019541637365214,0.760094496295021,0.04158355327121318
205,0.07627583881114153,0.04430781330714619,0.012915889114102994,0.08238983035261671,0.31599787931834955,0.26184134722833957,0.20582867043470762,0.0004427314335956963
206,1.623132926203587e-05,2.9064041617742592e-05,2.4436897974349993e-05,7.351124136148263e-07,3.0356699974698286e-05,1.0995699127289173e-06,0.9998974398038848,6.365449599142353e-07
207,1.9306296350588842e-05,9.033612580429223e-06,3.1011288321246345e-05,1.5480558157373097e-06,0.00010743105184736875,3.240064182880669e-06,0.9998274299270337,9.997038680515314e-07
208,0.00041419103380681803,8.786995110039753e-06,0.00012502138114357867,0.00020242193215840444,0.0013529932645767063,0.012139229772805567,0.9857573276178504,2.800254855228253e-08
209,5.5064661424874926e-05,1.807938687750466e-05,8.822373649168563e-05,1.2628273540501436e-05,1.1239446158921628e-05,3.297229866624791e-07,0.9997237441274476,9.069064507236132e-05
210,2.075250806973527e-05,2.4110069999391765e-06,2.224480127134034e-05,2.187316540111569e-06,0.00018355791690813367,1.2146597213114185e-06,0.9997668226619243,8.091285651264413e-07
211,0.883567693365645,0.0006476602856114299,0.08680659560321077,0.023355488343682076,0.0020479735947977334,1.8298347073625359e-06,0.0035622141669488794,1.0544805396672522e-05
212,0.8547659990449656,0.044137827554698875,0.05230219559802264,0.03726368025870215,0.0036251001220831513,0.00012000062800016457,0.007785178148017289,1.8645510073151512e-08
213,6.621764721402385e-07,4.743076796770467e-07,0.2796937731920816,0.09204010159675632,0.09683871564451878,4.0894646580280116e-07,0.1807087937264351,0.35071707040959055
214,2.4044866907763466e-05,3.836243148919668e-06,0.5149237194743959,6.856711138147666e-06,0.21153350890098596,4.6020318045250595e-06,0.2735026264525811,8.053190376583216e-07
215,0.0006208038421805148,0.0001475315080940654,0.16821089281477802,0.0002648263152012213,0.02111937097933824,0.0012823160978848815,0.8083541446167242,1.1382579884928927e-07
216,0.006248408022923453,8.931776073438782e-08,0.05957353292721395,0.004320711536419867,4.991844393667222e-08,5.750656107945653e-08,0.9298571052194777,4.555119923002987e-08
217,5.738509706693415e-06,4.695558510363936e-07,0.04970247720775801,0.004385716824294471,2.041745207173413e-06,0.3874959762351466,0.558407176502541,4.034194950661001e-07
218,0.0142651434774499,0.00010726504184158144,0.7749367094458097,0.20724782327549052,0.001652938206624727,0.0017484935734672685,3.7046080952936355e-05,4.580898363337508e-06
219,0.022245391365898908,3.015579202868276e-06,0.220596573928343,0.753997134915545,0.0005426562905393358,0.0025382263573831684,7.359001177516254e-05,3.4115513125403453e-06
220,0.14230784579507552,5.391228752254855e-06,0.8460894636311832,0.010714223037119622,0.00015977212043703632,0.000701784967141243,3.760915397559301e-06,1.775830489360319e-05
221,0.04499365751856986,2.119708009268014e-05,0.007561914209434647,0.8643731874346716,0.0003350875151834185,0.08269477544289157,4.7184004050900405e-06,1.5462398751101144e-05
222,0.05675851302919201,0.010636947405294106,0.027413127623915255,0.2866290296821038,0.15648700432179716,0.44490804142631435,0.016341803118205413,0.0008255333931777805
223,0.10582034702921123,4.337035402328328e-05,0.0013318238464831084,0.8777619458542514,5.106695020286872e-06,0.014945020620266699,3.914539591924318e-06,8.847106115212507e-05
224,0.14847555411719943,3.239146039096823e-06,0.010171875903190889,0.8404320435297585,2.788868813764488e-05,0.000796305314128024,3.317597375243719e-05,5.991732779389119e-05
225,0.3093378648786413,2.447273354507876e-07,0.4460083342881305,0.10841661936133627,0.0012426415788114639,0.0327457423746462,0.10224830302607109,2.4976502777255853e-07
226,0.007897315222520844,1.3466870965282673e-06,0.23211862795800375,0.6754684342235272,0.003445986249554749,0.04257056951078685,0.0068979932023058585,0.03159972694620416
227,0.0006111850792386211,0.0004593056114078471,0.07057933940542134,0.9179751298737505,8.55335208302047e-05,0.01027016645515896,1.2335756310045375e-05,7.004297882473061e-06
228,0.04266543420353819,0.0002758694745169492,0.26444640019845883,0.5670753142338123,0.023148231393909754,0.0759236167995083,0.023360439589612245,0.003104694106643492
229,3.5874461803567215e-06,7.010016921372834e-05,0.09180945626181117,0.8854280714057248,1.6480844056933587e-05,0.018252565455408577,0.0010963419022361415,0.0033233965153681992
230,1.053402851280559e-05,0.003193097660665061,0.7143436774942388,0.26662138364327825,0.0001486315326351193,0.01497055927949958,6.446194446897349e-06,0.0007056701667235237
231,7.592656632505352e-07,4.38184040303129e-06,0.42614826826029767,0.4664002943803228,4.997097654024499e-06,0.10743753980999288,1.3960160208124091e-06,2.3633296455041347e-06
232,2.862535015247601e-07,0.10123148402426903,0.4271584577426661,0.17685886514767915,3.9134723194712305e-07,0.28399950599519436,0.008588557166322638,0.0021624523231353696
233,8.194592054840909e-06,0.0031124862318812375,0.10888326460255944,0.8791795632327679,0.00020604509936036116,1.0015077379742248e-05,7.568607883063831e-06,0.008592862556113414
234,0.0020912878931113863,0.002262861903767309,0.7950707139967449,0.16120933646360977,0.006276528637758552,0.003649876459599626,0.0010405996047158016,0.028398795040692586
235,0.00436987120659619,0.0030487830911237568,0.136443861018386,0.6129852426764113,0.010184236286296838,0.20463690855149783,4.033699378305562e-05,0.028290760175905108
236,0.00012487259256069934,8.366960519904675e-06,0.1385152025282528,0.8476004562823923,0.0020311512947009886,0.0009661103832845228,4.868646093842312e-05,0.010705153497350331
237,0.03442731632519278,0.10770424934483878,0.14452133468208808,0.32447099978277205,0.07587358186499231,0.20359086871350862,0.04172354921906394,0.06768810006754344
238,6.998725264218806e-06,0.0008882445252014529,7.246886085578554e-05,0.7925750286945523,0.024557525487241893,8.623654793732823e-05,0.006094506724029351,0.1757189904349177
239,0.01911520611299743,0.01587697576850793,0.05316808162273859,0.3660511509917765,0.0986065151737771,0.006853483288974697,0.028844338583241563,0.4114842484579862
240,0.003452957785729099,0.09901655955829851,0.05822311753923328,0.5675640850974741,0.03174165254970715,0.005341212118172711,0.09223109185913923,0.14242932349224588
241,0.009394720388176356,0.06444989747385071,0.00984852336579996,0.5679411712600021,0.04017721917397533,1.6117991523088888e-06,0.029067980639597923,0.2791188758994454
242,0.03232859414104956,0.12892161039806027,0.0241744067058644,0.49455274817401446,0.011622384998293737,0.0060002447476371675,0.048109840933664556,0.2542901699014159
243,2.888368148170377e-07,0.24644891848605852,0.11509952006496345,0.2937021464532413,2.2384782117410762e-07,0.22655797794341626,0.046087689165286105,0.07210323520239839
244,0.005071999035648796,0.05144293077214767,0.005082418554951749,0.6940659264771418,0.010830470897604616,0.023779934759399705,0.07750357028687813,0.13222274921622756
245,4.1908501181669645e-07,0.1483020021782303,0.029669091848845388,0.4897943303522146,0.013806955352095857,0.13611205609021784,0.021277866225128516,0.1610372788682557
246,0.009365480452770721,0.0759090946275216,1.197812323728901e-06,0.6876968857532113,0.00902550101389918,0.021476931532527093,0.008521169915368058,0.18800373889237815
247,0.03812289729419584,0.10401257227802943,0.12826054209968546,0.307303100495402,0.020798390017498416,0.10060448855507105,0.15072583357652783,0.15017217568359
248,4.460663088022529e-05,0.011509913667576213,0.00014908382875526737,0.8892513438212454,1.6418939720732555e-05,0.09715045476654999,2.333847659814396e-06,0.0018758444976124213
249,0.00037424301011759786,0.00026532369521513766,0.00798650304756572,0.944609566088136,0.001777895016667703,0.04494467041935533,3.495321967612511e-06,3.8303400974989556e-05
250,0.0018333955126326159,0.03009019923975753,0.0009833318296126484,0.8457507152259315,0.018359654377030972,0.0837106782528697,0.001832554381062518,0.017439471181102527
251,0.0033530205112422386,0.07114355515128787,0.04051421597742227,0.46256478747826657,0.10554420212804322,0.2149994898720636,0.09529671020775755,0.006584018673916694
252,0.0028679527064333576,0.16010170957025685,0.012382732344320233,0.7835004184446982,0.004295546227608929,0.03302577057128654,0.003025180583837474,0.0008006895515584072
253,4.2315336106208766e-05,0.0009936905445606218,0.00019584933803416094,0.08964489651948923,0.9020338970229399,0.007030548279878184,3.664903491401491e-06,5.513805550029118e-05
254,0.016483175748770566,0.09971221406906125,0.15206210004291223,0.22739768751067896,0.22306768640015626,0.16184209968537924,0.031986451461352663,0.08744858508168891
255,6.088041562819108e-05,0.0020863032083958287,3.459129361341472e-06,0.23139008825938379,0.7316461550227953,0.03447374647053297,3.239768123198608e-06,0.00033612772577934903
256,0.011056366888763793,0.3174803622685685,0.013061696671295017,0.541322232764232,0.043206888238467675,0.05709010688834679,0.014913227767720862,0.0018691185126052748
257,0.00014762286548136637,0.10256204059925501,1.652171665528218e-05,0.8732616191360013,0.020136016292796297,0.0028120533286203012,5.261406889572808e-06,0.001058864654300954
258,0.005677504990564253,0.04963993653430158,6.868403278387083e-05,0.8657368281047595,0.07749806096609863,0.0011983465598122097,1.98666318942165e-05,0.00016077217978578419
259,0.17845259479700773,0.30862013468598914,0.003707360617624016,0.05585360049920813,0.3707386331265143,0.01655694535988376,3.436595393594488e-07,0.06607038725423359
260,5.7760556040405025e-06,0.16208061571185184,1.2972571082330483e-06,0.17360193579303412,0.34399723291394685,0.320309252555248,1.4418741036346622e-06,2.4478391031933706e-06
261,0.04548081244604643,0.027279693737118343,0.01100527371430288,0.17486708494092598,0.15139144733827498,0.5698004651137556,0.009400458762510009,0.01077476394706578
262,0.02225813653746835,0.018400014568536873,0.008276347708733953,0.09981807437419467,0.5951039596716745,0.20581727547126163,0.03892147754080868,0.011404714127321225
263,0.028692189779912225,0.6746302207573509,1.0853954471669368e-06,0.03291100460817515,0.15001629009019138,0.04653535045460142,0.04878834287003565,0.018425516044286033
264,0.011522847286365184,0.3312872076909937,1.1091319545314558e-06,0.2623128198057662,0.08762712730696189,0.2692294221363603,0.038015902323902305,3.5643176958686444e-06
265,0.08074378823008736,0.13157600299661992,1.4126332127111985e-06,0.08046573192255652,0.5482753147067975,0.05542135458392116,0.1035133725004775,3.0224263272749587e-06
266,0.003469292907808184,0.2537469544942576,6.321819887050506e-06,1.9495268965175722e-05,0.5499971923743623,0.0005250475081457065,0.19208934159821509,0.00014635402835878108
267,0.051170419884656204,0.17494147311977012,5.748523901777473e-07,0.030108619152178502,0.3666189376354547,0.14467378310195025,0.14518629154750956,0.08729990070609041
268,0.06108676438463535,0.22338191692878062,0.1494636212481832,0.08829083261457914,0.2586532420103025,0.10418161481134684,0.10503420573776269,0.009907802264409658
269,0.039153152396896686,0.005282881527931997,4.418753300292887e-05,0.0006241148263875446,0.5894792137728291,0.365376389872092,4.9277015679858105e-06,3.5132369291713354e-05
270,0.21349689966974233,0.31214338062448177,0.048367534952194466,0.06696816803333126,0.012408317776954508,0.33509492992661716,4.748476762327371e-07,0.011520294169002292
271,0.22212534015454075,0.2567131773869244,0.034870180529929795,0.24200249080228173,0.16139250069722444,0.06905258226834761,0.005277140356726017,0.008566587804025317
272,1.1643779458764262e-05,0.7307578337785015,0.00015091365941518822,0.004213893827971271,0.24174052031476104,0.022702712626840434,3.525896257613266e-06,0.0004189561167942787
273,0.06789033989575247,0.2136526203249985,3.1384460765570826e-07,0.10972023228558854,0.386357705798919,0.08311755739842516,2.785670343366316e-07,0.13926095188467436
274,5.14242203250559e-06,0.012719911055866374,0.00037566746885577955,0.0008632681595774312,0.8743050061815791,0.1115172949733212,4.197643237287205e-06,0.0002095120955302163
275,1.9028596739630764e-06,0.16799327836242672,0.028646402924704783,0.0503150763375552,0.6277978937109343,0.09616464753191603,1.2691176477518925e-06,0.02907952915514126
276,6.95874049811034e-05,0.7997763355841779,0.000641164289532979,0.00047265233736816194,0.18603030524336364,0.01300065291900859,3.3594791573962893e-06,5.94274241022814e-06
277,0.0009651898827981536,0.23980843387225573,0.08367975097778077,0.0259650903664099,0.48998468189813377,0.07339225308077332,0.012276940498834436,0.07392765942301394
278,5.2648031025227e-05,0.1102587004440223,0.0031717308343430853,0.001262140217512466,0.8803427258554476,0.0048508920888319035,7.093274061855992e-06,5.406925475547062e-05
279,5.4722242048323254e-05,0.12181683739198769,0.0009520494404985634,0.0023528198578338247,0.8672654423898987,0.00745120166845899,7.5629415039062265e-06,9.936406776991493e-05
280,0.0022923373837396197,0.25513143503557073,0.06027674807761001,0.03821201880160907,0.4970868760994646,0.07575224152960104,0.016741520520344253,0.05450682255206067
281,6.277451238698952e-05,0.14746777460074229,4.981588594652309e-06,0.010975500748231837,0.8373075447148548,0.0037333641866493916,3.204920494335273e-05,0.0004160104435967366
282,3.228274362636978e-05,0.2239406968172852,6.3790426820828354e-06,0.0012912268276826571,0.753487839908167,0.02105217464155563,3.7979802855783497e-06,0.00018560203871548274
283,0.012759199733329384,0.15416265479590047,0.00020189335200983537,0.34674249843383004,0.21201176934680108,0.060234169976562536,0.0016844005272457535,0.2122034138343209
284,0.00023583202206129924,0.5951719792418299,0.0011802236295316401,0.0006066562311927081,0.03399063311090571,0.36378674049704524,0.00011461775180684336,0.004913317515626683
285,3.974438978780038e-06,0.7585350623604953,0.0022878713902752556,1.5406571612845403e-05,0.000400436546791166,0.2097056288785597,0.0029865548367497014,0.026065064976537308
286,0.008346839722006498,0.23334419434494227,0.046801437389480706,9.058295195869657e-07,0.028225150495081737,0.5774620535412573,0.01325700020826425,0.09256241846944765
287,3.472398035754618e-06,0.195209012265692,7.078268074445966e-05,0.000588939575211435,0.003789358712315151,0.7651087627520442,1.9789506377685392e-05,0.03520988210957936
288,3.5432345242755543e-07,0.178232715032718,6.466962797756931e-07,7.658100176354686e-07,0.43593384164980753,0.27918441800490623,3.9521319440445595e-07,0.10664686326962397
289,9.53700123462481e-08,0.16288973944264218,0.10044309535033791,0.09695221321215214,0.15976404207423192,0.16978506632871293,0.013191324733983427,0.29697442348792724
290,6.93867122042109e-05,0.2902344431790018,0.0021791723419008493,0.0022671594328752473,0.011491682953971571,0.6934451401709842,0.0003066987422784073,6.316466783659962e-06
291,3.7140812040427846e-06,0.6610977759073098,1.7575954045991727e-05,0.0003541937580088547,0.0010054490779319886,0.3086514472164777,0.0188149475010715,0.010054896503950164
292,0.016855705106433007,0.5667340198158427,9.64843604958579e-07,0.0026924622760974345,0.01823524312917865,0.3261112179168276,0.012560736456640983,0.05680965045537469
293,0.042548293744710114,0.5136474303864192,0.01289278239533035,0.033228555225655265,0.0681195185599761,0.218150101408089,0.02764641361172996,0.08376690466808986
294,8.009873226185752e-07,0.6544403474820505,0.015959561050603747,0.011746784418229484,0.012705096778465005,0.2503976196696004,0.0329149621861601,0.021834827427568242
295,1.354823548244661e-07,0.2556437037183431,1.7751008988037718e-07,0.044147753163552836,0.2832933780410171,0.29549831641319807,0.12141635933858856,1.763328556296861e-07
296,7.305521169258937e-07,0.7783575735226211,0.0055695637545597,0.01791135949895795,0.10791594470981583,0.015476107401928459,0.019824847236694386,0.05494387332330555
297,4.812783809264487e-06,0.9584363620659174,3.7725591460904046e-05,0.00013175107667669594,0.03295846648349748,0.004829956866255135,0.0005838192691728465,0.003017105863210392
298,2.421740304799976e-06,0.9005068217794228,1.1347605360644154e-05,3.3498572918234376e-05,0.04332907332229303,0.024484456316747574,0.025331952830175298,0.006300427832777596
299,4.601295686796432e-07,0.6241192964834795,0.02851878925646472,0.034929880303532904,0.023765477097304654,0.009688863491603238,0.04375177435667104,0.23522545888137522
