oos_period,model_1,model_2,model_3,model_4,model_5,model_6,model_7,model_8
150,0.02189631293620923,0.3093561540071425,0.13524070889198297,0.11407729191063463,0.05012212175699075,0.08813196469030132,0.11963721355640325,0.1615382322493354
151,0.05463573224691662,0.2763092298744777,0.10444379596974998,0.1073190379560238,0.06586702076663943,0.1613145042438853,0.1017672808416985,0.12834339809960857
152,0.05676165626020381,0.26259934088861797,0.10101287516377153,0.1017533157103597,0.06767428017841422,0.1868598376431534,0.09354752455171095,0.12979116960276837
153,0.024989868092258904,0.2938757462091939,0.11042719768280303,0.10879857613249444,0.09236735135439435,0.11417008688998109,0.11662489837579865,0.1387462752620756
154,0.028914307519973793,0.293355447565835,0.11688399057993869,0.10138079822400699,0.06419740807448739,0.12927069399023672,0.13554235259059155,0.1304550014539298
155,0.03336185458105166,0.24537554832724143,0.1075111605754076,0.14311329228185846,0.08464783512279882,0.11905736225306494,0.13483660371162076,0.13209634314595625
156,0.035506556250119156,0.25212704923747586,0.10583474558718534,0.136092721003588,0.09598451497292115,0.11402473291621527,0.1290959023170923,0.1313337777144028
157,0.0772428784293527,0.20224014888788222,0.13500682943711176,0.13660256393956058,0.09653572057741523,0.13777576904085131,0.08688139150182159,0.1277146981850045
158,0.0960133256655648,0.221669449759135,0.1356423187550576,0.12914624800995983,0.05596549340124394,0.18755491351901107,0.0464846117887155,0.12752363910031225
159,0.13142935259751518,0.14380044843501302,0.11257157252394223,0.13578128591107438,0.10832055161771155,0.17618394137637572,0.07221361929709556,0.11969922824027229
160,0.15727815208555485,0.14704236625753617,0.09671171714490698,0.14763531000808414,0.10077333491981463,0.19890649499266128,0.04891714500516622,0.10273547958527565
161,0.13941392998084856,0.14929236881693372,0.1165912151052267,0.15205695589084112,0.1220194050417315,0.15435161200585043,0.056922862990784244,0.10935165016678368
162,0.14856613062069537,0.12440007573177621,0.10609548821320257,0.15713227504357413,0.1285532051037953,0.20435364430226424,0.04434197998318558,0.08655720100050651
163,0.14780013747720375,0.12601241426201512,0.10259306829509945,0.1810456299823222,0.11870899340359191,0.1763122930246192,0.04814616484763114,0.09938129870651703
164,0.1875798021529114,0.12122057965533621,0.09139763760135854,0.1944969490771512,0.1355535055832517,0.17708694601434896,0.07963849916759756,0.013026080747044557
165,0.16137166900370428,0.18196294480348899,0.14287329919388253,0.15798775862469752,0.11908232749644217,0.11521399539898253,0.05681363166491108,0.06469437381289089
166,0.1260029499711649,0.1474176244738864,0.11573846327886465,0.16332929772938828,0.05071840108492935,0.31460214002504966,0.04752334790460465,0.034667775531112006
167,0.11096117279991786,0.20895241496307762,0.1447292423678858,0.14973208049542078,0.11506733518112748,0.2349562263530171,0.035601527838553304,9.135779731720526e-19
168,0.14415327839499437,0.23663503691942683,0.1767147871416401,0.1457854978721482,0.1828137101351207,0.04774985071222201,0.06226105313775293,0.0038867856856947282
169,0.11894760385837436,0.2328729271586955,0.20224923706278927,0.17133127010234195,0.13629653248822585,0.05052998761139891,0.08657697388819685,0.001195467828977233
170,0.09255520096398406,0.2699851052290155,0.17610073850975602,0.13411662517491424,0.08494443881021324,0.13467046573024008,0.06717589848787063,0.04045152709300626
171,0.08052754406528949,0.27959430639347815,0.15756476212801204,0.10076017284954801,0.07766584117883936,0.1551017792602574,0.09069071064384696,0.05809488347972859
172,0.11758226127738441,0.23296789326630424,0.1731716315842498,0.1349360820885655,0.1505823433504224,0.10354726616188105,0.06778259897695652,0.01942992329323604
173,0.10949296964364093,0.22419458422119895,0.1726961940110172,0.13703400300077104,0.14739615438351425,0.11284940724180302,0.06962459819323512,0.026712089303819256
174,0.12782629969430764,0.22370871631774178,0.18285609424290708,0.15114193160248135,0.1289900382054561,0.11350061443460724,0.06416018333218794,0.007816122169310697
175,0.11112836645454921,0.22971081107837366,0.1838422006208343,0.1612429369218447,0.11706892337522867,0.1192589265153721,0.06350579498460121,0.014242040048196092
176,0.08904086319929373,0.2215115476996043,0.18789416596717057,0.15431575886251042,0.15294077198394596,0.12498468841896003,0.06639355039299738,0.0029186534745175323
177,0.08392776252604542,0.1929735879241649,0.21520588955070422,0.1361420338958406,0.15818784290407759,0.12176336342038271,0.09065975021153061,0.0011397695662539566
178,0.09912852798612953,0.16896163743955747,0.2131178904419869,0.14174976599351408,0.13710388621689412,0.11426013004723232,0.07916757962668676,0.04651058224699871
179,0.11666426353664293,0.19163217198389634,0.22342869108724114,0.14488810615322534,0.095738583986214,0.10956964604777115,0.054114837285011264,0.06396369991899777
180,0.1138187831157076,0.20581340351989272,0.22884559862274728,0.10480606082361814,0.08243585100719307,0.15955895577856852,0.04390332447847291,0.06081802265279966
181,0.10174612108105317,0.20167073700859045,0.1965589940227678,0.09859694687391538,0.10002762166702123,0.1853564323650181,0.038869407698941205,0.07717373928169259
182,0.09502755781403849,0.20186401424255773,0.1970084906287739,0.10419364543072479,0.09712253808683594,0.18149547465402588,0.030949222378540333,0.0923390567635029
183,0.0998127070287675,0.19636948804358087,0.1944346168320252,0.10215512235242627,0.0984899301317602,0.1819307645103057,0.02941600567912442,0.09739136542100982
184,0.10529369149416,0.1792254993439232,0.18443453436066393,0.11077390939656918,0.1017593236514902,0.17528940010029867,0.05282468615244908,0.09039895549944564
185,0.10390640721708193,0.18055632683612038,0.18738966725893152,0.10890833755522082,0.10129515742286094,0.17584429704684468,0.0512217700005901,0.0908780366613496
186,0.10460561626698249,0.1843740381694905,0.19095014739713673,0.10720792994997252,0.10016420089306662,0.17972891880012254,0.05636258765240601,0.07660656086982254
187,0.10465966196921118,0.1874531042430414,0.19083569687949284,0.11018034927160723,0.09689089405538549,0.17789522856641948,0.0543776308382622,0.07770743417558007
188,0.10357543722395975,0.1825296946343686,0.16631134763886812,0.12292785608888906,0.10762619583989697,0.16587259245329353,0.07879734199594743,0.07235953412377646
189,0.10807751229542348,0.1791850297608292,0.1631006611245684,0.11075880631780421,0.11527541325009724,0.17265330293212547,0.07803997610271783,0.07290929821543411
190,0.10517516601914427,0.17027332730958364,0.1621547428049412,0.12381712229273291,0.11401573203105232,0.158700059661839,0.0764414668735856,0.08942238300612103
191,0.10134105545456684,0.1619761749881976,0.16283599439311758,0.12032799188617876,0.1178842994224315,0.16005522562669658,0.07770314680193711,0.09787611142587405
192,0.10267912839737982,0.18849414350127447,0.14627069236204068,0.11455900386771346,0.11404406690379934,0.14584045395644732,0.09270140683443111,0.09541110417591372
193,0.10303487803577649,0.18691777041366792,0.14763887930688266,0.10725809509154044,0.11714256015504478,0.14964699662245634,0.10146290068811824,0.08689791968551308
194,0.1026564187290508,0.17815296260358046,0.1554511610319581,0.10731942032751181,0.10607723779526229,0.15365167457037157,0.11139564925900598,0.08529547568225891
195,0.1189971801593793,0.2094602900252165,0.1585759294485064,0.08895211358727408,0.08396856251372656,0.16026908022888026,0.11040795462264583,0.06936888941337113
196,0.1160715395128358,0.2089863405056815,0.16176428397134174,0.08459490292336828,0.08721768749284234,0.15625472460663326,0.1052999407256613,0.07981058026063569
197,0.10885647285114211,0.2340839066308984,0.17349815495957915,0.09095429583221412,0.0756405293248232,0.15683033190076542,0.12061654905694044,0.03951975944263709
198,0.12684377143609946,0.192697624315242,0.13914780756730838,0.09736238628915485,0.08379217923253249,0.17064118488837954,0.12128342115504587,0.06823162511523741
199,0.14136230470906483,0.15919505993682098,0.09588306290691205,0.08123527222661137,0.10093130059985404,0.18787019474318079,0.1878249510243536,0.04569785385220232
200,0.11616070021444597,0.16857779974832499,0.14976249012206036,0.06586679240044482,0.07034279574787346,0.1757608295114672,0.17398023983560332,0.07954835241877997
201,0.11233755327089681,0.19178005461686531,0.16181406592519387,0.0573197801077769,0.05602588756098604,0.16151007054473684,0.19164890390497863,0.06756368406756562
202,0.10721963871717886,0.19119885739824896,0.1574127409072612,0.062142981954957134,0.07584677272607174,0.15884914363677463,0.1879274475010156,0.05940241715749185
203,0.11554619615520537,0.17581839141623243,0.14640412335333503,0.05614889988623926,0.05431357621223092,0.16519841717009445,0.19109760961180045,0.09547278619386206
204,0.1403649741092924,0.2368859457701173,0.169291519340006,0.045898368394027764,5.437735534779008e-19,0.18637425582456285,0.16134159969435372,0.05984333686664001
205,0.12909465463796374,0.2431516785137277,0.17121488209063757,0.05999868162773915,0.047107315285163154,0.15241760351829794,0.14746587117439844,0.0495493131510722
206,0.1356373265158415,0.23812411413821555,0.17909157801854625,0.06253673668282936,0.0018063607331010399,0.1532141574739258,0.15572106241517444,0.07386866402136599
207,0.11979152228093574,0.2327257316762732,0.14622777284870747,0.06059820182272447,0.020727215632249593,0.14752835516879265,0.1818019655625242,0.09059923500679261
208,0.12004648247485936,0.22281945221684973,0.16188019493966838,0.060275690293930026,0.014441745991631508,0.1322967007527491,0.1808937216318211,0.10734601169749067
209,0.11603437016482236,0.20822813800445758,0.15596171087886623,0.06532489036570449,0.01159121893911835,0.12335103842368302,0.18301154714096135,0.1364970860813864
210,0.11335864238846705,0.2139221035153784,0.16946872292283766,0.062070964602466416,9.897870857954444e-18,0.12116205556093186,0.17543153248697274,0.1445859785219458
211,0.10824477005891803,0.23786721135618347,0.1618203617628854,0.061417511232177896,0.0,0.1140126060695374,0.17941570245589236,0.13722183706340538
212,0.09617883238738416,0.23116518390207813,0.17224527517152688,0.057627810498930336,8.740374164030774e-18,0.10772840438311934,0.1959827084910339,0.13907178516492724
213,0.10733487698664854,0.2425054984027931,0.1767178969321788,0.06092850670264216,2.224591746129306e-17,0.11710034402987635,0.17879559434491268,0.11661728259994829
214,0.10820770399703006,0.23987584903628703,0.17274103805358534,0.059538745019633084,4.532435581317296e-17,0.12187990230406255,0.18357749450253794,0.11417926708586391
215,0.10051130069892832,0.22548577835632788,0.1775780503027485,0.07403142738992821,3.8228502733679655e-17,0.09357826025408122,0.20594109473995326,0.1228740882570324
216,0.12666859483335535,0.182233879448103,0.17634583301441775,0.06036140020394911,0.0,0.10623226386458966,0.22638936421406974,0.12176866442051541
217,0.12260103321704688,0.18861266273101784,0.11167067946859756,0.07527036801575304,0.0,0.1626239318174622,0.20465590221933688,0.1345654225297856
218,0.1322867826941781,0.1703167322220642,0.14073942182312224,0.08840955281463721,3.010628271521482e-17,0.16871776134068725,0.1641231167291157,0.13540663237519518
219,0.13666781057215244,0.18092995441038623,0.14885424372105283,0.12393446450615682,4.039934229837185e-17,0.14339336826046328,0.11225060856983199,0.1539695499589562
220,0.13746254400387323,0.16816906010622013,0.1648529753088059,0.11736625632490723,1.6916235831513247e-18,0.13864095249256317,0.11635003526221309,0.15715817650041736
221,0.14893521876112165,0.15868213047350155,0.18953730558806287,0.13511862670038055,0.0,0.139954995136362,0.08157981966374553,0.14619190367582582
222,0.14483058883964003,0.15286799403144527,0.16827106917987922,0.13882106171944614,1.504141255397981e-17,0.16749100224611221,0.08564854607651201,0.14206973790596508
223,0.163599004820198,0.15708876169909525,0.14323439802641794,0.1709945521766983,9.513477016856762e-18,0.14427288397256752,0.0801421198462174,0.14066827945780555
224,0.15446639440010643,0.14826927978613447,0.1588022973570387,0.1465723464798825,0.02393639165529897,0.11223388609839845,0.11574346223448234,0.13997594198765811
225,0.13097318770593022,0.1585784810648185,0.1502481530581228,0.10434266637712392,0.041418134037209994,0.11834783605593258,0.13556691713714983,0.16052462456271208
226,0.11953727701075992,0.15394270707397045,0.1913666321807504,0.1584055022881349,1.1982808661439679e-17,0.11506707748826524,0.10833110425313805,0.15334969970398094
227,0.14299524682573736,0.1584426172520765,0.15569504210421015,0.21030855701088158,1.0713062282113846e-16,0.12961287295259247,0.06867394608707272,0.13427171776642918
228,0.13576320988052196,0.1597320692783337,0.18005004365400493,0.16702237690207045,0.0,0.13305705655569847,0.10051505615182135,0.12386018757654901
229,0.08880588945722401,0.15028868141563168,0.16867611163890597,0.20714534155373238,0.0,0.14123043048244724,0.09723670050382134,0.14661684494723742
230,0.10580644548569501,0.18350350935537657,0.16603751317119,0.16475162034717597,1.066075667413196e-17,0.12217857433769208,0.11795553474848663,0.13976680255338353
231,0.10391227586686996,0.1768350430322267,0.18219593673598475,0.1852747267282985,1.3170187733321373e-17,0.11034998073803313,0.12087218494174029,0.12055985195584658
232,0.08132574526996916,0.146842390074818,0.218109096010773,0.1621145879369909,0.015611256751622041,0.14975812249308168,0.11631268166175847,0.10992611979998669
233,0.1051766450076655,0.1765284806542781,0.20068903539407723,0.179840291558234,0.007847956772503913,0.08157802258726042,0.12065061400730294,0.12768895401767782
234,0.11027260807349469,0.1395700148657055,0.1810088695167598,0.15596349937245527,0.0379157013801318,0.10983041377009402,0.13056735658407076,0.13487153643628813
235,0.12725760052837226,0.1272942083907753,0.17548828462783114,0.1591838626829662,0.0019392953701703717,0.13825782067632622,0.14837054796725835,0.12220837975530015
236,0.12531927339042823,0.13784765841489927,0.16768583744044424,0.1400219223009765,0.007081076067673901,0.12843277118018073,0.1502214099067096,0.14339005129768753
237,0.0611986586480513,0.12694563250701055,0.11545335312762356,0.17397165018126753,0.04424448874906461,0.17734824948481587,0.1587971275879582,0.14204083971320833
238,0.11514686143906556,0.1387515648232678,0.1257444323321232,0.09690788910450489,0.03773737564482943,0.17136589349273285,0.1511488834580063,0.16319709970446994
239,0.11973402062425648,0.14807775585391023,0.13476306431762097,0.09595574782731173,0.02753466257406637,0.16570961023906958,0.15139085047420872,0.1568342880885559
240,0.11806486659732589,0.1533383370800007,0.1281872890550044,0.09905492916571973,0.029658749686825178,0.16324232018365206,0.1517998598356182,0.1566536483948538
241,0.11181564071334353,0.16898922383254583,0.10944745629864507,0.10676607060524329,3.4315422275605522e-19,0.17637005665844188,0.15411182826846706,0.17249972362231325
242,0.10989753604309548,0.15326276662205088,0.1216601865825313,0.11740610269291493,0.0,0.20429316571314357,0.11586014354057265,0.17762009880469115
243,0.09357895018294327,0.20627650152112134,0.042747296242580404,0.17150557634125768,0.0,0.22006645029633481,0.08915495292705618,0.17667027248770614
244,0.08721651608786403,0.16586759735748258,0.040635281479065116,0.19813828672797432,5.556642888633983e-17,0.21074999946112172,0.1092878252162121,0.18810449366928003
245,0.06430119102687315,0.18617396726376326,0.03215713053599308,0.23060498400537227,4.447423651088583e-19,0.2269712859164834,0.06432175614754963,0.1954696851029652
246,0.06494724635488,0.1436046623854206,0.024420184370727367,0.25738669926121494,3.3997890799503886e-17,0.22007181912803167,0.06553769631148486,0.22403169218724045
247,0.026651635122491586,0.12521612844948626,0.051604990865601295,0.23410838302991244,6.674694236048463e-17,0.24299307476046347,0.10657943800692354,0.2128463497641213
248,0.02835356029871543,0.13300467959358594,0.06159765254987914,0.30475441471500037,1.0597185200364161e-17,0.26489453175779165,0.006064484427275939,0.20133067665675156
249,0.05308795932547283,0.05593050145847621,0.11915393836599768,0.37614211488155064,0.0,0.2553809662665644,0.02811357857037204,0.11219094113056599
250,0.06873983906574169,0.08140075277808843,0.07672694205746555,0.3497485168681063,0.0,0.23280167172573482,0.03887025095991702,0.15171202654394614
251,0.011849476601469934,0.05689552372426923,0.07893308091912911,0.38686807135103324,0.022138149274057196,0.31242863386641806,0.04212611032962119,0.08876095393300204
252,0.0623038060105865,0.1305059430853622,0.07530441828533983,0.40545230457004783,6.004695972418535e-18,0.22535827662187546,0.0,0.1010752514257881
253,0.1302584962093515,0.022687031855941425,0.09104508514319853,0.2697214266051605,0.14551045188927453,0.20487145235508314,0.004763651546772638,0.13114240439421782
254,0.04931037495010786,0.01456737492833328,0.017508325672199773,0.345493848756348,0.12654000744297783,0.2563011134323646,0.05746335705713212,0.13281559775953644
255,0.07578903716840286,6.610668636839576e-18,0.06302842076221811,0.29380547633096793,0.1344769933389507,0.23774356845074493,0.03023594005664502,0.16492056389107043
256,0.07377813464965866,0.027352245142863593,0.030773852376542232,0.40188628147161426,0.11197652076337873,0.21364619893184736,0.012427851546003317,0.12815891511709188
257,0.08860938473773965,0.029297394241909983,0.0220230233441708,0.36614524687751426,0.15621455030119133,0.19606504950440448,0.0,0.14164535099206957
258,0.10980966063333211,0.024922811427624394,0.04519340801123187,0.3176886297867602,0.1731998981761319,0.18928185268806672,0.025928495677358693,0.11397524359849383
259,0.09392754241095563,0.05142980573314494,0.10131266311120536,0.17323954851700035,0.15700145114058542,0.22477551677133692,0.0770090795380731,0.12130439277669826
260,0.0800467656807617,0.047241609316122084,0.10837669285158663,0.1680098670522749,0.19066195786056347,0.21955182243824634,0.09087469764647536,0.09523658715296951
261,0.0484665703539087,5.750110955698648e-17,0.05603715688846826,0.20860291648588647,0.17667146114422239,0.33804942123215376,0.10248628470142286,0.06968618919293727
262,0.0640574762163849,0.007547796604838434,0.06931536339979778,0.20826963038347363,0.1811518858255285,0.2566794161948611,0.11897304153558286,0.09400538983853281
263,0.057652788856791086,0.0056656400823065665,0.07679701345037787,0.18605732815737688,0.1724462796789068,0.25613700393087263,0.12678362587733522,0.11846031996503298
264,0.05779198312498834,0.007152372002386028,0.07385652290980521,0.18897458148394033,0.17179937930797104,0.2541673009967542,0.12867882546654347,0.11757903470661123
265,0.0581878111069645,0.057750414557423614,0.0456034210263357,0.11860301932724945,0.21801862532200073,0.24709678993434758,0.1269024895239994,0.12783742920067898
266,0.058236491354161514,0.07035790327627854,0.047548444988022444,0.11453084129317637,0.2191114220079655,0.2424331574874799,0.1222662913921912,0.12551544819972454
267,0.04290195452780364,0.054793587316338856,0.04447681424387852,0.1358156400613012,0.21613825994305463,0.22477356176280222,0.15680274505488034,0.12429743708894059
268,0.0808823878282834,0.10819297935704078,0.0698696323182153,0.11096118010256587,0.2040661189857031,0.19199949763945384,0.1126579257267428,0.12137027804099484
269,0.06892021190260943,0.11687664847725973,0.06509333021305264,0.0915336620502644,0.2192534171457098,0.20063439135766714,0.13876050107922902,0.09892783777320772
270,0.06976834367301693,0.12154924405853977,0.06290653585794506,0.117384070339448,0.20729405676820645,0.19285579567669525,0.14928641065779877,0.07895554296734988
271,0.053854238056218605,0.1409437070009691,0.0646093975573286,0.144797337716757,0.23751616355672217,0.18477766483494365,0.13643305734229308,0.03706843393376778
272,0.019964939912367263,0.11687074550082104,0.06948937458936418,0.11874217400782101,0.2683652827937602,0.20233900157294582,0.15815516095177257,0.046073320670147834
273,0.05269941833484432,0.12186670984719963,0.0795925633019656,0.11949438203278367,0.22352795225291128,0.18983981981385462,0.14563406979429572,0.06734508462114515
274,0.0708208960152957,0.1274818522467555,0.0772652526993065,0.10874417124109717,0.20220950286313352,0.19697671020504126,0.14600540905378226,0.07049620567458804
275,0.05116594585056084,0.13327669356227734,0.07523543154371708,0.1078557158488447,0.20545633222719448,0.20388287032893126,0.15330298829519565,0.06982402234227862
276,0.05416259132392769,0.1454486231379219,0.07702483678558904,0.10024917635624418,0.21088193276839184,0.1925354223698023,0.14946587442323814,0.07023154283388491
277,0.06142498619122751,0.1361831781405226,0.07605074829774355,0.10360096069664804,0.19616661282169304,0.19352974389530767,0.15464220636631792,0.07840156358953965
278,0.06680059517420996,0.14856189612631787,0.0692118054351325,0.09700054787304581,0.21314491914801695,0.18589722948253884,0.15845918787436925,0.060923818885368755
279,0.07023600486270411,0.13901940272731705,0.0700917238165699,0.10111617723043159,0.20128942532941307,0.18896522922688958,0.1663761760045408,0.06290586080113388
280,0.07438952510072339,0.1382834775375329,0.06618810412802378,0.10326639363507416,0.19679630421969102,0.1905588834992584,0.16662283470784045,0.06389447717085583
281,0.07363824935302148,0.14292346407493411,0.05908383689355259,0.09786727643846509,0.19728551641134226,0.19202094402940426,0.16792528633558834,0.06925542646269175
282,0.05729943895750718,0.14415775188500318,0.06596790802425469,0.10086394418968761,0.2032082732988958,0.21326127767265665,0.16526162667035138,0.04997977930064349
283,0.0,0.22517672019375487,0.006326344697394623,0.14528695144629944,0.23595974009563167,0.21318499146297015,0.1627140327710338,0.011351219331915349
284,0.04086685037243733,0.15861941079306494,0.06398321623791131,0.09138561256795508,0.1963205235151513,0.2313474775901693,0.1656448082909802,0.05183210063133054
285,0.04706341717660813,0.1782052273154528,0.07073375728535779,0.08359623773023368,0.14893936184408127,0.2510102507638111,0.146338862906376,0.07411288497707928
286,0.022101958520681617,0.17720331484141688,0.06952615063198714,0.10197978391704104,0.17633372603498984,0.23235035510849608,0.15954879121915908,0.060955919725228236
287,0.061457847570852805,0.175847287258768,0.07181075212182034,0.11303308064866494,0.17714828838910796,0.21232673425390988,0.1301173214613069,0.05825868829456916
288,0.0636762337018656,0.1839969779580206,0.07947030573350661,0.11576990363511713,0.17832706844741616,0.19142080767019148,0.12779555258947087,0.05954315026341137
289,0.04541126009238652,0.2079410536534679,0.08441323836867101,0.11046371721091572,0.1685269260216993,0.19690991861649607,0.11229885372090434,0.07403503231445906
290,0.05585942483433026,0.2267320399020324,0.08486323706269537,0.11806591564752322,0.17798608371384597,0.2021973605573525,0.10447668421628215,0.02981925406493807
291,0.048262287234824904,0.22700105954337604,0.04437476657331893,0.1059316954543479,0.13625071753341014,0.2208996332602114,0.13157869947247178,0.08570114092703879
292,0.06093374829579344,0.19396818064696747,0.05426794919668101,0.10669779550848264,0.18739293689520245,0.20090070856058598,0.12774718042120733,0.06809150047407958
293,0.05925842184601444,0.18529690409421262,0.07381563581872765,0.09077802321275096,0.20719789116386184,0.18728776532153482,0.1268403335294738,0.06952502501242379
294,0.05039834049196971,0.19201352383349768,0.07565227669730576,0.09589616301362143,0.19898621528904956,0.19107045072171813,0.12734141368537844,0.06864161626645915
295,0.07431732315711509,0.22423047630002674,0.059913670697415836,0.10504023307383167,0.23927789228733784,0.11599485749633212,0.11445868982111441,0.0667668571658263
296,0.07292027070443559,0.279588683051674,0.05815621191508911,0.08899034118591612,0.21917474904798612,0.10469345628445753,0.09304788654441228,0.08342840126502932
297,0.07623295269770608,0.24953640093803633,0.03195726963594935,0.07744012118275334,0.2799571374033036,0.07829151026955458,0.13468651744036708,0.07189809043132951
298,0.08045003869308617,0.24672888701180073,0.03308164146622963,0.05992390211713537,0.2958876193076613,0.0281379874247117,0.13895424195461278,0.11683568202376227
299,0.05127438608748946,0.3304121855043068,0.0235336036257329,0.030416663807482175,0.28245462385886344,0.007903882699995163,0.10785001253780156,0.16615464187732845
