oos_period,model_1,model_2,model_3,model_4,model_5,model_6,model_7,model_8
150,0.045919153579369,0.32511125366355786,0.12723921253054227,0.08557443739038495,0.0745230518452105,0.13269050509104824,0.09077400925401834,0.11816837664486875
151,0.054591779031784804,0.26298612128905396,0.10732109617051555,0.11149314715882014,0.0746938689587066,0.14973263616196197,0.10556987718696627,0.13361147404119064
152,0.05446689122168526,0.26456343248888287,0.10156018311988205,0.10532919535784142,0.07674901179384612,0.16833862883915396,0.09429446122498229,0.1346981959527262
153,0.02993875743212144,0.3077211407257083,0.11207462522650864,0.1061518871636706,0.07183052973211072,0.1347858680985929,0.11312913461225557,0.12436805700803177
154,0.010302099506360405,0.29185843076043666,0.11262584741901319,0.1131847691208278,0.08748220110326137,0.10507961799975747,0.13408115351407937,0.1453858805752637
155,0.034413350526589344,0.2575721221080103,0.10513269170361214,0.13625426453584372,0.09048795178428647,0.11161361720424313,0.1297089952168329,0.13481700691958215
156,0.03546142811967869,0.2544986632647787,0.10549557120044803,0.13635205434877684,0.09511740945357458,0.11176767650228443,0.1251955484219198,0.13611164868753886
157,0.06996650930010508,0.2319072070532114,0.13863202990726375,0.1380170327103573,0.08487427121104622,0.13769521473759208,0.07849081306306825,0.12041692201635583
158,0.09461128144190628,0.22904307700935206,0.13041546321027428,0.12817205815806587,0.0626842644113678,0.17420605672508085,0.048988639608649444,0.13187915943430337
159,0.14106476153604666,0.1510936458751649,0.1085492157386284,0.13598284867450652,0.10809182889386143,0.19278365913901138,0.05675398392844967,0.10568005621333082
160,0.14073359695872784,0.14836345294879844,0.09980416903791108,0.1456913816736633,0.10077059941187685,0.19912100179626663,0.05242741920805914,0.11308837896369668
161,0.14069551650657536,0.15003071236508939,0.11812947408032408,0.1506218763849706,0.12176824518818372,0.14792514601881884,0.057935784529204004,0.11289324492583393
162,0.1501180818872884,0.1294669038207693,0.1066544471229998,0.1580380318669483,0.11837723590615642,0.19773195402357258,0.043748683969101546,0.0958646614021636
163,0.15888384765685132,0.12716473658055932,0.10487968738249319,0.17068369255828145,0.12282985158791684,0.1755676161021398,0.050632478280814894,0.08935808984994317
164,0.17345054024522824,0.13211094843260554,0.09016328251152632,0.1951953694092324,0.08400558777122866,0.2170306227985157,0.03982319498200708,0.06822045384865606
165,0.17671088428060364,0.12667839282358898,0.09895537582898288,0.19602557736066747,0.0654275315830184,0.2811505207829013,0.02509582865014311,0.029955888689094223
166,0.10195257356303321,0.14180970082923924,0.11000066153614473,0.16448300085657025,0.046218763418563964,0.33398557802381823,0.05296993120515263,0.04857979056647756
167,0.12692719783107292,0.16908533005892576,0.15041498621592422,0.17457069188913937,0.10816822847828048,0.23419511105749466,0.032929665419223264,0.003708789048939268
168,0.14415327839499423,0.2366350369194269,0.1767147871416404,0.14578549787214812,0.18281371013512068,0.04774985071222198,0.062261053137752966,0.0038867856856947434
169,0.11191921250152488,0.22954439171490237,0.19889998984556245,0.17273066494855926,0.08719752865396763,0.1118256526238412,0.06675449713914271,0.02112806257149945
170,0.06282737334429113,0.26683464165728793,0.15993382053307192,0.16363311059644128,0.034093618753850724,0.20356232824190404,0.058078277379972655,0.051036829492180295
171,0.11403955576194323,0.23769112403850123,0.18668048079179866,0.12456531905758828,0.1410390771437278,0.08722520748484448,0.07026335839548843,0.038495877325107675
172,0.11758226127738464,0.23296789326630438,0.17317163158424984,0.1349360820885655,0.15058234335042228,0.10354726616188106,0.06778259897695599,0.01942992329323629
173,0.10949296964364108,0.2241945842211991,0.17269619401101707,0.137034003000771,0.14739615438351397,0.11284940724180342,0.06962459819323498,0.026712089303819183
174,0.12782629969430775,0.22370871631774178,0.18285609424290697,0.15114193160248174,0.12899003820545615,0.11350061443460736,0.06416018333218784,0.007816122169310373
175,0.11112836645454909,0.2297108110783736,0.18384220062083434,0.16124293692184477,0.11706892337522856,0.11925892651537227,0.06350579498460118,0.014242040048196184
176,0.08904086319929377,0.2215115476996044,0.18789416596717046,0.15431575886251048,0.15294077198394598,0.12498468841895968,0.06639355039299709,0.002918653474518039
177,0.08392776252604538,0.19297358792416502,0.2152058895507043,0.13614203389584073,0.15818784290407714,0.12176336342038259,0.09065975021153043,0.0011397695662543452
178,0.09912852798612341,0.16896163743955608,0.2131178904419849,0.14174976599351755,0.13710388621689917,0.11426013004722901,0.07916757962669428,0.046510582246995516
179,0.116664263536643,0.19163217198389643,0.2234286910872413,0.14488810615322537,0.09573858398621408,0.1095696460477706,0.05411483728501131,0.0639636999189977
180,0.1138187831157075,0.20581340351989266,0.22884559862274748,0.10480606082361817,0.08243585100719344,0.1595589557785682,0.04390332447847269,0.06081802265279979
181,0.10174612108105309,0.20167073700859028,0.19655899402276752,0.09859694687391532,0.10002762166702148,0.18535643236501817,0.038869407698941504,0.07717373928169259
182,0.09502755781724309,0.20186401423990455,0.19700849063055018,0.10419364543616032,0.09712253807602776,0.18149547465799828,0.030949222380607194,0.09233905676050848
183,0.09981270702876738,0.19636948804358084,0.19443461683202548,0.10215512235242637,0.09848993013176052,0.18193076451030546,0.029416005679124203,0.0973913654210097
184,0.10529369149415939,0.17922549934392246,0.18443453436066579,0.11077390939657006,0.10175932365149025,0.1752894001002974,0.052824686152449035,0.09039895549944547
185,0.10390640721708207,0.18055632683612066,0.1873896672589316,0.10890833755522032,0.10129515742286074,0.17584429704684487,0.05122177000059027,0.09087803666134943
186,0.10460561626698235,0.18437403816949047,0.1909501473971368,0.10720792994997246,0.10016420089306656,0.17972891880012254,0.05636258765240589,0.07660656086982284
187,0.10465966196921109,0.18745310424304137,0.19083569687949273,0.11018034927160696,0.09689089405538555,0.17789522856641948,0.05437763083826234,0.0777074341755804
188,0.10357543722395973,0.18252969463436872,0.16631134763886837,0.12292785608888906,0.1076261958398968,0.16587259245329347,0.0787973419959476,0.07235953412377621
189,0.10807751229542328,0.17918502976082895,0.16310066112456834,0.11075880631780415,0.11527541325009737,0.17265330293212597,0.07803997610271773,0.07290929821543418
190,0.10517516601914412,0.1702733273095835,0.1621547428049413,0.12381712229273291,0.11401573203105228,0.1587000596618391,0.07644146687358591,0.08942238300612095
191,0.1013410554557321,0.16197617498768493,0.16283599438976576,0.12032799188403767,0.11788429941601718,0.16005522563593935,0.0777031468070212,0.09787611142280175
192,0.10267912839737964,0.18849414350127464,0.14627069236204093,0.11455900386771341,0.11404406690379912,0.14584045395644768,0.09270140683443108,0.09541110417591361
193,0.10303487803577677,0.18691777041366828,0.14763887930688266,0.1072580950915406,0.11714256015504476,0.1496469966224559,0.10146290068811802,0.08689791968551298
194,0.10265641872905092,0.17815296260358068,0.15545116103195816,0.10731942032751184,0.10607723779526186,0.1536516745703717,0.11139564925900573,0.0852954756822589
195,0.11899718015937975,0.20946029002521682,0.15857592944850654,0.08895211358727442,0.08396856251372664,0.16026908022887942,0.11040795462264533,0.06936888941337108
196,0.11464095328906876,0.21485382537396455,0.16283924679284323,0.08049033238188325,0.08821026374602242,0.15506598666521412,0.10714123511180271,0.07675815663820097
197,0.11378475630945337,0.23647175977069607,0.17705080577440518,0.08654717982725359,0.06474486473014428,0.1611908624889861,0.11768389806504899,0.042525873033012286
198,0.12686522973873676,0.20755854428655193,0.1279649922201062,0.07521142637554208,0.08467390708878854,0.17824322173205573,0.14715691353802945,0.052325765019189334
199,0.14603006694568912,0.18817607510615209,0.12459647093207774,0.08240988080859335,0.07741624234944652,0.15620760482770224,0.16203171822663892,0.0631319408027001
200,0.11310119184543425,0.17541238337943668,0.1415035059151621,0.05839177355318309,0.07762238259043482,0.17118413619574463,0.18907615074062106,0.07370847577898332
201,0.110335451330259,0.1911768646830693,0.163586522032791,0.05479767690704239,0.06069800077166884,0.16078279727077255,0.19173663246683834,0.06688605453655855
202,0.11052539047873382,0.18140740783020268,0.1454768496446481,0.0693484594904285,0.06959077829897083,0.15579494544521333,0.19488216632259525,0.07297400248820742
203,0.09937834301290728,0.16644017160898453,0.15340139310208967,0.03796402431163466,0.0608130117687355,0.1766228898153825,0.2164649047799579,0.08891526159930793
204,0.14109184245248485,0.23165141996255542,0.1731228493762641,0.02778435564991251,0.00934786592197433,0.19315777224045702,0.18411968404751372,0.03972421034783795
205,0.13257810339768186,0.25391469549400447,0.17707574115526137,0.07055603550429723,0.0002565749901965986,0.14916888246958732,0.14384709809594373,0.0726028688920274
206,0.1362964269615049,0.23906586660597132,0.17935123287752566,0.06235185625159487,0.001018720818864089,0.15379305016413572,0.15395377242553504,0.0741690738938684
207,0.11974505033307295,0.23372923760558187,0.14617784685791435,0.060799499711754634,0.0196959322764832,0.14762508715944536,0.1807815597757262,0.09144578627902132
208,0.12110940728669599,0.22102132751786943,0.15968936100379488,0.06591720141789179,0.011389455364358892,0.13321947374116164,0.17534611169669173,0.11230766197053554
209,0.11603437016482243,0.20822813800445758,0.1559617108788662,0.06532489036570421,0.011591218939118296,0.12335103842368313,0.18301154714096143,0.13649708608138666
210,0.11335864238846786,0.21392210351537885,0.16946872292283782,0.06207096460246662,0.0,0.12116205556093153,0.17543153248697194,0.14458597852194538
211,0.10824477005891832,0.23786721135618372,0.16182036176288553,0.06141751123217779,0.0,0.1140126060695371,0.17941570245589197,0.13722183706340546
212,0.09617883238738471,0.23116518390207838,0.1722452751715267,0.05762781049893031,0.0,0.10772840438311924,0.19598270849103355,0.13907178516492713
213,0.10733487698664879,0.24250549840279337,0.17671789693217851,0.060928506702642375,0.0,0.11710034402987625,0.17879559434491205,0.11661728259994845
214,0.10820770399703018,0.23987584903628684,0.17274103805358526,0.05953874501963275,0.0,0.12187990230406313,0.18357749450253794,0.11417926708586366
215,0.10051130069892833,0.22548577835632788,0.17757805030274848,0.07403142738992852,8.557044470509602e-18,0.09357826025408124,0.20594109473995317,0.12287408825703217
216,0.09965964420426518,0.23781948878109663,0.14094533212791224,0.15659445502599634,3.219180479772271e-17,0.06485985922818593,0.19343991286663256,0.10668130776491101
217,0.1268048400001728,0.19238216864744637,0.11582573427449111,0.07844186099664627,4.751248273304639e-17,0.16170267701764332,0.18513024505266995,0.1397124740099301
218,0.1322867826941775,0.17031673222206417,0.14073942182312202,0.08840955281463729,0.0,0.1687177613406871,0.16412311672911614,0.13540663237519573
219,0.1372232875808439,0.18647996837679576,0.13996226254222505,0.11572393207555982,0.0,0.14573833392757046,0.11509703555980882,0.1597751799361962
220,0.1374625440038733,0.1681690601062202,0.16485297530880583,0.11736625632490734,8.569455955145521e-19,0.13864095249256328,0.11635003526221306,0.15715817650041694
221,0.14492094681828305,0.15974544285621747,0.1931723645721862,0.1323990434825134,7.034185110466304e-18,0.1389032729088601,0.08573457141290868,0.14512435794803108
222,0.1394117612076016,0.1521352439083841,0.19562426776934888,0.14179203486664782,4.491558962422927e-17,0.13780040218131706,0.08812839346444853,0.145107896601252
223,0.15828226280159421,0.15248526289055758,0.16754433194452514,0.14686713615738697,4.784624421238741e-18,0.14168330354859177,0.09322325777237835,0.13991444488396593
224,0.14521474364382955,0.1489305757795204,0.1583747369405505,0.14314174148153222,0.029367677908691058,0.1150184886364885,0.11785399521296332,0.14209804039542442
225,0.11782142481557567,0.13158264547668366,0.1819239784180162,0.17987925991484013,0.02677062395027077,0.12231533938733924,0.10737983325583277,0.13232689478044152
226,0.13444025351423206,0.1625622052297367,0.19262929407257678,0.16614801473584764,2.2766008065376228e-17,0.11401323664491832,0.09563922119981905,0.13456777460186947
227,0.13380988867965007,0.15351015043861355,0.1614644597645903,0.189660854147863,0.0,0.1329476059773642,0.08356460558693923,0.1450424354039795
228,0.09873676336866435,0.15740335208676468,0.16989249815770002,0.1993296437364136,0.0,0.136514279844547,0.09871366540507483,0.13940979739983553
229,0.1052778923955507,0.16596246445397178,0.1640063640591693,0.206060486114657,0.0,0.1426254762106791,0.08059144979296995,0.1354758669720021
230,0.0877606107685858,0.17230739598332545,0.1859020166294593,0.20610682930186414,1.851598140828288e-17,0.1215790311694975,0.10026426006665325,0.12607985607961442
231,0.09409052362568006,0.1671200312098314,0.2072309077310679,0.17688263681716296,0.0,0.12214192959082229,0.11528101460539654,0.11725295641903878
232,0.08709352950228555,0.15352558192434868,0.20008465478765441,0.19862621349845513,0.03237990211757648,0.11048575373344048,0.10327951197555937,0.11452485245967996
233,0.10535205945956815,0.15803481980606424,0.19275642442461588,0.17145914734988751,0.01463134611120084,0.09376751902519255,0.13273399117772144,0.1312646926447492
234,0.11424985140423924,0.147338600673408,0.20394138587036603,0.1497994590539523,0.01103516567045198,0.10902610849814728,0.14195920864071557,0.12265022018771955
235,0.12340393825010948,0.13363552578876478,0.17408590102182786,0.13881283376398865,0.0065883035940779225,0.1317296945633053,0.15500009126532635,0.13674371175159958
236,0.12508626731097683,0.1372040779651628,0.16933390391082623,0.13721877385855769,0.007194577079534546,0.1285645095925113,0.1518024306281642,0.1435954596532664
237,0.060672603048832215,0.11525761469225579,0.12847180305537248,0.15114685809717227,0.04465681786407688,0.16038074011453832,0.1702707687586877,0.16914279436806434
238,0.10303363859835944,0.13596813871496718,0.12114793970994672,0.09954868162919915,0.0017772795492232332,0.19167517744493273,0.1618866299776136,0.1849625143747579
239,0.10483843745459871,0.1453161817634832,0.13512446758645594,0.10406327445832537,7.066345892682331e-18,0.17772887704494014,0.16184691233751242,0.1710818493536841
240,0.11810219651944652,0.15236508146074385,0.12812887698479303,0.09894325048384012,0.030298855066329847,0.16390572560952174,0.15112448262518532,0.1571315312491395
241,0.11064606700422369,0.16423057928336418,0.11273543994661389,0.10897949894455194,2.4087499437520077e-20,0.17908158016285708,0.15532410850575676,0.16900272615163237
242,0.10661885956656549,0.14485376741845493,0.1339684597054213,0.11804115605561409,0.0,0.2046856367984085,0.12454660914363665,0.16728551131089894
243,0.08795907239455766,0.1707890164926857,0.05043773518106291,0.19243067125382335,0.0,0.20791639226309408,0.10245314973796135,0.1880139626758148
244,0.08994344246692368,0.16975773464818153,0.04019946434030427,0.19861364596587017,6.2320449094172824e-18,0.2071671676754877,0.10788169219205547,0.1864368527101772
245,0.07352302134738985,0.15436110447566367,0.02179245874117017,0.24864945948372363,2.9573308320407066e-17,0.22477921787552937,0.06414261139207049,0.2127521266834528
246,0.06069968399786349,0.14328491699121199,0.032212536912561276,0.25707069676661387,2.820089987889721e-17,0.21961412938771177,0.07677507193700561,0.2103429640060319
247,0.05787733855695017,0.14159739346590836,0.047763111792866846,0.24713680428410983,0.0,0.24095676590644632,0.026652928872375983,0.23801565712034256
248,0.034356990020111444,0.12760469125427473,0.0895976978149589,0.32126560527857106,3.745115148122761e-17,0.24564304398447553,0.02396893369231745,0.15756303795429072
249,0.0450403464772731,0.0800126075022043,0.1089679741609445,0.35736718398766953,0.0,0.2482888579305512,0.03383806063854811,0.12648496930180908
250,0.0630387032404423,0.08762094444802664,0.07728314898645634,0.35490207034501775,0.0,0.2316292814563834,0.041426437656673414,0.14409941386600011
251,0.06304946805092444,0.09279573244857513,0.0971753974790204,0.33000280817307326,0.0,0.25971594241989476,0.025498737285974588,0.13176191414153748
252,0.08059360203908388,0.10350640117298826,0.09855305231058932,0.3222093356621474,2.059454732128365e-18,0.2537511198519671,0.007004372099738872,0.1343821168624852
253,0.08855788662977129,0.005653631285904347,0.04922611622637815,0.4575521144492456,0.06749093293544625,0.23151735970231688,0.0,0.10000195876993748
254,0.07069916683080188,1.5333761343512908e-17,8.347420359676626e-18,0.5138139464569129,0.044368139663169326,0.2557003499893209,0.0,0.11541839705879492
255,0.04204391911623953,4.952587084212161e-17,0.02511293759538721,0.4103690451985507,0.1008935385522748,0.2510785262753947,0.021986959909700125,0.14851507335145292
256,0.06092818843011783,6.6235064799463856e-18,0.034230898368441585,0.41996940270453814,0.11669115992561002,0.2339358153576963,0.0,0.1342445352125961
257,0.07820261394981641,0.0,0.023771761485414312,0.4103794012899914,0.13267100509486388,0.21770960546729543,0.0006779276488200336,0.13658768506279859
258,0.07939426104144115,0.0039376790060898625,0.009728331205591356,0.43285632965136034,0.16485899310090682,0.1984921073762939,0.01520777429543608,0.09552452432188042
259,0.0939275424109564,0.05142980573314531,0.10131266311120511,0.1732395485170004,0.15700145114058553,0.22477551677133642,0.0770090795380726,0.12130439277669798
260,0.08004676568076156,0.04724160931612198,0.10837669285158653,0.16800986705227489,0.19066195786056397,0.2195518224382465,0.09087469764647516,0.09523658715296932
261,0.030294896167849195,0.0,0.04180942205197272,0.2537020219060459,0.2391229472805417,0.2827436544670653,0.11700662346394108,0.03532043466158389
262,0.055669308542910335,4.893530715768169e-19,0.05338021693120959,0.23032816342674664,0.20384010436528452,0.2572282985333948,0.12030353717784181,0.0792503710216123
263,0.05765278885679102,0.005665640082306687,0.07679701345037762,0.1860573281573768,0.1724462796789071,0.2561370039308723,0.12678362587733544,0.11846031996503302
264,0.05779198312498777,0.007152372002385757,0.07385652290980499,0.18897458148394045,0.1717993793079703,0.2541673009967554,0.12867882546654363,0.11757903470661175
265,0.05818781110696458,0.05775041455742353,0.04560342102633572,0.11860301932724956,0.21801862532200045,0.24709678993434755,0.12690248952399938,0.12783742920067917
266,0.05823649135416098,0.07035790327627812,0.047548444988022416,0.11453084129317638,0.21911142200796535,0.24243315748748043,0.12226629139219135,0.12551544819972493
267,0.04290195452780404,0.05479358731633943,0.044476814243878,0.13581564006130137,0.2161382599430543,0.22477356176280186,0.15680274505488026,0.12429743708894075
268,0.08088238782837051,0.10819297935809366,0.06986963231864435,0.11096118010170447,0.20406611898757443,0.19199949763784968,0.11265792572647236,0.12137027804029049
269,0.06892021190355185,0.11687664847915608,0.0650933302124272,0.09153366204995171,0.21925341714693905,0.2006343913560604,0.13876050107865154,0.09892783777226206
270,0.06976834367282264,0.12154924405631226,0.06290653585688326,0.11738407034163172,0.20729405676577678,0.19285579567895378,0.1492864106580427,0.07895554296857686
271,0.027912857563266426,0.11141068186230219,0.06405462751036584,0.12174204537745587,0.26128376133402753,0.20757604997978965,0.16516422965939218,0.04085574671240029
272,0.0199649399123668,0.11687074550082098,0.06948937458936431,0.11874217400782086,0.2683652827937606,0.20233900157294563,0.15815516095177282,0.0460733206701479
273,0.052699418334844136,0.12186670984720112,0.07959256330196621,0.11949438203278087,0.22352795225291092,0.18983981981385475,0.14563406979429633,0.0673450846211456
274,0.06521668382001568,0.131092799522075,0.07584302059367519,0.1083368060126174,0.21571956559792796,0.19678466907333428,0.14086849978628677,0.06613795559306769
275,0.051911675756866275,0.13425245734458907,0.0748150504507638,0.10626648244608962,0.2051376242014381,0.20383600024024293,0.15364153365652602,0.07013917590248407
276,0.05896962029189853,0.13590562251962104,0.07674251467398843,0.10303700344329561,0.19863090163832117,0.19431188031345117,0.1541880462915584,0.07821441082686559
277,0.05567797316781669,0.1445398430337037,0.07430785159997337,0.101620037989039,0.2111072292596533,0.19047235145400065,0.1487503277967142,0.07352438569809892
278,0.0669537750045082,0.14900385506751335,0.06831956873169008,0.09796262050034002,0.21193491958074442,0.18567024876521396,0.15875156490311088,0.06140344744587902
279,0.07033137743370411,0.13906193357789487,0.07011110657276212,0.10124519947055638,0.2009515452506391,0.18889846119292408,0.1664016613593858,0.06299871514113342
280,0.0732210860186729,0.1401146219162078,0.06546010013052653,0.10300772393916038,0.19985852638042442,0.19007976606100074,0.1653404275154026,0.06291774803760455
281,0.06795886461099124,0.15085633464275047,0.05472722945040908,0.0977395014244172,0.21085049465675634,0.19120244901534345,0.1627534862031222,0.06391163999521013
282,0.06293318261179043,0.16259445211673973,0.06565287502999513,0.10945179036427424,0.2129628863705641,0.1877826366708027,0.13989811596854412,0.0587240608662895
283,0.0019994967771423335,0.1730888910021441,0.050648991561739735,0.08385249137901128,0.23106590946000982,0.26309759882691974,0.1859171867229636,0.010329434269069376
284,0.04086685037243734,0.15861941079306488,0.06398321623791153,0.09138561256795502,0.19632052351515136,0.23134747759016905,0.16564480829098024,0.051832100631330494
285,0.0529734129875259,0.18160848200284982,0.06918948413250858,0.08992486774339858,0.17177714819692974,0.22153458968500045,0.1431636297714009,0.06982838547938607
286,0.021894748671794004,0.17755632360618656,0.06915393449560973,0.10207688415453714,0.17669414027004743,0.23234221121773907,0.15946210005809988,0.06081965752498604
287,0.060420046430726244,0.17731279620933618,0.07116075921887469,0.11224426701433549,0.17701899726857834,0.213760866840135,0.12953285969972841,0.05854940731728563
288,0.06367623370247248,0.1839969779587479,0.07947030573294409,0.11576990363589071,0.17832706844612145,0.19142080767038683,0.12779555258941888,0.05954315026301762
289,0.06472228237157665,0.1831185482310698,0.08014160587574483,0.11114577959924701,0.16674005132100794,0.19789471135372297,0.11755024753440486,0.07868677371222584
290,0.05348820552658894,0.21209491041563164,0.07699587766290822,0.10886931344006107,0.16778922577104652,0.2202582117780832,0.10478876601142371,0.05571548939325664
291,0.05577823595286319,0.2166547290955176,0.05181341907825846,0.10076800171601519,0.15815768823429208,0.22028284935228812,0.12304066975383957,0.07350440681592571
292,0.06816290495034276,0.19559487255850314,0.06172981854228625,0.10849288223999755,0.16683386764375774,0.19812883591888908,0.12232997104144276,0.07872684710378068
293,0.06422740191907432,0.19124346146748036,0.07740177503767853,0.09751080238961372,0.1814480469597618,0.1870097744755954,0.1221380498164603,0.07902068793333554
294,0.05228647645595394,0.18764076432474258,0.07666435655163714,0.09727658580380136,0.20104503192296944,0.18907561461414268,0.12729228284272281,0.06871888748303007
295,0.06553954649887526,0.2664600822298865,0.056440847989185014,0.10224858059944626,0.2098533867197152,0.11603348156655263,0.1119555594606984,0.07146851493464065
296,0.07246499786377886,0.27543557436572913,0.05852851187126397,0.08557687798785603,0.2164855554065078,0.11450510063907234,0.09788385412967664,0.0791195277351151
297,0.07639595201966615,0.24818542265028867,0.03229385692608519,0.07762805761256614,0.27984820454248216,0.07868577480371593,0.13494679498103476,0.07201593646316087
298,0.07956078040632665,0.25317841866781343,0.03138422152536997,0.05920930504240414,0.29627742932401224,0.026536625168299483,0.1378192668679885,0.11603395299678554
299,0.05927657024018536,0.35158786150075383,0.024091911974152263,0.028959620532045857,0.27880822873817435,0.005164990631499206,0.10892978989967914,0.1431810264825098
