oos_period,model_1,model_2,model_3,model_4,model_5,model_6,model_7,model_8
150,0.021896312936208764,0.3093561540071425,0.13524070889198253,0.11407729191063444,0.05012212175699066,0.08813196469030142,0.11963721355640337,0.1615382322493362
151,0.05463573224653518,0.2763092298742643,0.10444379596897853,0.10731903795692552,0.06586702076648579,0.16131450424399477,0.10176728084284554,0.12834339809897038
152,0.05676165626020869,0.26259934088861125,0.10101287516378099,0.10175331571036067,0.067674280178394,0.18685983764316014,0.09354752455171107,0.1297911696027731
153,0.024989868092259095,0.293875746209194,0.11042719768280303,0.10879857613249443,0.0923673513543945,0.11417008688998083,0.11662489837579816,0.13874627526207578
154,0.028914307519974293,0.2933554475658348,0.11688399057993888,0.10138079822400711,0.06419740807448732,0.12927069399023694,0.13554235259059152,0.13045500145392908
155,0.03336185458105188,0.2453755483272415,0.10751116057540773,0.143113292281858,0.08464783512279912,0.11905736225306517,0.13483660371162057,0.13209634314595606
156,0.03550655625119485,0.252127049239584,0.10583474558912823,0.1360927209992941,0.09598451497274713,0.11402473291878433,0.12909590231278736,0.13133377771548
157,0.07724287842946853,0.2022401488868473,0.1350068294352153,0.13660256394062034,0.0965357205762615,0.1377757690439549,0.08688139150136333,0.12771469818526876
158,0.09601332566727748,0.22166944975735528,0.13564231875483954,0.12914624801133326,0.055965493401910184,0.1875549135200731,0.046484611787027307,0.12752363909918368
159,0.13142935259855323,0.14380044843545786,0.11257157252295116,0.13578128591208422,0.10832055161897469,0.17618394137477922,0.07221361929637259,0.11969922823982697
160,0.15727815208536736,0.1470423662577374,0.09671171714505435,0.14763531000774807,0.10077333491966536,0.19890649499281501,0.04891714500532136,0.10273547958529103
161,0.13941392997935217,0.14929236882442906,0.11659121510649427,0.15205695588554993,0.12201940504257636,0.15435161200507305,0.056922862990922474,0.10935165016460267
162,0.14856613062132226,0.12440007572999995,0.10609548821234026,0.15713227504530158,0.12855320510250268,0.2043536443022771,0.04434197998350432,0.08655720100175192
163,0.14780013747720375,0.12601241426201515,0.10259306829509941,0.18104562998232213,0.11870899340359202,0.17631229302461893,0.048146164847631255,0.09938129870651732
164,0.187579802152911,0.12122057965533611,0.09139763760135866,0.19449694907715134,0.1355535055832517,0.177086946014349,0.07963849916759759,0.013026080747044573
165,0.16137166900370478,0.1819629448034889,0.14287329919388253,0.15798775862469766,0.11908232749644294,0.11521399539898201,0.056813631664910776,0.06469437381289035
166,0.12600294997116515,0.14741762447388648,0.11573846327886472,0.16332929772938826,0.05071840108492948,0.3146021400250493,0.04752334790460462,0.03466777553111195
167,0.11096117279991814,0.20895241496307818,0.14472924236788576,0.1497320804954203,0.11506733518112768,0.2349562263530166,0.03560152783855327,6.07402032519531e-19
168,0.14415327839499423,0.2366350369194269,0.1767147871416404,0.14578549787214812,0.18281371013512068,0.04774985071222198,0.062261053137752966,0.0038867856856947434
169,0.11894760385837445,0.2328729271586957,0.20224923706278877,0.17133127010234225,0.1362965324882256,0.05052998761139905,0.08657697388819664,0.0011954678289775422
170,0.09255520096398409,0.2699851052290152,0.17610073850975613,0.1341166251749144,0.08494443881021328,0.1346704657302401,0.06717589848787096,0.04045152709300595
171,0.08052754406528922,0.2795943063934782,0.15756476212801188,0.10076017284954795,0.07766584117883928,0.15510177926025762,0.09069071064384691,0.05809488347972907
172,0.11758226127738464,0.23296789326630438,0.17317163158424984,0.1349360820885655,0.15058234335042228,0.10354726616188106,0.06778259897695599,0.01942992329323629
173,0.10949296964364108,0.2241945842211991,0.17269619401101707,0.137034003000771,0.14739615438351397,0.11284940724180342,0.06962459819323498,0.026712089303819183
174,0.12782629969430775,0.22370871631774178,0.18285609424290697,0.15114193160248174,0.12899003820545615,0.11350061443460736,0.06416018333218784,0.007816122169310373
175,0.11112836645454909,0.2297108110783736,0.18384220062083434,0.16124293692184477,0.11706892337522856,0.11925892651537227,0.06350579498460118,0.014242040048196184
176,0.08904086319929377,0.2215115476996044,0.18789416596717046,0.15431575886251048,0.15294077198394598,0.12498468841895968,0.06639355039299709,0.002918653474518039
177,0.08392776252604538,0.19297358792416502,0.2152058895507043,0.13614203389584073,0.15818784290407714,0.12176336342038259,0.09065975021153043,0.0011397695662543452
178,0.09912852798612341,0.16896163743955608,0.2131178904419849,0.14174976599351755,0.13710388621689917,0.11426013004722901,0.07916757962669428,0.046510582246995516
179,0.116664263536643,0.19163217198389643,0.2234286910872413,0.14488810615322537,0.09573858398621408,0.1095696460477706,0.05411483728501131,0.0639636999189977
180,0.1138187831157075,0.20581340351989266,0.22884559862274748,0.10480606082361817,0.08243585100719344,0.1595589557785682,0.04390332447847269,0.06081802265279979
181,0.10174612108105309,0.20167073700859028,0.19655899402276752,0.09859694687391532,0.10002762166702148,0.18535643236501817,0.038869407698941504,0.07717373928169259
182,0.09502755781724309,0.20186401423990455,0.19700849063055018,0.10419364543616032,0.09712253807602776,0.18149547465799828,0.030949222380607194,0.09233905676050848
183,0.09981270702876738,0.19636948804358084,0.19443461683202548,0.10215512235242637,0.09848993013176052,0.18193076451030546,0.029416005679124203,0.0973913654210097
184,0.10529369149415939,0.17922549934392246,0.18443453436066579,0.11077390939657006,0.10175932365149025,0.1752894001002974,0.052824686152449035,0.09039895549944547
185,0.10390640721708207,0.18055632683612066,0.1873896672589316,0.10890833755522032,0.10129515742286074,0.17584429704684487,0.05122177000059027,0.09087803666134943
186,0.10460561626698235,0.18437403816949047,0.1909501473971368,0.10720792994997246,0.10016420089306656,0.17972891880012254,0.05636258765240589,0.07660656086982284
187,0.10465966196921109,0.18745310424304137,0.19083569687949273,0.11018034927160696,0.09689089405538555,0.17789522856641948,0.05437763083826234,0.0777074341755804
188,0.10357543722395973,0.18252969463436872,0.16631134763886837,0.12292785608888906,0.1076261958398968,0.16587259245329347,0.0787973419959476,0.07235953412377621
189,0.10807751229542328,0.17918502976082895,0.16310066112456834,0.11075880631780415,0.11527541325009737,0.17265330293212597,0.07803997610271773,0.07290929821543418
190,0.10517516601914412,0.1702733273095835,0.1621547428049413,0.12381712229273291,0.11401573203105228,0.1587000596618391,0.07644146687358591,0.08942238300612095
191,0.1013410554557321,0.16197617498768493,0.16283599438976576,0.12032799188403767,0.11788429941601718,0.16005522563593935,0.0777031468070212,0.09787611142280175
192,0.10267912839737964,0.18849414350127464,0.14627069236204093,0.11455900386771341,0.11404406690379912,0.14584045395644768,0.09270140683443108,0.09541110417591361
193,0.10303487803577677,0.18691777041366828,0.14763887930688266,0.1072580950915406,0.11714256015504476,0.1496469966224559,0.10146290068811802,0.08689791968551298
194,0.10265641872905092,0.17815296260358068,0.15545116103195816,0.10731942032751184,0.10607723779526186,0.1536516745703717,0.11139564925900573,0.0852954756822589
195,0.11899718015937975,0.20946029002521682,0.15857592944850654,0.08895211358727442,0.08396856251372664,0.16026908022887942,0.11040795462264533,0.06936888941337108
196,0.11607153951283486,0.20898634050568113,0.16176428397134157,0.08459490292336848,0.08721768749284263,0.15625472460663364,0.10529994072566158,0.07981058026063606
197,0.10885647285114197,0.23408390663089826,0.17349815495957938,0.0909542958322143,0.07564052932482346,0.1568303319007654,0.1206165490569403,0.03951975944263687
198,0.12684377143609982,0.19269762431524215,0.1391478075673088,0.09736238628915485,0.08379217923253245,0.1706411848883788,0.12128342115504544,0.06823162511523766
199,0.14136230470906483,0.15919505993682115,0.09588306290691184,0.0812352722266108,0.10093130059985415,0.18787019474318084,0.1878249510243538,0.04569785385220252
200,0.11616070021444587,0.16857779974832476,0.14976249012205983,0.06586679240044513,0.070342795747873,0.17576082951146751,0.17398023983560346,0.07954835241878039
201,0.11233755327089674,0.1917800546168653,0.16181406592519385,0.05731978010777707,0.056025887560985976,0.1615100705447367,0.19164890390497866,0.0675636840675657
202,0.1072196387171793,0.19119885739824896,0.15741274090726134,0.06214298195495716,0.07584677272607158,0.15884914363677455,0.18792744750101556,0.059402417157491595
203,0.11554619615520813,0.17581839141622854,0.1464041233533364,0.05614889988623727,0.0543135762122455,0.16519841717008762,0.19109760961178474,0.0954727861938716
204,0.14036497410929266,0.2368859457701174,0.16929151934000625,0.04589836839402801,0.0,0.1863742558245629,0.16134159969435358,0.059843336866639237
205,0.1290946546379621,0.24315167851373504,0.17121488209063357,0.059998681627742405,0.04710731528516669,0.15241760351829017,0.14746587117440044,0.049549313151069564
206,0.1356373265158419,0.23812411413821566,0.17909157801854603,0.06253673668282926,0.0018063607331011463,0.15321415747392583,0.15572106241517417,0.07386866402136581
207,0.11979152228093497,0.23272573167627272,0.14622777284870742,0.06059820182272447,0.020727215632249323,0.147528355168793,0.18180196556252426,0.09059923500679376
208,0.12004648247485976,0.22281945221684996,0.1618801949396687,0.060275690293930186,0.014441745991631665,0.13229670075274902,0.18089372163182077,0.10734601169748993
209,0.11603437016482243,0.20822813800445758,0.1559617108788662,0.06532489036570421,0.011591218939118296,0.12335103842368313,0.18301154714096143,0.13649708608138666
210,0.11335864238846786,0.21392210351537885,0.16946872292283782,0.06207096460246662,0.0,0.12116205556093153,0.17543153248697194,0.14458597852194538
211,0.10824477005891832,0.23786721135618372,0.16182036176288553,0.06141751123217779,0.0,0.1140126060695371,0.17941570245589197,0.13722183706340546
212,0.09617883238738471,0.23116518390207838,0.1722452751715267,0.05762781049893031,0.0,0.10772840438311924,0.19598270849103355,0.13907178516492713
213,0.10733487698664879,0.24250549840279337,0.17671789693217851,0.060928506702642375,0.0,0.11710034402987625,0.17879559434491205,0.11661728259994845
214,0.10820770399703018,0.23987584903628684,0.17274103805358526,0.05953874501963275,0.0,0.12187990230406313,0.18357749450253794,0.11417926708586366
215,0.10051130069892833,0.22548577835632788,0.17757805030274848,0.07403142738992852,8.557044470509602e-18,0.09357826025408124,0.20594109473995317,0.12287408825703217
216,0.12666859483335513,0.18223387944810296,0.17634583301441792,0.06036140020394937,0.0,0.10623226386458959,0.22638936421406988,0.1217686644205151
217,0.12260103321704643,0.1886126627310177,0.11167067946859742,0.07527036801575307,0.0,0.1626239318174625,0.20465590221933688,0.1345654225297858
218,0.1322867826941775,0.17031673222206417,0.14073942182312202,0.08840955281463729,0.0,0.1687177613406871,0.16412311672911614,0.13540663237519573
219,0.1366678105721525,0.18092995441038626,0.1488542437210524,0.12393446450615683,3.5187601513480564e-17,0.14339336826046378,0.11225060856983178,0.15396954995895645
220,0.1374625440038733,0.1681690601062202,0.16485297530880583,0.11736625632490734,8.569455955145521e-19,0.13864095249256328,0.11635003526221306,0.15715817650041694
221,0.148935218761122,0.15868213047350183,0.18953730558806306,0.13511862670038033,0.0,0.1399549951363618,0.08157981966374515,0.14619190367582582
222,0.14483058883963976,0.15286799403144513,0.1682710691798791,0.13882106171944672,1.2795147352312657e-17,0.16749100224611235,0.08564854607651162,0.14206973790596533
223,0.16359900482019796,0.15708876169909528,0.14323439802641788,0.17099455217669848,3.0228805942462834e-17,0.14427288397256735,0.08014211984621725,0.14066827945780583
224,0.15446639440010626,0.1482692797861345,0.15880229735703863,0.1465723464798825,0.02393639165529893,0.11223388609839861,0.1157434622344821,0.13997594198765842
225,0.13097318770654207,0.158578481065372,0.15024815305775763,0.10434266637703732,0.0414181340372338,0.11834783605565075,0.13556691713701918,0.16052462456238714
226,0.1195372770107597,0.15394270707397034,0.19136663218075034,0.15840550228813532,0.0,0.11506707748826522,0.1083311042531381,0.1533496997039809
227,0.1429952468257376,0.1584426172520767,0.15569504210421004,0.21030855701088186,5.282875008848333e-17,0.12961287295259208,0.06867394608707258,0.13427171776642907
228,0.1357632098805219,0.1597320692783335,0.18005004365400518,0.16702237690207036,4.1264692333109675e-17,0.13305705655569863,0.10051505615182116,0.12386018757654929
229,0.08880588945722442,0.1502886814156319,0.16867611163890636,0.20714534155373213,0.0,0.14123043048244696,0.09723670050382109,0.14661684494723706
230,0.10580644548569487,0.18350350935537657,0.16603751317118967,0.16475162034717575,0.0,0.12217857433769241,0.11795553474848677,0.1397668025533838
231,0.10391227586686988,0.17683504303222658,0.18219593673598466,0.18527472672829887,3.5378121060886037e-17,0.11034998073803322,0.12087218494174036,0.1205598519558463
232,0.08132574526996901,0.14684239007481786,0.218109096010773,0.162114587936991,0.015611256751622107,0.14975812249308168,0.11631268166175857,0.10992611979998673
233,0.10517664500766583,0.17652848065427829,0.2006890353940771,0.17984029155823364,0.007847956772503837,0.08157802258726049,0.12065061400730265,0.12768895401767819
234,0.1102726080737702,0.13957001486604578,0.18100886951677098,0.15596349937234863,0.037915701380140575,0.10983041376976846,0.13056735658405247,0.1348715364361028
235,0.12725760052837246,0.12729420839077538,0.17548828462783128,0.15918386268296625,0.0019392953701704437,0.13825782067632614,0.14837054796725824,0.12220837975529987
236,0.12531927339042825,0.13784765841489932,0.1676858374404442,0.14002192230097665,0.007081076067674025,0.12843277118018037,0.15022140990670962,0.14339005129768737
237,0.06119865864805114,0.1269456325070104,0.11545335312762346,0.17397165018126776,0.04424448874906477,0.1773482494848157,0.15879712758795791,0.14204083971320866
238,0.11514686143906744,0.13875156482326814,0.1257444323321252,0.09690788910450325,0.037737375644829804,0.17136589349273224,0.15114888345800437,0.16319709970446952
239,0.11973402062425616,0.14807775585391011,0.13476306431762106,0.0959557478273116,0.02753466257406633,0.1657096102390697,0.1513908504742088,0.15683428808855626
240,0.118064866592993,0.15333833707878908,0.1281872890505678,0.09905492917079538,0.029658749686817382,0.16324232018496992,0.151799859838913,0.15665364839515425
241,0.11181564071334367,0.1689892238325459,0.10944745629864522,0.10676607060524344,1.3121069748548023e-19,0.17637005665844183,0.1541118282684671,0.17249972362231278
242,0.1098975360430959,0.15326276662205102,0.12166018658253126,0.11740610269291514,1.3210775831618088e-17,0.2042931657131436,0.11586014354057221,0.17762009880469087
243,0.09357895018294338,0.2062765015211215,0.04274729624258059,0.1715055763412574,2.107957294525976e-18,0.22006645029633476,0.08915495292705625,0.17667027248770611
244,0.08721651608786406,0.16586759735748272,0.04063528147906529,0.19813828672797407,6.31186717678408e-17,0.21074999946112147,0.10928782521621253,0.18810449366927973
245,0.06430119102687307,0.18617396726376353,0.03215713053599298,0.23060498400537227,0.0,0.22697128591648338,0.06432175614754948,0.19546968510296528
246,0.06494724635488003,0.14360466238542074,0.024420184370727217,0.25738669926121477,0.0,0.22007181912803164,0.06553769631148496,0.22403169218724067
247,0.026651635122491434,0.12521612844948615,0.051604990865601226,0.2341083830299123,0.0,0.24299307476046367,0.10657943800692349,0.2128463497641217
248,0.028353560292650275,0.1330046795873978,0.06159765255708388,0.30475441471751596,3.005325407926944e-17,0.2648945317583084,0.006064484430146054,0.20133067665589738
249,0.053087959325473,0.05593050145847617,0.11915393836599789,0.3761421148815505,4.799256915402544e-17,0.25538096626656454,0.028113578570371837,0.11219094113056594
250,0.06873983906574166,0.08140075277808866,0.07672694205746577,0.34974851686810565,0.0,0.23280167172573468,0.03887025095991728,0.15171202654394622
251,0.011849476601470028,0.05689552372426925,0.07893308091912903,0.3868680713510334,0.022138149274057158,0.31242863386641817,0.04212611032962094,0.08876095393300197
252,0.06230380601058637,0.13050594308536215,0.07530441828533978,0.40545230457004805,8.129754398928415e-18,0.22535827662187566,3.48725851058303e-18,0.1010752514257879
253,0.13025849620935137,0.02268703185594104,0.09104508514319835,0.26972142660516124,0.14551045188927458,0.20487145235508314,0.004763651546772382,0.1311424043942178
254,0.049310374950107864,0.014567374928333276,0.01750832567219974,0.3454938487563482,0.1265400074429785,0.25630111343236434,0.057463357057131945,0.13281559775953608
255,0.07578903716840309,0.0,0.06302842076221829,0.2938054763309677,0.13447699333895113,0.2377435684507446,0.030235940056644966,0.16492056389107018
256,0.07377813464965878,0.027352245142863975,0.03077385237654235,0.40188628147161465,0.11197652076337862,0.21364619893184675,0.012427851546003265,0.12815891511709165
257,0.08860938473773909,0.0292973942419099,0.02202302334417101,0.366145246877514,0.15621455030119144,0.1960650495044048,7.453813835214034e-18,0.14164535099206976
258,0.10980966063333175,0.024922811427624432,0.045193408011232006,0.31768862978676,0.1731998981761319,0.1892818526880673,0.025928495677358627,0.11397524359849402
259,0.0939275424109564,0.05142980573314531,0.10131266311120511,0.1732395485170004,0.15700145114058553,0.22477551677133642,0.0770090795380726,0.12130439277669798
260,0.08004676568076156,0.04724160931612198,0.10837669285158653,0.16800986705227489,0.19066195786056397,0.2195518224382465,0.09087469764647516,0.09523658715296932
261,0.048466570353909076,0.0,0.05603715688846854,0.20860291648588664,0.17667146114422289,0.33804942123215337,0.10248628470142247,0.06968618919293684
262,0.06405747621638458,0.007547796604838246,0.06931536339979762,0.208269630383474,0.1811518858255287,0.256679416194861,0.11897304153558308,0.09400538983853271
263,0.05765278885679102,0.005665640082306687,0.07679701345037762,0.1860573281573768,0.1724462796789071,0.2561370039308723,0.12678362587733544,0.11846031996503302
264,0.05779198312498777,0.007152372002385757,0.07385652290980499,0.18897458148394045,0.1717993793079703,0.2541673009967554,0.12867882546654363,0.11757903470661175
265,0.05818781110696458,0.05775041455742353,0.04560342102633572,0.11860301932724956,0.21801862532200045,0.24709678993434755,0.12690248952399938,0.12783742920067917
266,0.05823649135416098,0.07035790327627812,0.047548444988022416,0.11453084129317638,0.21911142200796535,0.24243315748748043,0.12226629139219135,0.12551544819972493
267,0.04290195452780404,0.05479358731633943,0.044476814243878,0.13581564006130137,0.2161382599430543,0.22477356176280186,0.15680274505488026,0.12429743708894075
268,0.08088238782837051,0.10819297935809366,0.06986963231864435,0.11096118010170447,0.20406611898757443,0.19199949763784968,0.11265792572647236,0.12137027804029049
269,0.06892021190355185,0.11687664847915608,0.0650933302124272,0.09153366204995171,0.21925341714693905,0.2006343913560604,0.13876050107865154,0.09892783777226206
270,0.06976834367282264,0.12154924405631226,0.06290653585688326,0.11738407034163172,0.20729405676577678,0.19285579567895378,0.1492864106580427,0.07895554296857686
271,0.0538542380537436,0.14094370700120187,0.0646093975613413,0.14479733771202336,0.23751616355822996,0.18477766483462416,0.13643305734366956,0.03706843393416621
272,0.0199649399123668,0.11687074550082098,0.06948937458936431,0.11874217400782086,0.2683652827937606,0.20233900157294563,0.15815516095177282,0.0460733206701479
273,0.052699418334844136,0.12186670984720112,0.07959256330196621,0.11949438203278087,0.22352795225291092,0.18983981981385475,0.14563406979429633,0.0673450846211456
274,0.07082089601496383,0.12748185224243608,0.07726525270280844,0.10874417124211934,0.20220950286547965,0.19697671020415497,0.1460054090543878,0.07049620567264983
275,0.05116594585056102,0.13327669356227698,0.07523543154371636,0.10785571584884573,0.2054563322271952,0.2038828703289306,0.1533029882951952,0.06982402234227882
276,0.054162591323927936,0.14544862313792198,0.07702483678558905,0.10024917635624418,0.21088193276839187,0.19253542236980206,0.1494658744232378,0.07023154283388512
277,0.06142498619122782,0.13618317814052272,0.07605074829774364,0.10360096069664804,0.19616661282169306,0.19352974389530753,0.15464220636631776,0.07840156358953936
278,0.06680059517421034,0.14856189612631635,0.0692118054351318,0.0970005478730459,0.21314491914801653,0.18589722948254142,0.15845918787437044,0.060923818885367124
279,0.07023600486343037,0.13901940272794444,0.07009172381581637,0.1011161772301075,0.2012894253282555,0.18896522922769,0.16637617600461957,0.0629058608011362
280,0.07438952509956662,0.1382834775384881,0.06618810412875419,0.10326639363448721,0.1967963042198844,0.19055888349900219,0.16662283470771405,0.06389447717110316
281,0.07363824935302211,0.14292346407493364,0.059083836893551886,0.09786727643846516,0.19728551641134162,0.19202094402940517,0.16792528633558898,0.0692554264626914
282,0.05729943895750669,0.14415775188500368,0.06596790802425498,0.10086394418968732,0.2032082732988948,0.21326127767265723,0.16526162667035146,0.04997977930064379
283,0.0,0.22517672019375506,0.006326344697394703,0.14528695144629966,0.23595974009563173,0.21318499146297007,0.1627140327710336,0.011351219331915094
284,0.04086685037243734,0.15861941079306488,0.06398321623791153,0.09138561256795502,0.19632052351515136,0.23134747759016905,0.16564480829098024,0.051832100631330494
285,0.047063417176608245,0.17820522731545285,0.07073375728535773,0.08359623773023356,0.14893936184408127,0.25101025076381106,0.14633886290637613,0.07411288497707916
286,0.022101958520681506,0.1772033148414168,0.06952615063198693,0.10197978391704118,0.17633372603498965,0.23235035510849644,0.15954879121915916,0.060955919725228305
287,0.06145784757115965,0.17584728725871948,0.07181075212157918,0.11303308064864952,0.17714828838906815,0.21232673425394802,0.13011732146137667,0.05825868829449925
288,0.06367623370247248,0.1839969779587479,0.07947030573294409,0.11576990363589071,0.17832706844612145,0.19142080767038683,0.12779555258941888,0.05954315026301762
289,0.04541126009253904,0.20794105365321847,0.0844132383688374,0.11046371721162876,0.16852692602172842,0.19690991861658133,0.11229885372062086,0.07403503231384571
290,0.05585942483433016,0.22673203990203245,0.08486323706269543,0.11806591564752326,0.17798608371384597,0.2021973605573525,0.1044766842162821,0.029819254064938128
291,0.048262287233295,0.2270010595435788,0.04437476657461618,0.10593169545559179,0.13625071753353835,0.22089963325991363,0.13157869947181752,0.08570114092664877
292,0.060933748303188685,0.1939681806439198,0.054267949193484724,0.10669779550667487,0.187392936897221,0.20090070856165634,0.1277471804223619,0.06809150047049264
293,0.0592584218460108,0.18529690409421004,0.0738156358187229,0.09077802321275233,0.2071978911638597,0.18728776532153676,0.1268403335294772,0.06952502501243017
294,0.05039834049196978,0.19201352383349762,0.07565227669730577,0.09589616301362121,0.1989862152890495,0.19107045072171847,0.12734141368537844,0.06864161626645916
295,0.0743173231571147,0.22423047630002652,0.059913670697416044,0.10504023307383163,0.23927789228733767,0.11599485749633257,0.11445868982111468,0.06676685716582616
296,0.07292027070417074,0.27958868305129564,0.05815621191526193,0.0889903411861914,0.21917474904854325,0.10469345628411665,0.0930478865444375,0.08342840126498283
297,0.07623295269770593,0.24953640093803617,0.03195726963594953,0.07744012118275322,0.2799571374033041,0.07829151026955476,0.1346865174403668,0.07189809043132944
298,0.08045003869308641,0.24672888701180115,0.03308164146622962,0.05992390211713527,0.29588761930766083,0.028137987424712088,0.13895424195461253,0.11683568202376207
299,0.05127438608748976,0.33041218550430707,0.023533603625732827,0.03041666380748224,0.28245462385886283,0.007903882699995635,0.1078500125378013,0.1661546418773282
