oos_period,model_1,model_2,model_3,model_4,model_5,model_6,model_7,model_8
150,0.0,0.3595594458646399,0.12442641265393181,0.10708594568849608,0.02691820386545116,0.07834214764230703,0.11917451431613713,0.18449332996803688
151,0.0,0.345717739481495,0.09199706386330743,0.11487890845394053,0.04775924640543358,0.08930110563304543,0.11920946797599223,0.19113646818578575
152,0.0,0.3270425602172149,0.10099207712741873,0.12264475279385179,0.04174027341368902,0.07976052072818986,0.11853340974438582,0.2092864059742499
153,9.548756948424168e-18,0.32640134380212,0.11884378402926617,0.12066353343732232,0.07633841918100069,0.06228965431160145,0.13890278153731261,0.15656048370037678
154,7.329262320287376e-18,0.32011629567465294,0.11697920405276321,0.11316472358456572,0.08963872129556047,0.039798011880392455,0.1505134799700624,0.16978956354100277
155,0.0016955562443281575,0.30447932897419294,0.10637550249414361,0.13886374890941364,0.08695747181064642,0.04694643120696822,0.14948510251529432,0.16519685784401264
156,0.0029629970492825648,0.3009284157222499,0.1082165000601535,0.14086608651630672,0.0916180700713013,0.04583207267537706,0.14555451492754526,0.16402134297678356
157,0.04710130816215267,0.2798293174722703,0.14819795070532402,0.14152296458282881,0.08833303054532646,0.055731550915553624,0.09726415080067764,0.1420197268148664
158,0.07113248732641829,0.29005579578846247,0.1370612154340903,0.12988609046068061,0.06119163195518586,0.09341385680950896,0.05954927771064773,0.15770964451400576
159,0.11642980550216529,0.23529945598961852,0.11486643535233926,0.1418124100202225,0.10438358922892657,0.09179044468220401,0.058505406725858064,0.13691245249766573
160,0.12762405895346948,0.22325036365341933,0.11238840895696621,0.14610004274831676,0.09130439859855054,0.10633914231751881,0.04494534937443554,0.1480482353963233
161,0.15624321251146847,0.19702353032851924,0.14819716635983238,0.14782281641114753,0.13873728702990146,0.06431920117370118,0.03680566013669374,0.11085112604773598
162,0.16141672624248013,0.1877375532006092,0.14611384794972881,0.15054944769493825,0.14800827676914224,0.07983777218918243,0.03262005937464752,0.09371631657827134
163,0.165857945429325,0.18326700758256814,0.14080595642598248,0.16155238594078203,0.15038807134826884,0.07193165480254933,0.03735073089180764,0.08884624757771646
164,0.16464303998643143,0.18498035204537353,0.13701533582450387,0.16170054678938392,0.13109352732754648,0.08374197244483016,0.06386339700090263,0.07296182858002792
165,0.1740966253158193,0.18395591401323896,0.14770427923738103,0.16304420587651425,0.1305894255552657,0.10337057485785393,0.05300747017839516,0.044231504964531536
166,0.13958891589048958,0.19080319551813774,0.14525987584772038,0.17794050657815996,0.1211733402753975,0.12617293946195726,0.0668306214812808,0.032230604945856674
167,0.15551668844200203,0.2001950370489292,0.1862398154992863,0.16054649688137862,0.1527365747941427,0.08697255816742382,0.05779282916583719,1.0644160122321715e-20
168,0.15477958403828174,0.24597011378086625,0.18101182315563813,0.14794940167734752,0.19852127576927725,0.019075450768612622,0.05269235080897645,1.4167519397875562e-17
169,0.14251264732594351,0.2345255564675879,0.20651600421096827,0.13676637122443652,0.14943106501960476,0.059625675937608764,0.07062267981285023,1.652667159209894e-18
170,0.11986061675322697,0.24331206886036888,0.19563863251699617,0.12783048892490226,0.14981422042240958,0.08404899070503069,0.06968438746822025,0.009810594347845083
171,0.12242485678419825,0.2501476990178709,0.19910093511184596,0.1276648309922758,0.14850010095799177,0.07651100975325986,0.06773009715080831,0.007920470230749273
172,0.12390501691337949,0.24307445707971015,0.1831064844323402,0.1383395855875119,0.1548005919332606,0.09473433450243157,0.06203952955036589,0.0
173,0.11495352296245179,0.23131327901441984,0.18379271179782852,0.14108874064312282,0.1509070256286747,0.11058488206218872,0.0673598378903136,0.0
174,0.1320033642835755,0.23126197852931407,0.19223173833766743,0.15575932900481357,0.12398724976308655,0.10974986065735846,0.05500647942318439,1.0881276407993479e-17
175,0.11529304307794276,0.23891077724264864,0.19481622095874077,0.16755799472752222,0.1113512692288667,0.11635947471870002,0.05571122004457885,5.099350100702602e-18
176,0.0858451809514567,0.22692481556707142,0.196835311291516,0.157694126050381,0.15192221002286255,0.12197647005953514,0.05880188605617716,6.991955545607306e-18
177,0.07565268870699163,0.1959164722111343,0.23017701996664242,0.1380070121176601,0.1588021989805275,0.11720702154145138,0.08423758647459267,0.0
178,0.10326100583814553,0.1677039949845794,0.23054182054422193,0.14907246481060044,0.13964010702072047,0.11135994514924855,0.0796520528084539,0.01876860884302973
179,0.12335469717080949,0.19911536382262868,0.24143808010037016,0.15203935297703391,0.08900690439540841,0.10589227276565512,0.047087438975642576,0.042065889791451615
180,0.12052445321138142,0.21770102203157476,0.24642208388155473,0.10463579501548838,0.07178823010053735,0.16369871319087145,0.03439367684947612,0.040836025718115794
181,0.10509210192764075,0.21228566736575302,0.21055763304606903,0.09678145268818639,0.09130950089035732,0.1918861843716128,0.02860289331136457,0.06348456639801604
182,0.09665312948325425,0.21428163450036652,0.21068193464718504,0.10271050560539363,0.08695028937296281,0.18812337043551125,0.018302196947602573,0.08229693900672397
183,0.10360106467572965,0.20854256833342358,0.20754732262485986,0.10053991392671449,0.08817819854692652,0.18810294245267775,0.016125908335477317,0.08736208110319081
184,0.11039880771778851,0.18580125087130633,0.19567933390585854,0.11066798163624833,0.0939703602740732,0.18120727469400055,0.0447236081712629,0.0775513827284616
185,0.1099170706507939,0.1891375714059706,0.1980084181862448,0.10930541149113106,0.09361022748955607,0.17895959347406185,0.04267637929715183,0.0783853280040899
186,0.1108893196783442,0.19432581032242022,0.20261630323942628,0.10708705033453766,0.09167817393304037,0.1835985938698615,0.048558207488182265,0.06124654113318742
187,0.11096216539291266,0.19843177521380967,0.20211827111128353,0.10960529299946993,0.08809258582289518,0.18186893200059392,0.04637788863991779,0.06254308881811722
188,0.1078321892429515,0.18969016570793218,0.17452397174695208,0.12431183877534716,0.10130546701540537,0.17001092491348688,0.07672202716940567,0.055603415427519225
189,0.11253899028323909,0.18665288156226273,0.1713029329936904,0.10723836669827985,0.11100985063008319,0.1788182429230086,0.07638633135110351,0.05605240355733238
190,0.10839334586203632,0.1801866189043084,0.1730431913988242,0.12177325699398657,0.10784480611533144,0.1638202711524826,0.07193361137713122,0.0730048981948992
191,0.10351434261819117,0.17342815345711626,0.17544104990888845,0.11658281318334557,0.11134218738626853,0.16707550876145133,0.07192219303836758,0.08069375164537107
192,0.10613598021958645,0.19653367898738347,0.1525282045850225,0.11053950265130735,0.10898796285238956,0.15076498812888942,0.09388972298317247,0.08061995959124876
193,0.10585727555824191,0.19557757751563432,0.15397974540418652,0.10180616169960192,0.1124219227297937,0.15485398657146016,0.1026174804842206,0.07288585003586084
194,0.10489437767468468,0.18384049924839282,0.16184588039208847,0.10378631851043378,0.09872472693561492,0.16035494030655828,0.11428890224471609,0.07226435468651088
195,0.12398315121174841,0.2215349620738742,0.1659750004864755,0.08324993769895576,0.07344818865714584,0.16787277707002363,0.11238464807763715,0.051551334723139455
196,0.11982825672288121,0.21935509416920734,0.16872466980778575,0.07809366728995493,0.07718114324851756,0.16272877339643185,0.1054916213790119,0.0685967739852095
197,0.1234020007248134,0.22182518288318537,0.17884589780658952,0.10210719078770589,0.05495815185636478,0.16909526645759793,0.10343378223775536,0.04633252724498765
198,0.1327539359305727,0.2007785203592279,0.14364274270022034,0.08710446572536235,0.07321937533067366,0.18226032856974791,0.127181711686452,0.05305891969674317
199,0.1555826237040159,0.18770653327693398,0.1405701691282627,0.08270967923113202,0.055448197705182015,0.17263996061300232,0.15056308321240147,0.054779753128069535
200,0.1175652564247235,0.16457594217867835,0.15827875947559122,0.05252068731986527,0.0579975784751866,0.19188375075261874,0.18466382597793107,0.07251419939440513
201,0.11550012368960397,0.1898222012710134,0.18771543684495523,0.048135120201410704,0.02949938153635831,0.17598094766175387,0.185556976370239,0.06778981242366547
202,0.1215660121880287,0.2036316881807074,0.1843148867863712,0.04585079839170249,0.026251484407571624,0.17677028062561728,0.17937342576312762,0.06224142365587361
203,0.11807008839126612,0.21756380076051318,0.1808181793441026,0.04029871012924399,0.007767004414900547,0.18221141193832957,0.17158233103949833,0.0816884739811457
204,0.15596504215453233,0.2547823827099947,0.1722755969188411,0.03847186083160261,0.0,0.19128560637775244,0.1481945816289739,0.039024929377302967
205,0.14178325904669553,0.2668744410808192,0.17776650145904022,0.06540669921847692,2.6745898198530134e-17,0.15394402154362816,0.136314187665296,0.057910889985043915
206,0.14610503601541006,0.25218256102923703,0.1797171052081399,0.05436560740242707,0.0,0.15950722646256826,0.14920910741173637,0.05891335646948129
207,0.132647931213848,0.25461403531457144,0.1442423540198649,0.05106152893231512,8.5965903212345e-18,0.15726940951764876,0.1807841021621765,0.07938063883857514
208,0.12907063422197082,0.2393273007881175,0.16210666769411358,0.04850932535800914,8.238035807286444e-18,0.13797859980981822,0.18284469142617538,0.10016278070079529
209,0.11959619655801727,0.22400833788089525,0.15607046935742835,0.04604042285336217,0.0,0.12599950645209024,0.19327665698935415,0.13500840990785248
210,0.11445571713971704,0.22150098385950165,0.16666784336069593,0.04913021829705094,1.746557121818244e-18,0.12309798746905302,0.1800968985495177,0.14505035132346367
211,0.10991107487249364,0.2502829446422964,0.1530138595696427,0.04905576977117418,1.7496564021373547e-17,0.11521304343641876,0.18374925661135844,0.13877405109561577
212,0.09490016283693639,0.2420273853508757,0.166022853035093,0.04551140017265554,6.033344568729953e-17,0.10790515271212102,0.20206219004740653,0.14157085584391177
213,0.10944397038172655,0.2547813359485904,0.1703740235982032,0.0486882495595641,1.4659969795029938e-17,0.11856504515288277,0.18197552859409383,0.116171846763939
214,0.11118971097106768,0.2521204125930796,0.1657710433137614,0.04696741776362802,1.6000399434058528e-17,0.12456867965783122,0.1861543985196428,0.11322833717998926
215,0.10070583258691952,0.23651960139524525,0.1734001845915588,0.06578716417896728,0.0,0.09116960352148455,0.2096258004761054,0.12279181324871909
216,0.1286579761658488,0.1901650668359787,0.1717791004223069,0.0474060348360356,7.038722030690029e-17,0.1074609012453622,0.23545216252702483,0.11907875796644281
217,0.1308710416125708,0.2026648887872196,0.09216501068927022,0.06693604129530446,1.304811747983229e-16,0.1731178299552814,0.19290507981098365,0.14134010784836953
218,0.13692295046309574,0.17871145847621725,0.1238931939413761,0.07321671512632694,1.6816783772231084e-16,0.18150678334786916,0.1706696407252573,0.13507925791885725
219,0.14199636088229847,0.19719688256754694,0.1229465265901466,0.11259319418243356,0.0,0.15105803763282202,0.10813595837402568,0.16607303976972657
220,0.13999432124352396,0.18709415757886672,0.1679857917762227,0.10365494968847695,0.0,0.13701698721624725,0.09377859221380457,0.17047520028185784
221,0.13678822021291823,0.186904233440362,0.16418132198184685,0.10601165083360686,0.0,0.14132364601331981,0.09260806928038533,0.17218285823656082
222,0.1187257615514556,0.19623713893915995,0.16590937461013186,0.07029656401107572,6.60607895687528e-17,0.12643242408565508,0.13046334737860119,0.19193538942292052
223,0.1215258298704856,0.18913851211316351,0.15650037915681467,0.06522232937225389,0.0,0.13221007968149984,0.1465593905830239,0.18884347922175862
224,0.10217089127064885,0.1986414092147283,0.16810601225158764,0.06759479053268772,2.9236944150431444e-17,0.09813681541131393,0.1639688855806009,0.2013811957374326
225,0.1296873173616567,0.19733911184974548,0.1654998486882722,0.058311800855852046,0.0,0.10090826222086308,0.15363782851804436,0.1946158305045661
226,0.14813877606114317,0.20029853700627606,0.16068273759111146,0.07157163592046926,4.387563858384022e-17,0.10424371003090253,0.1416070659960211,0.17345753739307626
227,0.151851776640636,0.193435628027064,0.12822443605952127,0.09448646546166362,0.0,0.12326268962963781,0.12626337644119442,0.1824756277392829
228,0.13710128155563756,0.20108063282817376,0.13143672465018252,0.09010946250250601,0.0,0.12758320158620992,0.1425447804762069,0.17014391640008328
229,0.14196372888127326,0.2085403425481597,0.122135868316097,0.08958990718597352,0.0,0.13327879271587495,0.13807062226795994,0.16642073808366173
230,0.13108775894088942,0.20870329117964587,0.12709084971936338,0.09620179236742259,5.9879406019306764e-18,0.1275054315589468,0.14681408126667037,0.1625967949660614
231,0.12769024391202377,0.19833212133486702,0.17135438599138442,0.10301165919327145,1.001828218364022e-18,0.11346928264216626,0.14746422774446818,0.1386780791808189
232,0.12187622622880308,0.20530981810594937,0.17365381503818028,0.10221246435462658,2.2229956184193252e-17,0.10028538066366349,0.1598973767464642,0.13676491886131287
233,0.12699140070318704,0.20063385359158056,0.1750724332226975,0.09642812944581299,4.4717198626114746e-17,0.08826326563727292,0.17228590471227023,0.14032501268617867
234,0.13116794217165476,0.18677528425234502,0.17773456534285303,0.08369890161088958,2.5113441625101218e-17,0.10823096848258365,0.17768115380111113,0.13471118433756274
235,0.13132269798874527,0.17162600427552388,0.1616666279449505,0.0764692952947275,0.0,0.12570348727534134,0.18811123393830095,0.1451006532814105
236,0.1407751184196894,0.1760466831149227,0.1517443350714287,0.08062949001653893,0.0,0.12301186131529716,0.17671641275101704,0.15107609931010596
237,0.09534324758742467,0.16662659654707845,0.11527010211268586,0.07067536328884613,0.0,0.16322334705014255,0.2119788836250037,0.1768824597878186
238,0.11597174051756476,0.14814240130707407,0.1140354958692585,0.061987321960785005,0.0,0.20630372839428035,0.16003512064445677,0.19352419130558038
239,0.11762923259353378,0.1608919257197859,0.12522078126952288,0.06129245366691569,0.0,0.19217145509465472,0.1604928676355155,0.1823012840190715
240,0.12085514306170854,0.17141065923285084,0.11007565635939155,0.06412726422322486,4.624514018384157e-17,0.19200647678763402,0.157854513929405,0.1836702864047852
241,0.12414816099359827,0.1785265047113545,0.09714736950036733,0.07069063642813812,3.182908940784102e-17,0.20132665966659133,0.14784488513843788,0.1803157835605125
242,0.12282058588886095,0.14872269379994743,0.12556069398443004,0.08589248477979412,0.0,0.22902963783244068,0.1049944806389186,0.18297942307460818
243,0.118714613077317,0.1647929871620755,0.07687284473002234,0.11568414491460217,0.0,0.23539801796859197,0.08876403065197346,0.19977336149441755
244,0.12576852326445104,0.17028686159528578,0.06976238329498273,0.11221710788162,9.94175937430077e-17,0.23634965152140075,0.08569920504038124,0.1999162674008784
245,0.09957803391760621,0.14333226356214884,0.06248681727367081,0.15697455255155807,1.200762716243264e-17,0.24865900723567178,0.07586125494992772,0.21310807050841646
246,0.09027527378771234,0.135379203694927,0.07379603731264385,0.15980619402612473,4.5481744931309994e-17,0.24679679839247504,0.08260656267130657,0.21133993011381033
247,0.08673664550154464,0.13525466876564288,0.08742768044653051,0.1336770251336658,7.665595233084548e-18,0.26050888466441907,0.059261248187463283,0.23713384729973383
248,0.06221710214913782,0.11916556259940192,0.13581902142523414,0.16895703023960332,0.0,0.26328582548429463,0.055643224876173465,0.19491223322515472
249,0.08087091243019558,0.10589836011690884,0.144769686962644,0.17176778765871173,0.0,0.2579617087024516,0.06363770232158686,0.1750938418065014
250,0.10226586142186589,0.11086563676479642,0.11355763727628,0.17122857166850675,0.0,0.2454168064679822,0.06626944514008949,0.19039604125947923
251,0.10250335026917187,0.1101470782280023,0.12749017442659255,0.16705254077440057,0.0,0.26053641055054383,0.04950394829384973,0.18276649745643908
252,0.11274786164953379,0.10831268263309174,0.12734745992801608,0.16179524812771515,0.017850256641951404,0.2614675055295926,0.030413602218214347,0.1800653832708849
253,0.1323682084866607,0.02545368927606116,0.0996037767010288,0.23279345157490605,0.0820090565989334,0.2350153253482038,0.029972994148912004,0.162783497864294
254,0.10751635684862201,0.0,0.10013934006696276,0.2537531746166885,0.06507577303589154,0.2527328580771306,0.0449536210630168,0.17582887629068772
255,0.07254484180994471,9.423704759337696e-18,0.11681792500883267,0.19283843799622494,0.09542904031613415,0.2576547235890771,0.06750962827496094,0.1972054030038254
256,0.08337359613575582,0.0,0.11842827364733674,0.19605692431022942,0.10957561767698108,0.2590742963920658,0.0444667327381875,0.18902455909844362
257,0.1017904892591207,1.5166654316165113e-18,0.10120432210205178,0.1949504913116607,0.1155228036084958,0.24887145007450756,0.05102464431213131,0.18663579933103217
258,0.0912916235183558,0.0,0.08585908745149473,0.21301755341093687,0.12718836175359666,0.2529103815474579,0.06947055920131058,0.16026243311584742
259,0.0824606119243058,0.023852503957646293,0.10103255173406131,0.1860177227927255,0.15336948888754606,0.2471696322413792,0.07800495289913144,0.1280925355622044
260,0.06406368032207281,0.02055523015491297,0.10981006172091275,0.18186632325640917,0.19223759392937823,0.2397578278705169,0.09585774273210414,0.095851540012693
261,0.04750204377809513,0.0,0.08604521476347775,0.19906080184662925,0.18155527158966753,0.26367703863279074,0.12852245464485856,0.09363717474348113
262,0.04213750785538079,4.609023903361259e-18,0.05916042831505411,0.2211147627758345,0.17686035844540254,0.2776454875212342,0.1313369545422146,0.0917445005438792
263,0.03315007623173351,1.6679296341282172e-17,0.0700332017154559,0.19127834419109588,0.16428116512042412,0.27887790324444106,0.14184621130646774,0.12053309818938164
264,0.032903033397089804,1.221887378060469e-17,0.06683449395407025,0.19555613571435465,0.1639113647504257,0.27723112425788593,0.14399198078008704,0.11957186714508657
265,0.035696167227243794,0.033662457721776465,0.037639339276307755,0.12239426649976089,0.214016695600607,0.2743778507824896,0.14336818978286509,0.13884503310794924
266,0.03603478609064293,0.04144378894028618,0.0393847721900762,0.11956900125994624,0.21507699146957315,0.2712637153263647,0.14013553122030745,0.13709141350180318
267,0.019988429732781837,0.024462105601763876,0.03583961907527342,0.14421006680511908,0.21423723917429888,0.25153110785021593,0.17562235592925385,0.1341090758302931
268,0.0390122898250035,0.07913266021461257,0.04526183811210048,0.10362279071128148,0.2464154806909572,0.23203902319638298,0.12765865966177353,0.12685725758688812
269,0.014497333380498448,0.09975960414133572,0.037198365362852044,0.0664597924919691,0.276148573794932,0.24364575007850245,0.17599572762442794,0.08629485312448228
270,0.014400781496136624,0.10591582228897303,0.02970415168661843,0.12179030371383869,0.26081995628240295,0.2283029842676276,0.19399690948211898,0.045069090781283586
271,2.043445860942322e-19,0.09675379308457349,0.058372941983975656,0.11996997535860707,0.29061084348235733,0.226230326547479,0.19244715662684284,0.015614962915164428
272,1.943509299918322e-17,0.1093387480963826,0.06287291981035605,0.11239441755177995,0.2988705138088586,0.21511388475168935,0.1778809143310324,0.023528601648901054
273,1.2011035999596872e-17,0.11691211980503492,0.06393419576873455,0.10502434985156141,0.300448619541186,0.21280540222391567,0.179079276953599,0.021796035854968483
274,2.898566647322423e-18,0.12738818802526589,0.03292368179960095,0.06364577364888092,0.3070138148679838,0.26153935464036054,0.20748918701690777,0.0
275,1.4175378771001773e-17,0.13435957691580408,0.019538077957626087,0.06343250541353637,0.27098446673109455,0.2780218507536134,0.23366352222732556,0.0
276,7.199392817101481e-17,0.1503482863468197,0.021021038430724025,0.05105135461499805,0.28763205429032784,0.26048019774806064,0.22567640476939166,0.0037906637986779637
277,0.0,0.1554625120623065,0.023015248453310665,0.050485567785631145,0.28747132397976066,0.25855227794040614,0.22501306977758484,0.0
278,0.0,0.1550076862199521,0.012744826897610561,0.04127318262247422,0.29011595474795887,0.256454483250109,0.24440386626089527,0.0
279,6.735559939864001e-18,0.15278784322890027,0.010913900467566637,0.04144772735226699,0.2923693394572172,0.2599322232524767,0.24254896624057196,0.0
280,7.738124795580995e-18,0.15678344501111682,0.0006487180292688656,0.0486946443490231,0.28684585873298796,0.2647120250146018,0.24231530886200142,0.0
281,3.3877936014693215e-18,0.16248522386582448,0.0,0.03297066425150209,0.28109807126376835,0.273367724070934,0.25007831654697094,0.0
282,0.0,0.156732701584956,0.03732949677630335,0.07328936858761403,0.25121712080402864,0.2678728473424422,0.2135584649036558,3.0203711840409353e-18
283,8.83656149762119e-18,0.17806452633674638,0.032772193922111816,0.06232293342546923,0.2381959745301518,0.2855998538559128,0.20304451792860792,1.258691832913856e-17
284,0.0,0.1711443168980075,0.037209875349315386,0.053972115364957975,0.22429731983722506,0.30698212634376637,0.20639424620572758,0.0
285,0.0,0.17205529428044244,0.04556588362142338,0.05481962661969591,0.21196559061939602,0.3115517108414338,0.2040418940166083,1.0721946419089213e-17
286,0.0,0.20011772637777672,0.03792615207127715,0.070327442091449,0.18711883313639147,0.30871101804786283,0.1957988282742427,0.0
287,0.004518928255479692,0.20519084954592057,0.04831958041429576,0.09314450945621333,0.20637373587562374,0.28401277302801237,0.15843962342345444,1.3901142637630966e-19
288,0.018296902266978672,0.21914880850716473,0.05687983815324167,0.09845880672882645,0.2156056230108507,0.24013284495030648,0.14684302313784497,0.004634153243786307
289,0.012691733995756922,0.19702375494923366,0.05288346549064714,0.09786755278166563,0.22318790202569927,0.2465247841820157,0.15210810216111498,0.01771270441286667
290,0.029736189217509142,0.19745163817832476,0.055279323288701374,0.1035382810173292,0.20636276986138147,0.22842392308326878,0.13638192662314247,0.04282594872934269
291,0.034053678602896424,0.20230479886737132,0.04275394777595937,0.09687370545800876,0.195510383479824,0.22613628896732096,0.1451188604820577,0.05724833636556145
292,0.04492595303182616,0.20455932987924644,0.042137315161862796,0.09860247618487372,0.19977494180495237,0.21814408346300385,0.13719972739376823,0.05465617307946627
293,0.043782247460618616,0.19348067402888047,0.0672063594731119,0.07686245822209724,0.2261188545020674,0.20008710860091605,0.13474809630775592,0.05771420140355236
294,0.04554520736349608,0.1855211995048616,0.07549936726027122,0.09355106820435917,0.21186397107227214,0.18928343633723013,0.1351588463820458,0.06357690387446381
295,0.07278038683861052,0.2460479048864137,0.04871457391002995,0.10036350580507855,0.2612255610802369,0.1011382651581012,0.1125249732002866,0.05720482912024245
296,0.08334834597136359,0.26522450071831427,0.046401764875508775,0.07644043497027307,0.2732070376574098,0.09562955856462184,0.09523211410668825,0.06451624313482043
297,0.08069000067315676,0.2678580571109458,0.018237694631987926,0.07218992837594942,0.3021389414017978,0.05447326456873538,0.1378648981742489,0.06654721506217812
298,0.08586639967730254,0.26402917114608015,0.019114636844903613,0.047655419714236306,0.32207360693711373,7.01823049773267e-18,0.14133854024637574,0.11992222543298792
299,0.06915159365807398,0.30406331251535096,0.02199183211960765,0.02046325360474975,0.3121605696366061,2.153771850805037e-17,0.12180944931021889,0.15035998915439264
