oos_period,model_1,model_2,model_3,model_4,model_5,model_6,model_7,model_8
150,0.06988268608842763,0.2263721738398179,0.27864296112350373,0.1093415181428312,0.02820136957065451,0.16371430540813578,0.09193080583788336,0.03191417998774582
151,0.07649564369380606,0.19362028749694382,0.2408374384218946,0.1251712286137882,0.07448485570049966,0.1674098457588508,0.10056986941120996,0.02141083090200691
152,0.07580875330638057,0.19435016004990008,0.2405877866849103,0.1276454524312417,0.07544617910628304,0.1623046985492953,0.10202297000420917,0.021833999866779887
153,0.07195837054784382,0.19566071235312033,0.23175865526749395,0.12843713902678114,0.06966436473013696,0.1680504600991651,0.1008223710585509,0.033647926915907816
154,0.04575881717019248,0.2474975775850434,0.21117968593055306,0.10150898867923473,0.1217775989874351,0.10930815307336167,0.12089646057845149,0.042072717994727955
155,0.050506258242350804,0.23435166243146446,0.22177807532293764,0.10709414429868816,0.12158720829719288,0.10943429588003553,0.11766729092463281,0.03758106460169764
156,0.0635805852881655,0.23863392918531712,0.21690404014053327,0.0992182078844295,0.11661373651848114,0.11733508455854563,0.11263969129206697,0.03507472513146086
157,0.08967050352216864,0.21426619097991972,0.26043332044168394,0.09509913992609069,0.11171853829679525,0.13711968451294898,0.08167774517251074,0.010014877146882022
158,0.09539533719203903,0.2155895494781102,0.24341589395425345,0.0925532122289003,0.1390789492421726,0.10787674233983516,0.10193227809197651,0.004158037471712659
159,0.10629965433025132,0.2147345210810273,0.23470362027232886,0.0808956480542227,0.1370399521566252,0.13052165639900953,0.09580494770553506,4.421520862038414e-18
160,0.08750886819709132,0.21464804755209316,0.21208527150451328,0.09714132366533601,0.129168806657338,0.1504681914793596,0.10897949094326852,1.3530266071410248e-17
161,0.08084722507832728,0.22054848992919646,0.20521238241824083,0.10073259470425593,0.1269570476561135,0.1407766658702008,0.12492559434266504,0.0
162,0.08016006382720448,0.22079618951330476,0.20405086673599127,0.0998869534553515,0.1268514246305825,0.14250798328345515,0.1257465185531103,0.0
163,0.0856535284691744,0.21280773178402396,0.19583573231057402,0.11510566118685041,0.1294315008669539,0.1275960665399572,0.133569778841466,1.4736999919213905e-17
164,0.08615834573721703,0.2185036818474973,0.19825670659851066,0.10296802535736742,0.1320372148788794,0.12133661746697277,0.14073940811255542,1.413880894906525e-17
165,0.09980200302356107,0.20667508864931164,0.19318369576315125,0.11064417639051925,0.11703804742425915,0.1551592554713866,0.1174977332768109,0.0
166,0.10246749158705809,0.2088696600749432,0.1937162237548326,0.10704026626471892,0.11398248333261776,0.15355358476041525,0.12037029022441395,0.0
167,0.09446828692774255,0.2060298927691542,0.20656799938107093,0.09738090817189747,0.12480824993100881,0.14972127652239212,0.12102338629573392,0.0
168,0.1160188082056226,0.24040773287662992,0.19318459347488345,0.0963562489365966,0.10734189858768263,0.13925374289492545,0.10743697502265934,0.0
169,0.12028050428442158,0.2081647068966122,0.20201806513301693,0.09139066507850895,0.07073807854713544,0.17883736978692105,0.12857061027238378,0.0
170,0.11811522357212928,0.21521470761593084,0.20091328878845147,0.09383168967944805,0.03684310676111168,0.22401224798003475,0.11106973560189393,0.0
171,0.13534463187407972,0.2140931173876346,0.2118015994580013,0.09129191445999722,0.049066209715366904,0.18084660990953527,0.11755591719438496,0.0
172,0.1318658895054608,0.18842596748518126,0.2017216847972211,0.103644598773682,0.049706336026608164,0.21237216684369484,0.11226335656715185,0.0
173,0.12552718231761265,0.1809888853927281,0.20223606822776735,0.10465193772476793,0.04075811315209573,0.2294167228009305,0.11642109038309775,1.5216244017457958e-17
174,0.1196971942948111,0.19769538420560828,0.1671936142938792,0.11115970915713733,0.048548434314827554,0.22762597569646872,0.12807968803626768,2.2936781925994727e-17
175,0.09394628360978963,0.19482993572691976,0.1783837070109699,0.12954444321312253,0.04506976331316216,0.2240432356067791,0.13418263151825688,3.3396338588276326e-17
176,0.07948065139239124,0.18994716873633197,0.17476419808907526,0.1298613797835198,0.05978568410917783,0.2201249070585943,0.1460360108299095,1.4786971797558753e-17
177,0.08464932120159006,0.208172270134584,0.19098241371452626,0.12346111011150038,0.0496473847705561,0.20882132047355503,0.1342661795926881,0.0
178,0.09966518428759538,0.21076259114332657,0.19494083187882952,0.12194229349376433,0.05412276354851596,0.19656468752881137,0.12200164811815692,0.0
179,0.09611561994810194,0.18783176828301695,0.21145133134068078,0.12328739930391557,0.061602863185367084,0.20073138416644726,0.11897963377147033,1.5747080741710266e-17
180,0.07826831476407665,0.1859183689319891,0.21678058085081844,0.1153854440021088,0.084076133460111,0.20783418322580083,0.11173697476409519,0.0
181,0.08246290362967497,0.20742926480667906,0.17522535257030403,0.12142804320693984,0.07554225470684736,0.22745232773959737,0.11045985333895729,0.0
182,0.08155807593787139,0.23452873259574464,0.17560510586232272,0.11159330132363163,0.07232497747169117,0.21453520212552554,0.10985460468221285,0.0
183,0.10425387050683435,0.21921951615214522,0.16909937612197884,0.10165272374471084,0.07237274077011012,0.21849672145710508,0.10860728506156278,0.006297766184552741
184,0.11729742992806864,0.23633179606707372,0.1753689536792693,0.11574847080053864,0.052890796532088696,0.19682165286223982,0.10554090012972109,7.752998445329264e-19
185,0.11054948518149205,0.25688761480300676,0.1804501221079015,0.10694219566605113,0.05104446587593036,0.1963350137104383,0.09779110265417984,0.0
186,0.1073939666991393,0.25556353312500224,0.1811773151624267,0.10677483883062922,0.05761281366536124,0.1977443490596431,0.093733183456798,0.0
187,0.10179405207201271,0.2586082742870867,0.18375569760753122,0.12402277103761584,0.04683817216256607,0.19218864088899584,0.08917249222260483,0.0036198997205866613
188,0.08971228909936399,0.23492075762193065,0.14615429188847437,0.14640959553183003,0.06159285812233254,0.18301827496882192,0.12579757641371941,0.012394356352526977
189,0.11969981024489001,0.2651264102151026,0.16519254587227059,0.15700283740688234,0.006011290512796644,0.16519680406409895,0.09590745858054638,0.025862843102412453
190,0.11188915598928251,0.271478969118124,0.1744732737603856,0.13953940660784897,0.00015533681215173947,0.1965001555231306,0.09815360897039069,0.007810093217685802
191,0.09271287876963334,0.22765675861106366,0.17111934960679115,0.12879417323899336,0.04655777716010855,0.2239379091590267,0.10192909900569055,0.0072920544476926625
192,0.09077712558811381,0.2387646301235611,0.16061144845490935,0.12500348870967584,0.04692734487837751,0.21311803936870055,0.11124506711865309,0.013552855757008682
193,0.0937943795323259,0.22554907057598622,0.16158868457108738,0.11782403526572299,0.059562914702824064,0.22235788500068324,0.11571552353316865,0.003607506817201567
194,0.0851767374996771,0.2048361979717679,0.144483145500815,0.10834092559485167,0.07090691448918682,0.22630386756881177,0.14531780771176075,0.014634403662128813
195,0.08892961516365841,0.20930967539057763,0.1240428572702014,0.10491059602474531,0.061959525770725755,0.2502685684527332,0.1475200721371452,0.013059089789213009
196,0.08996642002719472,0.2008650651410738,0.12046284882788666,0.10550824452826242,0.06547260791060443,0.24710528837302514,0.14762434551760195,0.02299517967335092
197,0.11383838462128537,0.21235255269594816,0.1121554838226919,0.08532274805134027,0.04908687938601992,0.2648974578837474,0.16108139860007467,0.001265094937892269
198,0.13451213870704903,0.1749600124906361,0.05998167278378987,0.08211452534418455,0.07940120871393969,0.26756588757448135,0.18050016223315463,0.020964392151764533
199,0.14113273131027826,0.16997044722910923,0.06243388460249923,0.08856620771915497,0.09238799150919906,0.2482781468308428,0.17322940508535556,0.024001185712560786
200,0.12841947317001992,0.1843792732748595,0.0654494777823407,0.09688786948652033,0.09330626081458589,0.23899795282252095,0.16262579020388523,0.02993390244426743
201,0.14230190256496084,0.19637073465915644,0.06393526657249551,0.09969047970370458,0.09258957519487171,0.2318833868204508,0.15999072274055173,0.013237931742808254
202,0.14357953198986542,0.19378835635129865,0.06524717177405463,0.09644492227168397,0.09790383898688894,0.2298452113180618,0.15904891818796094,0.014142049119185651
203,0.14402027487135372,0.20071989936897425,0.06786465088755894,0.09426702435921128,0.09564003898883121,0.23165984099434975,0.15156164650549733,0.01426662402322354
204,0.1532016876254656,0.20101762202608173,0.09130856459788177,0.08859602946255266,0.07918234730823011,0.22646969704535017,0.16022405193343797,0.0
205,0.1357989511669778,0.21775673299530587,0.10378225131976085,0.13014395304186172,0.08254120587834113,0.17832093074020952,0.143756041311144,0.007899933545399005
206,0.1290829657935512,0.22182836917922058,0.11034018341541837,0.12287650560417517,0.09019666022500972,0.17379478942361126,0.1381499743681838,0.013730551989829871
207,0.12348828818794311,0.22195675053073355,0.11005057127187301,0.11920923306707655,0.099595939803361,0.17547593387598637,0.13544737088630612,0.014775912375720224
208,0.12390922616186192,0.21373420041937788,0.12264974783726851,0.1266948070101265,0.09185015359894654,0.14583280832327813,0.12896263824063653,0.046366418407503884
209,0.13655636909974614,0.1975574086224582,0.11608532717255955,0.11889219539476555,0.08279334256327653,0.13909951280454644,0.14694125806658284,0.06207458627506457
210,0.11288365206019993,0.1748642260385622,0.12782929491777284,0.09261596165921457,0.08987445795852768,0.1373184985326223,0.1680302588748254,0.09658364995727502
211,0.10918017672854123,0.22779584157079058,0.17853856724990427,0.08998844025448519,0.0470161314792092,0.10245146689322789,0.16305257525483377,0.08197680056800778
212,0.10023782525859062,0.22654075022291248,0.17495883100391446,0.09974775709841689,0.051937317006685774,0.10350992937108938,0.15727922433527206,0.0857883657021183
213,0.1178172662536572,0.2406816585752854,0.17143469753880558,0.11924381436384461,0.04532516049531207,0.1101263670422342,0.14541475039150337,0.049956285338357394
214,0.16263226090897892,0.2733823864808968,0.16188357007648393,0.11855150601975825,2.711756128297229e-18,0.12659591579730045,0.12853380479770762,0.028420555917874086
215,0.1643286123109185,0.27004393596825055,0.16747355282775697,0.11941420800299003,0.0,0.11956637687294075,0.13368060160984171,0.025492712406301486
216,0.1617505777954966,0.21415524518360032,0.163648678636321,0.12225050672282524,2.1664852859477196e-17,0.14301579450414992,0.1758031946289268,0.019376002527680136
217,0.13870455119785172,0.23159441280077733,0.10677105847433822,0.12293512997673742,1.2025829677969707e-17,0.18556667137798194,0.1641466667200383,0.05028150945127503
218,0.13169994169625765,0.2178789311701619,0.13020659554318492,0.13853719193058803,1.769941517735095e-18,0.17636324386512875,0.1576971139078915,0.04761698188578718
219,0.11195800362663813,0.23213910742989105,0.14515921286946362,0.18021639498821695,0.0,0.13233595190661301,0.10337629985428566,0.09481502932389159
220,0.10688263748052641,0.22928007742540066,0.15933837371350068,0.1722982654262253,0.0,0.13194192406967595,0.10048781071260314,0.09977091117106782
221,0.1036800273895812,0.22272331483787017,0.17675964719098655,0.1715201027775456,1.994159079806964e-17,0.13282752438252715,0.09979777303124965,0.09269161038923951
222,0.10169610934685987,0.2232403950770166,0.17700621563211796,0.1708187597864816,1.6462085329870864e-18,0.13181760769887252,0.10214580528028486,0.09327510717736665
223,0.11079190736405503,0.22025120146344485,0.1686175687056423,0.15202461041460139,2.0364260238749117e-18,0.14243030106277071,0.11332409769477837,0.09256031329370734
224,0.11044163960560661,0.2186859076172228,0.168110427633772,0.14865620762341608,1.7222350339590043e-17,0.1406393816284864,0.12487521224714035,0.08859122364335567
225,0.09406198791818302,0.21886703456511067,0.1539968580503479,0.14699047247568123,2.0211902668903738e-17,0.12543328549336377,0.14161794537171898,0.11903241612459435
226,0.09072392678344397,0.21906814854780582,0.15453177115149497,0.1485763806931876,0.0,0.12526200575690852,0.14069925510753942,0.1211385119586198
227,0.08049145591540859,0.21068248636104306,0.12136624984683494,0.16650172932581359,1.949689850076158e-17,0.13931819553242783,0.14848828137383888,0.13315160164363313
228,0.08152444075303346,0.2119581818369648,0.11906104997749441,0.16592642766922108,4.8137741888101116e-17,0.15855132027531235,0.12033090681127513,0.14264767267569858
229,0.09930102895719253,0.23516368774602775,0.09847344935269499,0.1861574108244748,0.0,0.15725997870057046,0.0847172479418329,0.1389271964762066
230,0.09321797627892994,0.22967988689807556,0.12042675840613591,0.18949321265038455,0.0,0.1343145479376623,0.08115011893281107,0.15171749889500064
231,0.07816402788633174,0.2211603689618565,0.11098194722523239,0.18973952867745922,0.0,0.1592179651754221,0.08091082676902585,0.15982533530367213
232,0.07498771247431726,0.2203280405618382,0.11650480776563811,0.18087903770425295,0.0,0.15540610040684646,0.09039508708211176,0.16149921400399508
233,0.10988738711612828,0.22394566881188463,0.10979281094633972,0.17814273188623186,0.000329920077849848,0.12261010715937509,0.09282932615517009,0.16246204784602045
234,0.11272153438446497,0.20183184667492166,0.11288873237018857,0.16224600954908794,0.0,0.15882217749601654,0.09981361600924091,0.15167608351507933
235,0.10194652640109213,0.1808245123081757,0.09270127963575994,0.15081721715341784,4.717655878846515e-18,0.1854781707951059,0.11793506328458478,0.17029723042086375
236,0.1220252099278448,0.1816560933170196,0.09513380772970827,0.16081647352129805,0.0,0.1837546520061179,0.08369147125471889,0.1729222922422923
237,0.10243917355516759,0.177368411633111,0.045328639587805926,0.17594980759124973,7.970791791891808e-18,0.21455686394888165,0.0902745940076252,0.19408250967515883
238,0.09703074861371251,0.1783305790468844,0.04205126906753753,0.17575940465942966,0.0,0.22271529848421975,0.09650345482538907,0.18760924530182704
239,0.10616465412265136,0.20999535386729618,0.03914110573371381,0.17050886629569142,6.632426795672149e-18,0.20287937437534073,0.10295199780652929,0.1683586477977771
240,0.11338930949361918,0.21522635397570322,0.02963408120390616,0.1759470144213776,1.6935100291352715e-17,0.197094425974795,0.09787068574802339,0.17083812918157532
241,0.11167156074555533,0.20197262619562575,0.06843609895707986,0.1631639865869458,0.0,0.18642342906794235,0.11429976139242846,0.15403253705342243
242,0.10777262449271438,0.19016523300674795,0.07232755780190885,0.17409655680186512,0.0,0.2022159923036446,0.10928220953443926,0.14413982605767983
243,0.08026218433218171,0.20142123674630055,0.03973074854920939,0.2112833249526639,0.0,0.21127303663269503,0.11187312757949437,0.14415634120645487
244,0.07604432957504537,0.19785524846159058,0.04536153774446847,0.21401166380756942,0.0,0.20496633617691704,0.11874431168627696,0.14301657254713213
245,0.08560664423824965,0.18503395904002878,0.01547935798217474,0.2482855121179652,1.0659448780335411e-17,0.21634961175055975,0.09906439031685918,0.15018052455316264
246,0.0698249840935575,0.17536201899152132,0.03241021890764281,0.2555675562240896,4.517544345057886e-18,0.21201168790167962,0.1101526475258957,0.1446708863546134
247,0.07261469246056325,0.167316833750807,0.04731286420568945,0.2580025726245379,0.0,0.2341154228715799,0.06877202116070605,0.15186559292511628
248,0.07969338054206672,0.1508089876875464,0.09440699946429831,0.26137581354244066,0.0,0.2502683305102641,0.03021609203858647,0.1332303962137974
249,0.10456822833208361,0.13725943446110025,0.09603882959649468,0.2658807623320684,0.0,0.24925997652586027,0.037094175731546095,0.10989859301984671
250,0.09764027677842789,0.13183334183222817,0.08362200974520798,0.2759894982914451,0.0,0.24870212023307137,0.05276576834595576,0.10944698477266371
251,0.11131399801486427,0.14347022359408299,0.08988753871068855,0.2747047662492029,0.0,0.2568373995622214,0.030747247754839353,0.0930388261131005
252,0.11093250327880412,0.11300592929969205,0.11501024970386167,0.29037963151012086,1.641576321556794e-18,0.27620437453396973,0.0,0.09446731167255155
253,0.08437324208722523,0.1144966224563575,0.10847553206729448,0.2710910697643182,0.027746614792450053,0.2508859528417527,0.046656045183654446,0.0962749208059474
254,0.09411221473277055,0.10390757509988642,0.0731473127460335,0.32794029440666445,6.332495072329538e-19,0.26600532051006887,0.03720042328344871,0.09768685922012747
255,0.03579483359707758,0.0553667698796677,0.0936024939860232,0.33344836072858625,0.05271097050979895,0.2589361983020528,0.05655777226173115,0.11358260073406236
256,0.03875428525856566,0.05361182561696271,0.09536502092420425,0.33048147278837947,0.05200076631908228,0.25895485092748344,0.05223400510919683,0.11859777305512519
257,0.0421425489488808,0.0625218867239043,0.08862243879017322,0.31685838512529474,0.06466050706183059,0.24828307427840857,0.05633862588538328,0.12057253318512451
258,0.030689279706413462,0.06377383652634917,0.13224129540753068,0.32391066191803347,0.0612301302082078,0.23373297955760058,0.0545049812441089,0.09991683543075604
259,0.01359907161878923,0.07127324993730674,0.14686456931943934,0.27198088970416107,0.08255626648368394,0.2312404048650896,0.0949803736673382,0.08750517440319186
260,0.023187455331626645,0.07364442258475626,0.1387867136883496,0.27352821099515917,0.08455495708511496,0.2251729387581118,0.08983289839242473,0.09129240316345677
261,1.470063312280351e-17,0.041530589405110195,0.1246004776723029,0.2909704825722666,0.07019866028117507,0.25878566555409344,0.13143657956428687,0.08247754494976492
262,4.7781873757049384e-18,0.045400179871048205,0.12400856459113609,0.28878640234975983,0.061213941565958746,0.26157269398059496,0.1341648399161997,0.0848533777243024
263,0.0,0.008726943348054834,0.12843382088230837,0.3324767142362418,0.06602393903514973,0.24734423536955855,0.13409926201970457,0.08289508510798214
264,0.0,4.045495619803163e-17,0.09514026860300476,0.3483727590337669,0.020114687979354846,0.26975368602971794,0.15406779462123915,0.11255080373191612
265,3.1519361739406975e-19,7.186101351143005e-18,0.09937748936287119,0.3021101637933193,0.006959897050740891,0.3059770629385552,0.1647967598260274,0.12077862702748604
266,8.479831325539648e-18,0.0,0.08158103177106032,0.29996877042880377,0.004746267421692091,0.3062133825531877,0.18293235113969586,0.12455819668456027
267,0.0,1.6267053581220282e-18,0.0852816699048699,0.3060057839700347,0.0,0.30509269071710565,0.1807607521784802,0.12285910322850953
268,5.2757871331414024e-18,0.0,0.11054666378379724,0.3057813544735727,0.04910295954902152,0.30900792328922105,0.11950686773573475,0.10605423116765274
269,0.0,0.019703611638200814,0.1122587239576449,0.3019882148162242,0.056863932866007647,0.30646192117866977,0.12144063615426225,0.08128295938799038
270,0.0,0.021239380988525455,0.13661246844733083,0.31943455067489196,0.05372706960633644,0.2905219197395206,0.12981114104800917,0.048653469494385475
271,2.0671984626966452e-17,7.559469170323741e-18,0.11272082569295662,0.3563797899395521,0.06546389377928163,0.2868344901674642,0.13065272823011315,0.04794827218963201
272,0.0,0.0,0.12765470013955457,0.3590782597207328,0.05971987396432007,0.27869534523593614,0.11181629878295522,0.06303552215550098
273,3.9908228636173746e-17,0.01507278582878239,0.15440110865928433,0.295833939232263,0.049376864771106185,0.27229730223604354,0.11826872576212098,0.09474927350939945
274,8.65648556657064e-19,0.0007447938003605475,0.1568675480977664,0.3017800031796007,0.05255999712760418,0.2795063884186406,0.11158424019402495,0.09695702918100257
275,0.0,0.012623996091241228,0.1456264253538676,0.2858295461899516,0.06365149522903499,0.2807859562486775,0.1112180479807148,0.10026453290551224
276,1.3591133808463743e-18,0.09039222870239164,0.15139721302463938,0.2703241333571453,0.06964809115097229,0.24159819679624847,0.10386445910943994,0.07277567785816297
277,5.1051352443890034e-18,0.08520616392486954,0.13963476982748302,0.28243577665658737,0.1015149991490863,0.18871626607128275,0.1297204840494681,0.07277154032022291
278,0.0,0.11685146825875994,0.1201462989584747,0.2617861958620907,0.10102268459242714,0.18775641088170533,0.142033731905486,0.07040320954005623
279,7.67006073985455e-18,0.11983318105654164,0.11183549282078716,0.2282936256230992,0.1269801006577283,0.200335517789213,0.17161134040500603,0.04111074164662468
280,1.604552629279388e-17,0.12122985592736459,0.10739994985505048,0.24558244556033365,0.12090542049189024,0.1976617935578625,0.17867584757644822,0.028544687030050288
281,1.822227138279955e-17,0.12172470142342172,0.08634378285670084,0.24278188886105495,0.10965426965071498,0.20354138202407776,0.17212613171577973,0.06382784346724989
282,0.0,0.13689973695712682,0.08448949441237046,0.24305146952489762,0.12578918510357787,0.18917247060348208,0.1619018961523529,0.058695747245192234
283,8.280209705321363e-18,0.1636913215027887,0.07323248123251987,0.19904865019046697,0.12597094178802437,0.19917469251871217,0.1610862104158339,0.077795702350654
284,0.0,0.1498196843001551,0.07870049985925734,0.18016972935008096,0.08733578843726317,0.23865117080929407,0.16594637275066473,0.09937675449228468
285,0.0,0.14272656881227547,0.08970171437745095,0.1857083083240841,0.0508939346067832,0.25796082565806305,0.17180530163651742,0.10120334658382589
286,0.0,0.14138088606432261,0.0890089314755107,0.18675163189142274,0.04848372608017222,0.2617395347357901,0.1770220204834684,0.09561326926831325
287,0.0,0.153556854272025,0.08223152960796389,0.18012455487254303,0.07512652442324867,0.2526771690643263,0.16092076045234893,0.09536260730654407
288,0.0,0.12272602990197894,0.09128800339941404,0.18511498035080312,0.09919047982417674,0.24743139071797077,0.15936610418237768,0.09488301162227865
289,0.004865938056371636,0.11824349571450657,0.10013985011557895,0.18283284986209136,0.09183266932005202,0.24329469769461895,0.16880457708476607,0.08998592215101432
290,0.011605975499703644,0.11955786820625983,0.09392829529361431,0.19522229110720865,0.08927756427290116,0.25780659229807523,0.17625677093481895,0.05634464238641802
291,0.010989240333898505,0.12956274566437836,0.0717572582449971,0.19133642704588985,0.07104467931307115,0.25854167887788676,0.18916919259699957,0.07759877792187868
292,0.008383616057141897,0.12807274073620403,0.0723211998851217,0.1912146418575049,0.07021933177902953,0.26038489315558927,0.19060390041490133,0.07879967611350734
293,0.0,0.16598125074527806,0.07838151145282084,0.18327255119656383,0.07627955800575414,0.27863737558256985,0.16739500989941974,0.05005274311659346
294,4.344247744840965e-17,0.1882237506039349,0.07165068785841297,0.18050996064552777,0.10170471669801814,0.23883373670626082,0.16011917864272115,0.0589579688441242
295,0.0,0.291631399326583,0.06115815425796746,0.19433817654793137,0.17453972992321937,0.1116738950759164,0.13015693010071214,0.036501714766670273
296,0.0,0.29820925147473054,0.06032099110362701,0.19201524233982556,0.17831502755065562,0.10701952924306901,0.12699924350354497,0.037120714783547275
297,3.4278596361675833e-19,0.3011770187537697,0.06976172197832047,0.20354333991422932,0.16862130936276218,0.1002151139660157,0.12312422882992462,0.03355726719397798
298,3.0834882488332086e-18,0.31188533624851494,0.07817540683626863,0.20902638560689196,0.16925600780326683,0.07356286135669396,0.12126451730376145,0.03682948484360216
299,0.0,0.33395482353441214,0.09230978679599959,0.16243935715570246,0.18034275683700343,0.04639715206568946,0.10764151022654828,0.07691461338364455
