oos_period,model_1,model_2,model_3,model_4,model_5,model_6,model_7,model_8
150,0.0698826860884284,0.22637217383981795,0.2786429611235043,0.10934151814283104,0.028201369570655055,0.16371430540813467,0.09193080583788371,0.03191417998774482
151,0.0764956436938064,0.19362028749694382,0.24083743842189428,0.1251712286137882,0.07448485570050048,0.16740984575885084,0.10056986941120932,0.02141083090200652
152,0.07580875330638023,0.19435016004990005,0.2405877866849098,0.12764545243124217,0.0754461791062824,0.16230469854929586,0.10202297000420898,0.021833999866780515
153,0.07195837054784396,0.19566071235312063,0.23175865526749387,0.12843713902678086,0.06966436473013676,0.16805046009916463,0.10082237105855106,0.033647926915908136
154,0.045758817170192374,0.24749757758504318,0.21117968593055303,0.10150898867923458,0.12177759898743498,0.1093081530733624,0.12089646057845146,0.04207271799472794
155,0.0505062582423513,0.23435166243146457,0.22177807532293756,0.10709414429868809,0.12158720829719315,0.10943429588003571,0.1176672909246319,0.03758106460169771
156,0.06358058528816571,0.23863392918531695,0.21690404014053333,0.09921820788442945,0.11661373651848068,0.11733508455854602,0.11263969129206715,0.03507472513146063
157,0.08967050352216867,0.214266190979919,0.2604333204416847,0.09509913992609112,0.11171853829679546,0.13711968451294926,0.08167774517251081,0.01001487714688091
158,0.09539533719203927,0.21558954947811035,0.24341589395425342,0.09255321222890031,0.13907894924217243,0.1078767423398346,0.10193227809197651,0.004158037471713078
159,0.106299654330252,0.21473452108102792,0.23470362027232916,0.08089564805422227,0.13703995215662487,0.13052165639900926,0.09580494770553451,8.856841194278124e-18
160,0.08750886819709153,0.21464804755209346,0.21208527150451356,0.09714132366533593,0.12916880665733707,0.15046819147935972,0.10897949094326875,0.0
161,0.0808472250783276,0.220548489929197,0.20521238241824075,0.10073259470425613,0.12695704765611412,0.14077666587020002,0.12492559434266437,3.873693426026855e-18
162,0.08016006382720509,0.22079618951330515,0.2040508667359914,0.09988695345535137,0.12685142463058272,0.14250798328345404,0.12574651855311025,1.496442520000835e-18
163,0.08565352846917461,0.2128077317840238,0.19583573231057466,0.11510566118684912,0.1294315008669538,0.1275960665399572,0.1335697788414668,4.730308433496113e-18
164,0.08615834573721756,0.21850368184749766,0.19825670659851133,0.10296802535736686,0.13203721487887923,0.12133661746697177,0.1407394081125555,0.0
165,0.09980200302356146,0.20667508864931142,0.19318369576315114,0.1106441763905194,0.11703804742425879,0.15515925547138615,0.11749773327681161,0.0
166,0.10246749158705844,0.2088696600749433,0.1937162237548328,0.10704026626471903,0.11398248333261783,0.15355358476041503,0.12037029022441355,2.9536515326760744e-17
167,0.09446828692774265,0.20602989276915426,0.20656799938107043,0.09738090817189757,0.12480824993100884,0.149721276522393,0.12102338629573318,0.0
168,0.11601880820562227,0.24040773287662937,0.1931845934748836,0.09635624893659714,0.1073418985876816,0.13925374289492676,0.10743697502265917,0.0
169,0.12028050428442129,0.20816470689661207,0.20201806513301662,0.09139066507850932,0.07073807854713558,0.1788373697869208,0.12857061027238428,0.0
170,0.1181152235721297,0.21521470761593128,0.20091328878845138,0.09383168967944801,0.03684310676111208,0.22401224798003322,0.11106973560189427,0.0
171,0.13534463187407966,0.2140931173876345,0.211801599458001,0.09129191445999736,0.04906620971536743,0.18084660990953486,0.11755591719438517,0.0
172,0.13186588950546088,0.1884259674851814,0.2017216847972211,0.1036445987736819,0.049706336026608504,0.21237216684369437,0.11226335656715189,3.51976864995088e-17
173,0.12552718231761814,0.18098888539273067,0.2022360682277713,0.10465193772477788,0.04075811315209242,0.2294167228009196,0.11642109038309,1.1727218275033266e-17
174,0.11969719429481088,0.1976953842056082,0.16719361429387902,0.1111597091571367,0.048548434314827534,0.22762597569647003,0.12807968803626768,0.0
175,0.09394628360978902,0.19482993572691937,0.17838370701096992,0.1295444432131224,0.045069763313162585,0.22404323560677958,0.13418263151825702,5.35666282821044e-17
176,0.07948065139239177,0.1899471687363321,0.17476419808907495,0.12986137978351978,0.0597856841091782,0.22012490705859414,0.14603601082990905,3.6546958297430366e-18
177,0.08464932120159148,0.2081722701345849,0.19098241371452584,0.12346111011150011,0.04964738477055635,0.2088213204735541,0.13426617959268722,0.0
178,0.09966518428759501,0.21076259114332596,0.19494083187882935,0.1219422934937645,0.05412276354851513,0.1965646875288124,0.12200164811815767,6.622681423844643e-17
179,0.09611561994810168,0.18783176828301637,0.21145133134068128,0.12328739930391573,0.06160286318536712,0.20073138416644737,0.11897963377147042,0.0
180,0.0782683147640761,0.18591836893198888,0.2167805808508184,0.11538544400210904,0.08407613346011072,0.2078341832258009,0.11173697476409579,7.560827845421135e-18
181,0.08246290362967432,0.20742926480667848,0.17522535257030372,0.12142804320693971,0.07554225470684793,0.2274523277395986,0.11045985333895723,1.520900596352779e-18
182,0.08155807593787084,0.23452873259574428,0.17560510586232306,0.11159330132363116,0.07232497747169221,0.21453520212552502,0.10985460468221339,0.0
183,0.10425387050683417,0.2192195161521449,0.16909937612197862,0.10165272374471179,0.07237274077011008,0.21849672145710433,0.10860728506156332,0.006297766184552733
184,0.11729742992806862,0.23633179606707344,0.1753689536792693,0.11574847080053836,0.05289079653208898,0.1968216528622405,0.10554090012972071,1.521631162269785e-17
185,0.1105494851814917,0.2568876148030067,0.18045012210790198,0.10694219566605158,0.05104446587592983,0.19633501371043832,0.09779110265417973,2.6070536089045743e-18
186,0.10739396669913905,0.25556353312500246,0.1811773151624267,0.10677483883062909,0.0576128136653607,0.19774434905964366,0.0937331834567983,7.855701190183745e-19
187,0.10179405207201327,0.25860827428708666,0.18375569760753097,0.12402277103761561,0.04683817216256639,0.19218864088899573,0.0891724922226048,0.003619899720586639
188,0.08971228909936468,0.23492075762193076,0.14615429188847479,0.14640959553183008,0.06159285812233238,0.1830182749688216,0.1257975764137204,0.012394356352525187
189,0.11969981024488978,0.2651264102151021,0.16519254587227003,0.1570028374068823,0.00601129051279666,0.16519680406410034,0.09590745858054621,0.02586284310241244
190,0.11188915598928148,0.2714789691181233,0.17447327376038596,0.13953940660784875,0.00015533681215208764,0.19650015552313096,0.09815360897039176,0.007810093217685673
191,0.09271287876963308,0.22765675861106308,0.17111934960679087,0.12879417323899361,0.046557777160108865,0.22393790915902717,0.10192909900569094,0.007292054447692356
192,0.09077712558811414,0.2387646301235613,0.16061144845490918,0.12500348870967615,0.046927344878377644,0.2131180393687001,0.11124506711865273,0.01355285575700871
193,0.09379437953232533,0.22554907057598592,0.16158868457108763,0.11782403526572337,0.05956291470282403,0.2223578850006841,0.11571552353316883,0.003607506817200699
194,0.08517673749967727,0.20483619797176836,0.1444831455008152,0.10834092559485196,0.07090691448918633,0.22630386756881163,0.14531780771176028,0.014634403662128845
195,0.08892961516365919,0.2093096753905779,0.12404285727020167,0.10491059602474559,0.0619595257707259,0.250268568452732,0.1475200721371446,0.013059089789213125
196,0.08996642002719558,0.20086506514107463,0.12046284882788703,0.10550824452826264,0.06547260791060398,0.24710528837302445,0.14762434551760123,0.022995179673350304
197,0.11383838462128577,0.2123525526959482,0.11215548382269212,0.08532274805134066,0.04908687938601971,0.2648974578837472,0.16108139860007442,0.0012650949378919412
198,0.13451213870704898,0.17496001249063592,0.05998167278378957,0.08211452534418423,0.07940120871393982,0.26756588757448174,0.1805001622331546,0.020964392151765064
199,0.1411327313102783,0.16997044722910937,0.06243388460249931,0.08856620771915512,0.09238799150919863,0.24827814683084282,0.17322940508535592,0.0240011857125605
200,0.12841947317002061,0.18437927327485995,0.06544947778234067,0.09688786948652019,0.09330626081458572,0.23899795282252143,0.16262579020388476,0.02993390244426663
201,0.1423019025667891,0.19637073466099628,0.0639352665644682,0.09969047969702755,0.09258957520656916,0.2318833868198061,0.15999072273775486,0.01323793174558873
202,0.14357953198986328,0.19378835635129932,0.06524717177406597,0.09644492227168422,0.09790383898687147,0.22984521131806715,0.15904891818796238,0.014142049119186142
203,0.14402027487135413,0.20071989936897344,0.06786465088755765,0.09426702435921037,0.09564003898883376,0.23165984099434972,0.1515616465054974,0.01426662402322356
204,0.15320168762546535,0.20101762202608114,0.09130856459788166,0.08859602946255214,0.07918234730823014,0.22646969704535064,0.16022405193343897,2.1550371062699968e-19
205,0.1357989511669782,0.21775673299530654,0.1037822513197612,0.1301439530418621,0.08254120587834084,0.17832093074020877,0.14375604131114347,0.00789993354539896
206,0.1290829657935516,0.22182836917922094,0.11034018341541832,0.12287650560417487,0.09019666022500969,0.17379478942361104,0.13814997436818371,0.013730551989829776
207,0.12348828818794289,0.2219567505307335,0.11005057127187332,0.11920923306707619,0.09959593980336139,0.1754759338759865,0.13544737088630565,0.014775912375720542
208,0.12390922616186155,0.2137342004193776,0.12264974783726824,0.1266948070101261,0.09185015359894642,0.145832808323279,0.12896263824063736,0.046366418407503725
209,0.136556369099746,0.19755740862245794,0.11608532717255891,0.11889219539476531,0.0827933425632763,0.13909951280454755,0.14694125806658304,0.062074586275064896
210,0.11288365206020076,0.17486422603856216,0.12782929491777295,0.0926159616592141,0.08987445795852712,0.13731849853262287,0.16803025887482545,0.09658364995727454
211,0.10918017672854144,0.22779584157079055,0.17853856724990413,0.0899884402544857,0.047016131479209605,0.10245146689322801,0.16305257525483297,0.08197680056800753
212,0.10023782525858986,0.226540750222912,0.17495883100391432,0.09974775709841666,0.05193731700668594,0.10350992937108967,0.1572792243352731,0.08578836570211837
213,0.11781726625365746,0.24068165857528515,0.171434697538806,0.11924381436384485,0.045325160495311746,0.11012636704223432,0.1454147503915032,0.04995628533835725
214,0.1626322609089792,0.273382386480897,0.1618835700764837,0.11855150601975853,3.912981196400634e-18,0.1265959157972997,0.12853380479770765,0.028420555917874124
215,0.1643286123109185,0.2700439359682503,0.1674735528277565,0.11941420800298996,1.300375568535342e-17,0.1195663768729414,0.1336806016098416,0.025492712406301656
216,0.16175057779549643,0.21415524518360057,0.16364867863632154,0.12225050672282554,0.0,0.14301579450414878,0.17580319462892693,0.01937600252768
217,0.1387045511978526,0.23159441280077744,0.10677105847433868,0.12293512997673764,3.0082904517298424e-18,0.18556667137798197,0.16414666672003736,0.05028150945127427
218,0.1316999416962583,0.21787893117016202,0.13020659554318556,0.13853719193058772,8.970634776785708e-18,0.1763632438651283,0.15769711390789107,0.04761698188578706
219,0.11195800362663756,0.2321391074298905,0.1451592128694636,0.1802163949882167,0.0,0.1323359519066136,0.10337629985428616,0.09481502932389173
220,0.10688263748052611,0.22928007742540044,0.15933837371350074,0.17229826542622537,0.0,0.13194192406967592,0.10048781071260297,0.09977091117106827
221,0.10368002738958082,0.22272331483787017,0.17675964719098683,0.17152010277754548,2.3427449013372818e-17,0.1328275243825272,0.09979777303124955,0.09269161038923975
222,0.10169610934686094,0.22324039507701685,0.1770062156321176,0.17081875978648112,0.0,0.1318176076988728,0.10214580528028416,0.09327510717736644
223,0.11079190736405649,0.2202512014634452,0.16861756870564262,0.15202461041460194,5.2033763345371665e-18,0.14243030106277,0.11332409769477757,0.09256031329370612
224,0.1104416396056056,0.2186859076172226,0.16811042763377146,0.14865620762341653,1.6558038280926918e-17,0.1406393816284866,0.12487521224714097,0.0885912236433562
225,0.09406198791818252,0.21886703456511042,0.15399685805034824,0.14699047247568148,0.0,0.12543328549336413,0.14161794537171846,0.11903241612459468
226,0.09072392678344349,0.2190681485478056,0.15453177115149513,0.1485763806931883,8.341097391074277e-18,0.12526200575690835,0.14069925510753958,0.12113851195861955
227,0.08049145591540877,0.21068248636104325,0.12136624984683438,0.16650172932581353,0.0,0.1393181955324274,0.14848828137383885,0.13315160164363388
228,0.08152444075303361,0.21195818183696472,0.11906104997749496,0.16592642766922075,0.0,0.15855132027531307,0.12033090681127485,0.142647672675698
229,0.09930102895719203,0.2351636877460277,0.09847344935269416,0.18615741082447487,0.0,0.1572599787005704,0.08471724794183341,0.13892719647620747
230,0.09321797627892983,0.22967988689807534,0.12042675840613629,0.18949321265038446,2.8329811014279795e-18,0.13431454793766276,0.08115011893281106,0.15171749889500016
231,0.0781640278863312,0.2211603689618563,0.11098194722523225,0.18973952867745938,0.0,0.15921796517542222,0.0809108267690263,0.15982533530367232
232,0.0749877124743171,0.22032804056183822,0.11650480776563844,0.18087903770425268,2.2238850030139415e-18,0.15540610040684613,0.09039508708211234,0.16149921400399503
233,0.10988738711612864,0.22394566881188468,0.10979281094634,0.17814273188623161,0.00032992007784918786,0.12261010715937544,0.09282932615516976,0.1624620478460206
234,0.1127215343844658,0.20183184667492207,0.11288873237018858,0.1622460095490879,0.0,0.1588221774960164,0.0998136160092406,0.15167608351507855
235,0.10194652640109242,0.1808245123081759,0.09270127963576014,0.15081721715341753,1.843137075778614e-18,0.18547817079510523,0.1179350632845845,0.17029723042086428
236,0.12202520992784487,0.18165609331701957,0.09513380772970886,0.16081647352129805,3.714205062992911e-17,0.183754652006118,0.08369147125471892,0.17292229224229175
237,0.10243917355516818,0.1773684116331111,0.045328639587805336,0.17594980759124973,6.937480882893021e-19,0.2145568639488815,0.09027459400762515,0.1940825096751589
238,0.0970307486137124,0.17833057904688457,0.04205126906753719,0.17575940465943,9.60027142417064e-18,0.22271529848421948,0.0965034548253892,0.18760924530182707
239,0.1061646541226503,0.20999535386729554,0.03914110573371326,0.17050886629569198,8.746356334220752e-18,0.20287937437534131,0.10295199780652955,0.16835864779777798
240,0.11338930949361967,0.21522635397570344,0.029634081203905746,0.17594701442137772,2.1140089478874082e-17,0.19709442597479504,0.09787068574802248,0.17083812918157598
241,0.11167156074555498,0.2019726261956255,0.06843609895707993,0.1631639865869461,2.9833029797858655e-18,0.1864234290679427,0.11429976139242867,0.15403253705342215
242,0.10777262449271366,0.19016523300674779,0.07232755780190887,0.17409655680186523,0.0,0.2022159923036445,0.10928220953444001,0.14413982605767986
243,0.08026218433218102,0.20142123674630044,0.03973074854920922,0.21128332495266433,0.0,0.21127303663269525,0.11187312757949455,0.1441563412064552
244,0.07604432957504512,0.1978552484615906,0.04536153774446806,0.21401166380756945,0.0,0.2049663361769173,0.11874431168627705,0.14301657254713246
245,0.08560664423824887,0.1850339590400284,0.015479357982174658,0.24828551211796537,4.9300593165376686e-18,0.2163496117505602,0.09906439031685925,0.15018052455316322
246,0.06982498409355807,0.17536201899152148,0.032410218907642376,0.25556755622408944,0.0,0.2120116879016801,0.11015264752589558,0.1446708863546129
247,0.0726146924605648,0.16731683375080741,0.04731286420568954,0.25800257262453785,8.319451728805011e-18,0.2341154228715795,0.06877202116070542,0.15186559292511545
248,0.07969338054206608,0.15080898768754614,0.0944069994642984,0.26137581354244055,0.0,0.2502683305102641,0.030216092038586752,0.13323039621379784
249,0.10456822833208318,0.13725943446110023,0.09603882959649447,0.2658807623320682,0.0,0.24925997652586057,0.03709417573154604,0.10989859301984728
250,0.09764027677842857,0.13183334183222867,0.08362200974520828,0.2759894982914447,9.60840050435986e-18,0.24870212023307064,0.052765768345955824,0.10944698477266324
251,0.11131399801486526,0.1434702235940833,0.08988753871068841,0.2747047662492025,0.0,0.2568373995622216,0.030747247754838756,0.0930388261131002
252,0.11093250327880369,0.11300592929969189,0.11501024970386167,0.29037963151012075,3.0769795297961772e-18,0.2762043745339705,0.0,0.09446731167255147
253,0.08437324208722574,0.11449662245635825,0.10847553206729572,0.2710910697643184,0.027746614792449623,0.25088595284175147,0.046656045183654175,0.09627492080594655
254,0.09411221473277062,0.10390757509988661,0.07314731274603316,0.327940294406664,1.5388974268240023e-18,0.2660053205100698,0.037200423283448046,0.0976868592201277
255,0.03579483359707749,0.05536676987966704,0.09360249398602351,0.3334483607285864,0.05271097050979918,0.2589361983020533,0.05655777226173078,0.1135826007340623
256,0.03875428525856538,0.05361182561696281,0.0953650209242041,0.33048147278837964,0.052000766319081966,0.258954850927484,0.0522340051091969,0.11859777305512513
257,0.04214254894888027,0.06252188672390428,0.08862243879017341,0.3168583851252949,0.06466050706183074,0.2482830742784082,0.05633862588538286,0.12057253318512524
258,0.030689279706414385,0.06377383652635,0.13224129540753032,0.32391066191803297,0.061230130208208174,0.2337329795575993,0.05450498124410931,0.0999168354307554
259,0.013599071618789423,0.071273249937307,0.14686456931943925,0.2719808897041605,0.08255626648368398,0.23124040486508954,0.09498037366733861,0.08750517440319155
260,0.023187455331626198,0.07364442258475618,0.1387867136883491,0.27352821099515967,0.08455495708511532,0.2251729387581115,0.08983289839242464,0.09129240316345731
261,1.0088511980491026e-17,0.04153058940511114,0.12460047767230259,0.2909704825722656,0.07019866028117562,0.25878566555409266,0.13143657956428742,0.08247754494976484
262,1.0333774353645866e-17,0.04540017987104818,0.12400856459113661,0.2887864023497602,0.06121394156595881,0.26157269398059413,0.1341648399161995,0.08485337772430264
263,0.0,0.0087269433480546,0.12843382088230826,0.3324767142362419,0.06602393903514904,0.24734423536955932,0.13409926201970412,0.08289508510798275
264,5.680073483243058e-17,0.0,0.09514026860300459,0.34837275903376663,0.020114687979354128,0.26975368602971866,0.15406779462123954,0.11255080373191612
265,0.0,1.1136775345870823e-17,0.0993774893628714,0.30211016379331923,0.006959897050741385,0.30597706293855503,0.16479675982602757,0.12077862702748539
266,0.0,2.0653433330555084e-17,0.08158103177106059,0.2999687704288037,0.004746267421692896,0.30621338255318703,0.18293235113969578,0.12455819668455999
267,0.0,0.0,0.08528166990486982,0.3060057839700344,0.0,0.30509269071710643,0.18076075217847992,0.12285910322850929
268,4.279445883668659e-19,0.0,0.1105466637837975,0.3057813544735724,0.049102959549022385,0.3090079232892205,0.11950686773573461,0.10605423116765259
269,0.0,0.019703611638200745,0.1122587239576445,0.30198821481622445,0.056863932866007334,0.3064619211786699,0.12144063615426293,0.08128295938799009
270,2.040773857646946e-17,0.021239380988525947,0.13661246844733074,0.3194345506748915,0.05372706960633661,0.2905219197395204,0.12981114104800875,0.04865346949438603
271,0.0,0.0,0.11272082569295648,0.3563797899395523,0.06546389377928197,0.2868344901674645,0.13065272823011354,0.04794827218963118
272,5.955549710131773e-19,1.0360320476631424e-17,0.12765470013955485,0.3590782597207328,0.05971987396431988,0.27869534523593575,0.11181629878295579,0.06303552215550087
273,4.212828477313013e-17,0.015072785828781824,0.1544011086592844,0.2958339392322624,0.049376864771107,0.27229730223604354,0.11826872576212098,0.09474927350939963
274,0.0,0.0007447938003604636,0.1568675480977662,0.3017800031796006,0.05255999712760367,0.279506388418641,0.11158424019402478,0.09695702918100332
275,0.0,0.012623996091240888,0.1456264253538677,0.28582954618995166,0.063651495229034,0.2807859562486788,0.11121804798071544,0.10026453290551146
276,0.0,0.09039222870239189,0.15139721302463954,0.2703241333571451,0.0696480911509723,0.24159819679624853,0.10386445910944013,0.07277567785816254
277,4.217745422876518e-18,0.08520616392487,0.139634769827483,0.2824357766565875,0.10151499914908592,0.18871626607128295,0.1297204840494686,0.07277154032022212
278,2.2311178607022177e-18,0.11685146825876033,0.1201462989584754,0.2617861958620902,0.10102268459242685,0.18775641088170533,0.1420337319054855,0.0704032095400564
279,0.0,0.11983318105654135,0.11183549282078677,0.22829362562309963,0.12698010065772783,0.2003355177892136,0.171611340405006,0.04111074164662457
280,0.0,0.12122985592736445,0.10739994985504991,0.24558244556033373,0.12090542049189024,0.1976617935578627,0.1786758475764487,0.028544687030050205
281,0.0,0.12172470142342147,0.08634378285670075,0.2427818888610554,0.10965426965071497,0.2035413820240783,0.17212613171577978,0.06382784346724926
282,3.917422430721141e-18,0.13689973695712673,0.08448949441237072,0.24305146952489753,0.1257891851035782,0.1891724706034822,0.16190189615235298,0.058695747245191644
283,6.747389447511435e-17,0.1636913215027891,0.07323248123252003,0.19904865019046614,0.1259709417880248,0.19917469251871242,0.16108621041583418,0.07779570235065324
284,0.0,0.14981968430015527,0.07870049985925737,0.18016972935008005,0.08733578843726346,0.23865117080929454,0.1659463727506643,0.0993767544922851
285,3.365459261068462e-17,0.14272656881227508,0.0897017143774505,0.18570830832408453,0.05089393460678243,0.257960825658063,0.17180530163651772,0.1012033465838267
286,7.97481936997534e-18,0.14138088606432206,0.08900893147551109,0.18675163189142202,0.048483726080172075,0.2617395347357902,0.17702202048346827,0.09561326926831429
287,0.0,0.15355685427202515,0.08223152960796336,0.18012455487254359,0.0751265244232484,0.2526771690643268,0.16092076045234863,0.09536260730654411
288,5.98942740891344e-20,0.12272602990197906,0.09128800339941451,0.18511498035080226,0.09919047982417752,0.24743139071797068,0.15936610418237754,0.09488301162227841
289,0.00486593805637064,0.11824349571450611,0.10013985011557779,0.18283284986209217,0.09183266932005103,0.2432946976946204,0.16880457708476757,0.08998592215101431
290,0.011605975499702395,0.11955786820625881,0.09392829529361495,0.19522229110720893,0.08927756427290118,0.2578065922980757,0.17625677093481976,0.0563446423864183
291,0.010989240333900295,0.1295627456643793,0.07175725824499672,0.19133642704588985,0.07104467931307178,0.25854167887788565,0.18916919259699863,0.07759877792187776
292,0.008383616057141816,0.1280727407362045,0.07232119988512267,0.19121464185750414,0.0702193317790298,0.2603848931555888,0.19060390041490008,0.07879967611350815
293,1.7947543834336955e-17,0.16598125074527817,0.07838151145282074,0.18327255119656397,0.07627955800575406,0.2786373755825691,0.16739500989942024,0.050052743116593565
294,7.129215444829667e-18,0.18822375060393545,0.07165068785841269,0.1805099606455271,0.10170471669801848,0.23883373670626012,0.16011917864272168,0.05895796884412438
295,0.0,0.2916313993265827,0.061158154257967556,0.19433817654793203,0.17453972992321914,0.11167389507591684,0.13015693010071142,0.036501714766670315
296,2.81738360414338e-17,0.29820925147473065,0.06032099110362667,0.19201524233982525,0.17831502755065518,0.10701952924306955,0.12699924350354536,0.037120714783547205
297,0.0,0.3011770187537698,0.06976172197832112,0.2035433399142294,0.16862130936276223,0.10021511396601508,0.12312422882992466,0.03355726719397761
298,0.0,0.3118853362485146,0.07817540683626831,0.20902638560689205,0.16925600780326644,0.07356286135669499,0.12126451730376134,0.036829484843602205
299,0.0,0.333954823534412,0.09230978679599894,0.16243935715570204,0.180342756837004,0.04639715206568964,0.10764151022654932,0.07691461338364398
