oos_period,model_1,model_2,model_3,model_4,model_5,model_6,model_7,model_8
150,0.019806035820074938,0.28224368288790297,0.019733184154291875,0.018750000000000006,0.29585297631489405,0.3145998728622132,0.02155262194879081,0.027461626011832115
151,0.06098118152714909,0.07988121415777519,0.0599942966099475,0.0568442913448411,0.17164051119726734,0.1472229951908209,0.06490100319722385,0.35853450677497506
152,0.05872002645898596,0.0748610633573743,0.05818078332851986,0.055025929544820294,0.17321051056818007,0.17581712561186308,0.06276404776724193,0.3414205133630145
153,0.0603270418152439,0.08846699542946543,0.05929868944666288,0.05591625077621656,0.15178355342976518,0.17085863090774397,0.06354883088929957,0.3498000073056024
154,0.06001213072740351,0.0825116815819331,0.058982537865220126,0.05564924859109407,0.1619486431699073,0.17025894291742202,0.06334976958369727,0.3472870455633226
155,0.059244388586321514,0.07421682871257378,0.05729349707709484,0.054539073320064156,0.3368383371300156,0.24500349481494527,0.06218529958442459,0.11067908077456025
156,0.0604834246528011,0.09475536163106286,0.05784005178551619,0.054764966220058074,0.3389643944572765,0.23004110646491333,0.06218284981070941,0.10096784497766258
157,0.05997528993789074,0.0852050251382148,0.05802030597821794,0.054828727455029605,0.3395645009341108,0.23049085449034248,0.06252886356102937,0.10938643250516433
158,0.060380773451129556,0.07504486017143724,0.05806967183670829,0.05498557549876888,0.3410407105766483,0.23580442944430832,0.06265054269246371,0.11202343632853569
159,0.06050534518941598,0.0673751096599011,0.057767131279049796,0.05488801431466123,0.3401224876673998,0.24396616560464096,0.06253218004834907,0.11284356623658214
160,0.06737000026457751,0.06947011933418833,0.06414860262102491,0.06074883237156572,0.1544103257496478,0.3952831282029715,0.06901623311383144,0.11955275834219277
161,0.06889374987241197,0.0726929871803765,0.0672190311974813,0.06343392086355847,0.1126180540305884,0.42055454930484915,0.07214403789252073,0.12244366965821349
162,0.0689927252248322,0.07867626629644879,0.06780863623075899,0.06387665596775363,0.1448449822996513,0.4247214679317989,0.07268244360860124,0.07839682244015497
163,0.0692287562960717,0.07392743473288695,0.0685978430092136,0.06467960207473661,0.129665870824288,0.4322786077623306,0.0738513156642599,0.0877705696362127
164,0.06779709959551346,0.07231354016577458,0.06733421387986636,0.06360512434623285,0.13746385344134382,0.42216587620144574,0.07300056299779664,0.09631972937202654
165,0.020239489254734972,0.021326348143828475,0.019662778882039093,0.01875,0.2864426757799575,0.3146833972774172,0.021444238334039693,0.29745107232798296
166,0.06665203974415097,0.07989536699298869,0.06292582876333286,0.06129052621908182,0.14118694580650046,0.40038142323841713,0.07989494400854501,0.1077729252269831
167,0.06362434654653683,0.08176368309582545,0.06299452877780395,0.06251594394156017,0.13886861036296433,0.4119147665089079,0.08199995674248368,0.0963181640239177
168,0.06233293183721121,0.08140033677637724,0.06312726159547441,0.06304399386006922,0.13496070207178654,0.41019229964437287,0.08194372884658213,0.10299874536812646
169,0.06212445606335264,0.08136914608918118,0.0627297048481229,0.06330825927987063,0.13095533483294933,0.4082301747140213,0.08176649415346059,0.10951643001904145
170,0.06226505173974657,0.07953791514905659,0.06298793739188532,0.06397807851918515,0.11265165489975225,0.4095534281390915,0.08275778488928744,0.12626814927199526
171,0.018750000000000003,0.2562437687107773,0.23683542568659532,0.022760172927089935,0.07286763137788381,0.27706426301179954,0.0498354498221711,0.06564328846368282
172,0.06066925602291476,0.06873228359217068,0.06585235335668402,0.06803032853612294,0.13428399316594153,0.39453417433331545,0.09415454387692972,0.11374306711592086
173,0.06014279658077257,0.07041754065820646,0.06531446382882218,0.06623593066127452,0.15710952462517125,0.38957926193668296,0.08679173574558288,0.10440874596348722
174,0.06215088991782547,0.07177996931515732,0.0706122105334337,0.06677157040965155,0.11932601451311874,0.408478963932475,0.0925121828556572,0.10836819852268102
175,0.0617136927405998,0.07335472500670899,0.07131602920862165,0.06549451453842152,0.12711396652501944,0.40436416697035094,0.08638917982263343,0.11025372518764424
176,0.062012650308367626,0.07204979110192497,0.07121584978194354,0.06634653625492612,0.12205112673041565,0.40717788525522475,0.08674671995516516,0.11239944061203229
177,0.06249014926116348,0.07146863006430103,0.06983740106629964,0.06720639043475533,0.1163860721699817,0.41167199304624447,0.08652376161264348,0.11441560234461087
178,0.055309575946744426,0.06259314847163944,0.06059224898126815,0.06159146446178308,0.34409012655759463,0.23590876970126504,0.07776729679773846,0.10214736908196691
179,0.018750000000000006,0.021505864577354466,0.020366705242555346,0.022494444725131194,0.2957922562860591,0.3088621797874707,0.025921685331670625,0.2863068640497585
180,0.05262391501444228,0.05659804308375999,0.058863932113546215,0.07166938162246066,0.31881331778298616,0.16681752459980198,0.0795194285895524,0.1950944571934503
181,0.05331733735274582,0.05635952455994352,0.061563121881088326,0.07098121370303416,0.3253396456729019,0.17280069989072888,0.07879227407027434,0.180846182869283
182,0.056176269577285186,0.05901598347685142,0.06391842139202668,0.09643468904170284,0.16325148525582542,0.11798537118388228,0.09097053484551704,0.35224724522690926
183,0.0568978436755283,0.05951037791182439,0.06356610656353939,0.35903852871085457,0.14774590024873752,0.09772699917531179,0.07460206834425472,0.14091217536994935
184,0.06233965999385524,0.06421859199951162,0.06587126042903853,0.4102556234715788,0.12772166812263386,0.08529689650073444,0.07404683874620704,0.1102494607364404
185,0.018750000000000003,0.019548023067832127,0.019581786288323383,0.3094711982794295,0.28723636066700947,0.025750676803535967,0.022513578281210755,0.29714837661265875
186,0.06312429480753712,0.0637259650545794,0.06690566995503583,0.4176404217274965,0.12112481342344518,0.0837946970054325,0.0769024064439628,0.10678173158251075
187,0.06364752991869058,0.06339917031685044,0.06338795401515637,0.42012192014286326,0.1269194529460904,0.0802368327911571,0.07783008231496294,0.10445705755422897
188,0.06131922433988712,0.06451078841957819,0.061121871079639366,0.398794080749547,0.13787570662007045,0.08349332442608952,0.08066175726309943,0.11222324710208895
189,0.06452933447326731,0.06532981589469924,0.06452305174831009,0.43080519292583924,0.10350264619948357,0.0800539982215316,0.07887922856023188,0.11237673197663706
190,0.06764093553178359,0.07000929785828852,0.062201731479801146,0.4089574727510697,0.10727873503368154,0.08419618041740015,0.08352855162445895,0.11618709530351641
191,0.07072157474144873,0.07136707610638636,0.06522070954940726,0.4373713839944587,0.10102733032456312,0.07762079518702641,0.08477866772116302,0.0918924623755465
192,0.07197314726963185,0.07238115213106079,0.06612511344576948,0.4458834206660667,0.09498464955954485,0.07331862733365406,0.08386411255065773,0.09146977704361466
193,0.07258146392288468,0.072751282563536,0.06626746830680025,0.44722323112282863,0.09460651849387527,0.07130512970880337,0.0837615356678146,0.09150337021345714
194,0.07606160531351827,0.0685641512839319,0.06455109296896393,0.43106911029639844,0.1007090950458772,0.0693200977509157,0.09053348758642857,0.0991913597539659
195,0.07647107944322251,0.0676444800143622,0.06443330716909197,0.4299605380621817,0.10087555345799233,0.07081311849861298,0.09006318088543762,0.09973874246909857
196,0.07673877780431732,0.06839543546408249,0.06460094037814579,0.43153826238260995,0.10068216566729311,0.06797058810514879,0.09067300029803937,0.09940082990036309
197,0.07830726892953147,0.06887963477347311,0.0646887422310308,0.4321989259482556,0.10021733626655596,0.06532822451488476,0.09132510185873811,0.09905476547753013
198,0.08452300054016772,0.06716643294746803,0.06311206509214448,0.41234051342063727,0.10631314335738397,0.06256117955077278,0.09791652903156797,0.10606713605985776
199,0.08660203164499479,0.06550542555934383,0.06417342398495673,0.4199823217495213,0.10288050427505528,0.06337312168586472,0.09481643770949097,0.10266673339077238
200,0.02595948620632343,0.01907513722815817,0.018977796842527195,0.31496814423770986,0.2795533413200129,0.018750000000000013,0.027017402677582215,0.29569869148768624
201,0.09163177678177482,0.06402235447535297,0.06744089381024104,0.42609274800332664,0.09654388953575518,0.06543921945184143,0.09320425231396309,0.09562486562774473
202,0.09220541821809156,0.06381569304068578,0.0668686097598444,0.42414769920657075,0.09803243802004956,0.065108179304174,0.09355598650003324,0.09626597595055061
203,0.09357908050157152,0.06367193206684363,0.06642464723173701,0.4227946547467906,0.10014649711636034,0.0641446131630974,0.09271492411805599,0.09652365105554353
204,0.09375315972908348,0.06365337538353158,0.06729653250503419,0.4226200036099182,0.09899979395413841,0.06432426615659294,0.09356446016055821,0.09578840850114301
205,0.0921088206801884,0.06354696172079012,0.06816953019220617,0.42161846325603725,0.10036319735898219,0.06464650863728312,0.09411767018188813,0.09542884797262476
206,0.09338254658732073,0.0633771623485991,0.06918147222978198,0.42002035151744127,0.10155204319017623,0.06385169120099256,0.09380626273466106,0.09482847019102711
207,0.09301758242037345,0.06309251851539315,0.06960541192974033,0.41734135073704437,0.10400003165770293,0.06335016460345985,0.094240550075282,0.09535239006100393
208,0.09137321747223252,0.06304158611592042,0.07035162057871738,0.4168619869809998,0.1042874840919324,0.06347000634423347,0.0948959019798787,0.09571819643608533
209,0.09217526539241952,0.06264040943407079,0.07029557892589217,0.4130862064383132,0.10867059990576063,0.0641222557317293,0.09443780339678846,0.09457188077502594
210,0.08959007696474132,0.06251645906189866,0.0710319334596173,0.4119196147002227,0.11114412059303169,0.06397607554353743,0.09484718928964818,0.0949745303873027
211,0.07446386822802732,0.05200760279005352,0.060152966083704344,0.18732562989587268,0.18029655325365818,0.05374311555195476,0.3130127321416802,0.07899753205504903
212,0.027646004035584506,0.018750000000000013,0.021176890705809408,0.03748688545739196,0.29652168680488544,0.019390761869703076,0.2890142479027204,0.2900135232239052
213,0.08272369958475587,0.056103007165624635,0.06374485005722974,0.11446702318449244,0.1764220967769596,0.0576917558706695,0.09728985286027161,0.3515577144999965
214,0.07328020016970864,0.05106106318323598,0.05849613814175376,0.1286347909970562,0.2419497902001891,0.05252019891677895,0.3041041240775151,0.0899536943137623
215,0.07845622649822764,0.052566851141167915,0.05805713974030257,0.14046665385759524,0.21743126604372573,0.054172897696092334,0.3182762460345216,0.08057271898836693
216,0.07619721534966169,0.05163451962814084,0.05736320894842638,0.14576524866544716,0.22858343746671658,0.05368119202164272,0.30950136120603144,0.07727381671393317
217,0.08983123261064946,0.05048464161830975,0.056927576177284805,0.14793465897214808,0.22961956189316382,0.0517589842803157,0.2986789799370328,0.07476436451109565
218,0.09404620305014541,0.04976147130046752,0.05566262169447072,0.15791652941410128,0.22583590353952324,0.050792676218791584,0.29187267106322373,0.0741119237192765
219,0.02718432898787189,0.018750000000000013,0.02113131607591977,0.30423775521438967,0.2943677312736469,0.019168079352292654,0.2838292725490937,0.031331516546785405
220,0.027476260150903046,0.018750000000000013,0.02103362312523728,0.3048355598385203,0.29448237713727116,0.01917374318254709,0.28403933509442986,0.030209101471091373
221,0.02541660133294204,0.01875,0.021233815406581966,0.30442134016633243,0.29367689702050065,0.01913376275994745,0.28457608561607267,0.032791497697622914
222,0.025221031578632567,0.018750000000000003,0.021113882213766966,0.30461159320471537,0.2937745047702671,0.019132086130442382,0.28465551442480247,0.03274138767737317
223,0.07354549400078285,0.052638795968158826,0.05634434285994412,0.25888753547459076,0.31895337381796546,0.05388588942496872,0.09522764605790669,0.09051692239568257
224,0.08630813520277662,0.06097606926897993,0.06548657599522059,0.3974218284139287,0.11424862329623788,0.06178045185526774,0.10948667986982749,0.10429163609776099
225,0.08637251541903046,0.061054432614637034,0.06510253347557725,0.3981593657983589,0.1153757321964365,0.06125724664432022,0.11045709192742811,0.10222108192421156
226,0.08570071649273855,0.06119536820738317,0.06533091272912613,0.3994858184267303,0.11664538805753914,0.06129535894010414,0.11239768801662954,0.09794874912974905
227,0.086037915045768,0.061186960541629816,0.06523893373405044,0.39940668745301744,0.11634344137820984,0.06131468894834694,0.11287100112241231,0.09760037177656519
228,0.08640516831199141,0.06109045983637716,0.06583193871647126,0.3984984455369357,0.1152948607215627,0.061705654390878356,0.11256578539700896,0.09860768708877439
229,0.08030385507870332,0.061233793389211165,0.06729464400307474,0.3998474671925757,0.11727257978428678,0.062668719338959,0.11202607360511768,0.09935286760807159
230,0.07127815504410631,0.051921185491257044,0.053330781273029274,0.26982448963734507,0.10868606460036781,0.05408237463284219,0.3121993928588898,0.07867755646216254
231,0.2649048301467517,0.018750000000000006,0.018984521721030198,0.2559374460609501,0.14013233564545124,0.020114359613812978,0.024734568431229405,0.2564419383807745
232,0.1897625491508197,0.05434341025267908,0.054409382556594575,0.3349968023781561,0.17311246178338785,0.05913070905258231,0.0703646306449552,0.06388005418082515
233,0.18741996521895668,0.05820319492263948,0.05431827257360461,0.33476021245745513,0.17300005988112763,0.06326696296430735,0.0690841466596649,0.059947185322244266
234,0.19446997848077,0.05841334391166759,0.053946043587694496,0.33125688082536,0.17057310898856268,0.05931975708518291,0.072318652471584,0.059702234649178315
235,0.17029419001088095,0.06325777603598272,0.05479907850950984,0.3392854447953867,0.17462534249080902,0.0611456028498389,0.07786081012686763,0.05873175518072421
236,0.09804994529908095,0.06934245693431623,0.05853546960510586,0.37445147863629047,0.1885311729178924,0.06682382133107456,0.08205645597747437,0.062209199298765186
237,0.08972173297748684,0.07135371885165707,0.0590155243799828,0.37896964122336757,0.18974176041243326,0.06811421120917104,0.08023400579958016,0.06284940514632123
238,0.13433775306437315,0.07164783584444047,0.05648357461427458,0.35513952578140784,0.18428088797735157,0.06673322668883096,0.0735131247362281,0.05786407129309338
239,0.1400192431472161,0.07514771855947268,0.05751813097896962,0.36487652686089056,0.16328107656299787,0.06870032298449723,0.0713329814819981,0.05912399942395779
240,0.13211069919253887,0.09988073186048711,0.0578811126611576,0.3682928250461891,0.14118777208679273,0.06993436727873617,0.07181121326928074,0.058901278604817545
241,0.09191750424628806,0.10947499737883702,0.059831024842994796,0.38664493969877456,0.14219942293471785,0.07354198925272352,0.07483455128306304,0.06155557036260114
242,0.06029492473289734,0.1045250514822893,0.05887082551024912,0.37760776950822694,0.15788846518607155,0.07948706055957935,0.10023247022789454,0.06109343279279177
243,0.0600197594225938,0.1142992063132502,0.0600442453404201,0.3884212651549894,0.1390399072694898,0.08819565018345576,0.08703167217904662,0.06294829413675421
244,0.05970885445447616,0.12084297222276523,0.059992361099627155,0.3854951007480109,0.13590026479459205,0.0892283898032907,0.08658856727764842,0.062243489599589426
245,0.05982951087817976,0.1346324331984376,0.061409605094976526,0.3866306906181625,0.11360600674011768,0.09414766699128647,0.0866222115217526,0.06312187495708686
246,0.05432596622903614,0.33483262333210473,0.0551671235220213,0.23837217001244496,0.09175889783712608,0.08714366305502488,0.0790116085205499,0.05938794749169211
247,0.05505654779097974,0.341708685091574,0.05567045864382685,0.23061570953674984,0.08351202390471958,0.09290732432110138,0.08008187334526597,0.0604473773657826
248,0.0567277704137196,0.35743783918794914,0.05703569092356335,0.19346468398224811,0.0871196547873622,0.10455767879694357,0.08089001603859731,0.06276666586961661
249,0.05741824202625623,0.3639363955412352,0.05773409475924801,0.17818364082018193,0.0897436770490811,0.10840661653902993,0.08090363980574201,0.06367369345922563
250,0.05893275030048076,0.37641399672602643,0.058743987152140305,0.15630606134919706,0.08825031461968562,0.11189255006557723,0.083264638482284,0.06619570130460851
251,0.060540124198550246,0.392085484553802,0.060409082733647056,0.13335735331416065,0.08581868200633774,0.11594746561844238,0.08568721485933624,0.06615459271572373
252,0.06129107005172048,0.4003865416676649,0.06142211615022331,0.11588885141981484,0.08239100500086226,0.12289205197492593,0.0888543368160129,0.0668740269187754
253,0.059634019330847554,0.3847907701726828,0.05992118527944512,0.13072110678699167,0.06938937299622275,0.13409047955336617,0.09621107142674909,0.06524199445369487
254,0.05416045340475088,0.22495329622522986,0.055990523355418056,0.12086217347845743,0.06349661746700148,0.33327485557412595,0.08705167171312753,0.060210408781888755
255,0.054384472602419555,0.22473205734386642,0.0567140998598084,0.11965362788929097,0.06368744979307717,0.33538327155218395,0.0857483500554329,0.05969667090392062
256,0.05570764466162775,0.20377807503063897,0.05806624659496292,0.1325674903830147,0.0654070996176444,0.34783665563884936,0.07490142155129563,0.06173536652196629
257,0.018750000000000003,0.29917885733388067,0.019511181207722796,0.2964465602196995,0.02254538729749907,0.29798160362318155,0.025543844954628185,0.020042565363388148
258,0.059511606202181204,0.38107151187776445,0.06514821973123734,0.13435120713555804,0.07073069423578736,0.14215887246396616,0.08778904021649295,0.05923884813701247
259,0.0556859505306258,0.2147039776845384,0.061347695227590295,0.11839111118982082,0.06588842324081534,0.34574806341822545,0.0827490469701975,0.05548573173818647
260,0.05752066843616118,0.18430933559192778,0.06344742834361566,0.1245719241351806,0.06861751413901486,0.3628563161058635,0.08137332966198849,0.057303483586248
261,0.05892418987719482,0.19209090614704843,0.06490330274139654,0.07158777450442881,0.08324325955755163,0.3781100223735982,0.09074427868789207,0.0603962661108895
262,0.05868217037119056,0.19182560331246815,0.06599515328008701,0.07166165947419084,0.0783576055431651,0.3758321917288523,0.09816438623566869,0.05948123005437735
263,0.05983086525392854,0.16708913274744594,0.06345790579302807,0.07421394897376256,0.08222104269966221,0.38664343768403336,0.10577191865993445,0.0607717481882048
264,0.06063628839143527,0.16975044648499613,0.06715825357896153,0.060473536053931666,0.08006639286123135,0.3878180274392021,0.11414138977482667,0.05995566541541523
265,0.06096392285036062,0.16787805953778775,0.06492086622726823,0.06026884276748341,0.07982199060171903,0.3907220067505491,0.11516009804758605,0.06026421321724584
266,0.06448948506899567,0.1398450236425017,0.06611746809910347,0.062024365574713816,0.08365214708240754,0.40728814658554185,0.11191974492538348,0.06466361902135243
267,0.06297000954828998,0.1370307453477741,0.06832865702283525,0.06232912254802901,0.08901600475608615,0.4101564475108612,0.10306372447219107,0.06710528879393324
268,0.06385053761870728,0.1285258321638167,0.06809294657747125,0.06289950327428684,0.08649268746344957,0.4155247366991702,0.10665587930404666,0.06795787689905158
269,0.06454902727465577,0.09550011768516216,0.07287245239188593,0.06479097769151312,0.07829126716800744,0.4310496684673587,0.11974084097949252,0.07320564834192433
270,0.06473498254474083,0.09330515335696075,0.07640712795732044,0.06666968075080389,0.0743247029410688,0.43279983571520864,0.1164376135476713,0.07532090318622538
271,0.06414908546949265,0.09390412863871647,0.07786628355277932,0.06784252314569142,0.07327715498435612,0.4272855103011072,0.1156667632078555,0.08000855070000137
272,0.06427501123055011,0.0926811552169758,0.07942769649029306,0.06720361832182951,0.07357800478705769,0.42847069393458925,0.11377923784973015,0.08058458216897449
273,0.06398508408929497,0.0939450313702543,0.08558290886654087,0.06611488436030935,0.07534336649497575,0.42574196789924673,0.1162183201463193,0.0730684367730587
274,0.06419164683092747,0.08941324602202774,0.08726432757234726,0.06661590693270428,0.07424841040757807,0.42768608782049383,0.11548342551099237,0.07509694890292896
275,0.06358845513374385,0.09167374522529169,0.09144508497067724,0.06718759756069062,0.07036490419647964,0.4220089894940598,0.11688078084262163,0.07685044257643545
276,0.06387502942374138,0.09323146054688103,0.09273308993211661,0.0671654356765895,0.07091569380692894,0.4247061592822717,0.10954303395598691,0.07783009737548385
277,0.06367602630032244,0.09426769241960656,0.0942318769269274,0.06677671449531455,0.07231973989958904,0.422833188708917,0.10888049492631931,0.0770142663230038
278,0.06367599747182077,0.09095643641738815,0.09376535326678,0.06713544676858536,0.07118647698197345,0.42283291738184264,0.11245731176901473,0.077990059942595
279,0.06379092322359324,0.08822703914217003,0.09602686181678585,0.06780126356174347,0.07160900374404397,0.42391457151617173,0.10949482582103004,0.07913551117446163
280,0.0640483837939138,0.08741290661034794,0.09886412832600634,0.06780810064668323,0.07238094548716686,0.42633772982507095,0.1029726909025589,0.08017511440825191
281,0.06388180230628263,0.09076401889081805,0.10073660200967695,0.06735442630293342,0.07377024087384203,0.4247699040605592,0.10688926643704898,0.07183373911883878
282,0.06425800245572368,0.07640592734308396,0.10310175025630136,0.06775989188827386,0.07500371649806929,0.42831061134817605,0.11038448093263,0.07477561927774175
283,0.06418451507059218,0.07584127350091759,0.10486618904835263,0.06734034376651367,0.07697894893877265,0.4276189653702794,0.11079806282977611,0.07237170147479582
284,0.06265611174486885,0.06575072285264223,0.11882224419307817,0.06738413142633752,0.0814267780575582,0.4132339928928832,0.11678835741961463,0.07393766141301716
285,0.06236145797206756,0.0657371888851231,0.10599400542198917,0.06545003319653037,0.08196523051226066,0.41046078091357696,0.12840663772968697,0.0796246653687652
286,0.06258830130233889,0.06549695450512862,0.09612042390146816,0.06512550924450027,0.08539866090115623,0.41259577696318944,0.136132580107381,0.07654179307483738
287,0.06260201156437149,0.06528578273221386,0.09767286934666271,0.06418683794069883,0.08533203777474017,0.4127248147234963,0.13448765695131568,0.0777079889665009
288,0.06248295611279586,0.06279412698225445,0.0848335332533336,0.06500387293733659,0.0929430933745283,0.41160429282631406,0.144929575550115,0.07540854896332203
289,0.06267732982714178,0.062359483418879987,0.08527952036791948,0.0663069526886178,0.0930279347767132,0.4104421968835763,0.1440175317740066,0.07588905026314476
290,0.06297730992619056,0.062139702874447096,0.08638085618203456,0.0654927550502265,0.09329830638076061,0.4083736741124433,0.14450846081250937,0.07682893466138793
291,0.06401487749100358,0.061734969442105034,0.08798340518574253,0.06522838846490121,0.09766755962919572,0.40456441827863554,0.14588175400661235,0.07292462750180406
292,0.06384784541283704,0.06157302605945264,0.0875970932606988,0.06468905895180806,0.10315360398134651,0.4030402452654365,0.1476989861614208,0.06840014090699971
293,0.06331211008038659,0.06134142082642536,0.08801591736641956,0.06464287933231402,0.10398704795213652,0.40086043130753274,0.14748998425295798,0.07035020888182732
294,0.06324366168607198,0.0612009615148738,0.08909461563187568,0.0647233873503051,0.10455947801978549,0.3995384613164592,0.14683027656908265,0.0708091579115462
295,0.06440228988244537,0.06200907074973298,0.08985661767574178,0.06583251881448544,0.11035409299400475,0.40714419529160445,0.1289930759964372,0.07140813859554795
296,0.06502552355842293,0.0621500731638151,0.08952126252060152,0.06606574100569883,0.11005061075519637,0.4084712768359068,0.12688146663204333,0.07183404552831509
297,0.06533440372166796,0.06215735950498978,0.08888723456083757,0.06534751468324189,0.11011848998604531,0.40853985416460975,0.12727687690031292,0.07233826647829471
298,0.0669136149057711,0.06209542439797059,0.08806560278739317,0.06527203791020095,0.10975345679357075,0.4079569355103115,0.12743299409903863,0.07250993359574326
299,0.06745063805607687,0.06247029413738537,0.09066922864311013,0.06591807410694624,0.11176700038331046,0.41148512129303877,0.12017072117048985,0.07006892220964238
