oos_period,model_1,model_2,model_3,model_4,model_5,model_6,model_7,model_8
150,2.724854600989419e-06,0.2686589170140324,1.538546662612903e-05,1.6632846581727962e-07,0.21476909279666234,0.07282225096118153,0.19886791626280498,0.24486354631562582
151,0.00017420223224864294,0.29210596956672946,6.070271498328497e-06,9.610088999388105e-09,0.20268174025647206,0.17161444842632198,0.0467547739901125,0.2866627856465281
152,2.0770018077394314e-05,0.19391518900996826,5.454597335388332e-06,5.864797214833202e-10,0.26390805547448726,0.1399648660615829,0.050958703256372,0.3512269609956971
153,0.00012973821179267754,0.1779788219206449,4.61226795065288e-05,1.2035260666514783e-07,0.22645716957975595,0.1596296696620459,0.0461136734431158,0.3896446841505316
154,0.0003634710920885868,0.18842859728196434,5.5522180298258895e-05,1.872626659368409e-09,0.25414712526593164,0.15513734273945337,0.07202799388857473,0.32983994567906244
155,0.001001440609581993,0.22078823995382202,0.00015829074786062575,3.481770066985864e-08,0.3604017327786444,0.17255803595969793,0.13734852950172613,0.10774369563096624
156,0.02038102879136409,0.2144850616785414,0.0001097465175881342,0.0037503573604454553,0.31153088524047257,0.33279003873897434,0.10007859146160039,0.01687429021101371
157,0.012469124519844407,0.2271118860426754,5.6124061864748594e-05,2.9118088216574458e-08,0.3399298714761512,0.1715641691553648,0.12446237820485709,0.12440641742115419
158,0.007638286309359716,0.22250688456382153,0.00010899426383710645,3.636570408371627e-08,0.31846824329019163,0.20823985993890998,0.11065084857277564,0.13238684669540035
159,0.016412384290081416,0.13699245336430269,0.00013708896250320181,3.1044214895906264e-08,0.3028240161342964,0.24554223773360728,0.14264312961630413,0.15544865885469006
160,0.046362871425292405,0.1662559944068499,0.000189753008028738,2.333699687096253e-05,0.26691718203698744,0.2744610398298537,0.0809924704978796,0.1647973517982373
161,0.38670956466041484,0.1295607447142641,9.833261204251674e-05,5.422322971054967e-08,0.17299842740229798,0.10283232930473572,0.032310035780165156,0.17549051130285004
162,0.007072677784094376,0.19286417751562537,0.000523328705236217,2.24929278748764e-05,0.2874972370264389,0.3364167794888467,0.12271171230964557,0.05289159424223803
163,0.003926554843454625,0.10648960424518056,0.0008510468806894469,4.088966738704199e-08,0.15633190814630316,0.4503952982488446,0.15038385807103308,0.1316216886748272
164,0.003266482580910319,0.04093306204272194,0.001772563482237184,2.921196509978099e-06,0.1878827093869477,0.44052099045776466,0.15353310440818002,0.17208816644472805
165,0.0006934100198893916,0.00419053103581244,0.9349110094805871,0.0038798695116817137,0.028506704112739277,0.011157948018896423,0.006827490310668276,0.009833037509725352
166,0.010733008679214364,0.13105529119403614,6.968107052460817e-05,1.0654693209342076e-06,0.25718663900837996,0.2747102393711357,0.12934241297439544,0.1969016622329928
167,0.9891828095955613,0.0019095558470490746,9.913837900448635e-07,1.1898034597860328e-07,0.00298667756671791,0.002677318334404987,0.0012632632608025045,0.0019792650313282803
168,0.00011488517097121995,0.14273230017315033,0.0003825325150536498,0.00021443644777928094,0.21830856100754906,0.3310063143656993,0.13263807428660257,0.17460289603319473
169,0.00010218138435828331,0.15701094775275512,0.0005017798120519503,0.00039848513635360995,0.2295541955581025,0.24962152406063015,0.13588779891724292,0.22692308737850564
170,0.00018974962481743977,0.07970249803020976,0.0012244077118950503,0.001210200997006091,0.13920469945839242,0.30634308042964553,0.180322539700122,0.2918028240479117
171,5.300776149747424e-06,6.778116569768383e-14,0.00010861871849593053,3.260788302485053e-05,0.5791178532266146,0.3074977048144818,0.034233470526045987,0.07900444405511922
172,0.9999277520145096,3.3446102747756523e-08,1.6737598993293752e-06,1.2305262437119294e-05,1.418186391159241e-05,3.4312902938697715e-05,2.9740855709955983e-06,6.7666646300121886e-06
173,2.140925843862702e-07,0.027570551702087623,0.004029683123296232,0.18348114680774,0.2603256958147158,0.2436625251801399,0.03407940928646154,0.24685077399297453
174,1.5216249513087538e-07,0.008526720225048596,0.013152801203487082,0.02009976003854917,0.31826473213537815,0.3540275696644518,0.03436929444347178,0.25155897012711814
175,2.189291725134056e-07,0.01637635601069796,0.007157154448246085,0.0001976786316836011,0.30074564769489337,0.3432560661059234,0.0798437983900684,0.2524230797893147
176,1.238828571876736e-06,0.01506217190760905,0.014701513012988533,0.005340799842968034,0.2947431314296659,0.37835741467865486,0.04147949983293286,0.2503142304666089
177,3.148327286280339e-07,0.01577049334270086,0.005425637912808188,0.007648646109411716,0.2772268331657128,0.3811501239373214,0.04299252406229094,0.2697854266370256
178,3.595904646619617e-07,0.024991211026909974,0.004138387647642645,0.0238709869085335,0.29532727682599436,0.2989067588053967,0.043696463456173465,0.3090685557388848
179,1.1011490196826965e-06,0.030203008563373466,0.00039965878540619077,0.04297516048467999,0.2650640059224167,0.33773477885722253,0.05991817612098683,0.2637041101168947
180,4.9652549973620615e-06,0.034229361571090244,0.00967477116909125,0.25851741190289385,0.055701120825510174,0.3994660097879064,0.012965851625540377,0.22944050786297032
181,2.743281938431975e-05,0.0005235239403329548,0.01726195393969018,0.06399747241878634,0.3438610441909666,0.1379795882070674,0.0643383612351292,0.3720106232486431
182,0.00011294650153882395,0.0009398248059060482,0.0037607200692734155,0.298765332138762,0.25614926542139765,0.06744778885043294,0.06764711580333367,0.30517700640935547
183,0.00035744642323031086,0.0018461854541480679,0.001990474514609292,0.3401305772756136,0.23658546288786558,0.07622137694961727,0.07995921845599584,0.26290925803892
184,0.001340883157605329,0.0008079047147244,8.745889260414798e-06,0.42717821230900904,0.26149264774498254,0.12173495762246665,0.016321270597201575,0.17111537796475004
185,7.465680845672002e-05,0.0017899214227854645,4.193371030620632e-08,0.04063751328435607,0.3926167291449409,0.16596910506354176,0.016545210396695372,0.3823668219455134
186,0.0005715740446505808,0.0003069059629590162,0.00045746450360243843,0.5222352621818858,0.19403610984004674,0.043293946970485817,0.02911412023775935,0.2099846162586103
187,0.0020560422751102246,8.521584337993005e-05,1.8786278116880094e-08,0.6606074993085982,0.20743554703716938,0.002000712663553998,0.013250686199648932,0.11456427788626121
188,9.2860720393788e-05,0.0017154290429237905,0.00016541579335191246,0.14503280804899168,0.4666731912020922,0.053805655589577436,0.03244377304654167,0.3000708665561276
189,0.001406270094911716,0.0024344772799042877,0.0003340460976038941,0.35250517095818823,0.29598594563164693,0.05017205624351441,0.04824365303350623,0.24891838066072433
190,9.16435879748926e-14,1.882815889736731e-15,0.9999999998858101,1.1407109265648364e-10,1.3326812762268693e-14,8.353600015061884e-15,5.784491288475663e-16,3.061256408124462e-15
191,4.8800308316527284e-05,0.0001951737605590903,9.313997237005921e-10,0.9323612475926784,0.020829956490372333,0.007383896685918005,0.01861642005678985,0.020564504173966103
192,0.0011254612929141403,0.001607139097985516,4.2423944861561994e-09,0.6390838995699153,0.18506388218384318,0.0007527559308206264,0.03147255467009179,0.14089430301203504
193,0.0020207664844941724,0.0058878612168775995,1.169303675422551e-08,0.6506666883224027,0.16726214343221524,1.181262486974128e-06,0.03681087655929045,0.13735047102919604
194,0.001993120070236063,0.08687473067242729,1.2146317838324863e-08,0.9023368530635525,0.0021060479596283254,3.1741194633479626e-06,0.00424494787798893,0.0024411140903856728
195,0.011462065031447807,2.949847359880213e-05,1.5144722480874344e-07,0.6184535171540805,0.16206574758145087,0.00030255281652365136,0.05174001358665991,0.15594645390901368
196,0.008924335752264013,1.6976866928425092e-05,5.8416024927936074e-08,0.7792356200089169,0.09096508189478808,7.592894892711643e-06,0.031688971705378814,0.08916136246080617
197,0.000623317902928382,1.2893166904140133e-06,2.4372007289292007e-10,0.0770366993375191,0.4811448027334923,3.611094356970332e-33,0.2881328288880132,0.15306106157763663
198,0.02564917480699919,2.9003685195934557e-05,4.932436800852538e-07,0.6957633068533485,0.10626171332778797,4.649828843692881e-08,0.0672535193354948,0.10504274224920512
199,0.03692659023182309,1.0455223560075172e-06,1.9222025722945506e-06,0.5715531149190989,0.180012834081725,2.3709664808398145e-07,0.06088516117305803,0.15061909477271854
200,0.05637189042631485,1.4593152378262466e-06,3.4578850874793514e-06,0.6153117742493255,0.1479689570250968,1.100662685660664e-06,0.0591862568921887,0.12115510354406317
201,0.12563031717645318,2.87177591751586e-12,3.2237169027911855e-05,0.48898198039801993,0.1626425975520903,3.907687262770233e-06,0.11655709172873557,0.10615186828553856
202,0.1297615256365584,8.5437787015477e-09,1.2707598008777043e-05,0.048992158879546784,0.39273900564703845,7.657533762086723e-06,0.09525116481981769,0.3332357713414892
203,0.20229894060663375,7.819172906482538e-08,6.998156445914508e-06,0.2826814436482463,0.2375216951435201,1.1429218865509795e-07,0.09677115391943626,0.18071957604179997
204,0.33620419996348183,1.9467877574867233e-07,2.018891878436475e-05,0.2595173116322305,0.17952561705177622,3.553192553204509e-06,0.07516545746818452,0.14956347709421358
205,0.07468611044585079,2.3242416045339468e-07,8.657540071335081e-05,0.4351244821065403,0.22989567302910321,1.2931473435072032e-05,0.1047844910392093,0.15540950408098753
206,0.14255765143978522,2.851279220662046e-07,0.00020264192503704204,0.38936114704949604,0.18028900035507125,1.2032730000812545e-06,0.1420627748609381,0.14552529596875033
207,0.10099202544517664,1.0930001616779976e-06,0.0004193602451324866,0.25491374525294375,0.25097373283175933,6.99778763638534e-06,0.1509588766176668,0.24173416881952287
208,0.03619257576024692,2.340642292838596e-06,0.0015929351588446225,0.2755924190036878,0.2542855527642891,1.6074142962156235e-05,0.2070547325089892,0.22526337001868735
209,0.08747144737968712,4.115856533185818e-07,0.0013088795933001204,0.14859110437076206,0.2913259321761246,2.9727026444448894e-05,0.2265151470178245,0.24475735085020384
210,0.0269393386871901,2.699680389081855e-07,0.0016783588587621838,0.2712933929913747,0.24373833983687493,4.085656367517965e-05,0.22553761489777827,0.23077182819630573
211,0.05385698653393434,7.768560155340985e-06,0.007292279288441185,0.2362210171078968,0.24137226953362986,0.00012061750216293679,0.25196252164115385,0.2091665398326257
212,0.10712439570556033,9.584585283049802e-08,0.0068308159473366775,0.0975433712933166,0.284536565984508,0.00015170350640425237,0.25352654466393604,0.2502865070530853
213,0.2671018678538708,3.2155374341695205e-06,0.003321313055232352,0.17401087123580625,0.15580994513498425,0.0007629971740617691,0.2417105832249435,0.15727920678366686
214,0.043180143676340835,4.895703021693311e-08,0.0027207585594586116,0.20028172888714865,0.24853684312707358,1.17948783605705e-05,0.21559004844021096,0.2896786334743764
215,0.08503160425930188,5.0300230918336486e-08,0.644833868445937,0.02748545277153449,0.1121363276267068,1.7371992411064883e-05,0.07887929217102543,0.05161603243285239
216,0.11506421800386116,5.2765688692080896e-05,0.0005088890874770935,0.19135176662050465,0.23355037165264145,9.923931686686923e-05,0.3010843115107048,0.15828843811925197
217,0.0842820276803794,1.4668012149389044e-08,0.016199916306071146,0.006787646032310739,0.006186625617369879,0.8762551312212379,0.0051301768578693625,0.00515846161674934
218,0.10213412996307648,1.715453059856753e-06,0.00043445845452036555,0.2086864500559491,0.25947180605312276,2.932674678733668e-06,0.2676521114022748,0.16161639594331792
219,0.044237809540059604,3.417407554767171e-08,0.000490102570381106,0.21207522254357364,0.24247404343771403,1.0076045095400592e-05,0.32609068076672215,0.1746220309223784
220,0.06345643367938548,4.256644135323481e-07,0.005171195532944683,0.3293620686508928,0.2120783973455602,2.2486140139336412e-05,0.22082093454469798,0.16908805844196595
221,0.10792390317558123,3.35820972622721e-06,0.00154781921636815,0.19106941164494445,0.2765326169066466,0.000295790885960184,0.2496910150806071,0.17293608488016607
222,0.013368419320483537,7.45577272235079e-06,0.011573161590597526,0.31091315094388716,0.22325928621852378,4.968790029551736e-05,0.28830149782588843,0.15252734042760183
223,0.009422856750074962,5.6290629617701705e-06,0.7288642878754384,0.041386403774423354,0.057084218541668084,7.418929667043441e-05,0.12201974260672839,0.041142672092034684
224,0.05521461554819876,6.136912592188135e-05,0.0010259402267967486,0.27269053644144275,0.2351109620744766,0.12344108162715531,0.18505447076084222,0.12740102419516577
225,0.0712034742895078,0.00029142168935402887,0.025060677627672445,0.23383948299102383,0.25676743785666595,0.0013944969393978645,0.20313224762009494,0.2083107609862832
226,0.016062759325948143,4.753162385987325e-05,0.00017607270326499845,0.38517391318597366,0.30640532397263814,5.054489080632789e-05,0.21657184112764588,0.07551201316986299
227,0.013543496455196305,6.567138800838209e-05,0.0007358173786373756,0.5246410638117942,0.22241476529403775,5.726588725049489e-05,0.18073025748356214,0.05781166230151347
228,0.030485622043199108,0.012799027296026486,0.0014577421983242855,0.2842601305841998,0.31552080074169825,0.0005862862531763999,0.24382604199953314,0.11106434888384256
229,0.044351189314618136,0.0011731238800883844,0.0013609131321929923,0.2450742807858043,0.23168891296486882,0.00016346254283248566,0.3424177884627513,0.13377032891684368
230,4.177910336988633e-06,4.2090299352619976e-09,0.014769409041811794,0.06440010889096247,0.9208107443074827,6.016568726041199e-07,1.0871215953773582e-07,1.4845271343923118e-05
231,0.004861500431336719,8.499421818363322e-05,2.7247929096681394e-05,0.49618263493523,0.4981636179998667,0.00042754080292224883,0.00024883167333702457,3.6320100269713586e-06
232,0.031649409063882465,0.0008211062358532132,0.004196030451215703,0.5429417296593287,0.3763679933720767,0.010263883367088956,0.02420895248976343,0.009550895360790873
233,0.0018262500601085594,4.921790633635549e-05,0.9818868169461092,0.009904049360742873,0.0036750011690858428,0.002169677560612533,0.0004738757525633043,1.5111244441376877e-05
234,0.053016276454128555,0.0018765210546645835,9.474907383100021e-07,0.2611467372264089,0.20636335529819372,0.4280583209386293,0.04836633981728355,0.0011715017199531998
235,0.054506561094365864,0.010169684656088132,8.70729393821301e-07,0.571439306076189,0.34872010219123023,0.0011532695926746632,0.013903590759077582,0.00010661490098088776
236,0.07059994732502291,0.009292284071042016,3.258496396191344e-06,0.48578592363995204,0.4053507131622814,0.004967655597231255,0.023864886017102314,0.00013533169097184916
237,0.028157229740973136,0.023676835562536566,3.834310380051345e-06,0.49684357868388934,0.4043028393403346,0.01609362240372263,0.030689148650146242,0.0002329113080174543
238,0.022691603766771443,0.13151752268719283,4.776273489126813e-06,0.4857837949149924,0.320138764404116,0.008351486538723028,0.031260832511071625,0.0002512189036436026
239,0.02973876509797234,0.03311188248340483,1.6055049667761032e-06,0.6846405076082855,0.20574585411527874,0.03844374631320882,0.008317173868893987,4.650079890219436e-07
240,0.03995764894473041,0.12463272960466594,7.523377350992172e-06,0.657244094996746,0.12266851143913353,0.03781702414495758,0.017649190190466905,2.3277301948649892e-05
241,0.029020682147552677,0.2136940139351997,1.8166338007164923e-05,0.5680623492418955,0.11982129500067824,0.040319085360258564,0.028985148071226468,7.925990518178178e-05
242,4.444578677231848e-13,0.00040320376359694493,1.4617846298892539e-12,8.707876013628413e-05,0.12021103021670991,8.65843285290712e-06,0.8792900288244568,3.4090512531345053e-13
243,1.7080406747780366e-06,0.2875927847711927,2.5440414861335907e-06,0.5154829333897268,0.12778842413310956,0.04580623895169482,0.023199146179745438,0.00012622049236972365
244,2.8883718539869827e-06,0.30346853859575657,4.07115517152308e-06,0.4272276721923524,0.1571714056431844,0.08138966315619085,0.030728707683115718,7.0532023745400335e-06
245,5.681870048213194e-06,0.4224506241100802,5.321783981148556e-06,0.37058831918963725,0.11075670910622733,0.06383239027843811,0.03235912398790831,1.8296736793810576e-06
246,6.648712609311024e-07,0.7122791607213869,0.000547012801131503,0.20938452792429854,0.020995095402561673,0.030016973228906257,0.02529289755869816,0.0014836674917560293
247,1.5174634969843117e-08,0.5557294146345934,1.4213576363430789e-07,0.2779132788841041,0.05930100111289419,0.07991343715550059,0.027141720442861974,9.904596471970643e-07
248,4.2083247201451066e-08,0.5642889213050694,2.853692529544404e-07,0.2534042413239533,0.02111530625116904,0.1357301023134182,0.02545964617848162,1.455175408351184e-06
249,7.174915595762199e-08,0.635832906148502,7.426314232396488e-08,0.1411007083037916,0.03746599759845524,0.17942217253852424,0.006175613309955104,2.4560884736443986e-06
250,2.038742943257574e-07,0.6477576074564239,1.833397561555642e-06,0.13007050090363598,0.031811892456483706,0.18249276716421062,0.007859748821531762,5.445925858234235e-06
251,1.0871259644976721e-07,0.8542809369030686,2.2392405517056234e-08,0.041419988208083285,0.004033613061397976,0.08180949809866304,0.0068943473483510645,0.011561485275434016
252,3.1981653926867505e-12,0.002032969586168947,4.0425064148781984e-13,0.9407916582615914,5.1982198292488015e-20,4.623468593719877e-05,0.057129137462699965,2.3250496526814105e-18
253,2.6615420324718903e-07,0.8201607049258727,2.102331794570234e-07,0.07205268965781732,4.286897592259176e-05,0.10186795635317879,0.005872786493717048,2.517206108980372e-06
254,7.968071956801709e-06,0.30473723248360446,8.103451334616445e-07,0.2002586611316234,0.0005102067206646985,0.4783848296265581,0.016098144621657012,2.1469988019755187e-06
255,1.7775422942653465e-08,0.4902588831852942,7.688424835761139e-06,0.14850325453133373,0.00018580893551019197,0.3475383863075811,0.012659088781389738,0.0008468720586323657
256,1.3390691225372083e-08,0.17462025077629054,5.0538647528647495e-06,0.502439825059687,9.847585719317647e-05,0.3228218143317087,1.3947700766540538e-05,6.190189099673388e-07
257,8.496952563601699e-08,0.2155813571676245,1.1592211071404512e-05,0.05658942168171751,0.00027493288958721306,0.597643131714478,0.0004225739485354057,0.12947690541746032
258,2.1784010502553334e-07,0.44712665969359705,2.5527554032294805e-05,0.536333810929943,2.8348862860667503e-05,0.009632277302502738,0.006853157808878885,8.080305666427119e-12
259,8.023838408035094e-07,0.3641764968903754,4.999087168770448e-05,0.14999555674542947,0.00014607352481377242,0.4802293819481414,0.005401393091040762,3.045446707773437e-07
260,2.5387302672254096e-06,0.22371298002785228,0.00014731825792409857,0.17652845303866088,0.00041911869440776865,0.5958352501425733,0.003352644934366025,1.6961739484216777e-06
261,1.275337449190897e-11,1.6423666833682743e-13,8.913060685004137e-11,0.999999463883896,2.1295172663068735e-08,5.145517220254796e-07,2.9441646929942578e-12,1.6421698163597969e-10
262,6.775621520753414e-07,0.21774303941733153,5.9123094508667876e-05,0.00012398683912817534,0.0004972097145111661,0.778528516029082,0.0030451730161060392,2.2743271804026192e-06
263,1.0793504184707889e-06,0.030887601433983586,0.00011030391160819947,0.0002184146034362308,0.0015474621888254994,0.9583457885940421,0.008881645168820817,7.70474886510119e-06
264,2.7122221123282386e-05,0.006091896386653599,2.4192318640040544e-06,0.0027133473981620117,0.00015661288239323296,0.9847506166734958,0.0062521827363032955,5.80247000486729e-06
265,8.602355737985491e-06,0.042963655035547055,0.0009199276315352584,1.0460476700556693e-06,0.0001732759174649362,0.9476417828671659,0.00828950901880089,2.201126077851519e-06
266,1.0657760706451335e-05,0.018209473262482463,5.5422028839495684e-06,4.820391050389038e-06,8.512586496347069e-05,0.9771263395957944,0.004549337362907318,8.703559211563106e-06
267,1.4308777711764996e-05,0.0014323766057469064,3.5329782817886604e-05,6.32448141113273e-08,0.0007336434943387012,0.9973773658066173,0.0003886261197975793,1.8286168155808834e-05
268,7.244020682104041e-07,0.0013392050293814094,8.639973612009548e-06,1.295362961238835e-07,8.899323587872297e-05,0.9981721811702461,0.0003861065566709815,4.0200958464797334e-06
269,4.786446001287775e-06,0.0010096950797325692,1.1536785928240408e-06,1.2366662749396832e-07,3.903974541621067e-05,0.9981342790453008,0.0007841035580718303,2.6818780256966605e-05
270,1.5146419975420431e-06,3.859426198428209e-05,3.937232207471965e-05,6.108102276176687e-07,2.742909940369811e-05,0.9992695033626929,0.0005467741234642652,7.620137815495253e-05
271,5.071614429547815e-12,9.632203923840658e-05,0.00030405566244478605,2.7888663645570534e-06,4.146385660705175e-05,0.996860604343897,0.0018284113423584457,0.0008663538840181225
272,1.79826777662303e-08,0.00013225755949369247,3.6620579489368104e-05,2.29148543979718e-06,1.422743702097448e-05,0.9992541836785397,0.000486312791047215,7.408848629151473e-05
273,2.433933405252143e-07,0.00025664772641650863,4.891077139633993e-05,2.1160627706704577e-06,5.342686050554061e-05,0.9972250055729875,0.002404741656276852,8.907956306007254e-06
274,3.9137368835796135e-08,0.00020446758612452633,0.0004218928821231276,3.3677996763760655e-07,2.9278840821632077e-05,0.9981728655759741,0.001129041125140607,4.207807247963545e-05
275,1.318323747210323e-09,0.0002750267127753437,0.0011489468710147916,4.763954974686852e-06,2.1124545726985194e-05,0.9860301908672399,0.01202217800940754,0.000497767720537018
276,6.7542487827007545e-09,0.00020365481853633441,0.0005414776787051798,1.116902170796412e-06,5.3430590336708404e-06,0.99795596095587,0.0012528580205638576,3.958181087139307e-05
277,1.9974366665843942e-08,0.00048324166235201566,0.0008746109112909149,9.039074272504497e-06,3.3039435424005445e-05,0.9963269277181277,0.0021470864629543475,0.00012603476121191305
278,1.2819812908769372e-08,0.0007429105200053365,0.005803618505016225,1.007286919425188e-06,3.107564505483262e-05,0.990341960646228,0.0029311362680599193,0.00014827830890338893
279,1.5176735597898214e-09,0.00044986161408561425,0.0013334627238291744,6.773035488549687e-06,3.5689829417467714e-05,0.9937646149240941,0.003935079008307721,0.00047451734710381524
280,1.2758907056652074e-09,0.00028512168571440144,0.0013079051444536778,4.344983732050593e-06,1.9495454221245454e-05,0.9957136305877674,0.0025455600542075977,0.00012394081401301241
281,5.5866223826585195e-08,0.0008156249867105433,0.005762760241772635,1.613131243414056e-05,0.00022748765344821536,0.9850027218154965,0.008059819351517348,0.000115398772396745
282,2.5426912196525446e-08,0.0039881992177065945,0.004172528779837092,1.3820385135290626e-06,5.509948525690899e-05,0.9894189450878366,0.0023517437731189797,1.2076190817983948e-05
283,3.819363207731464e-07,0.00011737802968504023,0.004554670550669466,4.3134327575610745e-05,0.00044645112395588695,0.9843425537498013,0.010158076878133675,0.0003373534038582385
284,1.0481114448859271e-07,0.8754778076686516,0.0008573612917094182,3.576827998363788e-07,0.00014008093109452895,0.12141653253834048,0.0021037819569183786,3.973119341252595e-06
285,1.0000800503318758e-06,7.046312960168508e-08,0.5808464803217533,0.006185699592100857,0.0005582653507064256,0.41163333408889063,0.0006497372491263063,0.00012541285424269848
286,2.3989526378723608e-06,5.601988106956644e-06,0.010391820333766911,4.6021613391309334e-07,0.0009977256421531357,0.9741819662158094,0.014047440117792196,0.00037258653359959816
287,3.2022629639897464e-06,6.189190407410071e-06,0.0016845473140255285,0.00015626736365053235,0.0012510433855970234,0.9787783942704962,0.017763601930664997,0.00035675428219435586
288,0.00017528915222724258,0.0011523589595767649,0.05820997221989881,1.732892542918737e-07,0.005712341262318419,0.9084833818044801,0.024083137231575312,0.002183346080669004
289,3.2379714211219716e-06,5.459052846594913e-05,0.000562357746182639,1.081560034401276e-05,0.0025067564371817185,0.9590097278280242,0.03739665851260022,0.00045585537578018753
290,1.2851653615909959e-05,2.766662779988082e-06,0.001054550610351915,0.0002837656492514312,0.003073815688274535,0.9707569784415998,0.02448613172452521,0.0003291395696012557
291,0.0003886962413709398,8.005863880532736e-05,0.005479007244867596,1.788391992710337e-05,0.020351122787417145,0.884301014465546,0.08126391027660382,0.008118306425461947
292,0.00017635692737527934,5.824775363287257e-08,0.006935385449562297,0.0001088893425476163,0.01776751680892441,0.9199032305247892,0.05455334204385639,0.0005552206551911975
293,8.190523128982301e-06,1.408403272301525e-06,0.0015739620375184167,0.0012156094214874431,0.010417521147673508,0.9379671317582018,0.04866501814468341,0.00015115856403426683
294,1.0557130946358236e-05,1.7193088420980327e-07,0.0020425160629944563,1.596970371867132e-05,0.008103984476797077,0.9284511131335187,0.06118691596149466,0.0001887715996458983
295,3.759626842681905e-05,2.4322016678090085e-07,0.00457325884834668,1.195665916782097e-05,0.012995286108841132,0.8649027264770256,0.11709830686500336,0.000380625553021771
296,9.849164881801956e-05,1.693804723044911e-06,0.0044821904780543926,6.253760953865612e-05,0.02239619325021952,0.9376744402654277,0.03475203584283098,0.0005324171003875436
297,0.00031277500283772566,6.593684902476283e-07,0.006796504591482535,0.0006253955243261974,0.03332478570054925,0.9120977533043619,0.04559202603924378,0.0012501004687083433
298,0.0014111941078672789,1.4907625589429856e-05,0.00839979483527981,0.0003762347747246128,0.05358421777078546,0.8573189604640725,0.0771940431860787,0.0017006472356021203
299,0.000842949922892744,4.787659142621971e-07,0.007192114114248689,0.00022793680220867173,0.05673919443662269,0.8515532559442573,0.07994727767380584,0.003496792340049746
