oos_period,model_1,model_2,model_3,model_4,model_5,model_6,model_7,model_8
150,0.016013840605700328,0.5641812239027661,0.06180929957039143,2.9723444910307742e-18,0.24754592325943525,0.02390883925328003,0.08057452999441264,0.005966343413014203
151,0.007671821746459917,0.5900598600998203,0.09280481337853531,0.020107399529928148,0.23465580683333168,0.00802517402048609,0.04057706515894114,0.006098059231497505
152,0.00825860896117362,0.5796570801588192,0.1002917507259072,0.022170119674787155,0.23583556718015458,0.00647567028526323,0.03623384086427548,0.011077362148619296
153,1.4935011583338718e-18,0.611176755415412,0.09273170040546835,0.024495641257404506,0.1791569695817429,0.006753461906241069,0.07351534330707443,0.012170128125656736
154,5.3950516064214e-18,0.6130857449011312,0.09076361389886849,0.026384068049675354,0.17597788207019063,0.009423682714441913,0.0696360558586911,0.014728952506001283
155,9.680561785341568e-18,0.5909974169975335,0.07975030659512847,0.027504698267943276,0.17123536855353128,0.008759198324866213,0.10683776756486987,0.014915243695127239
156,0.0,0.59715121770252,0.07309850793072915,0.037939803816759585,0.16169645656812762,0.004580142222346922,0.11582097764530354,0.009712894113213095
157,0.0,0.5989101125429014,0.0698537712335045,0.035825996733217666,0.16286780288393243,0.00423974513570619,0.11916077195345985,0.009141799516277936
158,1.4860629211894234e-18,0.6085095004924033,0.06002614144044089,0.02759459694750808,0.13531855458058195,0.004682466559877839,0.14204608762252102,0.021822652355666914
159,0.0,0.5701269196659752,0.07078804415863792,0.02760146492704479,0.15607020694494592,0.010729384884340947,0.1468956686585745,0.017788310759480588
160,0.002760582400209723,0.5609993840843858,0.06844775625225039,0.021328114096219264,0.1691104382646581,0.01409080471525937,0.14537481308383185,0.017888107102185528
161,1.5570265227896604e-18,0.5936844018254678,0.06485602496836046,0.02639520135473401,0.1497211403374822,0.009565385468962507,0.13336992165999326,0.022407924383999744
162,0.0,0.5466962880325295,0.06098701799282687,0.029029536411321444,0.18065806399891232,0.04765836804163138,0.0802235572014163,0.05474716832036218
163,0.00641913412895333,0.5164803021588179,0.057017068631829114,0.033005287764282555,0.1729241130616581,0.05409764800227051,0.1060541881692877,0.054002258081900796
164,0.0050198657981842115,0.4669424053805184,0.06498726028252903,0.03887326955886307,0.14638629531189384,0.07195647129294935,0.13156047463564755,0.07427395773841437
165,0.007307386856313688,0.49018637739136667,0.04688365288519025,0.030381155733608098,0.1572393216455086,0.07016290696053619,0.12503804069575572,0.07280115783072082
166,0.013967457035729885,0.5230061126809245,0.050430144466969314,0.034310906911485375,0.1375129285124456,0.06356392088515456,0.12716484876389678,0.050043680742394056
167,0.018577060939955894,0.5022055144853349,0.05017356177150292,0.03197418765332288,0.18393234147938092,0.04150619002345312,0.11967893065338235,0.05195221299266698
168,0.017044229264190174,0.505444676923846,0.04938656502788085,0.031556627444717524,0.17951072822224567,0.04125934883837475,0.12452452088573371,0.05127330339201115
169,0.016854898096045217,0.5266969424854616,0.04752356007925615,0.03462793752810954,0.16509365431239018,0.05677000379781567,0.09795311327229349,0.05447989042762815
170,0.016095680384568985,0.4287026853437649,0.05768056575272447,0.03808082940202455,0.18530029261611825,0.06922062491998804,0.13628634578678164,0.06863297579302902
171,0.026727075500969165,0.23134365310582625,0.06457348114346,0.03551734943863366,0.2832888809562215,0.12405092421395432,0.16471565667549729,0.06978297896443773
172,0.008261517460837557,0.21608826300557116,0.05756457727010932,0.038433732624784826,0.2708242588950265,0.16531885027162935,0.17528359258714024,0.06822520788390109
173,9.013002666696861e-18,0.19215854374553135,0.05392750868418682,0.04301166953221415,0.3549955784259234,0.19465447268398034,0.10689394066395762,0.05435828626320628
174,0.004452289152970073,0.150299888357992,0.049790283138919686,0.04085890533385133,0.3558537858673551,0.1988429810112923,0.11610025276396886,0.08380161437265062
175,0.0042326831351872955,0.15038309148075976,0.04993587736515289,0.040406295274395355,0.3570485705582773,0.19886016939079737,0.11718606932255977,0.08194724347187014
176,0.005036436160136776,0.14873451961784978,0.049638541869878386,0.03995060449459439,0.353898133665386,0.19867405169213895,0.11688530430754905,0.08718240819146683
177,0.007337863107462048,0.13821710792906486,0.05156724641919441,0.04384890153818635,0.3077037337243778,0.2125433889822155,0.12260531235580992,0.11617644594268912
178,0.012573463003749822,0.1451337826386168,0.05866503826713271,0.03970393686877198,0.32686640861091254,0.17356087723498406,0.13206547347882736,0.11143101989600462
179,0.027501704603180133,0.11113803427394714,0.05925902125379755,0.044270904407264944,0.2821770487469172,0.26136408345750706,0.10511725258301849,0.10917195067336735
180,0.012408475724550304,0.07578159973477244,0.03964508760644298,0.02771914514368705,0.5402256504575378,0.17558933093824416,0.020914203600682454,0.1077165067930828
181,0.013054530890755938,0.06396647879062137,0.03961545156347464,0.0285407233148495,0.5514363733173284,0.17269838222939962,0.018417403531531776,0.11227065636103867
182,0.014395617908100303,0.07329457441889044,0.046755267456509174,0.03248336429535229,0.5064227802341715,0.16820584512918327,0.026423109989590774,0.13201944056720222
183,0.014083936953139236,0.08384603782710495,0.059137341346666025,0.04154532010817976,0.5049860093059261,0.1875693841175504,0.016571390082707818,0.0922605802577257
184,0.014424715465357217,0.06547298017741364,0.045339715356740785,0.03615237554158222,0.535886535914634,0.1826128054460983,0.0,0.12011087209717393
185,0.014676335249706355,0.05277559264707239,0.03656329799705073,0.03826167169129091,0.5903358155777889,0.15010660908337584,0.0,0.11728067775271471
186,0.015182813291109456,0.054318159548280766,0.03723062800943896,0.03619380199407552,0.5925908301939808,0.14979219397996804,1.2090336530858978e-18,0.11469157298214638
187,0.01660460410118909,0.05439881726269843,0.035923819713506985,0.03603408978843896,0.5940808728887396,0.14906955768363933,0.0,0.11388823856078767
188,0.01322787665710833,0.05998086165885826,0.03255415279909509,0.037540725150709844,0.5748833147303146,0.16628981292611045,3.83558356084535e-18,0.11552325607680324
189,0.01219935568544528,0.0584144085406613,0.038330036162228,0.03642908756232249,0.574392268451614,0.16856926126843147,0.0,0.11166558232829753
190,0.001695172226391556,0.05669899786395623,0.020770855897225285,0.036858930361039384,0.618515121937319,0.16438051735528902,1.372853795551656e-17,0.10108040435777936
191,0.010649540329604574,0.0295777469279075,0.004412796911104549,0.039482781592034166,0.7166225949769532,0.07959944962030774,2.488905730341786e-17,0.11965508964108815
192,0.00951858022747454,0.033559940490155316,0.005489577217337674,0.0383842433181882,0.7469323557269857,0.06560228578675097,0.0,0.10051301723210754
193,0.006726241703192843,0.020917299650307135,0.007592029468625025,0.06044290699316898,0.7960879358729588,0.033597369929735686,7.655988389448034e-18,0.07463621638101159
194,0.014469951386474111,9.529387680494092e-19,0.004923788268609122,0.07168153781616406,0.7588209472968815,0.058529557411696874,0.008665427599864984,0.08290879021930936
195,0.01188470232949446,0.0,0.00286884368905391,0.07691696902210164,0.7392834579749687,0.055735392565724566,0.013454300110469995,0.09985633430718666
196,0.012281851627557091,0.0,0.0081943745360493,0.07039988737218757,0.7585011819913707,0.032948096531077914,0.0011579864941552076,0.11651662144660216
197,0.01303301385607162,2.3017035080648923e-17,0.0077427746162062475,0.06941154130335686,0.76844375871105,0.02155434045443463,0.004346153375268426,0.11546841768261219
198,0.01474978863204377,0.0,0.009050529563374179,0.06997633797912929,0.757621244422032,0.018607970936727312,0.005143865698909264,0.12485026276678413
199,0.005801465763550092,5.043647096508846e-17,0.012286270259596211,0.061967882734678056,0.7555675788543229,0.03023680834247601,0.0,0.13413999404437663
200,0.0037133057204509568,6.956411604040676e-17,0.021122235933637466,0.059966824202031734,0.7706190419301668,0.017240813100859023,8.995794302297094e-18,0.12733777911185404
201,0.007895321677552147,0.0,0.01814887503491713,0.05209552373271279,0.7802280096350868,0.019865764065720125,0.001673825935145447,0.12009267991786536
202,0.010320334154632209,7.718843165220247e-17,0.01948180389150247,0.04049636365376999,0.7955485627073066,0.019902871199106886,0.015446378581935358,0.09880368581074626
203,0.018195416818967743,0.0,0.003403949063232257,0.0461558652196928,0.7794465037534298,0.04244277419289947,0.012441282791834648,0.09791420815894317
204,0.018849903030094897,3.632190497989093e-18,0.008252828072368266,0.04725586107548155,0.7686259830958098,0.03984563620355347,0.0034276233862937655,0.11374216513539827
205,0.018607096413837936,6.29141662506383e-17,0.010339533808469506,0.045954155386226964,0.7436711586392023,0.03859421576454268,0.0,0.1428338399867205
206,0.01966493199426418,6.35202907013796e-17,0.015040398872307546,0.015162017123356691,0.711786763505647,0.0385397287307627,0.0,0.19980615977266178
207,0.01960014949713112,0.0,0.01960439854543781,0.011745847637651581,0.6742110116181752,0.03201961869979845,1.070889527706005e-18,0.2428189740008058
208,0.022372719433252777,0.0,0.01676154277870469,0.0072278889740789295,0.6724703551503987,0.02835165120044039,9.326420262638374e-19,0.25281584246212446
209,0.01901862393575923,0.0,0.021212896410208605,0.007932849089384183,0.6660632862927454,0.02858258782483376,2.340344334625821e-18,0.25718975644606873
210,0.01905716907797779,1.0055816331115387e-17,0.021373671964643307,0.014133286351406323,0.6704372805396746,0.028466752418326306,0.0,0.24653183964697176
211,0.029348415680191368,2.2696006409585842e-17,0.021987103680236608,7.889446975121848e-18,0.7295489974111825,0.028208335896147848,0.006353893418805914,0.18455325391243582
212,0.02609913350746408,0.0,0.014744810196505134,4.854824295352861e-17,0.6901293720099475,0.021402004070101673,2.0758997778274132e-17,0.24762468021498155
213,0.01583828766376539,6.6231749671210665e-18,0.0192372017816122,1.8407534721254834e-17,0.6753605236363496,0.02415022916880593,0.0,0.26541375774846676
214,0.016091605943951478,5.843756458645784e-17,0.017918879591533404,0.0,0.77496755753698,0.022034252357284696,1.1225304133476389e-18,0.1689877045692502
215,0.022882764739916305,0.0,0.015045044546800451,0.0021630666917598082,0.8591781176217734,0.035021143443480375,0.015029017386565103,0.05068084556870457
216,0.022571154698983555,0.0,0.014298010729723427,0.0,0.9071177459048767,0.033886493605518535,3.461188380714424e-19,0.022126595059897784
217,0.02789856297790873,0.0,0.014704858640996332,0.0,0.9107977547264071,0.035688860107806426,2.130112274890865e-18,0.010909963545881389
218,0.03273092292462581,0.004415061344664001,0.012099511246535877,0.0009726367850393658,0.875186823023456,0.03522821284771137,0.001328212263345264,0.03803861956362228
219,0.025189947968757738,0.0004931865608690742,0.02167704837582945,0.018362114158262517,0.8582607200341509,0.034484074541088316,0.0,0.04153290836004202
220,0.026975675925344278,0.0017218163736943024,0.02034380244760924,0.00717802262244855,0.890121475103613,0.03693996571797568,0.0,0.016719241808315036
221,0.01889218370849232,0.01681864937744993,0.016038143044502087,0.022704362354271763,0.8371849562230715,0.029643753704748345,0.02347938724429476,0.035238564342169175
222,0.044336490820743896,0.023319319699495654,0.017320974113071756,0.03528364114747468,0.7736584798491063,0.026648670441443895,0.03163068450487731,0.04780173942278627
223,0.052662498444981984,0.025812753878438236,0.012861772852417418,0.02469575556638789,0.7478365147712981,0.028128556296519412,0.04540991063586715,0.06259223755308964
224,0.06960876123556406,0.034441775873498545,0.012159431607754642,0.049530226491441655,0.6324931127091974,0.02585456368989107,0.06880110440538398,0.10711102398626865
225,0.06747452438743606,0.03622239279622383,0.009240955959034503,0.0656948905759702,0.6338580126363418,0.02938917676302325,0.06826982263975244,0.08985022424121791
226,0.0739471832684232,0.03642026512457312,0.010056915634586473,0.06992444026373237,0.6437307715462386,0.030757689108069947,0.07226982825345583,0.06289290679992032
227,0.07469202032384975,0.0348991375464752,0.010216201821056266,0.07021405286420368,0.6193214305795837,0.03235474475825853,0.08122875450776317,0.07707365759780953
228,0.0716060069539437,0.03171048957635155,0.006545090158753191,0.07302904140491687,0.5951035305125829,0.03631244838230812,0.09014428993943244,0.09554910307071113
229,0.07061891340190611,0.03158403824307596,0.0052163405156046465,0.06798815246359863,0.611695447925318,0.03686465894525454,0.08687884677610834,0.08915360172813369
230,0.07187590994853119,0.027914345717553895,0.006996831961468148,0.07912544742460034,0.6113980604263839,0.03805994550785106,0.0955710611300486,0.06905839788256264
231,0.07440942973062223,0.029794974195508,0.006968039518846088,0.0740850637792446,0.6163737968180022,0.03873223420185113,0.09516764814067233,0.06446881361425336
232,0.06594597708428793,0.025702734640893798,0.00039968401893545615,0.06965916607115889,0.6316918904792439,0.04231263540789739,0.09145542274100843,0.07283248955557424
233,0.06576062544011686,0.025641007325761606,0.0011835333831477592,0.05828063114216344,0.6473421112358269,0.043970154112605436,0.09899518187878682,0.05882675548059122
234,0.07499135338686977,0.033253418971601015,0.008956757489682294,0.07996460928852607,0.5547450600436061,0.033684512269244384,0.1348403229129322,0.07956396563653814
235,0.08719849579570797,0.03153103341534583,0.005896318100025475,0.0884107680291304,0.5817858855271051,0.03208499368786994,0.12817903948225684,0.044913465961558215
236,0.1013200680083397,0.03423806842576675,0.0030113868758135385,0.0821700780612567,0.5825758575904365,0.033259514554740834,0.12589644857730878,0.037528577905337104
237,0.09815040454960933,0.02905859137266321,0.0,0.09985640389256593,0.576217869850651,0.027454384902355456,0.12735656144713006,0.04190578398402486
238,0.11672236233146613,0.02865320159604454,2.1559845227655452e-18,0.1261527835610477,0.5447737097369024,0.02234823043441442,0.12385311260889632,0.037496599730228335
239,0.13417284208666266,0.03290990177355835,5.7733898033693396e-18,0.19805259292778166,0.38448876225693307,0.015080966725759029,0.18980735620232844,0.04548757802597691
240,0.15213304382818174,0.03836213831392932,0.0,0.20111482020086147,0.3516375334865447,0.014828346432934,0.19935853745854257,0.042565580278006186
241,0.139375239794502,0.04105792247221126,2.5516205791520237e-18,0.2121785810047484,0.34099669562763046,0.026937800810348186,0.21983964044795568,0.019614119841604074
242,0.07250984309113606,0.024695374667131207,2.6080892217207574e-17,0.15891781964423296,0.4476166046814169,0.03218400144158489,0.2381169304619691,0.02595942601152889
243,0.07291513674226967,0.025397355767392993,1.9932438871772366e-18,0.16761484147545894,0.43830182678542096,0.037473408659782347,0.237687010241644,0.020610420327031104
244,0.06982709818629891,0.03410763618340125,9.32909597677704e-17,0.13776437141516343,0.46115730424092904,0.030762050651533687,0.23647886717248529,0.029902672149188403
245,0.08526896198582556,0.039838772600701206,0.0,0.20911467978948547,0.3857143266437319,0.02887911955481549,0.22654027148954367,0.024643867934896674
246,0.06685605470778817,0.0413678253325445,0.003934640171051731,0.2534770777541975,0.3732462373428822,0.03337682755634703,0.21866030263417932,0.009081034500009529
247,0.057525720880651825,0.043024729828839196,0.008935822833383624,0.27520826374876955,0.3257294875517871,0.055477408364357605,0.21653276913790176,0.017565797653309363
248,0.05768049757956773,0.051350593773740294,0.007915207240472422,0.26452628116860116,0.32378194610382394,0.06070049225777451,0.21749103051431082,0.016553951360709043
249,0.05377461159689042,0.06888182268661354,0.01186007770403787,0.2669422885397824,0.3040459751127689,0.06167565471091751,0.20963298811795808,0.023186581530031142
250,0.04835337758327793,0.07814714412024791,0.027974474338755433,0.25518528527389234,0.27820296711006154,0.06395193569783234,0.20484351363874742,0.043341302236185084
251,0.049753241704806814,0.10201672802907698,0.023145069756536556,0.24698285977682585,0.25744353157254724,0.0638490030810642,0.21521430784919277,0.04159525822894958
252,0.060986746413640575,0.1014901475634172,0.02692193558845046,0.3513522200597187,0.1313741140919598,0.07719675746801538,0.2113955088431087,0.039282569970689095
253,0.05680746268920747,0.09125511074710307,0.028965250847405765,0.3844799118073213,0.13579850266484286,0.059538626440683244,0.211602336882703,0.031552797919733304
254,0.04505014618456207,0.08696333467896916,0.02762577316918566,0.40277297349830415,0.14486974559430202,0.05805208535860495,0.20145711701289465,0.03320882450217732
255,0.043785202059280846,0.09028268388694076,0.02799407316307406,0.40133962749695695,0.14380205743089897,0.05978616250307813,0.19654161571788434,0.036468577740885834
256,0.05374574566152701,0.11312012471050759,0.027832427080925592,0.36984486057262095,0.1273815221791425,0.08207598591659272,0.16998051457126767,0.05601881930641594
257,0.05205274514819522,0.09593544265323609,0.022246740386688366,0.4412429850341522,0.13010816886409368,0.07811303842294291,0.1455704983013576,0.03473038118833383
258,0.04585528564860162,0.10242577863203037,0.029478160615462067,0.4043792073441451,0.1393993908539712,0.08119992912790606,0.1479251044846899,0.04933714329219364
259,0.051644630585414894,0.0993678607799215,0.030030334856324573,0.38187078960735654,0.1503770590909317,0.08230419746845286,0.1552382358679372,0.049166891742660736
260,0.04774419907987479,0.09546321026118613,0.02777281619213893,0.3888912167211904,0.14993944546075438,0.08487052754497634,0.15526036287763798,0.050058221861241016
261,0.07681303258822754,0.15667213710790365,0.042192929680431125,0.22978164599248108,0.1558004533227839,0.092143031969756,0.20142290950133926,0.0451738598360774
262,0.07358589464572914,0.1550402384198156,0.046927512406977075,0.23163408117518275,0.15401171445216189,0.09676561966018014,0.20453113236705642,0.03750380687189689
263,0.07434104907279267,0.15894758625627906,0.06660465587305633,0.21805074734001018,0.1447427009651795,0.09411264901289046,0.20735336042338762,0.03584725105540414
264,0.07688707060161817,0.1632848606009684,0.07438864972068793,0.18267126254138288,0.16586957878885872,0.09997310444329613,0.2102613810312419,0.026664092270945818
265,0.07719824386810663,0.15902547157180016,0.07725426949012215,0.18302888587688126,0.1683788217806792,0.0948135189146862,0.2108518785742736,0.02944890992245075
266,0.12103306111001398,0.13896626611093552,0.08822636113357536,0.148098171760428,0.16499062356929292,0.131785889655996,0.16919489649856542,0.03770473016019274
267,0.10580039980191049,0.12295738439248205,0.09911092928599144,0.1543339909650846,0.16899601048287427,0.17394274859826295,0.14280623769943712,0.032052298772957025
268,0.10600589370138085,0.119133534187363,0.09747901960796891,0.1534078654668383,0.17193635309905844,0.1742672928026866,0.14457341045858565,0.03319663067511825
269,0.11968010016683173,0.09462248216061916,0.09417334708482385,0.17299028716732254,0.169095308758448,0.1759474333513733,0.14240972957901574,0.03108131173056569
270,0.11255320666859438,0.10539975607245072,0.09934917041480225,0.1723232345281194,0.15773538496290815,0.18377010133348326,0.1371258853453405,0.031743260673301264
271,0.10997411917394394,0.08799797892537664,0.10346719803264799,0.16614246786281323,0.16313019474283108,0.2066407677607731,0.12915569928113774,0.03349157421947629
272,0.11174621637836499,0.09007606698346945,0.10853913516243718,0.16032025002552128,0.15979652086135956,0.20868667995512402,0.1270840752173106,0.03375105541541283
273,0.11228683651118616,0.0900636461121547,0.11580349066843093,0.14995084861058838,0.15679375257629713,0.20774974911787988,0.1302581026321136,0.03709357377034905
274,0.10616178653849145,0.09038023933601697,0.11262824252544627,0.1441222053490863,0.14927231917615053,0.23524711002327714,0.12533704776391286,0.036851049286618504
275,0.09502142476462888,0.10167306355872636,0.10658100503041082,0.13791331167595314,0.1321535549884355,0.26773451968225676,0.12649407455963382,0.03242904573895467
276,0.0962845180531943,0.10130130432472093,0.11020691526000935,0.13262891977299962,0.1297424545482784,0.2757159877051712,0.12150023047000671,0.032619669864619436
277,0.10258254951423261,0.09909500501963873,0.11082027697253444,0.12648957890224208,0.13366249774017788,0.2655251584330026,0.12213955498919862,0.039685378427972935
278,0.10572521951461232,0.0837282498966753,0.10680381170912132,0.12463989032330776,0.1255582987754678,0.2806763833394315,0.12442158463863681,0.048446561801747064
279,0.09618628730425587,0.06904013112796954,0.10708072706056128,0.1292505291058707,0.12199895557263332,0.3009181044095777,0.11699657892134023,0.05852868649679129
280,0.09490547355980702,0.07013052409349456,0.1111054097482551,0.12978519171649217,0.11963124390078256,0.2936084013769068,0.12700004074731136,0.05383371485595038
281,0.0933837769103955,0.0612030020169511,0.11607832658675481,0.12409590390299623,0.11262849698089163,0.29549753440988563,0.13577123758336285,0.06134172160776216
282,0.09443284303550493,0.07348027371948353,0.11434854542468216,0.12762363314901656,0.11486920865535037,0.2800685665667029,0.1351964134617114,0.0599805159865481
283,0.09574707606405944,0.07502551926807703,0.12896050596231912,0.1221318267182915,0.11247252863973908,0.2748355870085681,0.1383161168792088,0.05251083945873687
284,0.08076475838026732,0.0705839633895672,0.1163386000049662,0.1122377952569504,0.09868131872183916,0.33897063245897646,0.13448022723691408,0.04794270454951922
285,0.07097709532991778,0.07254625976444051,0.11584164688259144,0.09987586119571801,0.08496512863880304,0.3639962300436499,0.13226527912618785,0.05953249901769144
286,0.06721107181387181,0.07092445533031402,0.11940988102994378,0.10081278687440452,0.08255869823537522,0.3578953803567746,0.13609520163265146,0.0650925247256644
287,0.06290674013076131,0.07671560537735575,0.12087960645954983,0.09141240231133042,0.07505102219412407,0.37453042644875634,0.13092734384908689,0.06757685322803536
288,0.06043806946452171,0.06391383340239119,0.10976080869745661,0.09775949232506476,0.07430149506012292,0.3966791571820929,0.13536905135718497,0.061778092510164896
289,0.05492273519672561,0.0631796808867313,0.1063834962766655,0.08541259516671615,0.0783210887425027,0.4657190754143952,0.09396695509875093,0.05209437321651256
290,0.049339387913520424,0.06802233249911296,0.10544754897398373,0.082113005556527,0.07847867714502749,0.4709984070198186,0.08835337597461998,0.05724726491638979
291,0.04637965813707662,0.061880724206994496,0.1170780634193382,0.0680535654359072,0.0673977970482925,0.5108903247417533,0.0639481981321192,0.06437166887751838
292,0.08728815344423178,0.07180466017116978,0.12824065417262387,0.06241009333690926,0.07079572412463815,0.4927597846981613,0.038450844462961674,0.0482500855883042
293,0.08622693520494966,0.07007229205877703,0.12882465560566786,0.06173015651419358,0.07157041493197072,0.4941623331639807,0.03451968876900435,0.05289352375045605
294,0.0856445836375261,0.0725737002591379,0.13003286779048173,0.060108200798226735,0.06883766078509186,0.5111460099971111,0.026155545092023447,0.04550143163940111
295,0.08050710860537871,0.07055463337126756,0.12721871683671965,0.05898680642914378,0.07100121344073637,0.5223391237693391,0.018298266191482535,0.05109413135493225
296,0.08411050220961862,0.07032971581675196,0.12243751938263248,0.061081490450911366,0.07639549005826177,0.510852089221761,0.018589892230907786,0.05620330062815503
297,0.08487609620082008,0.07080289925354737,0.12215892821928363,0.06109242650496251,0.07816236722670183,0.5101259019887887,0.01701591832229335,0.055765462282602665
298,0.09147481975416633,0.06988096614213142,0.13131414509358813,0.06567729372755779,0.08598832767198357,0.5061227210670363,0.0011249961649941913,0.048416730377542364
299,0.09213641283778679,0.06987055311086482,0.13050100180387042,0.06653477097024894,0.08508758857667816,0.4992955576106398,0.005922794679619848,0.050651320409291045
