oos_period,model_1,model_2,model_3,model_4,model_5,model_6,model_7,model_8
200,0.002173958417162296,3.031354962301538e-06,3.6110380523811028e-06,0.633682221572421,0.14423149730570117,5.478393874354543e-06,0.10062630937549319,0.1192738925423333
201,0.002446652368114149,4.6122903173356313e-07,5.117123686332489e-06,0.6763395961380237,0.12561809070398086,7.329667783011226e-06,0.09655158435675638,0.09903116841262384
202,0.003059948450250488,5.050878252073026e-07,7.284027435832504e-06,0.6889630257635473,0.11764594119082027,4.6414436242200835e-07,0.09156405285114508,0.09875877848461345
203,0.002539724986090646,1.5924510148875374e-06,1.977605454662189e-05,0.6691340556922014,0.1221898465958926,4.241616564802408e-06,0.08826697856169168,0.11784378404199744
204,0.0028559425357738352,1.68553544076961e-08,3.4651738639218194e-05,0.7028279348125296,0.1087366314183606,6.242651304400846e-06,0.07816956636067057,0.10736901362736732
205,0.006780990825303534,2.1619004639776227e-07,7.726745852149974e-05,0.6281423381444176,0.14534269712652806,2.220781561761397e-05,0.09132173892075597,0.12831254351880944
206,0.010113235639824632,3.9513043467075385e-07,0.00015972532319094562,0.6307101161194547,0.14006243393901135,1.209989441479471e-05,0.08940728908674737,0.12953470486692148
207,0.013010099424858385,4.816984566375929e-07,0.00011277122846156397,0.6218389823040954,0.14102096908774175,8.535244843296964e-06,0.09696033858755893,0.12704782242398416
208,0.01591200607428464,1.3313205710258623e-06,3.486793475634325e-05,0.5852513600418757,0.15286908669536664,1.2615356661581705e-05,0.11169273837586817,0.1342259942006159
209,0.019291840861252647,2.6737712752147824e-06,5.809768606497738e-05,0.5795994449805544,0.15643235937478148,2.4269381868409968e-05,0.11896835678813344,0.1256229571560695
210,0.012654173659217822,6.459397853333979e-06,4.7925873636638265e-05,0.5921515015778249,0.15612201527627204,4.935047680305611e-05,0.11899738306961222,0.11997119066878002
211,0.013726926630272552,2.5468507063150694e-06,8.250729521884353e-05,0.609713883703372,0.15049756418154275,7.326174048371934e-06,0.11394138304271796,0.11202786212212117
212,0.014478079616997914,4.8460427851322874e-06,0.0001533370547932635,0.5344644632844965,0.16776287156796177,1.0314946811849016e-06,0.15018083466028578,0.13295453627799847
213,0.0125639376522555,1.6992015217471486e-06,0.0003252225053111092,0.5316916532800955,0.16915468716735843,1.9498338625948888e-06,0.1544746747568365,0.13178617560275863
214,0.017466322243273137,3.056980536592081e-06,0.000644014406714356,0.49820276587416734,0.18427934283779668,1.5611154879638891e-06,0.15418724686428328,0.1452156896777407
215,0.02585584098720326,1.7136806811562167e-06,0.0008002612709186299,0.4849859518517796,0.19243766136399634,9.030264826944929e-07,0.1580961227457269,0.13782154507321143
216,0.030702969025258715,1.7714733199727642e-06,0.0012758261026168199,0.46815519400255073,0.19986149993617047,1.6797065422161474e-07,0.15259274201642473,0.14740982947300443
217,0.05219846759848102,5.165978571083915e-06,0.003005865621469483,0.4983380988220399,0.21155437929985055,4.4462156979215823e-07,0.16060556140607862,0.07429201665193969
218,0.0691901531756502,9.195853990718432e-06,0.0015583507845739531,0.47862522505378485,0.2201197623106347,1.097596453222762e-06,0.17006084738065916,0.06043536784425318
219,0.0741928205291785,1.3536612826714358e-05,0.0030433413414705044,0.467853361499535,0.21340571827042476,2.71328198861786e-06,0.17439374288392634,0.06709476558064958
220,0.10079516033992303,2.906272765732144e-05,0.000773545023110345,0.4454489446172017,0.22215522248039604,1.2022777780517687e-06,0.18000088941419354,0.050795973119740045
221,0.11156550358869571,2.7351094278474614e-05,0.0008304047292388459,0.4311679138255268,0.22030493362833387,1.2325251866653968e-06,0.1818893364474615,0.054213324161278206
222,0.140229894909264,3.445472769570355e-05,0.0013164865542309265,0.4073889658993043,0.22095242137970522,2.159445115801015e-06,0.17145480431960558,0.05862081276507841
223,0.09407943455654273,3.2047981378043086e-05,0.001551547097978442,0.4552417616721442,0.26976505274295876,5.978332093611736e-06,0.11738508281684867,0.06193909480005557
224,0.026134906583354052,1.2168955873028334e-05,0.0012743860867112848,0.8784420683911266,0.039172921046136726,5.267079061918286e-06,0.02725649399699957,0.02770178786073676
225,0.07988438658616107,3.7005816168780464e-05,0.001875658234633522,0.5177694237836976,0.29311445970652406,1.6030236151884706e-05,0.04373558381993425,0.06356745181672889
226,0.08445243967916108,6.654185443335436e-05,0.0019512501687940405,0.532599012847452,0.31779476176402116,2.789745577008711e-05,0.03613798082575321,0.026970115404615153
227,0.08134327559562111,8.843161058042461e-05,0.0035880747258442117,0.5378857784943568,0.30158710221189994,5.181921221187849e-05,0.04793755585866414,0.027517962290821527
228,0.09218028481094873,0.00010186161621138807,0.004243175355435743,0.5292895325087096,0.3202891689808636,2.7780170311661724e-05,0.02374416849354504,0.03012402806397424
229,0.09308745043864554,0.00014334457324466804,0.004379683715083741,0.5075013240451643,0.3353736544958329,6.123022548265634e-05,0.02901959965731164,0.030433712849234504
230,0.10875127989558968,0.00012680204480616423,0.004905129272400276,0.5029791564035143,0.33279494736596693,0.00011556063227574005,0.016530933558895827,0.0337961908265511
231,0.07650052377782678,0.0001919337887488065,0.007677931692431622,0.5243639365029646,0.34002401414701766,0.00019530983672074207,0.01746227824842186,0.03358407200586789
232,0.010829660785610411,0.0002935233822668096,0.01211997903354696,0.588200924023278,0.34767258291390185,0.0003423187590155464,0.009518885539589189,0.031022125562791172
233,0.012068584591500292,0.0006855294781780385,0.020425305024810457,0.5684170341125439,0.35947289400700194,0.0008030749189436389,0.010368043432790665,0.02775953443423113
234,0.017536256725229696,0.001362009273173491,0.030490021140107335,0.5570061285851428,0.36637297495503124,0.0014979357301204352,0.010636114830067633,0.015098558761127532
235,0.018668963369776807,0.002428576544481364,0.04753968655633217,0.5443146471539371,0.3675416979836114,0.002599322004778428,0.005374922025005054,0.011532184362077688
236,0.013857080036140843,0.004365640684193114,0.06931491880052235,0.5048044921140649,0.3846930122943751,0.004823482074992165,0.0054930990594698964,0.012648274936241776
237,0.014340099470479538,0.007513431610703383,0.09291059730632345,0.4840938893727008,0.3854306592552082,0.0014305669158789361,0.004993270570770718,0.009287485497934959
238,0.01750034592646083,0.013680387194164728,0.10801588738023489,0.46149841053752094,0.3799131742635041,0.0022576380922030292,0.005725174994437777,0.011408981611473653
239,0.003560940709675003,0.020276826115145394,0.1307654241207256,0.45283573433926366,0.3764226362459844,0.002136277782300884,0.00577813334337803,0.008224027343527006
240,0.005209436994425592,0.035939732342651624,0.09569268151770868,0.46282836127225174,0.37997638076309714,0.0018780481636961987,0.007915840574643023,0.010559518371526126
241,0.006916018206898268,0.06180228053188679,0.09775584242736883,0.4367126166892431,0.37726796002494795,0.003221360417962361,0.009030262781969436,0.007293658919723122
242,0.0048892316994347,0.04860573599475947,0.1003478135595754,0.4253420111395942,0.4021488182553282,0.005810247206145806,0.01034014264431361,0.0025159995008486157
243,0.008441137557132026,0.04276646959929993,0.014164301966729569,0.4439322939012508,0.458919064725471,0.014669612504138148,0.012336579071625465,0.004770540674353186
244,0.009734793151061702,0.060516340465514414,0.013291196053240377,0.4267507172404862,0.4489041769310589,0.025525261841487682,0.012964765876177713,0.002312748440973135
245,0.004369750043508613,0.06805242865583559,0.02370529050968546,0.37674190348539444,0.4476571773349325,0.06167277280174735,0.017468896138708084,0.0003317810301880325
246,0.006677143532479975,0.12142565757732612,0.03129082532558898,0.4087751608170048,0.2996889680935163,0.11266276938741206,0.01875383232516092,0.0007256429415108291
247,0.008530865037482413,0.14558008390728375,0.017058904075656314,0.3933344229003232,0.24589442888132668,0.17573446441729257,0.013543017416891024,0.0003238133637440389
248,0.008441847047118057,0.19442942954400758,0.01868581231241394,0.31123895488963876,0.24287242989122862,0.20799901235927004,0.015906710331025916,0.0004258036252971056
249,0.0052667061543104935,0.24347990911443254,0.01890627697673983,0.26757185969683833,0.20981152410916573,0.23771744613298873,0.0167667182803284,0.00047955953519592784
250,0.0002681130370391311,0.23201172898144187,0.014342174500960432,0.239886564402357,0.19628596558860217,0.2972156156021201,0.01936953141412865,0.0006203064733506141
251,0.0012320957548786818,0.21308161939177434,0.012425039232734716,0.24480536611502562,0.19697037087186658,0.3105923844765116,0.020072517419529493,0.0008206067376790233
252,8.693800292617986e-05,0.016911456516454634,0.0005972238472816934,0.9621845432986463,3.866303431099219e-06,0.01943008367662972,0.0007787398896676188,7.148464962774353e-06
253,0.0023964967544261463,0.5203416066496208,0.029524600771340084,0.00029958175952229195,0.0038158256121817663,0.4417955495110062,0.001801126161730197,2.5212780172531645e-05
254,0.00012323136479969388,0.48165398234780793,0.05132254752067361,0.0005960601343461115,0.011862621375825477,0.44868435103918675,0.005672529453147598,8.467676421284555e-05
255,0.00015395566689349155,0.3590635588289601,0.046985873678356764,0.00021702956852418705,0.0052365078172544105,0.5832315501307512,0.004992494469262773,0.00011902983999713939
256,9.636122910269849e-05,0.40332721903478075,0.04110336835013229,0.00014595093779141304,0.0030521886143737437,0.546670304736258,0.005444603391221536,0.00016000370633958508
257,9.689814277549834e-06,0.3837533385984294,0.03995679541644424,0.00013517186128546578,0.002846903683740661,0.5681616898484336,0.004955257968312763,0.00018115280907630312
258,7.215026121496123e-06,0.34810831621285215,0.04282992122131027,0.0001180895339868916,0.0016401707251910117,0.6035494607458541,0.0035318023485042967,0.00021502418617970682
259,9.22657523510825e-06,0.30968958209251196,0.0370212385057121,6.157409023455289e-05,0.00020396339028758555,0.6493424515931586,0.0034643548159438704,0.00020760893691623787
260,1.679744139354846e-05,0.02830604707225798,0.04572803693485924,0.00010777380001907163,0.00017667757085373446,0.9247107730830201,0.0008979622663553034,5.593183124108067e-05
261,1.6105212027323734e-05,0.009373117318338661,0.007260747348398794,6.656979603418885e-05,0.0001756185269363536,0.9826339599195963,0.0004719422946053884,1.9395840630309374e-06
262,2.9419743813096853e-05,0.01484031696896127,0.008785586537278962,1.3035654041631053e-06,0.0015133896657111387,0.9738728531185059,0.0009453863601162145,1.174404020921171e-05
263,4.637470124456663e-05,0.012925573391711452,0.003201657323516147,1.0815428475032063e-05,0.00023839912621974373,0.9830812140791679,0.000495693497875564,2.7245178957095305e-07
264,5.4560603934666545e-05,0.00017953868485751724,0.0008953286577324462,1.9597587521175142e-05,0.00025640552277317433,0.9982288077870749,0.0003655295154879429,2.316406183099932e-07
265,7.324176845389778e-05,0.00010278017377875753,0.0011342091938058112,3.126786674346975e-07,0.00046405864548225315,0.9981433838847236,8.165274673760964e-05,3.609083506835142e-07
266,9.165508361377933e-05,6.12303819681194e-05,0.00010741635474301848,3.008733141859094e-07,0.0002122745542869598,0.9994548619871568,7.215055847892453e-05,1.1020643816110059e-07
267,0.00010074788539741495,5.2795554672140804e-05,3.0796540403670205e-05,2.5854314131009e-07,0.00013776816700917003,0.9995852906453034,9.22331564784876e-05,1.0950759439796452e-07
268,0.00013622424518106553,4.909751654364087e-05,3.913065161396985e-06,9.319481276803302e-08,0.00011752980252773486,0.9995793893038594,0.00011357142116566925,1.8145074824811643e-07
269,8.425140823214601e-05,2.196755310408029e-05,6.402143589868741e-06,1.2982369027398503e-07,0.00016891478660226972,0.9995559228078605,0.00016240282551433657,8.651406391590278e-09
270,5.633818322323104e-07,1.847490501388762e-05,1.110517709041668e-05,3.233091553779396e-08,0.00022044894336088175,0.9995143644597495,0.00023501032895431777,4.730831203439343e-10
271,4.008734830454962e-06,3.0137738900073654e-05,7.830698344618459e-06,5.150975987362314e-08,0.00026358981945355926,0.9996247589353747,6.962117510279234e-05,1.3882339412321147e-09
272,7.308528842879925e-06,4.532119732623577e-05,4.480903949176156e-06,8.697649525544839e-08,0.00036172911136420397,0.9995274205683164,5.364987319695834e-05,2.840508800922796e-09
273,1.4748975628861177e-05,1.1581953912541478e-05,6.6516651904097364e-06,1.360376801729805e-07,0.00043167635604423005,0.9994780418150792,5.715607853288987e-05,7.117931795688682e-09
274,2.3490447386948564e-05,8.566191763474187e-06,6.645311139028431e-06,2.4951673109971317e-07,4.6987025159834776e-05,0.9998430910530258,7.095366262593953e-05,1.6792167779043644e-08
275,3.4561826016037115e-05,4.475149784775937e-06,8.348843594300774e-06,3.8516649352280037e-07,0.00010883551694406233,0.999749906403712,9.344688310949731e-05,4.0210345861135055e-08
276,4.523016580788098e-05,2.99465157916469e-06,3.0800283002885976e-06,7.071898565784663e-07,0.00018509658360705246,0.9996188507012861,0.00014396482308065564,7.585648226945282e-08
277,9.084027571248089e-05,5.034449088677787e-06,6.191697555304158e-06,1.770483260303743e-06,0.00026652651670041987,0.9993504896996332,0.00027895295442544336,1.939236240516951e-07
278,1.3520018711061196e-05,9.026102945131542e-06,9.11578572480801e-06,3.073712819571931e-07,0.0004270419041925684,0.9992204615547088,0.0003200836479435235,4.436144921296895e-07
279,2.3942573407190957e-05,1.0022164403733044e-05,1.4508373073283443e-05,5.2406290818696606e-09,0.0005753727286828723,0.9987437830532209,0.0006321248389096167,2.410276732676119e-07
280,3.701328701871143e-05,1.8092789983098965e-05,3.1623801078629773e-05,1.8659860446063622e-08,0.0004806519125236551,0.9985519212057071,0.0008804926242504331,1.8571957781346307e-07
281,6.802833289693394e-05,3.432249905975362e-05,3.3205234824029706e-05,2.581697502845382e-08,0.0007907653363765249,0.9977833259219626,0.0012898067484346846,5.201094704460122e-07
282,8.856064096713823e-05,6.038783650875529e-05,2.737131943911983e-05,2.076630056969416e-08,0.0009205386207209478,0.9971071757062367,0.0017948964579830601,1.0486518435893013e-06
283,0.00015438819358909876,4.649263042856139e-05,5.5373629246265994e-05,1.292263729110798e-08,0.001474052817008949,0.9949815873033314,0.0032880300610362684,6.244272225523354e-08
284,0.00032896319693414156,7.208519658034659e-05,5.144001628492829e-05,1.2588850949994699e-08,0.00222604225533894,0.9942416531149758,0.003079758462385693,4.5168649169689415e-08
285,0.0002545845778669687,0.00014051766253752603,9.930573495045949e-05,3.522125877770222e-08,0.0029906428128849394,0.99175742515004,0.004757478778590526,1.0061870838769457e-08
286,0.0003241145264639632,0.00020992997446547782,0.00013073417492822674,2.3211098941956128e-08,0.002280097761342405,0.9898182081005317,0.007236859352651715,3.289851764313682e-08
287,0.0005660579566792361,0.0001512016328984082,0.00022702838920008925,6.716023841357011e-08,0.003324033934291078,0.9859497990487281,0.009781717660433798,9.421753089032817e-08
288,0.0002503863249889657,0.0002394850843678046,0.0004131938498915667,1.0722867420344787e-07,0.005132630274677785,0.9832734723031576,0.010690507948507795,2.169857342080395e-07
289,0.0004158657167623611,0.0003924263383796784,0.0006111170631646218,2.279691047552565e-07,0.007059631072969382,0.9762731588938147,0.015247124852435004,4.480933694947645e-07
290,0.0007984498095107471,0.0002233738528340983,9.376213714862027e-05,2.029614209094716e-07,0.007871439395336436,0.9693990305070955,0.021612785565211377,9.557714423908792e-07
291,0.0010589626697368225,0.00035786648169157376,0.0001310609702581035,4.0116305649424637e-07,0.011328489365051462,0.9631509889539536,0.023971138947028,1.0914492239335946e-06
292,0.0010774837119849358,0.0007270064262724813,0.00022255244025745006,7.045333951691493e-07,0.00955728448681204,0.9550300568410796,0.033384900938923816,1.0621274631777508e-08
293,0.0016301243394928426,0.00023141416656866128,0.00036842977710751753,1.4231015724549873e-06,0.01268862710431064,0.9596712070017394,0.025408688919444825,8.558976375107093e-08
294,0.0010383936966230042,0.0002938966719966759,0.0005630148012142594,2.908935401636699e-06,0.014427572295437875,0.9630355269009359,0.020638563060589376,1.2363780128677722e-07
295,0.001560660810721572,0.00020528170307249538,0.0005219381345642456,5.5078056156860126e-06,0.014742044262485075,0.9592673251581625,0.02369693504529405,3.0708008448449756e-07
296,0.002286411954460171,6.852159932903302e-05,0.0006901167009514451,8.982625145826833e-06,0.01956099813324247,0.9566085847188636,0.020775707835449568,6.764325580280494e-07
297,0.003659861044545323,8.137612065079701e-05,0.0010167514624198728,5.843545647097117e-06,0.028089409334015384,0.939600321243239,0.027545220516375087,1.2167331075284633e-06
298,0.0023546458668140973,0.0001411909864538926,0.0016471607565232047,1.4584486077672219e-05,0.037468950141390074,0.9457876145169446,0.012583230654007582,2.6225917888771187e-06
299,0.003333534905264115,0.0002392050345232413,0.002040490985359888,9.988863405030792e-06,0.0524569708775437,0.9271730851947813,0.014744447457856887,2.2766812659256205e-06
300,0.005348865042021827,0.00038820326324306623,0.002655516797442209,2.3969494007873983e-05,0.03265662758725281,0.942623212805216,0.016302081787771407,1.5232230447368168e-06
301,0.007961175691255963,0.0006012266371439283,0.0013660489537512894,3.930456565020652e-05,0.0407323451922006,0.9322309163074544,0.017067097179863513,1.8854726801678017e-06
302,0.009683868535517032,0.0004086059714938458,0.0010538430809726395,7.82257757271972e-05,0.0501957569434926,0.9167377484314223,0.021838885147200022,3.0661141741502096e-06
303,0.012620365940322509,0.000631316067024168,0.0017496011592531813,0.0001167217187792044,0.06896526902212612,0.8866216777860568,0.02929302766041477,2.0206460233271677e-06
304,0.014078257923822397,0.0008290483029012438,0.002780114576358349,0.00022565423538971468,0.08757001497978346,0.85682600729653,0.03768808780768927,2.8148775255824224e-06
305,0.014403110038305154,0.0013302211022593413,0.0024893986497528504,0.0001947769387429822,0.10594609330966018,0.8375510454284972,0.03807939398573961,5.960547042673202e-06
306,0.019546848990339136,0.001876766072315346,0.0024954168294346658,0.0003283699449043016,0.10226020364040313,0.8277444974215784,0.04573662598486957,1.1271116155525463e-05
307,0.02553887164682126,0.0017360990043830539,0.0036686157271093958,0.00034177380070578176,0.12034223083735965,0.7921448325749793,0.05620592718104816,2.164922759328385e-05
308,0.029363385989334856,0.002525818612313992,0.004249748294587784,0.0004832674850251792,0.1388917907362671,0.769401726923124,0.05506620521439672,1.8056744950279064e-05
309,0.043868998954970755,0.004953227229742815,0.007886321243620941,1.6290286412561418e-05,0.16527323433937552,0.7515604614702334,0.02643008778940324,1.13786862408378e-05
310,0.05392199176562499,0.001213429799478196,0.009368710422967965,2.3196258686021103e-05,0.14634320875207604,0.7601387517813286,0.028970529968402697,2.0181251435361066e-05
311,0.06115315904055799,0.001105319721953622,0.012107165625870046,1.8179682467699923e-05,0.17560785870279344,0.7164064701020046,0.033579676912814604,2.2170211537893504e-05
312,0.07942197550919364,0.0012101013769877848,0.01140265732967111,3.670120747299127e-05,0.2004244702049394,0.6707118069698924,0.036780158231144444,1.212917069822843e-05
313,0.10414329799387793,0.001641663607926686,0.01645968065900381,3.339879792579149e-06,0.19610865749986933,0.6384526446469968,0.04316326559230437,2.7450120228480298e-05
314,0.12990529126958095,0.002102079946944117,0.02001848257693169,1.5228611961552469e-06,0.19261305333834353,0.6034898327424536,0.051819321942050675,5.041532249937907e-05
315,0.14325372747495135,0.0020637414652941604,0.016291563194062678,3.048584104020613e-06,0.2198099877398274,0.5647151083351095,0.05377519097896493,8.763222768599933e-05
316,0.1588782573341978,0.0029567453308503057,0.022168819297485296,5.720335539764944e-06,0.21906809149315035,0.5476391523243218,0.04911828417641154,0.0001649297080432334
317,0.21431018101869861,0.0012512031574162172,0.03375430697806092,3.2362343136757602e-06,0.19565769174982447,0.5341658978939366,0.020503833548418872,0.0003536494193305611
318,0.2685226305387807,0.001339079431122371,0.03193435621051926,4.223956710640658e-06,0.13971762639564184,0.5353696130362634,0.02271409173840044,0.00039837869256146663
319,0.3292024400393408,0.0019460378622199064,0.01025199887773756,1.1437509182907642e-06,0.1276124902549072,0.5081212701068318,0.022242740345554006,0.0006218787624905403
320,0.36696883586041856,0.0027093269543319405,0.012710819003592179,2.064721607936254e-06,0.1094215912581029,0.4864956119295506,0.021461553921741667,0.00023019635065418
321,0.4173832387443659,0.0003886490692048761,0.006793463805070593,1.4957556065695725e-06,0.10633052943294768,0.4587678691964797,0.009935350322902183,0.0003994036734225634
322,0.4896976902382904,0.00025260944587156097,0.0003887144932814801,1.3501777586782434e-06,0.11931967454182792,0.38529635890744024,0.0044521590386349995,0.0005914431568946704
323,0.49844265250348824,0.00014529811685309236,0.0007903987872903132,2.807235050780469e-06,0.13142943057874415,0.36237379094735034,0.005725436744710008,0.0010901850865130428
324,0.5318404345952806,0.00014680577613596744,0.0010188298745695675,5.104141888480999e-06,0.13085697786186049,0.3282986608938059,0.006104532411042021,0.0017286544454169597
325,0.5807410502661802,0.0001393966957473128,0.0014025557020628456,8.849488571917926e-06,0.1357763878464157,0.27421338624580516,0.005422745384643938,0.0022956283705728923
326,0.6030232996248367,0.00015100891522374515,0.001655511750891707,1.0401294598064721e-05,0.1342820644374123,0.25173798423382265,0.005625733340909896,0.0035139964023049946
327,0.6259829269693095,0.00017127468392444023,0.0018724247674749405,1.5313831707178938e-05,0.1287044029937569,0.23126452954772989,0.006630717355746345,0.005358409850350842
328,0.6380114837564377,0.00023884509414523702,0.002472622238904333,1.8361749421509424e-05,0.13482247726953098,0.21004145404259877,0.007516765466629543,0.006877990382331892
329,0.6559189008490409,0.00012504169560404517,0.003108094850225597,3.1305893610893716e-05,0.1366803889344792,0.1892661059160166,0.004783206275954289,0.01008695558506854
330,0.670116212855958,0.0001405764376150901,0.004196598886924621,3.989607791591211e-05,0.12407265429072942,0.18099325796037447,0.00490412573508577,0.015536677755396558
331,0.6727400136582912,0.00021357201191152898,0.005176903984517994,6.596513469889174e-05,0.12817318291140992,0.16486326174501084,0.005893580879974091,0.022873519674185574
332,0.6737997807247941,0.0003056937273035186,0.00558211843479433,0.00010126977864150657,0.13021434913707577,0.1501332355846977,0.006769238778517762,0.033094313834175396
333,0.6732823816391246,0.0002740977186570634,0.007032372387702643,0.00014129466665146063,0.13246414912517224,0.1444163044421751,0.007422665562230337,0.03496673445828653
334,0.6775629718724171,1.3743381612341692e-05,0.008817455283073254,0.0002459247387047083,0.13341424304382124,0.13710252874002032,0.005976612117063733,0.03686652082328737
335,0.6925404278829733,2.627669622355059e-07,0.00986353448254826,0.00029659255674017337,0.1284883396047135,0.11612683704532654,0.002864741782306663,0.049819263878429325
336,0.695342459519708,6.601916523086079e-07,0.011931704518293711,0.00035975856008833325,0.12727545215289546,0.11108582593831558,0.0016058133333917235,0.05239832578565489
337,0.6738646925602945,1.1852909075723504e-06,0.011942783262743381,0.0005705626532957225,0.12203920728965387,0.11369116289847905,0.002479032698961488,0.07541137334566442
338,0.6543118884989944,1.5902552318836133e-07,0.008361434137591078,0.0009632253105804957,0.12147416012096673,0.1197452243314416,0.0023265651480277208,0.09281734342687484
339,0.6251200972071517,3.988171493190725e-07,0.007679655697426975,0.0011605382152398939,0.12159604492271099,0.11298301007305382,0.001309520384423022,0.13015073468284435
340,0.576962699473805,6.003922551451253e-07,0.010468439662559606,0.0016818488021113382,0.13037917814077613,0.11218949725552725,0.0018203532401736531,0.166497383032792
341,0.5480420844514222,8.815303318164215e-07,0.00580172401773974,0.0026565065166005665,0.13112790465119573,0.11269311076475513,0.0006953306782255927,0.19898245738972922
342,0.5259710769018967,4.111304546826718e-07,0.005245304535437341,0.0038348890334325707,0.13282528384150108,0.10570737230723981,0.000823851874635671,0.22559181037540207
343,0.5024581394007667,2.70938436436317e-07,0.005956404433151,0.005377459943367295,0.12485031129828143,0.0984572878804641,0.0008381576392532596,0.2620619684662799
344,0.4526904744655813,4.909391158056392e-07,0.002869619817005479,0.008333555805188462,0.11940880563085206,0.09539047878568802,0.0004241288398210365,0.32088244571674784
345,0.46772845557669884,1.6880265985320987e-07,0.0034687496500938084,0.011441189336451997,0.11778205673577445,0.09001595842629394,0.00012834244639388988,0.3094350790256334
346,0.4725730250620684,3.909099425462666e-08,0.0031642427729011865,0.00371496354607649,0.1221380590878097,0.08762289946408121,0.0002039578385890903,0.3105828131374797
347,0.43835119527439165,8.639825779802199e-08,0.00393960485368988,0.0059799280846062,0.12821983592699437,0.08650525137212461,0.0002354331502949174,0.3367686649396407
348,0.43441928299206506,1.539089350162961e-08,0.0028141901940641266,0.005503982287634479,0.13371185694565083,0.08734988711470018,0.0002888161683837227,0.3359119689066082
349,0.4198719669752248,3.855662136345735e-08,0.001623278540629577,0.006891462212911042,0.12762099139362745,0.08524467209585554,0.0002331765974580375,0.35851441362767233
350,0.4092170398950503,4.0597864217534605e-08,0.0021025250260405474,0.005507764192962133,0.13292466156677601,0.08539380238606394,0.00026796312708626016,0.3645862032081565
351,0.39252547993202713,5.4522119640982275e-08,0.0018273992748642218,0.007204597699067163,0.13421426496252659,0.08655796120898131,0.00011041857488353232,0.3775598238255305
352,0.3865990569841788,5.91049162163233e-08,0.001006907978912151,0.007209377224491526,0.14242096176552432,0.08580908959649992,7.469464969389861e-07,0.37695380039898013
353,0.35236090926700475,6.010089665931767e-08,0.0013709674611851275,0.007507159127746259,0.13731515312439682,0.0771003723946909,7.1742259572247965e-06,0.4243382042981223
354,0.33857856299762334,3.398409684660301e-08,0.0016122231607019536,0.009356987620509377,0.1370499706697447,0.07419463808314432,8.212703087983886e-06,0.43919937078109156
355,0.3164301163299287,7.142269949237723e-08,0.0015624889608920679,0.011864072548009908,0.1379478199072378,0.06356217071886341,3.1059918210775296e-06,0.46863015412054754
356,0.3071574266016307,4.907432830535347e-08,0.0017722820758574046,0.015318295113396429,0.1325421143825498,0.06479962841268824,6.09135814920795e-06,0.4784041129813999
357,0.28671732563780855,1.0289609122086495e-07,0.001997052735016025,0.01784214455156812,0.12886430690638936,0.06345877829600188,7.335131555336401e-06,0.5011129538455694
358,0.2770246094338886,6.884928781269156e-08,0.0024865695392576677,0.02252449291141821,0.12739697397576127,0.0630168108016959,9.84212905444852e-06,0.5075406323596361
359,0.2750964822655495,7.210825329710901e-08,0.0024780209637446883,0.022648923684039753,0.122586846881332,0.05395263862759359,1.1078706463721891e-05,0.5232259367630233
360,0.2889345531977301,1.2371964445676504e-07,0.003029823742265495,0.01376332013598457,0.09616906909691282,0.056428411885180434,1.4936119682180325e-05,0.5416597621026
361,0.29239732951726627,1.4731504375480683e-07,0.00343280112962322,0.0155407411717493,0.08316258042150243,0.05402807645676859,1.8397787538606374e-05,0.5514199262005078
362,0.2978844839730438,2.097651186208838e-07,0.004301652558671485,0.01134724124548862,0.07668496843403429,0.05373988795605637,1.5156152581392656e-06,0.5560400404523287
363,0.3294330123994576,2.6853250156076964e-07,0.004368706740696085,0.013044262262051078,0.05622181249789655,0.05027687030523255,2.7857273106321212e-06,0.546652281534854
364,0.4751045547833769,3.690568463496244e-07,0.0035686112696846997,0.009012062742391448,0.02146429885416716,0.038384293080350386,3.2509397975407453e-06,0.4524625592733856
365,0.2838901727614627,6.260886443924581e-07,0.005398802268700924,0.013568819810885988,0.05619706660441806,0.0478967613643276,4.336791533647253e-06,0.5930434143100267
366,0.3442269063831364,1.0611674162714724e-07,0.006100574270287546,0.01666167465591141,0.03744030611281733,0.04264764703646572,2.418760351637542e-06,0.5529203666642883
367,0.40488669460641863,1.244960555849589e-07,0.006839107486060497,0.017295066525398597,0.023978074652912153,0.03885808402579817,2.7282872705801824e-06,0.5081401199200859
368,0.37306032569925884,2.4741239681134213e-07,0.008304959591603574,0.013640048979077436,0.026150015537208474,0.04236484226077306,4.370597690415149e-06,0.5364751899219915
369,0.22700216881257657,4.939319790839588e-07,0.011488986266268398,0.01848150377246061,0.06011334545921211,0.05002551656724691,6.700771800327085e-06,0.632881284418456
370,0.22484506259496262,2.7147406869487425e-07,0.014157824521892468,0.022760101669366404,0.059032159355175834,0.05249619240861647,6.009140373583423e-06,0.6267023788355439
371,0.20510948013896207,2.1973287226135796e-07,0.017209467386253893,0.0258217517768519,0.06551471925513305,0.05382515545429567,8.708748960175508e-06,0.632510497506671
372,0.1932619546252936,1.5566882730356718e-07,0.021924943226880687,0.030643520383870235,0.07209002572505635,0.058008506254657734,1.3152423891339041e-05,0.6240577416915228
373,0.18670724378998002,2.94023414416826e-07,0.0260062740666662,0.0359824480854314,0.07341765488117351,0.06003670475533241,1.927452934492073e-05,0.6178301058686572
374,0.19369460190097879,4.1875690064500887e-07,0.02834749476232633,0.039420496025483066,0.06966600486565393,0.05959676521701266,1.323750183344238e-05,0.6092609809698111
375,0.15942613259369162,7.680325843114171e-07,0.03482543606403774,0.047230242059064044,0.08983676545448402,0.06317275928662613,2.29259356033637e-05,0.6054849705739088
376,0.15500774642007106,1.2124092010323182e-06,0.03850935220922083,0.054560217818976964,0.09439618992648435,0.06612027835583956,1.1277762870851441e-05,0.5913937250973353
377,0.15561376021591783,2.116712016445508e-06,0.04563956874596578,0.062417736699820786,0.09874499183418887,0.0678320038736722,6.204182939957711e-06,0.5697436177354782
378,0.14341616495352572,3.565236700605298e-06,0.0559416565338174,0.07141494906319153,0.09756121737262521,0.07124697854135272,1.1741802074988044e-05,0.5604037264967118
379,0.14223550155069037,3.894459773543224e-06,0.06285558144754821,0.08397239018234165,0.10283174696712516,0.07301566003315677,1.2776491208881942e-05,0.5350724488681554
380,0.1374453824274163,7.253207714160363e-06,0.07156848962538344,0.08962505577548927,0.10177513443866344,0.0765600780948547,1.4839743118390141e-05,0.5230037666873603
381,0.13544422771259718,6.0221835075272315e-06,0.07956083310312245,0.10285377979637403,0.10769790815434406,0.08101561293380245,2.0688363709200624e-05,0.493400927752543
382,0.1431241114273882,1.2710325272572362e-05,0.0934392115372588,0.10895673729261483,0.08450578596094489,0.08138335155220651,3.075028848011122e-06,0.4885750168754662
383,0.1342869737550588,2.0038017159290658e-05,0.100560415742256,0.11148392428400328,0.09297638584065067,0.08622932358267704,3.4730077063749944e-06,0.47443946577048857
384,0.11475390960528498,1.3049861188309372e-05,0.11570687118481224,0.1177891951924309,0.09495130314381134,0.08776615459887364,5.515456726820657e-06,0.4690140009568718
385,0.12611308378806965,7.414434660164363e-06,0.12073097557175916,0.12904626579716613,0.0982446559850404,0.08690477826709889,8.512782971929307e-06,0.43894431337323375
386,0.11969127714677766,5.867669472677535e-06,0.13432106595135224,0.14538561389297372,0.09225616343693867,0.09215295390054433,1.1998628058986867e-05,0.41617505937388183
387,0.12301841158901737,1.12093816295763e-05,0.1485401628973212,0.14858510659659627,0.09545119042992235,0.09503173805728986,1.2080728201507411e-05,0.38935010032002193
388,0.1050243356038499,1.899703515761748e-05,0.1600453052672013,0.15516193039830595,0.1070032164850325,0.1056111983612119,1.7893754507342824e-05,0.3671171230947336
389,0.10095949999350075,2.9040403893419564e-05,0.17566385365125076,0.15768704896077548,0.10778602529324303,0.10794432163452207,1.1900351369929513e-05,0.34991830971144455
390,0.08774666047796396,3.49031178378659e-05,0.19799235574958723,0.15403553790046212,0.11122876575110689,0.11356025848608427,1.1247877950507739e-05,0.3353902706390072
391,0.05060963517805898,4.539286527252315e-05,0.20967157337755757,0.166269910098374,0.12244315494620407,0.12332341252113672,1.362841018603878e-05,0.32762329260321
392,0.05237421720922145,7.712087883954055e-05,0.2248424819335586,0.15304733424912376,0.10250799768098315,0.13033798119866305,1.636723027508701e-05,0.33679649961933533
393,0.0534198495483309,0.00012171840669347888,0.22986141757428133,0.15745584144554567,0.10086029314809776,0.12870550717440665,2.2908013006426267e-05,0.32955246468963784
394,0.04559735266200073,0.0002120504806078809,0.23831456131952852,0.1728105556842011,0.09440160729596202,0.11898806374786708,2.58622472488854e-05,0.32964994656258384
395,0.04128105801722529,0.0003784168473507314,0.26124546360079776,0.13766064466532146,0.09999356930907521,0.12339536359482911,1.1935049960533381e-05,0.3360335489154399
396,0.04077106743466372,0.00036512743144284497,0.2796337319435489,0.11996189475717296,0.1015001159689866,0.12313261505929633,7.983785020338717e-06,0.3346274636198684
397,0.04122320430093332,0.0006675981935324216,0.29522591187653047,0.10600538663939263,0.10109975311720837,0.12846511434347016,8.36453756939358e-06,0.32730466699136324
398,0.043001810823964995,0.0008569465636064188,0.30162430638650445,0.10568027544736219,0.09340496415597106,0.13232476009016358,1.1929336068754982e-05,0.3230950071963586
399,0.04461566213846259,0.0016198812601653928,0.33318999236960595,0.06932650261858732,0.10307210072256089,0.13997062343004793,1.28398349488086e-05,0.3081923976256212
