oos_period,model_1,model_2,model_3,model_4,model_5,model_6,model_7,model_8
200,0.025864764133487542,0.020904650415793587,0.0319500263718622,0.09247991166284131,0.4480899982211908,0.06558268718362902,0.1329176537620677,0.1822103082481278
201,0.026603207418151514,0.013337771676633345,0.03258312417356572,0.09626263509986414,0.44588031216786744,0.06411477613618105,0.14030885226917056,0.18090932105756616
202,0.021764272852002053,0.01478024460148192,0.03168139281523529,0.10417713964266609,0.44429650160924866,0.06570889968551187,0.12895003502468444,0.1886415137681696
203,0.008719633540839959,0.013580199457151686,0.038814635708435075,0.09992240545560625,0.3979247075510165,0.06965092708236276,0.11608508939451222,0.25530240180907554
204,0.007724743733778297,0.0,0.036754354225412025,0.09132698068707938,0.3920747948519085,0.062040262592474416,0.1397586550309854,0.2703202088773619
205,0.00439578821828222,0.004676767315128835,0.04151711198743674,0.0967653241073044,0.4026364018446037,0.06187717779467903,0.11789951677623388,0.2702319119553313
206,0.0,0.0056905602914145235,0.03876844504846609,0.0886209924391944,0.40338864897302185,0.04782741891959078,0.10774719510384956,0.30795673922346284
207,0.00040806177952468003,0.014185996180855491,0.04852387607427738,0.08899323203140984,0.4172700054683612,0.04312977613180158,0.09721064169558284,0.29027841063718685
208,0.0,0.01255567265859183,0.039833954868167945,0.08221085995883441,0.4529584704638657,0.04045408328170069,0.08454516061411183,0.2874417981537275
209,0.0,0.013700234709574578,0.04397174311737978,0.08526265394819965,0.4355551795031759,0.0399156832104737,0.07819290115615722,0.3034016043540392
210,0.0,0.015202386012018268,0.0353029911155551,0.087954444275583,0.4430961244412645,0.042450958549874476,0.07039150298153556,0.30560159262316905
211,0.0,0.008499581416286844,0.030334902882954342,0.10880402069452476,0.4526199590281938,0.03128637018048793,0.08089727250040753,0.28755789329614484
212,0.0,0.005304871455339496,0.03037415215099899,0.10976700086023618,0.4509619513568042,0.02633606691454593,0.08381066918333635,0.29344528807773873
213,2.6000403853463688e-17,0.005947202545043182,0.029200445512111217,0.11382869646612803,0.4538765029273714,0.026496545958017995,0.08547749138362573,0.2851731152067024
214,2.5679145940818096e-17,0.002241479995718378,0.03672802572485293,0.11517660695278807,0.411150080318276,0.025838950483109944,0.08957712128466665,0.31928773523958803
215,3.5094488393708716e-17,0.0,0.03265121619186961,0.10579456501453126,0.40634848387200834,0.034017100504434225,0.11924951948084596,0.3019391149353106
216,0.0,0.0,0.032118064627524305,0.10203486227851288,0.4122262573361496,0.02866158305339343,0.110765870773113,0.3141933619303066
217,0.0,0.01204540041810166,0.029890745537846163,0.12576223270339343,0.4837515612070421,0.03019991475840217,0.1308743005810216,0.18747584479319268
218,0.0,0.01456166549396864,0.03244637095088683,0.13037293520216425,0.47714503843566175,0.03066636199207666,0.13809143155609416,0.1767161963681477
219,0.004186556310398579,0.008120317960488517,0.03693079489634289,0.16772161987583814,0.4382776284470176,0.0291697694787255,0.1385844280642994,0.17700888496588935
220,0.00988655371583861,0.007826266162645137,0.030528374212789797,0.1737736912124803,0.4554887304237339,0.023016020507178877,0.1469400018436434,0.15254036192068998
221,0.010829011705438082,0.014219095830502473,0.033370089279538565,0.1871741102823797,0.41994377571296654,0.02114890954025554,0.1437163119712706,0.1695986956766484
222,0.011294514472108875,0.013209674578960337,0.0325251550705674,0.18797787567795107,0.4225849507896763,0.019959349845664547,0.14081306439282093,0.17163541517125058
223,0.013133994030296128,0.009645947014091216,0.034366382172925605,0.18205336456120316,0.42695792924831466,0.019469147273317822,0.1286461696785125,0.1857270660203387
224,0.011194697213309342,0.008064439854611248,0.03799636874711383,0.22881505456491144,0.3763998828855428,0.023540888303285587,0.11139896343283733,0.20258970499738835
225,0.008303025154796776,0.009307632170407481,0.03884333560168303,0.17298309865814562,0.4161606317877187,0.02669595403928091,0.1326878377656748,0.19501848482129264
226,0.007561176712911,0.009693960341547866,0.04014856855408777,0.19500174611113658,0.42192698918849636,0.027459150376505648,0.13375976299535686,0.1644486457189579
227,0.007257407070144023,0.007724431360514149,0.04256744795632012,0.2034718440562376,0.40112640442059366,0.030817444162248867,0.1390339491015318,0.16800107187140967
228,0.00978313835124193,0.007869237332725829,0.04192423728644826,0.2057666252707292,0.4101776762212449,0.033090615367586666,0.1238809560226174,0.16750751414640583
229,3.7059670748006187e-22,0.007575169953216381,0.03707119986420343,0.2526617249110927,0.3673976357081143,0.0354419858199493,0.13661033262859354,0.16324195111383036
230,3.7972969772511205e-19,0.009896764992192017,0.034622087719575804,0.3158163069634396,0.3618491626237472,0.03062107014894495,0.09752558605187432,0.14966902149922598
231,0.0,0.011765440169402872,0.03716129477629076,0.3225461186584453,0.36262918061970456,0.029795867609341917,0.09724600244386326,0.13885609572195134
232,0.0,0.018592865280440768,0.04120173696335329,0.3447635207396112,0.37290190984904126,0.029042996783572386,0.06772636265907077,0.1257706077239103
233,5.755293204714753e-17,0.020569459879067546,0.03527916074069314,0.3966644778234293,0.35378657001045133,0.03282746067815528,0.05375416670152988,0.10711870416567354
234,1.3751725330865258e-18,0.014002851874762695,0.04717968050592457,0.37398551491822846,0.3644851381131855,0.03379742729593174,0.07703600940219885,0.08951337788876804
235,9.70002742442054e-18,0.01589035677997267,0.048996921677048735,0.3688336349903214,0.37510916943598366,0.03490466915856323,0.059927375046142005,0.09633787291096808
236,3.8055417984187034e-18,0.019667510105420092,0.05008098368699663,0.37599241937879824,0.3512436411086251,0.03490433318069372,0.06620555129488176,0.10190556124358446
237,0.0,0.01546349427325469,0.06085804103138668,0.40103805782901164,0.38649424969005275,0.02129821009469776,0.03939047151371631,0.0754574755668801
238,6.304984135344175e-17,0.01672740854535677,0.05824016399276217,0.40183194511673515,0.38784561109655663,0.020481476480862976,0.03979514047181041,0.07507825429491584
239,0.0,0.01841672323026188,0.07278432896045053,0.40621111214700745,0.3814084134560691,0.019737923188514223,0.0282685644860592,0.07317293453063758
240,0.0,0.01815710966046365,0.0685376008115912,0.41944950601372777,0.3660770409980574,0.01793607922200699,0.03195501689255584,0.07788764640059706
241,0.0,0.017747547461852534,0.06305302870899208,0.42287107387591316,0.37501136391208645,0.011730910650357782,0.029549017253056618,0.08003705813674143
242,0.0,0.01458141662263423,0.06346938340023989,0.41440806771744443,0.39869856836695333,0.0061116131138331375,0.03207757720679489,0.07065337357109995
243,2.552394490308463e-18,0.011093287285405375,0.041785299192937095,0.40656801222123046,0.4276733078943639,0.015130317965096602,0.022087461594505087,0.07566231384546139
244,2.3833429016918806e-18,0.00447893288811874,0.035473428061545575,0.42684003532423875,0.44217343291068445,0.011408988907799327,0.016264066845423194,0.06336111506118995
245,0.03187411743048387,0.013473499363948184,0.05989363698618894,0.3625977869358821,0.4120076290057063,0.018557968036830002,0.05665382412463071,0.04494153811532982
246,0.03138411517612733,0.010791281656297442,0.06765749929121335,0.4116311235236942,0.30287566226435614,0.026969486448412214,0.0824349124998988,0.06625591913900046
247,0.04538931087366638,0.016361129246726235,0.058980385989180484,0.4090975255146668,0.2900772239063906,0.026072412834964566,0.08070303741644191,0.07331897421696282
248,0.043608215692089065,0.016589651232233812,0.06932285064759296,0.3660099080645477,0.32331281394931655,0.024111261830708934,0.08445960185697156,0.07258569672553943
249,0.041426188451573955,0.01748158941721521,0.07165566277697531,0.36296558366211495,0.32532626935434095,0.023690041885711142,0.08393414033261677,0.0735205241184517
250,0.005731370724381484,0.021135486907050555,0.07597978368288298,0.3531450299977482,0.3479415578531853,0.033588801057080134,0.10030008691964401,0.06217788285702728
251,0.0075757318715028365,0.023592964994131008,0.0786971323416158,0.34527905234359313,0.33696302978464526,0.03691039051843079,0.10625192965215213,0.0647297684929291
252,0.009334486130834882,0.027508079374605875,0.07848441733935176,0.5052152294600201,0.13829875061040936,0.03309331322573847,0.10691319219646485,0.10115253166157463
253,0.03780915111725027,0.04653642141653871,0.10070812252309382,0.20402259677266363,0.2798270580479743,0.04904225380877811,0.1245967681214833,0.1574576281912178
254,0.04134720243819828,0.0676815757627114,0.09036609784760984,0.22214228282644777,0.26459486949523714,0.05234528048571274,0.11009137406047687,0.15143131708260593
255,0.053000563745330756,0.06770189827786946,0.08638767448715742,0.18066151115721965,0.229704647921776,0.05991169400227863,0.15380465779003083,0.168827352617337
256,0.05691823426744467,0.06202859213870881,0.08400912891429815,0.1879711149149603,0.22018215516626688,0.06647518116851579,0.1534282403555012,0.16898735307330418
257,0.0568323633860367,0.05498501031254676,0.07710883474392911,0.19048841448980997,0.22074738849633382,0.07038549036492538,0.15550303786656766,0.17394946033885056
258,0.07072578771752,0.049635630668724555,0.09108150053286777,0.1922850557180858,0.19841911440883608,0.07556036901311723,0.14326997088149054,0.1790225710583579
259,0.07234937795561765,0.04309168703280803,0.09233148891330406,0.19617175686433758,0.15902581951566716,0.07817515328797214,0.157514845996096,0.20133987043319737
260,0.08904567424175433,0.0230236191557424,0.1141014731297548,0.2000687720169388,0.17810527395942133,0.09245913169290147,0.12761712105307457,0.17557893474941233
261,0.08268578720343661,0.06474397590890969,0.0949754940022061,0.21124980954744868,0.1693022049793457,0.13012405937469027,0.10031322477842113,0.14660544420454172
262,0.10049923020317181,0.0565638139998494,0.08647744194652365,0.1653062734612223,0.1858263934073406,0.1390284278838525,0.11959929323425089,0.14669912586278883
263,0.10735521845655911,0.07371449970622358,0.08219242974645433,0.1623246408036148,0.18275988015675637,0.1471596565372904,0.10508132175262838,0.139412352839473
264,0.11009795523313866,0.05637248899368518,0.09372693183530277,0.16797254901088393,0.18018593289776183,0.16202100132071612,0.0924223525216095,0.137200788185902
265,0.11550197644165588,0.052351329318603104,0.09806845093310299,0.13998050790952749,0.19097346969685725,0.16156003954122336,0.10506539373700334,0.1364988324210266
266,0.12531086934592564,0.05211344609660756,0.08490007614352703,0.1350848261471735,0.18691802329401241,0.2012235094963675,0.09550774516997941,0.11894150430540697
267,0.12710137612527653,0.04511012023412326,0.11649578650010527,0.11753272209946117,0.1834446292197283,0.20273563193973967,0.09463320867745043,0.11294652520311535
268,0.1353454342736119,0.05744153493302984,0.10813364818806671,0.10372643591541093,0.17802661178553558,0.20817383503860948,0.09650677159036367,0.11264572827437185
269,0.1318681811115313,0.05901046969114055,0.1085129690147346,0.10263178333625401,0.1808999198969538,0.20802475986352323,0.09672924183777085,0.11232267524709164
270,0.10736138463318086,0.06093219779541959,0.13793135039858004,0.07674740710105131,0.17761914937683448,0.2540072090325409,0.0906767241139222,0.09472457754747059
271,0.11199906529189463,0.05873455486793788,0.13064609326482873,0.0745778027259155,0.18270290170028955,0.2686121990113432,0.08075485718556577,0.0919725259512246
272,0.11231895980054142,0.0634720069089337,0.13348838383082737,0.07144332827835795,0.17729051670861537,0.27769897107988983,0.07728274234626384,0.0870050910455706
273,0.11564271941986741,0.059809817937992914,0.12755271657648115,0.07402953186317944,0.1826528076150492,0.2750538935757235,0.078889544644798,0.0863689683659083
274,0.11956416067049916,0.05963675222364138,0.13087817857449127,0.07437510593612848,0.1713790699686048,0.27651165468966926,0.08370585832211282,0.08394921961385277
275,0.11621178502486484,0.052114921060637365,0.13190520426065183,0.08349499047278597,0.16526895146076673,0.2858467191238685,0.07842225874169886,0.08673516985372591
276,0.11324303155930217,0.05490234655196958,0.13128300323768813,0.08450439511045257,0.1614138712996304,0.2930742623165714,0.07876416364057551,0.08281492628281029
277,0.11466658900448289,0.05423836614712133,0.13251347770515337,0.0855403944807382,0.16009258581467944,0.29058592251948817,0.07900166954076838,0.08336099478656835
278,0.10963217644584809,0.049536902637739216,0.1248906142773957,0.09173402169466673,0.14793804714323508,0.33172699338662137,0.060190721870468034,0.08435052254302577
279,0.1167480587815939,0.04475853032719794,0.12813802727041548,0.0773926355735965,0.16085213560467604,0.3316448294007639,0.06135466954693867,0.07911111349381761
280,0.1184623720100811,0.054130666528614306,0.12870773675164282,0.07597513324931231,0.15287830460971993,0.3403412310924809,0.05966780483359173,0.06983675092355672
281,0.11488747163279356,0.054934084086806355,0.12447700123125356,0.0741733438035619,0.15054629459855456,0.3478899658526528,0.06363558602523928,0.06945625276813785
282,0.11882200721403453,0.045857824059858686,0.11256305302430748,0.06837711805377074,0.1472440293042274,0.35152170553929885,0.0888043400013363,0.06680992280216598
283,0.1258968032289193,0.06376029070474165,0.11989332527444227,0.058691274971748,0.15138075306238538,0.34091153876693386,0.08823294536704847,0.051233068622781076
284,0.12707516856306428,0.06307486465597502,0.12350230666553505,0.05551828913110267,0.15082693610584955,0.3472813842121835,0.0860018712814432,0.046719179383846794
285,0.12032383056278251,0.06447911157504348,0.12349212802952286,0.059985226236146966,0.1451251679355703,0.3590064255264791,0.09446887640976234,0.03311923372369253
286,0.1180857790417583,0.07244787096841503,0.12152501905714524,0.05533167435055089,0.13642940360129752,0.37140169384387106,0.0918292749547058,0.03294928418125599
287,0.11615326801342482,0.050736419511681854,0.09138042977129987,0.05762155856673264,0.10767160423846543,0.46774503191522565,0.08125987422116486,0.027431813761004883
288,0.10755906556410685,0.05518119078687567,0.09025841165195557,0.06344345457080373,0.10452338872538507,0.47525636615193756,0.07695982901826467,0.026818293529670793
289,0.09898476419101462,0.04973298455667508,0.08371789742120153,0.06540755791955948,0.09578075590653085,0.5098477201198927,0.0761635910696112,0.020364728814514555
290,0.08628361996544502,0.04734435461108845,0.09239963244782881,0.059973662649466936,0.07714946632854325,0.5693985933474981,0.05594527445766666,0.011505396191462703
291,0.08640463250112661,0.04749009334116819,0.09232983281395711,0.059783753576969474,0.0768467266880013,0.5713604403039023,0.055104947919523355,0.010679572854351584
292,0.08032921960794913,0.05254646606927633,0.09306359890003628,0.06550800670459836,0.06746662092028499,0.5823799580753748,0.058706129721480045,1.911118087240604e-20
293,0.07752188358271142,0.061483580023154835,0.09857278941580595,0.06803710861076262,0.07071884137632153,0.5556245572791533,0.06804123971109026,0.0
294,0.06966223473634317,0.06581546863920966,0.09548205118987166,0.07081770716847156,0.06464194061312667,0.5689992170143942,0.05927992231034302,0.005301458327240172
295,0.06991619425826734,0.06484044436554197,0.09571134331426222,0.07075652196694471,0.06502744320012806,0.5691921384996717,0.05929731320104268,0.005258601193141428
296,0.07049213810235472,0.05664030910292944,0.09526607196413614,0.07094295096251488,0.06303232704894537,0.5815631624816466,0.057206403771432046,0.00485663656504067
297,0.07053507028921724,0.05736693393116784,0.09745940518801421,0.06759748360457318,0.06280860856123688,0.5825776623228979,0.053487559516441824,0.008167276585450847
298,0.06526787336918355,0.06593707307621835,0.09790777770915463,0.06409430360485711,0.06431956501178128,0.5960633725313237,0.034141112339503156,0.012268922356977968
299,0.06234703937667542,0.0648636644728099,0.09472776740727706,0.06306610701119719,0.06386200497590426,0.6076438675278338,0.032515535218315864,0.010974014008986305
300,0.06276504367997944,0.06439709839322871,0.09486886228163843,0.06388612083794222,0.05988813852018964,0.6144558713337408,0.03055275940590558,0.00918610554637509
301,0.05945602119842409,0.060200029330845166,0.0906247869202776,0.06362589234964172,0.04187074756266409,0.6537901504546272,0.03043237218252025,0.0
302,0.05921392367606563,0.060343771985270925,0.0901846164813214,0.06349554744415344,0.04391103292811788,0.6519595250428499,0.03089158244122066,4.057817212936074e-20
303,0.0549772385772276,0.07359516072522629,0.09185948507858116,0.041800502717992155,0.053515590945074826,0.6736609368405028,0.0,0.010591085114395216
304,0.01777907843576589,0.07428910652422646,0.0872204845272632,0.03361702041716824,0.05874013623588993,0.7150405041348435,0.004967979150072745,0.008345690573770005
305,0.013443829969456518,0.07542805879458107,0.07839892400397079,0.027282358474522997,0.038855506693998614,0.7510080957455406,0.007094399223266261,0.008488827093663118
306,0.0,0.07675785973812385,0.07834064427476665,0.015383179841192128,0.0489464217860139,0.7741631289566729,0.0,0.006408765402230354
307,0.0,0.07305931093668981,0.07720754113935571,0.020082459966201602,0.04740686385054727,0.7741741754740433,0.0,0.008069648632162273
308,2.5283113770364344e-17,0.07350115647487847,0.07671126188679583,0.02114627824004686,0.05606545560140517,0.7591388137014449,0.005975820987531606,0.007461213106897182
309,0.0,0.07882335030597606,0.08235301855584982,0.016001367091456,0.08992812331063207,0.7212172297807659,0.009258438043840585,0.0024184729104795577
310,0.0,0.06892496826936585,0.08427216720216929,0.014502232745993649,0.08552217631663904,0.7238232840561237,0.01808690094103644,0.004868270467671997
311,0.0,0.06626969033045081,0.08844210139921337,0.012219394925549507,0.08263584129230069,0.7205232097594895,0.0209923414165833,0.00891742087541291
312,7.08249791104014e-18,0.0661915534129158,0.09251316667665445,0.013853222581239099,0.08531633077885316,0.7096528236299918,0.020249833250184156,0.012223069669161335
313,0.0,0.06587503791938495,0.10043076389901569,0.013050498239973752,0.0879847491602478,0.6994971280375364,0.031217824487565177,0.0019439982552761064
314,3.925675557540014e-17,0.06738783092176687,0.10123284641887338,0.01577129264767006,0.08571452810878294,0.694145945591407,0.03390678621682775,0.0018407700936721267
315,0.0,0.06340402575408463,0.10011578143800669,0.012973335687288408,0.08574206759076679,0.6953744772244365,0.04012149745713974,0.002268814847277166
316,1.7149873144007018e-16,0.07315483472093233,0.1167964483892744,0.010326027482273388,0.06260359188418539,0.686539691853711,0.0377197119137139,0.012859693754909175
317,5.599546090140925e-17,0.08190547778124779,0.1019239769693142,0.011860587921928739,0.06750934361047208,0.6887346902011593,0.032625503174704515,0.01544042034017325
318,0.0,0.07219751126225954,0.11250153704762586,0.013889863309069463,0.06386624881997957,0.7065891626680086,0.022353323243464666,0.00860235364859225
319,0.0,0.08000798025690249,0.10009555110170502,0.015400450382819052,0.053212285813933925,0.723262621084997,0.028021111358642523,7.401135496885143e-19
320,0.0,0.08498736236038247,0.09952497381619951,0.019041547960629488,0.04572638468269095,0.7213259172431964,0.024705757682872056,0.004688056253029071
321,0.0,0.06697501518055198,0.09095530465629975,0.02998434083391097,0.043732835481737856,0.7475541258881464,0.019042224243161734,0.0017561537151912067
322,5.995115025331826e-18,0.06842029506080012,0.07844354690206766,0.030248086905182065,0.04414838874965565,0.7591546499355643,0.016834160856553145,0.002750871589177065
323,1.4248579594033653e-17,0.0714973618527444,0.07900049549953718,0.02533349282222728,0.03355115395327311,0.7606512697675373,0.025192131763697154,0.004774094339983508
324,1.1738978250099896e-17,0.06969843173096314,0.08209819172852789,0.02527775650163736,0.02673094571077432,0.7622716351734656,0.029197951853359827,0.0047250873002716975
325,0.0,0.07085425012572524,0.07835030210634032,0.02387568731970506,0.02953643139543867,0.7398645050374382,0.05288327579323788,0.004635548221114561
326,0.0,0.07090833999627344,0.077990806745957,0.024456978596099715,0.030170643065313207,0.7381208434225056,0.05376130473819961,0.004591083434651361
327,0.0,0.07078744373529272,0.07698296899873193,0.02195202021972996,0.03772424432766424,0.7371779311348167,0.049744168078092996,0.005631223504671399
328,0.005793155454438262,0.06958424555708577,0.0764233251610681,0.01591518597741755,0.0440710543278735,0.7330455287223185,0.05010022288099038,0.005067281917807912
329,0.008478928951575296,0.08246725866975618,0.07258444106765817,0.02491830553962068,0.032716923115928685,0.7213456618641417,0.04433132895331835,0.013157151837000766
330,0.00335065122436425,0.08199610785374517,0.07420378186839352,0.023965942839054927,0.033631843005844354,0.7150210931497085,0.051458442724681,0.016372137333208185
331,0.002557053382708407,0.08362860889411733,0.070881062793969,0.0243214701945492,0.035026830625830355,0.7114111528198626,0.054163578839773865,0.018010242448189277
332,0.014387363173968474,0.0829606369385708,0.07988617363213794,0.02963054877464774,0.04869280223576432,0.6848043075111447,0.041493848887076995,0.018144318845688807
333,0.0,0.06905529470031982,0.07252765385704904,0.03702102475699187,0.04143712342141704,0.6998654939712082,0.04668973747879465,0.03340367181321932
334,4.930683812624071e-18,0.05368376862946207,0.07099352488807328,0.04149035208421356,0.03484146670868191,0.7073105693071262,0.04857291687824218,0.043107401503200526
335,0.015859478568859713,0.0483921751514516,0.0625951905285997,0.041646505317162845,0.03171937366610278,0.6972487938913985,0.045282002381985764,0.05725648049343901
336,0.02883678713535979,0.04692706109236333,0.06625925101730994,0.05069353273535179,0.056692688297672225,0.6703994227868574,0.029651998934847188,0.05053925799923833
337,0.022698604316659227,0.04338930388424367,0.06515359051586457,0.0493492185971609,0.05364190199481358,0.682556175379586,0.032678569995777826,0.05053263531489423
338,0.05109211951208612,0.03901799086266749,0.06318836305073205,0.04563174564449136,0.04613434524067151,0.670371539797461,0.03427002683474772,0.05029386905614255
339,0.04813883403646124,0.041997303293131706,0.06845842123577592,0.04797652972832257,0.051698681358685286,0.6639368967379455,0.02639699971309414,0.05139633389558355
340,0.051223466056004315,0.04040769669481109,0.06358353480900963,0.051085984731317896,0.05764172014283718,0.658400758850159,0.027092138136842712,0.05056470057801815
341,0.05076136386690866,0.04054115436148125,0.06340354362881886,0.05110817778497056,0.057936906860539907,0.6586392317363245,0.02667407883538846,0.050935542924567714
342,0.08231250112940988,0.031536560589449494,0.05543474116190505,0.043202952534902424,0.0835302384946887,0.6082323436342274,0.016027731416041156,0.07972293103837591
343,0.1129853807898196,0.012748529982689579,0.057649791077737815,0.02833554959805741,0.08728155452589634,0.6155942068638479,0.0,0.08540498716095139
344,0.14840002234167807,0.014380107796301023,0.046308812512496945,0.030934975890768397,0.09666981587642995,0.5795048746938644,9.712609168800129e-18,0.0838013908874612
345,0.14725733012219827,0.0186451890184838,0.04699686311277029,0.03150753616419922,0.09824554932454581,0.575119361616382,3.914562765731833e-18,0.0822281706404204
346,0.16238929504767433,0.01429130181214955,0.046435677809353884,0.022912871284959314,0.10106460719779461,0.5702396201951518,1.1997798181371538e-17,0.08266662665191632
347,0.1477305513782729,0.01731690813971265,0.04871706645880445,0.022810771397410532,0.09985323001257683,0.5772372364313038,0.0029548098029571757,0.08337942637796161
348,0.23705873892506213,0.007976400368837268,0.039358800079038414,0.03333325455025301,0.07772030939125163,0.5186278134976362,0.01987572318543288,0.0660489600014884
349,0.23567505856480891,0.008047242024149266,0.04016618131434054,0.03311112168867174,0.0787745619810547,0.518639143937849,0.01864114930563501,0.06694554118249081
350,0.22814749652664829,0.008129097428047497,0.03564321672003117,0.030311593033421975,0.10330563709089935,0.4981471510634564,0.018626261100117166,0.0776895470363781
351,0.2217009704194984,0.005341654586558041,0.051585905580674773,0.024233085074652026,0.09850863436092853,0.5041364275581433,0.01287225477810114,0.08162106764044383
352,0.2356376251124524,0.00042017516588187617,0.04981255418377642,0.026774068029242464,0.09467603475992671,0.47510579630612276,0.02944315938606358,0.08813058705553377
353,0.25184367685857334,0.0016880591060877243,0.0521316378917763,0.026450369626217392,0.08641958755320801,0.4838125951559955,0.023826454022650528,0.07382761978449129
354,0.29414908156333813,0.0007225111903813982,0.04193980569810856,0.019803424357976857,0.07316272851297378,0.46764653709423815,0.014504919839239707,0.08807099174274333
355,0.3662969996024806,0.0011111510672097223,0.026025185342167242,0.01647182065626115,0.09303000325791733,0.4079497120361562,0.0006858915175371032,0.08842923651927075
356,0.36516228389330463,0.0008335799675266447,0.02658101087615784,0.01646516180228298,0.09497419808922132,0.406727166728692,0.0006914830668179878,0.08856511557499652
357,0.3600920665590959,0.0025854856049404807,0.02722198577352198,0.014347342748081091,0.0992578570092323,0.41132746695289757,9.174425609938967e-18,0.08516779535123076
358,0.3596847824666135,7.758821796841632e-19,0.027569997527253712,0.014667841387761437,0.10081588493683538,0.41505615401075907,6.742382260137488e-19,0.08220533966977689
359,0.3717162110473332,2.0643675232224348e-17,0.01687755867968667,0.022412605706422756,0.0929558617881375,0.39388536182717465,0.0,0.10215240095024501
360,0.3820671402731488,0.001979467402339652,0.017989453413346634,0.021388573233530474,0.09290630800515988,0.3920826599113045,1.8676014322002175e-17,0.0915863977601701
361,0.4086567418097847,8.809460288791134e-18,0.014318757174365069,0.010905687455063044,0.0719677774436801,0.38772326287690584,0.0,0.10642777323920125
362,0.40724290534875257,8.180842727920864e-18,0.013862301767202614,0.007848487875738028,0.06361291922928852,0.3757463406890571,0.0,0.13168704508896112
363,0.4148222060183485,0.0,0.008188404375246894,0.02078240823565109,0.06611273173531758,0.3640390738309513,3.0302365459975876e-17,0.1260551758034846
364,0.43927967995637873,2.623155158525538e-18,0.0022933033387794533,0.011867704368769452,0.0589724571054495,0.3559840890737615,1.4936367233630581e-18,0.1316027661558614
365,0.44860936082569886,0.0,0.007355798581907067,0.006412023571423464,0.055648575766233506,0.3325566985246988,1.6632338952268808e-17,0.1494175427290383
366,0.5007328156969905,0.0011702053006271756,0.003806510988945139,0.013374881402180573,0.060307103215228836,0.27226260629470744,0.00485424733183068,0.14349162976848953
367,0.4912213975512208,0.0,0.0017606668069879948,0.022540469074231892,0.07889828472174572,0.26025062845476404,0.007620752092557522,0.1377078012974919
368,0.4084222183702514,0.0008924550465443873,0.012293373910427882,0.022601873087395252,0.17152062010798852,0.21531431487576394,0.010023450835706292,0.15893169376492217
369,0.3910547757253285,0.0012319253892794637,0.007722415398519636,0.016169456650230715,0.19365250836501732,0.2183246315612231,0.0107675809999123,0.16107670590948903
370,0.39547749881379163,0.0014214570437978474,0.007994551670019702,0.014744734132905817,0.20743387336219554,0.22131259305484977,0.010174292580498612,0.14144099934094115
371,0.38384093334353203,0.005944781667660557,0.021373953755688967,7.714458446229233e-18,0.20617645028032466,0.2012815697884789,0.016263851855365174,0.1651184593079496
372,0.35706519537989734,0.008860059359774955,0.04140922916647622,0.0,0.22667681546650817,0.1867864647152517,0.019442710441027654,0.15975952547006395
373,0.3536492814800778,0.008757532055872782,0.04222381357889103,0.0,0.21839436858861644,0.1901226198258951,0.02061376772158432,0.16623861674806234
374,0.3683203587263809,0.01386988835129332,0.03270673153554648,0.0,0.2077497939058992,0.18598257231531634,0.01209622235013162,0.17927443281443203
375,0.3172813886431844,0.018514247494572512,0.0321632952644011,2.6645538938225506e-18,0.2103885037544674,0.21774884530725527,0.004931743370473908,0.19897197616464532
376,0.31412237687948646,0.019134085310854018,0.03329500457056474,5.183418120717507e-18,0.21378895742710954,0.22042872476444675,0.0029510704799389754,0.19627978056659945
377,0.30612743547461224,0.017860077219962328,0.03700410346407926,2.520740508197998e-19,0.22205908868363308,0.2084547008626236,0.00523126097762082,0.20326333331646856
378,0.27254395973539847,0.016276618189124754,0.03941087041118075,9.246956242767407e-19,0.19788433546307724,0.21088176783945362,0.00904755405618941,0.2539548943045757
379,0.2742252589678673,0.013352675754424548,0.04347598497069298,0.0012309614899952666,0.20145915227245892,0.21249630493018673,0.011138032111940147,0.24262162950143407
380,0.2783965786614673,0.01296840661636373,0.031698025994285325,0.008875506154592991,0.21885769304856315,0.21866487850284727,0.0057393864164492474,0.22479952460443095
381,0.2829387435416305,0.013379219304095333,0.02921077587275668,0.010604562613000018,0.22272804776622201,0.21441118666878037,0.00521155407807625,0.22151591015443878
382,0.3142839530869972,0.013388894853394244,0.03522049630634037,0.021578090202035605,0.18694708295643614,0.18862224821885742,0.017160740689530708,0.22279849368540827
383,0.29396495615748763,0.0169797804480956,0.033864420836678295,0.014087245068532641,0.18519399416453564,0.18259173554024913,0.01568440913063931,0.25763345865278153
384,0.23943076610141079,0.009973934669012864,0.047116925877690743,0.007755416086532035,0.18585231703471516,0.17172417327674466,0.018883122216179316,0.3192633447367143
385,0.28760231532815606,0.004306920289002951,0.04201618408307258,0.006278538783104198,0.1872887858805047,0.14549891696522027,0.024540002999419858,0.3024683356705194
386,0.2585232300774589,0.0075059399151367326,0.05567632923651306,2.496550202690748e-17,0.17020962946230403,0.12925838078831312,0.02957339126681336,0.34925309925246056
387,0.2637161072217515,0.007645963550425738,0.058038935239352094,5.567229924941728e-18,0.1790948105282482,0.12134615451335687,0.0316217160763493,0.33853631286951635
388,0.20931641171177798,0.023395656743361092,0.013169200826086122,0.0,0.23967374778210004,0.11019782057368727,0.038223705323722414,0.366023457038265
389,0.21780584900165537,0.022007559136421814,6.576152044238997e-19,0.0,0.24710747004016395,0.1271117541883902,0.04099492809990096,0.34497243953246765
390,0.17695670060260557,0.018887387469428956,0.01470934018946586,2.3395897036087632e-17,0.23320457187853674,0.15323230114081976,0.038084389229650475,0.3649253094884926
391,0.0942376300254368,0.02768933042853124,0.009750244757987525,1.785127202204786e-17,0.24970537717783375,0.20309750006689034,0.038317530388830026,0.3772023871534903
392,0.10437102801904774,0.033552434522983204,0.0,5.607146352581047e-18,0.2213973513276885,0.21365996523075406,0.033226373363139126,0.3937928475353873
393,0.10397785357061846,0.037540708855808916,1.9265827737096126e-17,1.2059737465639447e-17,0.23015263133760855,0.2110592714459166,0.03496888876936829,0.3823006460196791
394,0.0899556570088905,0.03665629012126406,0.017974461836470237,0.0,0.2289236590753123,0.19373776883697258,0.04876583855955106,0.38398632456053927
395,0.06287196542061149,0.03404357968911502,0.023663191421338325,0.0,0.23186665377796237,0.2022813354398872,0.03729402207837363,0.4079792521717119
396,0.0626258084182019,0.04482293132079565,0.02947753636611492,0.0014138756184415063,0.2247382613711109,0.1858983259638993,0.029059801378602066,0.4219634595618339
397,0.07967863442106055,0.03900945207755781,0.03018552740170252,0.0,0.2076848276767942,0.19477044469604324,0.028582645777062873,0.4200884679487788
398,0.07650580927158133,0.042038115889215764,0.037367871101318194,0.0,0.1897655028712622,0.2063385843154394,0.03186474088874928,0.4161193756614337
399,0.07467163348095275,0.042778282274264126,0.07773208585255487,0.0,0.20563927564356405,0.1807510101390396,0.03960859339489266,0.3788191192137318
