oos_period,model_1,model_2,model_3,model_4,model_5,model_6,model_7,model_8
150,0.015311649929587052,0.5771403444354609,0.06001131698662534,6.072961534011243e-18,0.2392777814862166,0.023610904885981877,0.07812030981323441,0.00652769246189377
151,0.007671821746459917,0.5900598600998203,0.09280481337853531,0.020107399529928148,0.23465580683333168,0.00802517402048609,0.04057706515894114,0.006098059231497505
152,0.00825860896117362,0.5796570801588192,0.1002917507259072,0.022170119674787155,0.23583556718015458,0.00647567028526323,0.03623384086427548,0.011077362148619296
153,1.4935011583338718e-18,0.611176755415412,0.09273170040546835,0.024495641257404506,0.1791569695817429,0.006753461906241069,0.07351534330707443,0.012170128125656736
154,5.3950516064214e-18,0.6130857449011312,0.09076361389886849,0.026384068049675354,0.17597788207019063,0.009423682714441913,0.0696360558586911,0.014728952506001283
155,3.466276600026645e-17,0.5929797491600582,0.07993302746943243,0.02803495955478407,0.16611498329302804,0.008924433801734964,0.10822256623680229,0.01579028048315988
156,0.0,0.5961316525521941,0.07238477525394323,0.03720671379515054,0.1676529690563199,0.004538576787894211,0.11366933429050842,0.008415978262989548
157,5.174232120664639e-18,0.5955470709024098,0.06848173423989969,0.0339630586716189,0.18033442088185767,0.004383769184812473,0.1118098107874967,0.005480135330904767
158,0.0,0.602709160579635,0.059257342329687046,0.026238356519510855,0.15070167912759125,0.005665738797229662,0.13653616415712974,0.01889155848821635
159,3.1714018130196663e-19,0.5658188497915931,0.07059107358670252,0.027930626661912934,0.1539950952950036,0.014015287600908229,0.14899991926537004,0.018649147797509535
160,0.0038069247329949054,0.5739622121080712,0.0695945489805803,0.02216010518014685,0.15160325701563154,0.006436225290742042,0.15080277982956206,0.021633946861271028
161,6.04857300457646e-19,0.5913775509365378,0.06406841036621652,0.025871057506570302,0.15394287203468546,0.010925253618713543,0.1299807178803206,0.023834137655955812
162,0.0,0.5475497627498482,0.06051270105960752,0.028155640217840755,0.1864166729138683,0.04536932374806516,0.07889503467767416,0.053100864632095894
163,0.007846464733658461,0.5238622205524898,0.05714372732248227,0.031770878513235665,0.17335159043788542,0.044983992033210005,0.10886830698388975,0.05217281942214849
164,0.006718318219203581,0.4709445635978331,0.06482224056610479,0.03698274070230772,0.15501771402882294,0.06195765393010926,0.1319696374205173,0.07158713153410128
165,0.008774421517030829,0.5048353247124269,0.0479138074535527,0.029613169849124567,0.14869562590222146,0.057014686368886104,0.13312893062569942,0.07002403357005793
166,0.015876746696783812,0.5287928399130948,0.050618067146513054,0.03222734911856929,0.1462198538945173,0.05160596544215449,0.1279251869888478,0.04673399079851942
167,0.02110384254872293,0.5024353573638078,0.05038614276945464,0.03078896963853436,0.19089467465075086,0.0356128328211734,0.11847158884614714,0.05030659136040879
168,0.017589268406979858,0.5033303284743246,0.04905803224713729,0.030399962625997964,0.18877088571773268,0.03760661909670026,0.12322753938611902,0.050017364044008264
169,0.017861964684490816,0.5247147351509224,0.04748849914868875,0.03341657471687614,0.16901533606110905,0.04979546270763139,0.09884274299853055,0.05886468453075079
170,0.01701984153950607,0.42964174393779575,0.05779576211734591,0.037248597141277,0.18379277155567966,0.061897451946806736,0.13905877273857015,0.07354505902201873
171,0.021834695484404504,0.20155829634898537,0.05805515014528812,0.0370067808910781,0.29346121512224743,0.1668841281815665,0.14575583515557197,0.0754438986698578
172,0.015179971829289577,0.19545783302844127,0.0619516629374888,0.03885463705656112,0.29156814849920787,0.16318894574931897,0.16499320157188996,0.0688055993268024
173,1.2712896580710526e-17,0.14484195871035258,0.04580070196500285,0.03914344966614088,0.42142034968908215,0.1801350413967803,0.11959826900805913,0.04906022956358214
174,0.0023449277090422144,0.13400276159756833,0.04503179843561708,0.0399008725081434,0.3767427963718659,0.21514111775516692,0.10274547729029429,0.08409024833130165
175,0.007573145273013663,0.12600774458338795,0.04716507614755439,0.03285872394455633,0.436144161778647,0.17897313944253124,0.09840623816785209,0.07287177066145714
176,0.0028368946596690954,0.13117702844348203,0.04515734895453988,0.039235146856698974,0.3693422360721888,0.21583821428247352,0.10823440587781795,0.08817872485212955
177,0.005402001162789095,0.12187038722212405,0.04793467077863532,0.04435993162656817,0.3056116468648246,0.23062886373311473,0.11553702196928906,0.12865547664165494
178,0.012253284531818946,0.13445546138382392,0.057093705301838514,0.0390855303802105,0.3339093849103661,0.18001478963653755,0.12412174928940525,0.11906609456499914
179,0.028724741959502403,0.11446965412582943,0.059165294753964905,0.03972516967349976,0.320871055174195,0.23180383311762712,0.10511758462208422,0.10012266657229714
180,0.009510786427477462,0.0529645576078211,0.035013426913932666,0.028385623239332147,0.5243971423807241,0.20241744784791266,4.526464660783649e-18,0.14731101558179974
181,0.011717239925186801,0.04923214029802102,0.03877150680823353,0.031011700233412518,0.5104974415679864,0.19137900018453619,0.003975198349083766,0.16341577263253954
182,0.014592996844219254,0.08192788533475057,0.04868582278825428,0.03685509611637712,0.471926253482081,0.1793204068476043,0.04162302067477708,0.12506851791093643
183,0.014678538238679416,0.08433319271351605,0.05955602649406139,0.039218894304942103,0.4978167281460998,0.18870540099077085,0.019742110525449875,0.09594910858548056
184,0.01400498829419546,0.06297918122404178,0.044460090320932295,0.03783772084622164,0.5329162049429591,0.18116493112291518,0.0,0.12663688324773462
185,0.01246336582000292,0.031409137935816574,0.026442117188256897,0.03276976496339835,0.6568280144779977,0.12270755216072032,0.0,0.11738004745280714
186,0.015182813291109456,0.054318159548280766,0.03723062800943896,0.03619380199407552,0.5925908301939808,0.14979219397996804,1.2090336530858978e-18,0.11469157298214638
187,0.016346693116807896,0.05381034901722166,0.035750645743319966,0.03704568082332754,0.5928202287610727,0.14877210152988005,1.0156242674924125e-17,0.11545430100737018
188,0.00912839533286175,0.05063860818926411,0.028027561284039975,0.04362179270061367,0.6033041073815224,0.1538482130532777,0.0,0.11143132205742037
189,0.011986543470500367,0.05804968550553383,0.03818531699493286,0.037580944430808096,0.5727466662109694,0.16865827765550565,0.0,0.11279256573074985
190,0.0015211889614439272,0.05626540286535765,0.020658035466002735,0.03786597050414827,0.618101327779545,0.16411580117420507,0.0,0.10147227324829718
191,0.010649540329604574,0.0295777469279075,0.004412796911104549,0.039482781592034166,0.7166225949769532,0.07959944962030774,2.488905730341786e-17,0.11965508964108815
192,0.00951858022747454,0.033559940490155316,0.005489577217337674,0.0383842433181882,0.7469323557269857,0.06560228578675097,0.0,0.10051301723210754
193,0.006726241703192843,0.020917299650307135,0.007592029468625025,0.06044290699316898,0.7960879358729588,0.033597369929735686,7.655988389448034e-18,0.07463621638101159
194,0.014351179956971778,0.0,0.004780900210143029,0.07312641406338932,0.7582066084241248,0.05831680567353552,0.008388382822581458,0.08282970884825414
195,0.01188470232949446,0.0,0.00286884368905391,0.07691696902210164,0.7392834579749687,0.055735392565724566,0.013454300110469995,0.09985633430718666
196,0.012281851627557091,0.0,0.0081943745360493,0.07039988737218757,0.7585011819913707,0.032948096531077914,0.0011579864941552076,0.11651662144660216
197,0.01303301385607162,2.3017035080648923e-17,0.0077427746162062475,0.06941154130335686,0.76844375871105,0.02155434045443463,0.004346153375268426,0.11546841768261219
198,0.01474978863204377,0.0,0.009050529563374179,0.06997633797912929,0.757621244422032,0.018607970936727312,0.005143865698909264,0.12485026276678413
199,0.005801465763550092,5.043647096508846e-17,0.012286270259596211,0.061967882734678056,0.7555675788543229,0.03023680834247601,0.0,0.13413999404437663
200,0.0037133057204509568,6.956411604040676e-17,0.021122235933637466,0.059966824202031734,0.7706190419301668,0.017240813100859023,8.995794302297094e-18,0.12733777911185404
201,0.007895321677552147,0.0,0.01814887503491713,0.05209552373271279,0.7802280096350868,0.019865764065720125,0.001673825935145447,0.12009267991786536
202,0.0054135469319695675,0.0,0.013868766565450594,0.030718376143935768,0.8861043177492703,0.008208669967099711,1.1510903736478887e-17,0.05568632264127391
203,0.01766875390149189,0.0,0.0029359724665864667,0.04924896255034671,0.7836648449847531,0.041589572108329004,0.009996205537702427,0.09489568844979039
204,0.018849903030094897,3.632190497989093e-18,0.008252828072368266,0.04725586107548155,0.7686259830958098,0.03984563620355347,0.0034276233862937655,0.11374216513539827
205,0.018607096413837936,6.29141662506383e-17,0.010339533808469506,0.045954155386226964,0.7436711586392023,0.03859421576454268,0.0,0.1428338399867205
206,0.01966493199426418,6.35202907013796e-17,0.015040398872307546,0.015162017123356691,0.711786763505647,0.0385397287307627,0.0,0.19980615977266178
207,0.018384628458628205,3.6193784537836815e-17,0.017581979569338074,0.01066332898012107,0.6925281719302467,0.030153666524395443,0.0,0.2306882245362704
208,0.022372719433252777,0.0,0.01676154277870469,0.0072278889740789295,0.6724703551503987,0.02835165120044039,9.326420262638374e-19,0.25281584246212446
209,0.018499871283423626,1.4465469854516867e-17,0.01881547434167242,0.008416238603780306,0.7028334206808912,0.02745014023266046,4.212723130703578e-18,0.223984854856572
210,0.018626564350743828,2.0648016276079024e-17,0.019065752162402614,0.0130478114480525,0.7077831503241098,0.02727625073147873,4.614794315314423e-18,0.21420047098221254
211,0.028796686035896565,0.0,0.021993255900833494,1.3051742087048799e-17,0.7252724603310448,0.02764166992907291,0.003935698242552795,0.19236022955959936
212,0.027636132901438293,0.0,0.017328390389745003,3.1928208969153304e-17,0.6469876167854236,0.023211154129012916,9.254920209707646e-18,0.28483670579337994
213,0.01583828766376539,6.6231749671210665e-18,0.0192372017816122,1.8407534721254834e-17,0.6753605236363496,0.02415022916880593,0.0,0.26541375774846676
214,0.0175715545307535,3.4874761567414233e-17,0.02100378234771621,8.253277279800835e-19,0.7125515686820966,0.02369041355575638,1.77509518382354e-17,0.22518268088267723
215,0.020702771576857053,2.8597665331513995e-17,0.013350269974342827,0.01603842736923705,0.9164325321691605,0.028769134768749902,0.004706864140652597,0.0
216,0.025519531187947152,0.0019885044560499308,0.018044804414340258,0.008346306797072402,0.7971636750803596,0.03721826573609793,0.0018656202047350463,0.10985329212239762
217,0.03678865858406099,0.0,0.015763109963572657,0.00869878940991108,0.8950427971430185,0.043706644898436654,0.0,8.330241681618132e-19
218,0.03333940391005597,0.007233937444930734,0.01324624884713356,0.013778901778211991,0.7798492589588635,0.03595821336442696,0.016685609442242223,0.09990842625313497
219,0.02685485529721547,0.004684413561836067,0.02359227667084722,0.026940862630458536,0.7509564586078429,0.035998149276172245,0.007000545216316875,0.1239724387383105
220,0.02926493522059123,0.006573163701831495,0.02385884285496338,0.01633264817226077,0.7728002542580974,0.03909565767456648,5.684063693240803e-18,0.11207449811668932
221,0.019461727579379886,0.018890080979065683,0.0168377160511622,0.03748950239953406,0.7484876765063662,0.030413776042930562,0.046693636492484744,0.08172588394807669
222,0.0497348500153605,0.02789900022622582,0.019168091452224083,0.038702502725798595,0.6796758911551545,0.02763055968935119,0.04291429830199542,0.11427480643289004
223,0.059619142291389406,0.02984884587210298,0.013573378871735584,0.01658372665939748,0.6651084257774096,0.02948854789812605,0.06945198421144066,0.11632594841739821
224,0.06979151049164878,0.03341415273599712,0.011395416077401107,0.050026271848889206,0.6608044782114452,0.026831594026945037,0.06105746737445732,0.08667910923221601
225,0.06747452438743606,0.03622239279622383,0.009240955959034503,0.0656948905759702,0.6338580126363418,0.02938917676302325,0.06826982263975244,0.08985022424121791
226,0.07014230107472007,0.03426865272215508,0.00956585613078826,0.07161948528821109,0.6816343616311,0.02971091929971845,0.059327892698984926,0.043730531153322164
227,0.07469202032384975,0.0348991375464752,0.010216201821056266,0.07021405286420368,0.6193214305795837,0.03235474475825853,0.08122875450776317,0.07707365759780953
228,0.06764143140193016,0.029283511505020364,0.005821474302337527,0.07459440836287316,0.6304513768421839,0.035624437667041035,0.07891810757074716,0.0776652523468665
229,0.06699752182390611,0.028663573175642953,0.0037825389364141886,0.07188752797809309,0.6331453574611416,0.03559417334493118,0.08848397552564242,0.07144533175322834
230,0.07187590994853119,0.027914345717553895,0.006996831961468148,0.07912544742460034,0.6113980604263839,0.03805994550785106,0.0955710611300486,0.06905839788256264
231,0.07440942973062223,0.029794974195508,0.006968039518846088,0.0740850637792446,0.6163737968180022,0.03873223420185113,0.09516764814067233,0.06446881361425336
232,0.06594597708428793,0.025702734640893798,0.00039968401893545615,0.06965916607115889,0.6316918904792439,0.04231263540789739,0.09145542274100843,0.07283248955557424
233,0.06576062544011686,0.025641007325761606,0.0011835333831477592,0.05828063114216344,0.6473421112358269,0.043970154112605436,0.09899518187878682,0.05882675548059122
234,0.07499135338686977,0.033253418971601015,0.008956757489682294,0.07996460928852607,0.5547450600436061,0.033684512269244384,0.1348403229129322,0.07956396563653814
235,0.08719849579570797,0.03153103341534583,0.005896318100025475,0.0884107680291304,0.5817858855271051,0.03208499368786994,0.12817903948225684,0.044913465961558215
236,0.1013200680083397,0.03423806842576675,0.0030113868758135385,0.0821700780612567,0.5825758575904365,0.033259514554740834,0.12589644857730878,0.037528577905337104
237,0.09815040454960933,0.02905859137266321,0.0,0.09985640389256593,0.576217869850651,0.027454384902355456,0.12735656144713006,0.04190578398402486
238,0.11672236233146613,0.02865320159604454,2.1559845227655452e-18,0.1261527835610477,0.5447737097369024,0.02234823043441442,0.12385311260889632,0.037496599730228335
239,0.13417284208666266,0.03290990177355835,5.7733898033693396e-18,0.19805259292778166,0.38448876225693307,0.015080966725759029,0.18980735620232844,0.04548757802597691
240,0.15213304382818174,0.03836213831392932,0.0,0.20111482020086147,0.3516375334865447,0.014828346432934,0.19935853745854257,0.042565580278006186
241,0.139375239794502,0.04105792247221126,2.5516205791520237e-18,0.2121785810047484,0.34099669562763046,0.026937800810348186,0.21983964044795568,0.019614119841604074
242,0.07250984309113606,0.024695374667131207,2.6080892217207574e-17,0.15891781964423296,0.4476166046814169,0.03218400144158489,0.2381169304619691,0.02595942601152889
243,0.07291513674226967,0.025397355767392993,1.9932438871772366e-18,0.16761484147545894,0.43830182678542096,0.037473408659782347,0.237687010241644,0.020610420327031104
244,0.06982709818629891,0.03410763618340125,9.32909597677704e-17,0.13776437141516343,0.46115730424092904,0.030762050651533687,0.23647886717248529,0.029902672149188403
245,0.08526896198582556,0.039838772600701206,0.0,0.20911467978948547,0.3857143266437319,0.02887911955481549,0.22654027148954367,0.024643867934896674
246,0.06685605470778817,0.0413678253325445,0.003934640171051731,0.2534770777541975,0.3732462373428822,0.03337682755634703,0.21866030263417932,0.009081034500009529
247,0.057525720880651825,0.043024729828839196,0.008935822833383624,0.27520826374876955,0.3257294875517871,0.055477408364357605,0.21653276913790176,0.017565797653309363
248,0.05752630984319594,0.05060344060405621,0.007795492635400786,0.2658398310589937,0.3239340651820919,0.06059643712633608,0.21735429637674902,0.016350127172176303
249,0.05282744502708622,0.06631709064014907,0.01112807999785856,0.27349117217942487,0.3043532795542467,0.06144913391744289,0.2084428496447004,0.021990949038091255
250,0.04904267237911404,0.07770282193224437,0.02907448289035649,0.25405650453789624,0.2747187943644609,0.06577607163997029,0.2047253592761173,0.044903292978840235
251,0.05064060506441491,0.10166736011954147,0.024400017593745164,0.24430319890052465,0.2543964649273255,0.06563277759171363,0.21548068986836535,0.043478885933369224
252,0.060146149260751056,0.09833478201114826,0.026339901355428772,0.3575293055849658,0.13200697759403043,0.07697183757718314,0.2104623757270131,0.03820867088847945
253,0.05841058946354885,0.0898759293199643,0.03077583452412813,0.37501828783366803,0.13712858874394185,0.061700141678661544,0.21300709736344045,0.03408353107164687
254,0.04505014618456207,0.08696333467896916,0.02762577316918566,0.40277297349830415,0.14486974559430202,0.05805208535860495,0.20145711701289465,0.03320882450217732
255,0.043785202059280846,0.09028268388694076,0.02799407316307406,0.40133962749695695,0.14380205743089897,0.05978616250307813,0.19654161571788434,0.036468577740885834
256,0.05374574566152701,0.11312012471050759,0.027832427080925592,0.36984486057262095,0.1273815221791425,0.08207598591659272,0.16998051457126767,0.05601881930641594
257,0.05205274514819522,0.09593544265323609,0.022246740386688366,0.4412429850341522,0.13010816886409368,0.07811303842294291,0.1455704983013576,0.03473038118833383
258,0.045847497675981355,0.10134676114756506,0.029436115826464056,0.4054382150051405,0.1397841269024642,0.081020241962694,0.1477513407141754,0.04937570076451551
259,0.051644630585414894,0.0993678607799215,0.030030334856324573,0.38187078960735654,0.1503770590909317,0.08230419746845286,0.1552382358679372,0.049166891742660736
260,0.04774419907987479,0.09546321026118613,0.02777281619213893,0.3888912167211904,0.14993944546075438,0.08487052754497634,0.15526036287763798,0.050058221861241016
261,0.07681303258822754,0.15667213710790365,0.042192929680431125,0.22978164599248108,0.1558004533227839,0.092143031969756,0.20142290950133926,0.0451738598360774
262,0.07358589464572914,0.1550402384198156,0.046927512406977075,0.23163408117518275,0.15401171445216189,0.09676561966018014,0.20453113236705642,0.03750380687189689
263,0.07434104907279267,0.15894758625627906,0.06660465587305633,0.21805074734001018,0.1447427009651795,0.09411264901289046,0.20735336042338762,0.03584725105540414
264,0.07688707060161817,0.1632848606009684,0.07438864972068793,0.18267126254138288,0.16586957878885872,0.09997310444329613,0.2102613810312419,0.026664092270945818
265,0.07719824386810663,0.15902547157180016,0.07725426949012215,0.18302888587688126,0.1683788217806792,0.0948135189146862,0.2108518785742736,0.02944890992245075
266,0.12103306111001398,0.13896626611093552,0.08822636113357536,0.148098171760428,0.16499062356929292,0.131785889655996,0.16919489649856542,0.03770473016019274
267,0.10580039980191049,0.12295738439248205,0.09911092928599144,0.1543339909650846,0.16899601048287427,0.17394274859826295,0.14280623769943712,0.032052298772957025
268,0.10600589370138085,0.119133534187363,0.09747901960796891,0.1534078654668383,0.17193635309905844,0.1742672928026866,0.14457341045858565,0.03319663067511825
269,0.11968010016683173,0.09462248216061916,0.09417334708482385,0.17299028716732254,0.169095308758448,0.1759474333513733,0.14240972957901574,0.03108131173056569
270,0.11255320666859438,0.10539975607245072,0.09934917041480225,0.1723232345281194,0.15773538496290815,0.18377010133348326,0.1371258853453405,0.031743260673301264
271,0.10997411917394394,0.08799797892537664,0.10346719803264799,0.16614246786281323,0.16313019474283108,0.2066407677607731,0.12915569928113774,0.03349157421947629
272,0.11174621637836499,0.09007606698346945,0.10853913516243718,0.16032025002552128,0.15979652086135956,0.20868667995512402,0.1270840752173106,0.03375105541541283
273,0.11228683651118616,0.0900636461121547,0.11580349066843093,0.14995084861058838,0.15679375257629713,0.20774974911787988,0.1302581026321136,0.03709357377034905
274,0.10616178653849145,0.09038023933601697,0.11262824252544627,0.1441222053490863,0.14927231917615053,0.23524711002327714,0.12533704776391286,0.036851049286618504
275,0.09502142476462888,0.10167306355872636,0.10658100503041082,0.13791331167595314,0.1321535549884355,0.26773451968225676,0.12649407455963382,0.03242904573895467
276,0.0962845180531943,0.10130130432472093,0.11020691526000935,0.13262891977299962,0.1297424545482784,0.2757159877051712,0.12150023047000671,0.032619669864619436
277,0.10258254951423261,0.09909500501963873,0.11082027697253444,0.12648957890224208,0.13366249774017788,0.2655251584330026,0.12213955498919862,0.039685378427972935
278,0.10572521951461232,0.0837282498966753,0.10680381170912132,0.12463989032330776,0.1255582987754678,0.2806763833394315,0.12442158463863681,0.048446561801747064
279,0.09618628730425587,0.06904013112796954,0.10708072706056128,0.1292505291058707,0.12199895557263332,0.3009181044095777,0.11699657892134023,0.05852868649679129
280,0.09490547355980702,0.07013052409349456,0.1111054097482551,0.12978519171649217,0.11963124390078256,0.2936084013769068,0.12700004074731136,0.05383371485595038
281,0.0933837769103955,0.0612030020169511,0.11607832658675481,0.12409590390299623,0.11262849698089163,0.29549753440988563,0.13577123758336285,0.06134172160776216
282,0.09443284303550493,0.07348027371948353,0.11434854542468216,0.12762363314901656,0.11486920865535037,0.2800685665667029,0.1351964134617114,0.0599805159865481
283,0.09574707606405944,0.07502551926807703,0.12896050596231912,0.1221318267182915,0.11247252863973908,0.2748355870085681,0.1383161168792088,0.05251083945873687
284,0.08076475838026732,0.0705839633895672,0.1163386000049662,0.1122377952569504,0.09868131872183916,0.33897063245897646,0.13448022723691408,0.04794270454951922
285,0.07097709532991778,0.07254625976444051,0.11584164688259144,0.09987586119571801,0.08496512863880304,0.3639962300436499,0.13226527912618785,0.05953249901769144
286,0.06689959571000802,0.07078126031735565,0.11923930514010571,0.10052611308471288,0.08218357968017545,0.3593614631261376,0.13597316035210877,0.065035522588396
287,0.06245091575558696,0.0764148005805913,0.12037810356259201,0.0909527123279752,0.07466735132409841,0.37680604735845424,0.1307710770454424,0.06755899204425944
288,0.05985211056935938,0.06363899080187714,0.1095038627466597,0.09713156022736012,0.0736069864784282,0.3994098057421426,0.13526500422959692,0.06159167920357592
289,0.055671097509954456,0.06358185322408286,0.10698603490335981,0.08614892363686547,0.0790445483370759,0.46009492346525593,0.09613598516035259,0.05233663376205276
290,0.04480439710738783,0.0658524274476231,0.10246524298541071,0.07759877460066082,0.07349508130827209,0.49081389758819255,0.08900090930705379,0.05596926965439894
291,0.04426475412367189,0.0605418470967794,0.1151728677907141,0.06541350633731578,0.06562135571881998,0.5192122483546866,0.06628006205830271,0.06349335851870949
292,0.08728815344423178,0.07180466017116978,0.12824065417262387,0.06241009333690926,0.07079572412463815,0.4927597846981613,0.038450844462961674,0.0482500855883042
293,0.08589976991457461,0.0698874596761919,0.12863561306511304,0.06144838998271788,0.07125106886685663,0.49578920075736227,0.03430014587457947,0.05278835186160422
294,0.08628018094671755,0.07294535310753514,0.13041948663252753,0.06068703686142274,0.0694925401452745,0.5074853817355515,0.0269858430319766,0.04570417753799447
295,0.07981270527470594,0.07016324025689545,0.12691246685823426,0.05838782664098102,0.07034063747306485,0.5250883355714346,0.01838853323521644,0.05090625468846746
296,0.08335183193195712,0.06991034099078883,0.12211194565190359,0.0604238905860296,0.07575851905742692,0.5141883923029709,0.018306262193535983,0.05594881728438715
297,0.0841180545821353,0.0703812329964002,0.1218253587643373,0.06045093718301325,0.07752887675664993,0.513451371838208,0.016730043763146178,0.05551412411510974
298,0.09072244524579924,0.06944693605368715,0.13098859263806154,0.0650217514356582,0.08536461920708623,0.5094914597646311,0.000817059819407162,0.0481471358346695
299,0.09140549489676038,0.06944171423830708,0.13016056549162028,0.06590981909420193,0.08447177149459847,0.5025085266999546,0.0056519088449548845,0.050450199238602354
