oos_period,model_1,model_2,model_3,model_4,model_5,model_6,model_7,model_8
200,0.0032102943078589517,3.3658976112592124e-05,6.609332114677224e-06,0.5543953798435834,0.1805740858606753,9.888841767823542e-06,0.11882528529959119,0.14294479753829603
201,0.0014681510657331342,4.525710915528869e-08,1.1342145972476036e-07,0.5962146681177352,0.16611575839255524,7.049318554209334e-06,0.11385134054859904,0.12234287387825421
202,0.002425419592516578,5.961055400629727e-07,2.004860487551804e-06,0.7731210048457688,0.07997387366234338,1.479445634143858e-07,0.06808592721249934,0.07639102577628087
203,0.003038004870108197,6.161407810025143e-06,1.6725523346546027e-06,0.5076405415636719,0.18086297099035095,3.3144791285007355e-07,0.15139284768556174,0.15705746948224966
204,0.0001878104965161569,3.516953323485431e-11,1.5302498249863494e-06,0.821398834667139,0.059740124533553575,6.96613490470008e-07,0.029196892239018193,0.08947411116528808
205,0.006246948168931338,3.307751813287028e-08,3.163343698304055e-05,0.5040943817839229,0.12744245382336147,1.9805562345202853e-06,0.23077507238342948,0.13140749676961905
206,0.007130444923869207,1.2664977443672694e-07,4.03367099446743e-05,0.8009880979144448,0.0793875392630176,0.00010623735933825301,0.03226521155475977,0.08008200562485127
207,0.015128243421922389,2.2258194774181e-07,0.0003833572318320437,0.7236008324816117,0.10020805341369658,5.882368809240258e-06,0.06941570631490229,0.09125770218527804
208,0.020665490943185576,2.2876938302867557e-07,4.3762891331480085e-05,0.6828755577022964,0.10830091199635782,1.647153871359019e-06,0.09000617852073275,0.09810622202284174
209,0.015411724755190018,7.546961994162495e-07,2.0907216364810276e-05,0.5963378685109587,0.14968414814418146,2.023468479189889e-06,0.10215063555666519,0.1363919376519613
210,0.018479899276629227,2.5273118777503426e-06,4.941818485344403e-05,0.490780253266636,0.17811409586164925,3.4315025033897228e-06,0.19028903537032874,0.12228133922552216
211,2.1940390281458268e-07,3.3511417261633437e-09,7.544403274123805e-10,3.520743435876561e-05,3.275135041594069e-07,0.9999635965570052,1.5421534254357215e-07,4.907703043376378e-07
212,0.013038202912359421,3.8580353538818666e-07,6.606394253586837e-05,0.5475554939223108,0.1866183285351978,2.421324231210947e-07,0.13163828421958162,0.12108299853205595
213,0.00986761804470975,0.00011700217419106767,0.00040508659833189795,0.6575639933359725,0.11737469830690948,4.189833671818407e-07,0.1022578497067576,0.1124133328497606
214,0.011927660136212659,3.959980839098951e-08,0.0005806478139039667,0.5092511542126512,0.16421882815434954,2.8034545723237147e-06,0.18258077002101855,0.13143809660748346
215,0.021129407803706708,0.0006368052497653179,0.0015254778130420928,0.6366362777168337,0.12349596368539915,3.466023972848229e-06,0.09519311434213587,0.12137948736514424
216,0.027405652504700694,2.5388417749871505e-08,0.0016454114374527323,0.4883115306182804,0.18298929983957915,3.975877128698022e-06,0.17714613492529785,0.12249796940914277
217,0.005755997644263714,1.8235449803673283e-09,0.0003430729477120146,0.02973754520022166,0.011130961679617076,1.8044616833405833e-10,0.004551510074537253,0.9484809104496572
218,0.11323521841248035,7.458215854512265e-07,0.0014243669565202123,0.4801023168970731,0.2021722298623094,3.128293182741793e-08,0.17445150601719048,0.028613584749909285
219,0.07023040558434618,4.053790957124125e-06,0.0016137012468868163,0.498327729511538,0.22795739451250505,1.9727390003836589e-07,0.1547388300192813,0.047127688060585614
220,0.23961528591836398,1.1041737843542988e-07,0.23848750198547394,0.235281809827309,0.10012379730340486,9.725523759800674e-05,0.12800979385576802,0.0583844454547038
221,0.1033992749406049,0.003006607258716788,0.0002592926304262252,0.5087720547910787,0.21297505296176147,1.7081160707709282e-07,0.14193561619480877,0.029651930410996057
222,0.14249164103133155,5.947075720191352e-07,0.00031873964080402834,0.40189386104458613,0.20471723284642862,1.8193733708495426e-07,0.2203567119784044,0.030221036813536276
223,0.2588434029620454,0.0016625447504087848,0.0015206041811355287,0.3214622166931701,0.200704303379269,1.4958163118273003e-07,0.16620838425751738,0.04959839419482273
224,0.011057800691283053,2.7026448457465483e-06,0.00026427561939903685,0.5689052039994071,0.3907432007601529,7.303388905002801e-07,0.004965889550297205,0.02406019639572444
225,0.09663962347212827,3.023233336889877e-06,0.01569819300198908,0.49127651364444647,0.3199456581686613,1.3951843943378061e-05,0.036201002999872056,0.040222033635622614
226,0.0979005587604337,2.6679517694953776e-07,0.00046192856572562364,0.300681145055056,0.17064521276233238,5.760537838824269e-06,0.02808173196366569,0.40222339555977094
227,0.07162181670156284,0.0008990327118893767,0.0013023018289838363,0.5121552548395282,0.3558690559714016,2.2250487383775285e-05,0.04239474009818081,0.015735547361069663
228,0.07784041490869091,1.4026814046236865e-06,0.004797817140968174,0.5607849862003449,0.31629370343534563,0.00014407167296021437,0.02855815567511619,0.01157944828516931
229,0.0936213257353334,0.00044467634874634855,0.005717618211875265,0.5195292440010588,0.33422635666616396,8.695943306908926e-06,0.01652511506484449,0.02992696802867081
230,0.06486847122435992,0.0009791670378850787,0.004721344895971496,0.5409789688683192,0.34543200739381746,4.5849084426354594e-05,0.028561472197278216,0.014412719297942304
231,0.12985276178786329,3.40834816661401e-07,0.001197034155163637,0.45851030959009165,0.3825422377673031,5.0353510231607904e-05,0.004337769405130524,0.023509192949399488
232,0.00011018610019631407,1.6778811597251168e-06,0.0017431031320204432,0.6745517599011419,0.312240451363681,4.542406369965017e-05,0.003437309695469326,0.007870087862631655
233,0.0010924614608734027,1.8767551671957094e-05,0.010078247652530906,0.5723906776375064,0.3696452840422237,0.0003805416615761552,0.003938029903589647,0.042455990090027894
234,0.01538585209475761,0.00017162115310355384,0.0194918340846549,0.5713094961363044,0.36484724338973207,0.0012916893317987085,0.005710710232420954,0.021791553577227812
235,0.018656779339219245,0.0004833694668292839,0.04081476638556165,0.6093549220818173,0.31017556367274174,0.0037724177710424284,0.009381455648306638,0.007360725634481738
236,0.005002605293309328,0.0017489625729462412,0.057080492227502076,0.5627380163264,0.3597338344915421,0.0043165113438554,0.0025574898572278387,0.006822087887216971
237,0.021812830130666566,0.0003148393966536077,0.16945066365921738,0.421273128571581,0.33571630950597714,0.03214647714089488,0.00760925242026624,0.01167649917474329
238,0.01701023703854617,0.01353339989489874,0.1163547906899645,0.46481450459686063,0.37994521101753087,0.0013650382951634979,0.0021271187865881426,0.004849699680447456
239,0.00036690144351159566,0.008872599769339832,0.1514085888050555,0.45191101731203204,0.36827023323218805,0.004259660521026936,0.00304079617599602,0.01187020274084992
240,0.003294434908600319,0.010970096907428374,0.3042928081548649,0.3590598823451535,0.31417784753462247,0.0027239861060870526,0.002940576042828924,0.0025403680004145285
241,0.009188204697066181,0.06857294325673047,0.13489803267975628,0.42114337971931454,0.33348324752956177,0.0022262914702560815,0.004295845785135932,0.02619205486217878
242,0.002570230194764017,0.5924213147414595,0.039993708978988296,0.18495404964032328,0.17374618692563762,0.0017987541394023387,0.003520626224868687,0.000995129154556377
243,0.001541510187693433,0.006471789525079531,0.880008887977338,0.050028219304097704,0.05503509874094741,0.004022976214858491,0.0028798449581495197,1.1673091835879364e-05
244,0.026163683795573166,0.09012093728149688,0.006162405892322474,0.2400977550658895,0.34315393430151236,0.053945080566492054,0.009808359905226214,0.23054784319148736
245,0.00197532481124921,0.14341203074873013,0.004024704482478467,0.32625391732521464,0.4529726152091556,0.06420395539188659,0.007060502788743552,9.694924254180565e-05
246,0.0017131980327769825,0.035799158800596496,0.01796894999997784,0.03701855107094466,0.8518896357391003,0.04971560373271852,0.005817377176712353,7.75254471729285e-05
247,0.016703044534946223,0.1316228434944012,0.030674150163656575,0.28842334021425736,0.15103790298933933,0.36167600506145026,0.019419448286811948,0.0004432652551370623
248,0.006421440438576614,0.19083698365520013,0.012999147854662808,0.4204553829936479,0.21047690744647976,0.15173211027113298,0.0069943031998632695,8.372414043661962e-05
249,0.002861074738091377,0.3241379975233328,0.014080617388170437,0.25344532856517055,0.19963815245983543,0.19596857743886442,0.009710816342845773,0.0001574355436893516
250,3.274169059225603e-07,0.6414260295579053,0.004051892467156839,0.14339876173191823,0.07926315600782596,0.12423372944672667,0.007429192171355718,0.0001969112002054658
251,0.0008511998014194685,0.17202205671038395,0.022963308559116383,0.21673021237425,0.2532408537289467,0.31173024876649824,0.022124914577674393,0.00033720548171091197
252,0.0006264808284668519,0.05863406591727609,0.0001315431414197996,0.8752269548528565,7.741730051927362e-05,0.06522351151488241,4.872409272428045e-06,7.515403530665993e-05
253,1.1996816553502614e-06,0.00015884658408962316,8.68091891557247e-06,0.9997119307279325,6.468206087083165e-16,0.00011934073310950989,1.3542946405484994e-09,2.2470923410394303e-15
254,0.06749500747729259,0.8175056703459807,0.015139270004004625,2.2135246525635782e-05,0.006546583104981154,0.0932477062103959,2.966070855032653e-05,1.3966902269181198e-05
255,1.4286967041888075e-06,0.5014445633607341,0.0388834835124649,0.00018629459052899773,0.009726405300009474,0.4428030663089739,0.006944874227879661,9.884002704929675e-06
256,0.000541152731169595,0.4282231165417659,0.03659651221348497,8.28940226870665e-05,0.0037559465232554733,0.5289510640832216,0.001735349146412909,0.00011396473800240274
257,0.0032150363181957034,0.45827777704882244,0.02831643220615087,4.131963799041422e-05,0.0013681339792584667,0.5070249875594217,0.0014647433519411532,0.0002915698982192587
258,8.577876803650053e-07,0.3912778613299387,0.03613972957150462,0.00026181179852409963,0.000765907805328811,0.5667869848119053,0.004599522267004484,0.00016732462811354888
259,4.892475491341422e-07,0.34237162974699004,0.037491841380809215,0.005706999102983174,1.7249035507665809e-06,0.6134945025083292,0.00030670493756731256,0.0006261081722211638
260,4.2823845180486105e-07,0.11412814915064402,0.004884272627010691,0.00015110830516553884,2.751901023721577e-07,0.8633900639014642,0.017411904920405348,3.3797666756042076e-05
261,2.883065831976986e-06,0.00071893038840552,0.0027917658952724784,9.819241141006718e-05,4.946470204262408e-05,0.996332240555398,6.482871357084582e-06,4.0110282198329274e-08
262,1.2805773093744991e-06,0.01142227428014611,0.006631436123949394,2.164727798304813e-07,0.0035502896424139964,0.9776871463591018,0.0007054468204319586,1.9097238675171996e-06
263,0.00012019928991022615,0.001129619868372315,0.0009166698000569206,1.2226863025997142e-08,0.00013243684534930812,0.9932560912062495,5.3879860888823164e-05,0.004391090902309875
264,9.049201871855304e-06,0.5843651369425426,5.937737983754784e-06,3.947775636327353e-06,1.0923729507153643e-05,0.41559961756063046,5.387050242916974e-06,1.5850289664422886e-12
265,1.557590026147334e-06,2.320936492021512e-07,1.7223682536202704e-05,0.07338203135922675,0.0034967729227723373,0.9197338837437306,0.003368296471369811,2.136689081680474e-09
266,0.0001918843489711971,7.68789974666136e-05,0.25204126406457666,3.6189613933064755e-11,0.0011650452100424346,0.7465239665102947,3.313742415770576e-08,9.276950346967305e-07
267,3.80680845589383e-05,1.4820850807906434e-05,2.0821591140722614e-05,1.2674843174661025e-07,9.057739533961315e-05,0.9998209620611358,1.4619291805117469e-05,3.9767802626628895e-09
268,6.0943910277179665e-05,1.3519499902073935e-05,3.407800436580611e-07,1.4729486565670627e-07,0.00010304667598334305,0.9998158002234,6.198662657161198e-06,2.952870953390043e-09
269,2.444191934276182e-05,9.010599598774422e-07,5.359116145357835e-09,1.7368993654988181e-12,1.4898025828483727e-06,0.017559126062079492,2.786888306540397e-07,0.9824137571063511
270,9.474294238789212e-10,2.3726448485462143e-06,1.0861582910243462e-05,1.3259135410366579e-06,0.0008502092788165575,0.9988151130695562,0.00032011651307719885,4.982091665735888e-11
271,1.0674999659841038e-06,2.1129284756844223e-06,2.9459332522158345e-06,1.7726430680528502e-10,6.248200180323641e-05,0.9734494363550283,0.026481955079827264,2.4382878804858017e-11
272,3.0906184992980044e-06,1.2422522654080001e-05,2.033021999642311e-06,2.03142841389645e-09,0.00016784308749408485,0.9997839361659906,3.0672419924635124e-05,1.3200937030932443e-10
273,1.11731415696427e-05,0.0011722027877857913,2.0222303717353343e-06,3.3094312161856256e-09,0.0001311994663046987,0.9986714103886309,1.1988476712111242e-05,1.9919395580669582e-10
274,4.810000388886448e-05,2.6682652574186376e-06,2.3198826476829747e-05,2.8424908196537336e-09,6.150411411452663e-06,0.999897787739422,2.208869830477339e-05,3.212747867449196e-09
275,2.7167960998009847e-05,5.430931890685946e-05,2.371959741397617e-06,7.91813442528373e-08,1.7594005814304748e-05,0.9998678716200605,3.060061962844142e-05,5.33350621147154e-09
276,3.638314508648706e-05,4.602228602061223e-06,5.120567711122333e-06,5.296965417036094e-09,8.06037506118667e-05,0.999855492306847,1.777665881850491e-05,1.604535749562507e-08
277,3.7188854144399114e-05,9.209278730712494e-07,1.6363316418317292e-06,2.0328133269918583e-07,6.332967394053847e-05,0.9997865138808549,0.00011015407644104465,5.297377152914513e-08
278,3.596447787986825e-05,7.128264900812073e-07,2.5211991424287157e-06,0.11988116592213477,0.0012823865825842432,0.8786689965532727,0.00012822815146398662,2.4287031877750257e-08
279,6.705366341277764e-06,4.400823732184051e-06,4.052170995230207e-06,2.0406758253702563e-09,0.0006723478041114895,0.9987317372567598,0.000580558576096202,1.9596128809125552e-07
280,1.3408270404881e-05,3.946584054079404e-06,2.419438302284147e-05,3.085846709903573e-09,0.00027361855287140355,0.9988767952622507,0.000807853747981696,1.8011356769671206e-07
281,5.00339636897192e-05,8.07439414192403e-06,2.0065473402501257e-05,9.641359207509836e-09,0.00043572644929658057,0.9987619593053154,0.0007238961711326013,2.3460166209374965e-07
282,0.00010217339292092933,1.6344105229842362e-05,2.152124103378021e-05,1.3686889665310882e-08,0.0008339572519929341,0.9977784833531704,0.0012467983155569867,7.086532054105634e-07
283,4.930976606032517e-06,0.0003059400241476918,1.245414764340353e-05,1.8515275155494768e-09,0.0010872188212782794,0.9952442719513453,0.003342537436198454,2.6447912533428383e-06
284,0.00023285975024006856,1.5258283975937973e-05,3.487715389038498e-05,5.075589179653717e-09,0.002236968474136116,0.994145322647917,0.0033346837132440525,2.490100715463794e-08
285,0.00010723400835036747,8.466037463430862e-05,4.959002229941194e-05,4.309024565747408e-09,0.0025093541988332937,0.9935266969410065,0.0037224551326839146,5.0131676880515056e-09
286,0.000399508738066021,3.7335873192627526e-05,0.00014235710360263078,5.4536362960664583e-08,0.003052482490281461,0.9889443811238607,0.007423874544317568,5.590316005009039e-09
287,0.00022537819748577183,0.0005140840128724623,4.457152518351593e-05,3.4639690022983615e-09,0.00027222838163376507,0.9956850156872573,0.003258685853447157,3.287815111745717e-08
288,0.0004897327855422252,2.8232947244522244e-05,0.0003375471628728964,3.842513684876637e-08,0.004033156350497671,0.9787037464270206,0.016407466180390386,7.972129473227897e-08
289,0.00014569454440399254,9.825540239826781e-05,0.00028521651324661207,3.682901673481196e-08,0.0020946274484446603,0.9901039744052653,0.0072719782914238435,2.165658004242086e-07
290,0.0019031306326262128,0.0007253395456682315,0.0015686290710220107,2.3181898822755498e-07,0.006946110409793899,0.9837307579183526,0.005123070901160728,2.7297023881448008e-06
291,0.0003874189707018925,5.611206934378948e-05,3.0284820543580975e-05,6.349877214168133e-08,0.004719326775728582,0.9741533332255731,0.020652975941336266,4.846980006160652e-07
292,0.000300845176422827,0.002201480768328318,6.023237914927685e-05,6.89591851572291e-08,0.015454870245442492,0.9445057752018131,0.03747672722963805,4.002085687955132e-11
293,0.0009193183349254437,0.012626142452748691,0.0001404713982019214,7.932531436694806e-07,0.0013983745360694312,0.9409377974614486,0.04397707629375425,2.62697080892686e-08
294,0.0009121803636004298,1.1098096543331224e-05,0.0002313218540979038,1.8342400201963995e-06,0.00917545222547447,0.9632903232985957,0.026377755946935727,3.3974732330478565e-08
295,0.0006311031180728697,0.004515302603457137,0.0005133788316599347,9.89027613363644e-06,0.0036992106416672372,0.9786540264009848,0.011976926855954423,1.6127207002271833e-07
296,0.0008358885590423498,0.00042938242501792175,0.00034158457887975183,2.3108276641358804e-05,0.0025036525197424005,0.9841035895632715,0.01176229512879385,4.98948610783329e-07
297,0.002446136286585316,1.9598568983086227e-05,0.0004909315994782797,1.700359996412435e-06,0.021881725859254537,0.955484535603108,0.019674812683274034,5.590393203921374e-07
298,0.003654950162067437,1.2761629390259896e-05,0.0007910976941773423,1.0721514207665915e-05,0.027071539810467185,0.911049904113711,0.05740733942140898,1.6856545701245873e-06
299,0.0015459345193671282,8.952240216706406e-05,0.0012963164511820744,4.668395268819231e-06,0.05116521046501164,0.940315269051043,0.005581896364755683,1.182351204637497e-06
300,0.003802406761564925,0.00010445901367764754,0.0016614115324248278,1.741620973931686e-05,0.05131136552898405,0.9277084048735744,0.01539362082283409,9.152572007396316e-07
301,0.007310028033947096,0.0003734127977697943,0.0019710266340504756,3.594119758622486e-05,0.022267676107991595,0.9556784475622556,0.012362087057348727,1.3806090504046113e-06
302,0.006636867577000209,0.00042260084369640357,0.0006935974082749471,0.00010892886186290023,0.01866474042354983,0.9593918794356485,0.014078306814798562,3.078635168559414e-06
303,0.006175071929553731,0.00020740326656317352,0.000674987631471849,5.8801356749586166e-05,0.03640881405479356,0.9439375490323948,0.012536631854790148,7.408736831108538e-07
304,0.009426011330694054,0.00031560632145751047,0.001363966416314885,0.00016216986575473853,0.0465833103597038,0.9184054642089838,0.02374197550440012,1.4959926911201002e-06
305,0.020667553605269628,0.0007354234832673377,0.0028800391169497693,0.00016389316018534415,0.1412997221673831,0.7968927062543286,0.037354366019272806,6.296193343477096e-06
306,0.017188299899102883,0.000971495963992072,0.0015943305459957893,0.0003336416128852072,0.09126640061890913,0.8542779289543163,0.034356095907771,1.18064970276363e-05
307,0.019819318770970883,0.001844455346793908,0.003402548155583224,0.00029924056422115964,0.09413111344194386,0.838886077371851,0.041582216081867775,3.503026676833906e-05
308,0.030965242956609493,0.001793087405320702,0.003619469437370632,0.00047843982384467167,0.15042764222415714,0.7551345242624828,0.05756910260938382,1.2491280830634122e-05
309,0.052289949509258825,0.02565868215712015,0.028189193424365572,1.0731681311438843e-06,0.7371617975091109,0.15256796789840243,0.004125475984716778,5.860348894210426e-06
310,0.04293634734825346,0.2262042069332982,0.020854571317950852,2.4104566155033064e-05,0.06493694984135207,0.6253218236762332,0.019662799985926863,5.919633083030895e-05
311,0.06173694576031612,0.0006102266041104181,0.011778906847875711,1.6447248951076537e-05,0.18318324560817859,0.7147956072009738,0.02785709269330346,2.1528036290789402e-05
312,0.07732021430760874,0.001862401066375427,0.011649159534582091,3.880934754318482e-05,0.18988558296995928,0.6783692231262313,0.040867209102893085,7.400544806884563e-06
313,0.15994681304217948,0.00020795643206633608,0.018734176009544606,0.002262874463483293,0.3985273468376039,0.40603251999612255,0.014272743685961637,1.5569533038281272e-05
314,0.1509994751056569,0.001501707956830266,0.018654551101190842,1.576377889150193e-06,0.22834828770060117,0.5508778122067249,0.049551760544131324,6.482900697532963e-05
315,0.17241605346555539,0.004186320112356983,0.020743649313508833,2.189029606299443e-06,0.19943873850935417,0.5311575551788528,0.07189409846318569,0.00016139592757998355
316,0.18586215752512195,0.001198604223712784,0.013647561151029866,4.362608816729176e-06,0.29525491050911407,0.45485596668341816,0.04894006610173369,0.0002363711970527057
317,0.2845100100571418,0.018446678202530018,0.07737724627042152,4.3638964583618875e-06,0.20673815470823903,0.40263964164215044,0.007904442321196822,0.002379462901861923
318,0.313530627892019,0.0006188402526416309,0.028104404048891068,3.355371228834126e-06,0.19639077427542406,0.4409871894570989,0.019865916825248398,0.0004988918774480903
319,0.5546059811389495,0.0006980555732842574,0.012650319004052876,2.8709828589686482e-06,0.07642036911497152,0.32351864670567815,0.03043746768029781,0.0016662897999068903
320,0.3275549066442696,0.0010271458684060666,0.00411004093263525,2.8299847042950387e-07,0.1667026593152217,0.48255656347672415,0.017961494326809588,8.690643746329146e-05
321,0.022133372988255434,0.9512608310923517,0.015613198789756378,4.440389025573026e-07,0.0004908261610640042,0.00945489397772146,0.0010284786935975967,1.7954258350852875e-05
322,0.584112529220804,1.1657471645040048e-06,5.427882365089879e-06,3.140953905644899e-07,0.05623083992694499,0.35817870335425717,0.0011944613455667696,0.00027655842750704343
323,0.45172308533490874,0.07350782620995792,0.0003182750428168075,1.7036455868540553e-06,0.13342707819720115,0.3356828739730871,0.0032814936318097464,0.0020576639646318192
324,0.5257041037526003,2.4144715059267645e-05,0.0008184105925818397,2.3688963094943504e-06,0.14898656331894153,0.31549732501137595,0.006678202235354677,0.0022888814777769287
325,0.5695113705843615,0.00031965761535992083,0.0011168769621896033,6.4643762707940985e-06,0.15578788309265026,0.26488825818047196,0.0048585328800084,0.0035109563086876557
326,0.6192973961457902,7.048957566599192e-05,0.0016928680584115585,9.285065027769538e-06,0.14091379954958244,0.22699299382667007,0.006058372743390043,0.004964795035461904
327,0.6242161205758289,0.00011959345670439956,0.0018220375429186455,1.3733693690475258e-05,0.14476037821580331,0.212309217089298,0.008040722389673882,0.008718197036082304
328,0.6318753204792816,4.2547260566662144e-05,0.0029671810856508455,1.4473354714872128e-05,0.15823157646948313,0.18770667616171233,0.010413199304592132,0.008749025883998441
329,0.6370535323242063,0.019335557328296525,0.0022673691337605707,4.355909020847926e-05,0.14383602532481277,0.17337341297071046,0.0028500283700350956,0.02124051545797
330,0.6739454013678369,1.0864043127296196e-05,0.0048566017580481445,2.983945412579166e-05,0.1299180735819045,0.16406804385297788,0.005334215195070297,0.021836960746909315
331,0.6454444217964522,3.6271225863992174e-05,0.0060071850168137535,5.985402234210336e-05,0.1542269656012023,0.14931722803905315,0.007863471240352759,0.03704460305791968
332,0.6422902154806992,5.870087277707405e-05,0.0062391492569539055,0.0001053961522750454,0.15177437779177586,0.13602051429681475,0.009500881747535094,0.05401076440116916
333,0.6508965454096883,0.0014217271686420153,0.007240738571953372,0.00016838718717883164,0.15252667939272377,0.13296796531117408,0.007913242281297939,0.046864714677341796
334,0.08881711824683027,0.8477893401764831,0.0009111332986276995,0.00036996864364947213,0.03016006564682333,0.021591962619921523,0.000646499165961066,0.009713912201703628
335,0.6365438880390751,4.5972097382473865e-11,0.009207690553916752,0.0005946144902221417,0.14925842275118803,0.14519833724191963,0.0006787146843727587,0.05851833219333348
336,0.6906564739997264,1.2844036109094734e-06,0.014690445733899117,0.0003935489580557324,0.13117008115124273,0.1123195723387988,0.0003063818059653022,0.050462211608701006
337,0.6274584901293746,8.469581552936776e-06,0.009960576091683099,0.0009960285192920208,0.11526610954314692,0.10238237150612033,0.004875111625693636,0.13905284300313642
338,0.6163308187605002,3.1091181759357005e-09,0.002621614264721989,0.003119481004375508,0.1287130903804135,0.13366380050388418,0.0025766977161607862,0.11297449426082565
339,0.600305675714147,8.835551468745366e-07,0.004687070265614853,0.0014979565856069513,0.10025809644991716,0.10321451561892654,0.0004339203781694126,0.18960188143247125
340,0.5313633336030751,1.6704454142602963e-06,0.015072641507254495,0.002131446530693781,0.1283819369824602,0.07866506895982094,0.0026529635094383604,0.241730938461843
341,0.5418535408613104,3.394658353657658e-06,0.0019292478911145854,0.006199177128973568,0.10226924320034105,0.09884942499931941,0.00022176518101617066,0.24867420607957122
342,0.5053274606322389,1.3189792229282346e-07,0.0030685252997753095,0.0068850429267252175,0.13992899398092712,0.09544637027771882,0.0006779205520048721,0.24866555443268756
343,0.4772533366288447,1.3642876773369407e-07,0.006384528602038213,0.008196799082159116,0.11947448262367497,0.08349041342244752,0.0006949787902543645,0.3045053244218134
344,0.4005482002101707,1.920620551298722e-06,0.0007802465229121845,0.02019327407726493,0.08134860743175477,0.06629935540133369,0.0003489062118821927,0.4304794895241303
345,0.47706659826192915,3.730589951009896e-08,0.004749998323156826,0.02613067371811679,0.12764737538529264,0.09326367201435751,2.1209654239932903e-05,0.2711204353370077
346,0.633697645084454,3.1018874182167214e-09,0.003479190634848135,0.000957126787901433,0.11882126687685611,0.0956687386346822,0.00013435660515360518,0.1472416722742171
347,0.41556923243940624,1.8850509668254623e-07,0.004244392944904125,0.004858020860830637,0.11269523384343243,0.05619124060569994,0.0002026956670264915,0.4062389951336036
348,0.49696946812283993,2.7251617529581483e-09,0.0022546937817607073,0.007726073812741531,0.1678131581011466,0.08903553284875583,0.00023249380452343402,0.23596857680307012
349,0.41459424243956794,1.571389360882165e-08,0.0006614863512013257,0.005149129132830678,0.09747766874873415,0.07427537242223563,0.00020133275811572496,0.4076407524334209
350,0.4461703306305394,3.210189560304435e-08,0.0022408365425620027,0.00572169987151785,0.1144274564179469,0.07156074729537867,0.000219857416315974,0.35965903972384355
351,0.37558465344925857,2.8215385190732598e-08,0.0016581746619862337,0.003770984556209243,0.10481736591192409,0.06603429740772812,0.00018711483985098755,0.4479473809576576
352,0.3575422645437871,2.5876910098438925e-08,0.0005102227139015738,0.002288875615566054,0.16087185115098238,0.13099143288478715,2.3307638212786556e-12,0.3477953272117348
353,0.3703415484876579,5.268856009961634e-08,0.0013876120663907407,0.01301892185654044,0.13158420912154617,0.07012621225351033,8.533970787421668e-06,0.4135329095550069
354,0.304436533322852,1.8473723542376377e-08,0.0015726459065183466,0.00821735717959826,0.1363747914053616,0.05793240575101216,1.4607340948323096e-05,0.49145164061998575
355,0.21748268424401054,5.0349924670106214e-08,0.0015296988453058556,0.006163768878294435,0.12788282306591464,0.04914326129208295,4.35768271128555e-07,0.5977972775561958
356,0.26934615224102976,3.7373786772898095e-08,0.0014627572306136773,0.01471356174764404,0.12806737580021577,0.046539642762241075,9.504639488331633e-06,0.5398609682049805
357,0.20517758583569573,4.826790893157331e-08,0.0015555588777474451,0.013480985319300781,0.09546786242087715,0.04239297702419873,9.95057835066415e-06,0.6419150316759207
358,0.21118653215434244,7.946865433750287e-08,0.002411809522758967,0.022391863693557557,0.12502734527810141,0.04580179582126309,2.099502289345337e-05,0.5931595790384289
359,0.2164222812204926,5.142543632659605e-08,0.002216324061523692,0.03208122266676459,0.125489979988378,0.041711529378722884,2.414431601644456e-05,0.5820544669426654
360,0.282034894097862,7.684282341491209e-08,0.003429348272540199,0.06868606706412589,0.0713804911479482,0.050138570868560245,6.567606997715062e-05,0.5242648756361629
361,0.17065508920019146,9.396436687712562e-08,0.0033249386047616513,0.011499705196468332,0.06993359071969495,0.03711460757961765,6.513815442207159e-05,0.7074068365804771
362,0.21762733983562185,1.0745786504873277e-07,0.013080711852163926,0.039194239453851316,0.11032512384503215,0.06888160919177967,6.018481045684196e-08,0.5508908081788756
363,0.14961708242287147,1.5247394840738168e-07,0.004199600881572512,0.006829346592982983,0.06700608151072683,0.03740679879338617,1.5338292336859896e-06,0.7349394034952779
364,0.1999973025980719,3.8028274339531145e-07,0.005106437706547653,0.0171559393125747,0.052593926871279624,0.048564796111123666,3.1287143033645627e-06,0.6765780884033556
365,0.12617319016427575,4.942623059080259e-07,0.005711500897367076,0.007851660200161405,0.07043145506917918,0.035380515471322566,2.887391885098764e-06,0.7544482965435029
366,0.17961583971564438,3.5393380133152416e-07,0.007840901545446576,0.027676848009421388,0.1062351468199608,0.03945390063378111,2.6851165145941393e-06,0.6391743242254299
367,0.1310089405710517,7.799397297136768e-08,0.008512921831368973,0.011300560527032627,0.058280739034676295,0.036625160732490496,1.846250133834249e-06,0.754269753059273
368,0.17373424306105767,1.4351283729143014e-07,0.01395121000471961,0.04790849162859737,0.05394681945706366,0.05342792478462686,4.017636463633548e-06,0.6570271499146338
369,0.11081724321643441,2.316413154568166e-07,0.011295823275346369,0.008273923080791081,0.06437752857467653,0.03865666619733196,4.0262616766219155e-06,0.7665745577524277
370,0.13730761980453565,6.349902061980117e-07,0.016990213930756743,0.021174314626385315,0.07152855523155789,0.045676618628845145,5.533174387786431e-06,0.7073165096133253
371,0.13542828884122302,2.0623622906313403e-07,0.01972754306739452,0.021922803229765465,0.07256317637597766,0.048823728423055504,6.241170210854443e-06,0.701528012656144
372,0.1238430366586583,1.5842592928667973e-07,0.026342861615391563,0.027045110371228153,0.08124633853303986,0.04766523527527746,1.0630175411353823e-05,0.6938466289450641
373,0.12402058474173921,9.645844329650494e-08,0.02655623731488119,0.018643303481200486,0.06604601865848919,0.052299198529190176,1.227315887390498e-05,0.7124222876571825
374,0.1342009442218297,2.658278209517527e-07,0.0310977440165343,0.03980249498120658,0.07113569481979293,0.0596693541774369,1.186950399404831e-05,0.6640816324513846
375,0.12368913696736328,3.480849495065426e-07,0.03442623693986205,0.0261857233611374,0.07622877121440494,0.05450647128539485,1.0265195900762338e-05,0.6849530469509872
376,0.10158553769850055,1.2267583452358085e-06,0.03932674360149694,0.05124542480688567,0.0842521122246989,0.05129898351679389,3.127774433645215e-05,0.6722586936489424
377,0.11319932302652909,2.4888015815922797e-06,0.049058178697755334,0.04946103348784003,0.08618026956472002,0.057584528630388106,4.6584886584775645e-06,0.6445095193025273
378,0.12408846435856107,3.4579320908690987e-06,0.061858020088336324,0.04622331033282847,0.08186653682169762,0.06224706720413896,3.75477851150164e-06,0.6237093884838352
379,0.1073704053986862,3.3497148360433917e-06,0.06004723565085905,0.0639726004892818,0.08691879243887564,0.060456326988152405,9.012684498660001e-06,0.6212222766348101
380,0.11754459889127584,8.4749762238651e-06,0.07298668251239267,0.09170248560222813,0.08318647645508402,0.06684589799350141,8.707523929697715e-06,0.5677166760453644
381,0.11025431510016527,4.221090857877186e-06,0.06980389331942106,0.07905728858715685,0.08861363507704076,0.06575725697280815,1.1077984204226156e-05,0.5864983118683458
382,0.08646214566048659,1.5740023442645098e-05,0.13826826869625802,0.24547536765693198,0.06036423584543262,0.05972151782588349,0.007218228548972261,0.40247449574259253
383,0.12320725909560808,1.3173309143046527e-05,0.0922393782196622,0.108267496025265,0.07287999120016708,0.07035273125702171,3.261248824713815e-07,0.5330396447682505
384,0.12944759322443464,2.1109518178679846e-05,0.12526328268072365,0.16184884746085657,0.08517970909431617,0.06816277417338518,6.594267846036161e-07,0.4300760244213204
385,0.07572010348811989,5.022688986007254e-06,0.10726597443888303,0.1304913416309355,0.07934126948608294,0.08725395713199922,1.446058531184934e-06,0.5199208850764622
386,0.14765372208881455,4.049557140811174e-06,0.14090551641475257,0.11990883148219611,0.09338106290704183,0.06528838009913175,3.5170046706581185e-06,0.4328549204462517
387,0.08149647808916492,1.0849188460839158e-05,0.1342082440258519,0.2133574350310115,0.06412713726980832,0.07651825369464259,1.0521885346490288e-05,0.4302710808157135
388,0.2411641016607901,1.859013274635403e-05,0.12830204390313985,0.1708419002163739,0.06347611958221391,0.0391955178298544,3.1716506174991904e-06,0.356998555024264
389,0.06771595017427896,6.107066134044653e-05,0.16537579491903603,0.26416780300991394,0.08224590362951405,0.08385714171967958,8.042271622601308e-05,0.33649591317001104
390,0.1507515191973699,4.448626975854372e-05,0.19575258179704677,0.24294917657563714,0.09332087212812047,0.07965939425120509,7.383515609521903e-06,0.23751458626525263
391,0.03853609540842376,5.047918306798015e-05,0.21026160406791095,0.09839568449104968,0.13413184524166238,0.10247664230986418,3.2238656914017176e-06,0.4161444254323296
392,0.03351149981271303,0.0001283695703219426,0.2029687764004655,0.3413488013854293,0.14940834514106702,0.07414319233862085,6.201317291520981e-06,0.1984848140340908
393,0.04269996749041254,0.00020276012196668593,0.2182068408419587,0.1446237963730257,0.08403985737133002,0.12054232867629185,4.224424793272373e-06,0.3896802247002213
394,0.05240032820614631,0.0007466732586979166,0.26771491618562193,0.11251579729448505,0.11936762545472739,0.1807833889056962,1.5935013819390025e-05,0.26645533568080576
395,0.012724570920454167,0.0018933606185419344,0.1238780328253759,0.6496910435791808,0.0286622344962096,0.03579157880904897,0.00027822405595612156,0.14708095469523247
396,0.02920195649751702,0.0003546714709056511,0.26117134923896584,0.2610104612258065,0.07498347389377642,0.09359313568756983,1.0538769526015468e-05,0.2796744132159328
397,0.028011810262035575,0.001841734331358059,0.2740303361038436,0.2008933329007209,0.08415921627906639,0.09052070762705246,5.409934648444527e-06,0.3205374525612745
398,0.038349856620040146,0.0010412064565716507,0.3120885688323306,0.1149406457836963,0.11141850248622114,0.11356552197464133,2.5541992344337e-06,0.3085931436472643
399,0.019804131858308007,0.004767975177799092,0.2166682438905997,0.37563121157676277,0.0332585727888057,0.06254313194557737,8.458789598764222e-06,0.28731827397254867
