oos_period,model_1,model_2,model_3,model_4,model_5,model_6,model_7,model_8
150,0.014434056047218077,0.5775753621043519,0.05659472174967503,3.702248663546836e-18,0.2426747271653064,0.02270509296376721,0.0796990277044933,0.006317012264188101
151,0.006277922103680487,0.6080402276418693,0.08752794958068313,0.01788370328603873,0.23419419989859971,0.00627612418643077,0.03347429643357433,0.0063255768681235724
152,0.007521228079793052,0.5859425276708663,0.09628102920228365,0.019738801419167708,0.24115014291603504,0.005441434156080469,0.03182889715498958,0.012095939399784228
153,4.141408298853853e-19,0.6135260625801633,0.09100197949854835,0.023400609582041015,0.18148803326609772,0.006352080104551025,0.07108964219036039,0.013141592777238208
154,0.0,0.6152929163476984,0.08887808034712533,0.025185479564671168,0.17917245969266835,0.008976884645636679,0.06728105546631237,0.015213123934887622
155,0.0,0.5976459682644328,0.07538793100116137,0.02495504172299825,0.1797913909648388,0.007877363104538425,0.10187512694440998,0.012467177996620319
156,0.0,0.6032600169731971,0.06894220954310745,0.035674439011277946,0.17202289905566004,0.0047870885837271214,0.10943330600424027,0.005880040827790111
157,4.4501520516069476e-17,0.607015490865504,0.06565085477504914,0.033250443619561046,0.1734888554917843,0.0026539967042198956,0.11163791574480332,0.0063024427980782
158,2.185429759748597e-18,0.6174163377265477,0.056251107520653286,0.025687163838921927,0.14161593007888354,0.003908842964264969,0.13531573950978365,0.0198048783599448
159,0.0,0.5686286020218398,0.06808511707775051,0.025968318726553957,0.1624549656904847,0.011519118568715667,0.1464188800182526,0.016924997895402666
160,0.0006093642283549584,0.5903389910062949,0.05392033578528778,0.013175098772223373,0.2091267303529258,0.011071589109628169,0.11178024177472541,0.009977648969559506
161,1.1978854817826784e-20,0.599464916173947,0.06279887402084294,0.024983653226731375,0.156754213723248,0.008028269798218244,0.12609014574145855,0.021879927314553852
162,0.0,0.5561933756054181,0.05761802339967112,0.02616700874630948,0.19434740738443412,0.042495344006619556,0.07405090866648525,0.049127932190062236
163,0.00715181247179276,0.5234259714499566,0.05509629031174405,0.030680270657546357,0.1764485601225942,0.04451941833905925,0.11134744079488838,0.05133023585141823
164,0.006607926076550505,0.4715205236146484,0.06448176868961437,0.03677012549384351,0.1512792269956387,0.059986171360161315,0.13776288193088435,0.07159137583765882
165,0.008774421517030829,0.5048353247124269,0.0479138074535527,0.029613169849124567,0.14869562590222146,0.057014686368886104,0.13312893062569942,0.07002403357005793
166,0.015506197054357,0.5310096670106585,0.04886554751658066,0.031018396728216657,0.149212641422015,0.04910970490507095,0.128820449896327,0.04645739546577406
167,0.01988200025563557,0.5080410601892532,0.05069391254964249,0.030990468336115573,0.18584194216589103,0.0322728876567199,0.12195306271667183,0.05032466612907042
168,0.017043749927475732,0.5067086621763783,0.047301578571799126,0.029395115273505162,0.19008683325315862,0.03556403517432438,0.12427426537285031,0.0496257602495083
169,0.016999742865149093,0.5287363951801226,0.045299514006059596,0.031979616552452884,0.17652681974757062,0.048026270793483795,0.09927720667668219,0.05315443417747902
170,0.01682220386144776,0.4304748920108572,0.05715129915502036,0.03637017339648143,0.18864770468823844,0.0589385012562974,0.14397593802958247,0.06761928760107488
171,0.027208653251704573,0.21109265270799257,0.06324201987134453,0.03357369867049565,0.3169928679393717,0.12880667827513786,0.15031211751517434,0.06877131176777877
172,0.011058220494653366,0.2232038827855542,0.059808474591627483,0.03518915577219992,0.28489177349248873,0.13605837885153543,0.18483690933090238,0.0649532046800385
173,0.0,0.15083081858260372,0.04831468432917034,0.041390377940945605,0.4176406601478109,0.190064152615776,0.07606586121994661,0.07569344516274679
174,0.007147657127133851,0.1445144570574764,0.04985068665819594,0.03637778749715736,0.3907907625749516,0.17551656454163603,0.11152116607315773,0.08428091846929113
175,0.004791790142397745,0.10533710400111386,0.04299864680862807,0.03514839865142334,0.4046769575147081,0.20119451372415303,0.09977918884578128,0.10607340031079446
176,0.007778864487155266,0.14338111218801686,0.04971903833534613,0.03559975981164682,0.3857869252425482,0.17606860405869768,0.11214209487914316,0.08952360099644588
177,0.008175031018174005,0.09501639165328674,0.044672776243610456,0.03892878937825261,0.35405395252658667,0.2205609619698096,0.09385164775499,0.1447404494542898
178,0.012142436215608707,0.1342526514742548,0.05676502979072399,0.03899561220646382,0.33438713795584674,0.1795906739535337,0.12473823177184971,0.11912822663071844
179,0.02751127194435411,0.07836245793915463,0.05368769839951857,0.04082215941366632,0.3162248631655308,0.2625708623121251,0.08712685607176095,0.13369383075288951
180,0.012552591897155432,0.08631241978853632,0.043450501579368195,0.03580812373699291,0.45983790550859543,0.20021097307650468,0.03566760801447107,0.12615987639737597
181,0.013026868072818125,0.0629953277059695,0.04047361676124067,0.03076878371828228,0.5242531570059278,0.17874922752326888,0.022572357639545845,0.12716066157194691
182,0.014090307621039544,0.07702788766093205,0.04703953467695098,0.03493916741255101,0.4930198205723393,0.17397300402926769,0.03554920773615191,0.12436107028976742
183,0.014214932622371767,0.07869147592844868,0.05780881004541509,0.037197866299072485,0.5147506261514719,0.18374904705548642,0.01437504500307783,0.09921219689365578
184,0.01301068125660115,0.058828509159019444,0.042417504837577065,0.03662753119299454,0.5512868378511064,0.17814036192549268,0.0,0.11968857377620858
185,0.01384494111283733,0.040202489860928205,0.031106315451379492,0.03275374358509428,0.6229452899369147,0.13636269254609984,0.0,0.12278452750574616
186,0.013955793973547318,0.04815947146395679,0.034332022080340224,0.03775252670921281,0.6042164484021897,0.14115878629127512,0.0,0.12042495107847798
187,0.015016748516593015,0.050333244815959736,0.03399255638418479,0.03829532509114894,0.6086993933734722,0.14245588954704663,1.6387969946986185e-17,0.11120684227059452
188,0.010147799462297684,0.050212300203300336,0.02783496333275128,0.03353224298901036,0.6193899366593355,0.1488892662347677,9.800224139281658e-18,0.10999349111753705
189,0.01010424634600186,0.052013769863183824,0.03524524249755812,0.03589590700906529,0.5957802205362994,0.15872561935277765,2.808920071770061e-18,0.11223499439411368
190,0.001695172226391556,0.05669899786395623,0.020770855897225285,0.036858930361039384,0.618515121937319,0.16438051735528902,1.372853795551656e-17,0.10108040435777936
191,0.010649540329604574,0.0295777469279075,0.004412796911104549,0.039482781592034166,0.7166225949769532,0.07959944962030774,2.488905730341786e-17,0.11965508964108815
192,0.00881931713356144,0.03186458237982135,0.005121018256937082,0.03989751848123379,0.7497675796938483,0.06367089995374502,0.0,0.10085908409985293
193,0.006726241703192843,0.020917299650307135,0.007592029468625025,0.06044290699316898,0.7960879358729588,0.033597369929735686,7.655988389448034e-18,0.07463621638101159
194,0.014469951386474111,9.529387680494092e-19,0.004923788268609122,0.07168153781616406,0.7588209472968815,0.058529557411696874,0.008665427599864984,0.08290879021930936
195,0.011735080254868654,6.421568531365243e-19,0.0027445804137222465,0.07737840367416154,0.739293752781319,0.055437782097818536,0.013129066077429004,0.10028133469968108
196,0.012281851627557091,0.0,0.0081943745360493,0.07039988737218757,0.7585011819913707,0.032948096531077914,0.0011579864941552076,0.11651662144660216
197,0.010898447249485882,3.1712824642957205e-18,0.006368067302701406,0.06394607509343159,0.8130160645452043,0.017405963971227376,0.0,0.08836538183694928
198,0.01474978863204377,0.0,0.009050529563374179,0.06997633797912929,0.757621244422032,0.018607970936727312,0.005143865698909264,0.12485026276678413
199,0.005801465763550092,5.043647096508846e-17,0.012286270259596211,0.061967882734678056,0.7555675788543229,0.03023680834247601,0.0,0.13413999404437663
200,0.0036329361200902965,0.0,0.02095746445905867,0.060472588380228225,0.7703599724020981,0.017050745281092582,1.36562886920938e-18,0.12752629335643223
201,0.007895321677552147,0.0,0.01814887503491713,0.05209552373271279,0.7802280096350868,0.019865764065720125,0.001673825935145447,0.12009267991786536
202,0.009007413087241612,0.0,0.017885257314135285,0.03630116618195382,0.8234088800758016,0.01582282094777391,0.0018282189672550165,0.09574624342483867
203,0.019361432426714214,0.0,5.7493420086012195e-18,0.048539181253757384,0.8220201559360614,0.029197643965444314,8.626051185931158e-18,0.08088158641702255
204,0.028929571563310948,4.214050316844929e-17,0.0007649989617887784,0.05132335669588967,0.787778743275034,0.028343235508730347,0.0,0.10286009399424619
205,0.01754200347090468,3.4050856828486828e-18,0.00840817665626275,0.048801212124227604,0.7511460759316665,0.0361217242325567,0.0,0.1379808075833817
206,0.01966493199426418,6.35202907013796e-17,0.015040398872307546,0.015162017123356691,0.711786763505647,0.0385397287307627,0.0,0.19980615977266178
207,0.018337376434880266,0.0,0.017519014046510212,0.012523598041120555,0.6781459090104864,0.029241839918557565,4.028551562918285e-18,0.24423226254744507
208,0.020490318434026638,1.0430271068250415e-17,0.014636528653554873,0.008338212315410676,0.6786210407722003,0.025716568468519746,0.0,0.25219733135528766
209,0.01761711535105135,0.0,0.018943935424467907,0.0059981858429679616,0.6775047470049019,0.025832914371552485,0.0,0.2541031020040582
210,0.01905716907797779,1.0055816331115387e-17,0.021373671964643307,0.014133286351406323,0.6704372805396746,0.028466752418326306,0.0,0.24653183964697176
211,0.029067058271806997,8.073964375334219e-17,0.023381466123742003,0.0,0.7034298222013005,0.028114249578085906,0.0014147518765201012,0.2145926519475445
212,0.027109819152226478,0.0,0.01660052835481357,1.6977721581026476e-17,0.6385440779800976,0.021823919477009315,1.1615208931524068e-17,0.2959216550348531
213,0.01699475690902957,0.0,0.018074140990647036,7.469745333811788e-18,0.6765825315773525,0.022558247356749668,0.0,0.26579032316522117
214,0.0175715545307535,3.4874761567414233e-17,0.02100378234771621,8.253277279800835e-19,0.7125515686820966,0.02369041355575638,1.77509518382354e-17,0.22518268088267723
215,0.025143271022377824,0.0,0.023373669093390267,0.0058885164945343335,0.797614223258411,0.03669424633651772,0.002650767296478335,0.10863530649729049
216,0.02446255902144928,0.00028364970382207383,0.016140938900748837,0.00910793968791583,0.8076271766440901,0.035087803667765524,0.007879452475311318,0.09941047989789706
217,0.02903264174117386,0.0023027805256115286,0.01762861694822976,0.0076610055140302145,0.7999741818156012,0.03771542298127886,0.002498969428667163,0.10318638104440736
218,0.03246799319486047,0.006439499244024349,0.01276064676173913,0.01202802275999104,0.7840814013302537,0.03482772994471686,0.011461655637424573,0.10593305112598984
219,0.025783174981790453,0.0037116287944001076,0.022692363181893906,0.0276122166329806,0.7545477984287244,0.03510377897900434,0.010513679702145281,0.12003535929806096
220,0.02831402830786941,0.005697613787067528,0.023319880054074423,0.018490024365016462,0.7760502280257244,0.03823032017896379,0.0,0.10989790528028386
221,0.019630315247961067,0.01915058307770715,0.016671827231854345,0.03262895613092504,0.7342460006400644,0.029510049902808977,0.04232489199670572,0.10583737577097338
222,0.049390296516390944,0.027663514751062167,0.019022062071986624,0.03914613997916102,0.6804077351794616,0.02748392139529942,0.043553713645697066,0.11333261645994105
223,0.059619142291389406,0.02984884587210298,0.013573378871735584,0.01658372665939748,0.6651084257774096,0.02948854789812605,0.06945198421144066,0.11632594841739821
224,0.06655918426748371,0.03260141009163938,0.01080568052412844,0.053027522017497095,0.648477405306488,0.025731460302114317,0.06741041379127966,0.09538692369836949
225,0.06410216146909604,0.034041507809921503,0.008067388722293598,0.0660888185969408,0.64620812879815,0.02778501967187785,0.06608588084685273,0.0876210940838674
226,0.06943633484394658,0.03370596075566884,0.00882139643750734,0.07798089530583327,0.6710582393322638,0.028972045226135796,0.06697646028616207,0.04304866781148213
227,0.07469202032384975,0.0348991375464752,0.010216201821056266,0.07021405286420368,0.6193214305795837,0.03235474475825853,0.08122875450776317,0.07707365759780953
228,0.0665242836504561,0.028720623908411222,0.004841140172386995,0.07434136091235045,0.6217557898195164,0.03486008480616473,0.0889837706373735,0.07997294609234058
229,0.07061891340190611,0.03158403824307596,0.0052163405156046465,0.06798815246359863,0.611695447925318,0.03686465894525454,0.08687884677610834,0.08915360172813369
230,0.06562850380541575,0.023646131635830923,0.005273438602883063,0.06040922595215766,0.692538674772785,0.03811901786368148,0.07529620608399315,0.039088801282252984
231,0.0693384942167258,0.026443179567541268,0.0067559676850527,0.07978322332658522,0.6384084207834763,0.03780820000478363,0.08595753744447751,0.05550497697035756
232,0.06516200386676183,0.025148106099388796,0.00038931333779118523,0.07169749289674576,0.63408097597329,0.04212103848120661,0.08995546163462584,0.07144560770918983
233,0.06576062544011686,0.025641007325761606,0.0011835333831477592,0.05828063114216344,0.6473421112358269,0.043970154112605436,0.09899518187878682,0.05882675548059122
234,0.07084053490320531,0.030544656338863798,0.008359667022087045,0.08664157905679472,0.5682070957938634,0.035799955173799525,0.12676063442367322,0.07284587728671289
235,0.08719849579570797,0.03153103341534583,0.005896318100025475,0.0884107680291304,0.5817858855271051,0.03208499368786994,0.12817903948225684,0.044913465961558215
236,0.09749452033577773,0.03156953915475445,0.0025380084342471443,0.09045270357812255,0.5957664190098183,0.03229778839797219,0.11755095870433316,0.032330062383974574
237,0.09734644764128701,0.0285179999802049,0.0,0.10160883087485531,0.5787414579849319,0.027262358740458698,0.12565638426052622,0.040866520516735824
238,0.11672236233146613,0.02865320159604454,2.1559845227655452e-18,0.1261527835610477,0.5447737097369024,0.02234823043441442,0.12385311260889632,0.037496599730228335
239,0.13417284208666266,0.03290990177355835,5.7733898033693396e-18,0.19805259292778166,0.38448876225693307,0.015080966725759029,0.18980735620232844,0.04548757802597691
240,0.15213304382818174,0.03836213831392932,0.0,0.20111482020086147,0.3516375334865447,0.014828346432934,0.19935853745854257,0.042565580278006186
241,0.139375239794502,0.04105792247221126,2.5516205791520237e-18,0.2121785810047484,0.34099669562763046,0.026937800810348186,0.21983964044795568,0.019614119841604074
242,0.07305769393284892,0.024759626244492978,0.0,0.1358436807632999,0.4470696312598639,0.031714910674675086,0.2619545279158132,0.02559992920800605
243,0.07291513674226967,0.025397355767392993,1.9932438871772366e-18,0.16761484147545894,0.43830182678542096,0.037473408659782347,0.237687010241644,0.020610420327031104
244,0.06982709818629891,0.03410763618340125,9.32909597677704e-17,0.13776437141516343,0.46115730424092904,0.030762050651533687,0.23647886717248529,0.029902672149188403
245,0.08526896198582556,0.039838772600701206,0.0,0.20911467978948547,0.3857143266437319,0.02887911955481549,0.22654027148954367,0.024643867934896674
246,0.06685605470778817,0.0413678253325445,0.003934640171051731,0.2534770777541975,0.3732462373428822,0.03337682755634703,0.21866030263417932,0.009081034500009529
247,0.057525720880651825,0.043024729828839196,0.008935822833383624,0.27520826374876955,0.3257294875517871,0.055477408364357605,0.21653276913790176,0.017565797653309363
248,0.0576088022143997,0.05043764600816626,0.007865108718204457,0.26532460710708455,0.32425132738452134,0.06057476185096941,0.21747332216952694,0.016464424546127187
249,0.05297236827904913,0.06662801260660946,0.0113651710156306,0.2722894457650618,0.30393039559480384,0.0621897090790996,0.20842510345853757,0.02219979420020794
250,0.04718952437168091,0.07858638791740571,0.02731192261260162,0.26094688490443735,0.2754422043328258,0.06566856377485687,0.20298500477785458,0.04186950730733702
251,0.049536728939797714,0.10577008380547813,0.022935452635367035,0.24547509011330962,0.2546268347931426,0.06503319061474198,0.2150239005795258,0.041598718517636926
252,0.060697776637014735,0.09567779220847561,0.02692041245656982,0.357476899291527,0.13301106690489528,0.07675974939103536,0.2106328917599262,0.038823411349556004
253,0.05863015089831117,0.08918757373066345,0.030971886292078324,0.37474792295811465,0.13768883720364286,0.06145847085413523,0.21306823617157633,0.03424692189047795
254,0.04505014618456207,0.08696333467896916,0.02762577316918566,0.40277297349830415,0.14486974559430202,0.05805208535860495,0.20145711701289465,0.03320882450217732
255,0.043785202059280846,0.09028268388694076,0.02799407316307406,0.40133962749695695,0.14380205743089897,0.05978616250307813,0.19654161571788434,0.036468577740885834
256,0.05374574566152701,0.11312012471050759,0.027832427080925592,0.36984486057262095,0.1273815221791425,0.08207598591659272,0.16998051457126767,0.05601881930641594
257,0.05205274514819522,0.09593544265323609,0.022246740386688366,0.4412429850341522,0.13010816886409368,0.07811303842294291,0.1455704983013576,0.03473038118833383
258,0.045847497675981355,0.10134676114756506,0.029436115826464056,0.4054382150051405,0.1397841269024642,0.081020241962694,0.1477513407141754,0.04937570076451551
259,0.051644630585414894,0.0993678607799215,0.030030334856324573,0.38187078960735654,0.1503770590909317,0.08230419746845286,0.1552382358679372,0.049166891742660736
260,0.04774419907987479,0.09546321026118613,0.02777281619213893,0.3888912167211904,0.14993944546075438,0.08487052754497634,0.15526036287763798,0.050058221861241016
261,0.07642901377438413,0.1536763934552337,0.039839122055668225,0.2396789550562615,0.1571179987629073,0.08990841845836539,0.1997616457397489,0.04358845269643082
262,0.07358589464572914,0.1550402384198156,0.046927512406977075,0.23163408117518275,0.15401171445216189,0.09676561966018014,0.20453113236705642,0.03750380687189689
263,0.07434104907279267,0.15894758625627906,0.06660465587305633,0.21805074734001018,0.1447427009651795,0.09411264901289046,0.20735336042338762,0.03584725105540414
264,0.07688707060161817,0.1632848606009684,0.07438864972068793,0.18267126254138288,0.16586957878885872,0.09997310444329613,0.2102613810312419,0.026664092270945818
265,0.07719824386810663,0.15902547157180016,0.07725426949012215,0.18302888587688126,0.1683788217806792,0.0948135189146862,0.2108518785742736,0.02944890992245075
266,0.12103306111001398,0.13896626611093552,0.08822636113357536,0.148098171760428,0.16499062356929292,0.131785889655996,0.16919489649856542,0.03770473016019274
267,0.10580039980191049,0.12295738439248205,0.09911092928599144,0.1543339909650846,0.16899601048287427,0.17394274859826295,0.14280623769943712,0.032052298772957025
268,0.10600589370138085,0.119133534187363,0.09747901960796891,0.1534078654668383,0.17193635309905844,0.1742672928026866,0.14457341045858565,0.03319663067511825
269,0.11968010016683173,0.09462248216061916,0.09417334708482385,0.17299028716732254,0.169095308758448,0.1759474333513733,0.14240972957901574,0.03108131173056569
270,0.11255320666859438,0.10539975607245072,0.09934917041480225,0.1723232345281194,0.15773538496290815,0.18377010133348326,0.1371258853453405,0.031743260673301264
271,0.10997411917394394,0.08799797892537664,0.10346719803264799,0.16614246786281323,0.16313019474283108,0.2066407677607731,0.12915569928113774,0.03349157421947629
272,0.11174621637836499,0.09007606698346945,0.10853913516243718,0.16032025002552128,0.15979652086135956,0.20868667995512402,0.1270840752173106,0.03375105541541283
273,0.11228683651118616,0.0900636461121547,0.11580349066843093,0.14995084861058838,0.15679375257629713,0.20774974911787988,0.1302581026321136,0.03709357377034905
274,0.10616178653849145,0.09038023933601697,0.11262824252544627,0.1441222053490863,0.14927231917615053,0.23524711002327714,0.12533704776391286,0.036851049286618504
275,0.09502142476462888,0.10167306355872636,0.10658100503041082,0.13791331167595314,0.1321535549884355,0.26773451968225676,0.12649407455963382,0.03242904573895467
276,0.0962845180531943,0.10130130432472093,0.11020691526000935,0.13262891977299962,0.1297424545482784,0.2757159877051712,0.12150023047000671,0.032619669864619436
277,0.10258254951423261,0.09909500501963873,0.11082027697253444,0.12648957890224208,0.13366249774017788,0.2655251584330026,0.12213955498919862,0.039685378427972935
278,0.10572521951461232,0.0837282498966753,0.10680381170912132,0.12463989032330776,0.1255582987754678,0.2806763833394315,0.12442158463863681,0.048446561801747064
279,0.09618628730425587,0.06904013112796954,0.10708072706056128,0.1292505291058707,0.12199895557263332,0.3009181044095777,0.11699657892134023,0.05852868649679129
280,0.09490547355980702,0.07013052409349456,0.1111054097482551,0.12978519171649217,0.11963124390078256,0.2936084013769068,0.12700004074731136,0.05383371485595038
281,0.0933837769103955,0.0612030020169511,0.11607832658675481,0.12409590390299623,0.11262849698089163,0.29549753440988563,0.13577123758336285,0.06134172160776216
282,0.09443284303550493,0.07348027371948353,0.11434854542468216,0.12762363314901656,0.11486920865535037,0.2800685665667029,0.1351964134617114,0.0599805159865481
283,0.09574707606405944,0.07502551926807703,0.12896050596231912,0.1221318267182915,0.11247252863973908,0.2748355870085681,0.1383161168792088,0.05251083945873687
284,0.08076475838026732,0.0705839633895672,0.1163386000049662,0.1122377952569504,0.09868131872183916,0.33897063245897646,0.13448022723691408,0.04794270454951922
285,0.07097709532991778,0.07254625976444051,0.11584164688259144,0.09987586119571801,0.08496512863880304,0.3639962300436499,0.13226527912618785,0.05953249901769144
286,0.06721107181387181,0.07092445533031402,0.11940988102994378,0.10081278687440452,0.08255869823537522,0.3578953803567746,0.13609520163265146,0.0650925247256644
287,0.06290674013076131,0.07671560537735575,0.12087960645954983,0.09141240231133042,0.07505102219412407,0.37453042644875634,0.13092734384908689,0.06757685322803536
288,0.060532025222882146,0.06394919324104316,0.10985625095181227,0.0978312273960443,0.07439602483642253,0.3961853569311189,0.13545644801281037,0.061793473406866174
289,0.05508850571723463,0.06328241343207848,0.10650643681425676,0.08557560302015667,0.07844243988958743,0.46449074735515805,0.09446259831744977,0.052151255453078194
290,0.04875373215574406,0.06777872299608488,0.10512946062229117,0.08156474815899734,0.0778261480698548,0.4738321801292058,0.08806581850233204,0.057049189364489786
291,0.046101085751362125,0.06181433064487901,0.11664792046483309,0.06778516290935081,0.06699243708985186,0.5113626151879636,0.0650138400747851,0.0642826078759743
292,0.08728815344423178,0.07180466017116978,0.12824065417262387,0.06241009333690926,0.07079572412463815,0.4927597846981613,0.038450844462961674,0.0482500855883042
293,0.08622693520494966,0.07007229205877703,0.12882465560566786,0.06173015651419358,0.07157041493197072,0.4941623331639807,0.03451968876900435,0.05289352375045605
294,0.08570357784450779,0.07261815624493603,0.13007055036261567,0.06016562528547353,0.06888443359233455,0.5106974590212223,0.02634085900916831,0.045519338638741705
295,0.08062171606534808,0.07064442188223816,0.12728672429836124,0.05909780645031995,0.07109048001314139,0.521499477047942,0.018624954466941155,0.051134419774707944
296,0.08417394088275842,0.07036334455141113,0.12246963871751965,0.06113769089354456,0.07646619789216334,0.5104727640776717,0.018692478689957357,0.05622394429397375
297,0.0849670962019837,0.07084962782475641,0.12220426224904751,0.06117342839966139,0.07826681281418225,0.509589322468863,0.01715422881535383,0.055795221225152
298,0.09161647347459134,0.06995911775183411,0.1313784461431045,0.06580294493748366,0.08614706437490849,0.5052551951640845,0.0013697187963969872,0.04847103935659644
299,0.09228160030145836,0.06994717113206184,0.1305670386705474,0.06666778032100258,0.08526475322922263,0.49839650813830993,0.006170768305580337,0.05070437990081688
