oos_period,model_1,model_2,model_3,model_4,model_5,model_6,model_7,model_8
200,0.08064711568166283,0.060820231134269494,0.06094985456330129,0.39424161204448716,0.12934280435853848,0.06117664924417822,0.10472595220152442,0.10809578077203805
201,0.07810983849633413,0.06159377462577051,0.061029109725586624,0.39792103271140356,0.12255830327710146,0.06366247390213423,0.10636787518258985,0.1087575920790797
202,0.08061633126990324,0.06441711016104337,0.06351240862098277,0.3986501820977085,0.11958024200776265,0.06110658184788153,0.10467151259837941,0.10744563139633855
203,0.07982763012598958,0.061420936965080226,0.06473283217692007,0.4016088184953921,0.11381326640386243,0.06150162736570685,0.10729218444746788,0.109802704019581
204,0.07587816654781764,0.061640475437799234,0.06707043422678129,0.4036750629439927,0.111833932329085,0.06464933550231534,0.10421687569591673,0.11103571731629203
205,0.025201281731069787,0.01875000000000002,0.020533058571630295,0.3019728871725804,0.046444637762065186,0.019311171510782047,0.28901618333330453,0.2787707799185677
206,0.08658422881848331,0.061870975169543256,0.06847038538800568,0.4058444721839365,0.10876335092906492,0.06297696031622152,0.09723339912991451,0.1082562280648304
207,0.08875524251738211,0.06151229687144846,0.0700560913389101,0.40246867643716194,0.10671956476664136,0.0626564246322657,0.10224930496715351,0.10558239846903686
208,0.09041138532311248,0.061314280261492445,0.06752974482059376,0.40060499069639943,0.10788587250289802,0.062187827419906715,0.10481582904532191,0.10525006993027516
209,0.08517004554298185,0.06133049692821293,0.06560476730605445,0.4007576181478863,0.11424064967647803,0.06237611315017492,0.1037190342913951,0.10680127495681638
210,0.08618267607445723,0.060927096794220745,0.06412322776689834,0.39696091100443065,0.11823837518495814,0.062044376119250295,0.1073882624797406,0.10413507457604404
211,0.042528649690188165,0.2276584327018397,0.031147385757414495,0.2559781570062537,0.07387803017698255,0.24577463378336453,0.05506357935839172,0.06797113152556522
212,0.08363253978386659,0.06262867807163655,0.06766548244665696,0.4001357035964337,0.11459330774634736,0.06126441850712108,0.10507438130253881,0.10500548854539905
213,0.07948836640646349,0.06140023376543452,0.0707385481669173,0.4003516695050414,0.11893270495534845,0.061287364884910656,0.10242351352371569,0.1053775987921685
214,0.08054758176318999,0.06058486838437581,0.06859461786440162,0.39373993773530175,0.11485707603715357,0.06180067299111952,0.11558797740585819,0.10428726781859958
215,0.08530068020704888,0.06319088576845974,0.07690035439837606,0.4037507283677499,0.10680692260828106,0.06164851488907343,0.09811758842421418,0.1042843253367968
216,0.08587333670150657,0.062139158675391847,0.07313902274038116,0.40836855223898205,0.10297127817321967,0.06522511114639012,0.10028638282238744,0.10199715750174124
217,0.27435629594668576,0.019112289271156845,0.021363802962925012,0.31251546975504113,0.03403392343287423,0.01875,0.02790234180851654,0.29196587682280045
218,0.1041003001514699,0.06490019365090778,0.0740514765032212,0.4146093880900091,0.10388024663722861,0.06280224748456345,0.09421046779457962,0.08144567968802044
219,0.0892638760923043,0.0650943960923737,0.07218675311597131,0.41392750860118976,0.11478243778875569,0.06272979778887632,0.09377634751074133,0.08823888300978763
220,0.2742382873295694,0.01875000000000001,0.29425397731593533,0.31923337894131215,0.02546399673523342,0.020083757257664026,0.024268211673287163,0.02370839074699842
221,0.09361664035382201,0.06853178881809247,0.06741963646660445,0.41707084943289996,0.11081120072030703,0.06306377775224561,0.09199695571685172,0.08748915073917665
222,0.12551982680839005,0.06218142384219156,0.06844856209214384,0.397788376065148,0.09309052997157559,0.061015014885650726,0.10722232272282003,0.08473394361208014
223,0.10466140711600191,0.06818742137257208,0.0692398297067844,0.40566865807027536,0.08565790568742826,0.06185229491995789,0.11987639276913728,0.08485609035784279
224,0.09186106280092791,0.06587733198375229,0.07090249538797763,0.4212908543820166,0.09790170182688326,0.06351215327808926,0.0982694328017376,0.0903849675386155
225,0.11865334799503728,0.06253295326872325,0.07328779576019934,0.4120748542938683,0.0971399253010943,0.06307134759581826,0.09487842113726268,0.07836135464799658
226,0.2445372421287012,0.01875000000000001,0.020985813699856738,0.30821809819909296,0.028480819879289944,0.018830970163583767,0.06750545647225799,0.29269159945721734
227,0.10975963217836475,0.06357937876118597,0.06646185236688434,0.38830166444057196,0.1522219824054798,0.06000705184589861,0.08083083174015164,0.07883760626146302
228,0.10947111946842847,0.059822175758405725,0.07157032461595399,0.38656165419675975,0.1444279884834853,0.06452875409816392,0.08980501194230042,0.07381297143650231
229,0.12526365650613513,0.06367769711902381,0.06751461177004625,0.3763370986264358,0.1564500893760088,0.05873581672905881,0.07309724287725924,0.07892378699603227
230,0.09796668090261015,0.06554064579362961,0.06914356941006561,0.3964704345149322,0.13537457684111767,0.06087498366721155,0.09906494295952352,0.07556416591090966
231,0.13614619817998974,0.0578363528565395,0.06543659051615723,0.3678715562968424,0.16352273207736667,0.05903221051774484,0.0708525835936773,0.07930177596168224
232,0.07990297417423183,0.06380918818968936,0.07297256112457479,0.4204021874344958,0.13172403241152295,0.0634177324149135,0.08170282319991282,0.08606850105065902
233,0.06688429342982209,0.06363849124685686,0.07589616778610062,0.42247991761747633,0.14028692174253304,0.06452425585851913,0.07388323205878611,0.09240672025990582
234,0.08013988994942949,0.06342663589444056,0.076364049671094,0.4204859849766609,0.1403232831408252,0.06470531580728792,0.07248324207237622,0.0820715984878856
235,0.08389176736219811,0.06252028993354879,0.08405332206007696,0.41195567037977304,0.14411366039640408,0.06546674053560768,0.07728723688442914,0.07071131244796224
236,0.06603989819019504,0.0636043662186537,0.09127821310535819,0.4212106359273843,0.15882831618704715,0.06398381035981093,0.06495364688096353,0.07010111313058724
237,0.08959917989641061,0.060548733352413946,0.09685768082076103,0.3933981556272469,0.13578926619861317,0.08069091938371632,0.07570994852138867,0.06740611619944932
238,0.07065191508292826,0.07195570477576523,0.09629839710535003,0.410347728985617,0.15919734635794205,0.0623494462047218,0.06284897178868531,0.06635048969899038
239,0.060718100475258024,0.06426430283720069,0.10654389059275997,0.3949938883188635,0.1722733635373117,0.06509439921602096,0.06586127729965448,0.07025077772293069
240,0.06573717476422637,0.07114084742824514,0.12030129424098293,0.405097743830928,0.1369263743187584,0.0647577394890526,0.06909808575839975,0.06694074016940663
241,0.07390529709537226,0.0819812332381892,0.1044938349476764,0.38525040011045614,0.16628315237985208,0.0596828550068942,0.06013358079233968,0.06826964642921997
242,0.05540338049124951,0.30997307771821225,0.07215066617593802,0.15521764366486213,0.2418064529974989,0.05437957514307664,0.05938456430160248,0.05168463950756006
243,0.019867909855316238,0.07835592416936031,0.26734874147368803,0.13160969608158238,0.21264561031248885,0.15706221208434337,0.11435990602322071,0.01875
244,0.17657025454760816,0.04780876970907331,0.020203652359183588,0.15901730871581277,0.24442202937659857,0.08109993153628611,0.021424650207420078,0.24945340354801743
245,0.062431013053669174,0.11020249095894598,0.05906648931252715,0.20728733157275905,0.35658360172779147,0.0758282086880234,0.06872084121022835,0.05988002347605532
246,0.059974932514379485,0.08134102283337098,0.06628160777963286,0.22407344469143914,0.360834420517697,0.08638098934184134,0.06402492514163394,0.05708865718000532
247,0.06923522016957984,0.1109080915518112,0.07801731496819216,0.3758060152161532,0.12853347368360193,0.113471631641784,0.0653488642150537,0.058679388553823916
248,0.06623192583664607,0.10557567137128707,0.06800269947808081,0.4104635728428368,0.12201917967274992,0.09731316578079771,0.06803203040305027,0.06236175461455141
249,0.06266270474242873,0.11112415709416594,0.06623973234964742,0.39242891401048025,0.10894597393137874,0.13135719592798473,0.06679574983030068,0.060445572113613524
250,0.055639034867553845,0.3471909164005067,0.06271814830449939,0.19258296107818998,0.09654931641982781,0.11659773363412604,0.06709482284768604,0.06162706644761013
251,0.055059285926570174,0.09220395013054482,0.06277860185982756,0.12032517374942912,0.21361324585085562,0.33590256922251727,0.06567752528036307,0.05443964797989246
252,0.0728265169380274,0.17090587093491114,0.05701919051780416,0.1443753507196465,0.1068675528758978,0.32368692610705285,0.06092058552520786,0.06339800638145231
253,0.07997083029504609,0.19525653415737354,0.09713792312777719,0.14337824993043963,0.05639534151466772,0.3142906214026241,0.06142712162048051,0.05214337795159126
254,0.10662269977318647,0.3702443160497558,0.0924443756890851,0.06135627385840362,0.09411839355871875,0.144743963041468,0.07238151944909567,0.058088458580286544
255,0.05684374084163826,0.3585293255683601,0.10145888992520498,0.06536229515780621,0.08521244824014469,0.19009273931650933,0.08542974796098181,0.05707081298935463
256,0.064281548860462,0.19768404090226938,0.09881172041282359,0.058395274515737214,0.0801174665909092,0.36832911090567133,0.07436856015806594,0.05801227765406135
257,0.07749159557240748,0.21318166874170275,0.09395929139522478,0.05618132650332808,0.06562570762013659,0.35229483858932026,0.07441215848393389,0.06685341309394612
258,0.056337539718675785,0.22613627139604686,0.09978599872266662,0.06182001331587057,0.06329719908850957,0.3537650805207444,0.07905157145963153,0.05980632577785466
259,0.05682378083316435,0.17174602351236623,0.09919725768050654,0.0822071766353521,0.07729424229463273,0.3583414698836676,0.08151125983583299,0.07287878932447747
260,0.059950374247857735,0.1302146759351876,0.11752263192376278,0.07149756135468553,0.06347046322497359,0.38776823174033515,0.09929583602285748,0.07028022555034008
261,0.06544072647074627,0.11035621844641884,0.13306606165135446,0.07090088628355835,0.07616507773438885,0.3919599011602193,0.07865343369845638,0.07345769455485757
262,0.06088798135311755,0.11946383265054789,0.10921993413819343,0.07954688014111153,0.0912893062890891,0.3915359561211901,0.0877054139688741,0.060350695337876445
263,0.09149602652431314,0.10878357190705837,0.0921211595329354,0.05649794842832068,0.08318074184881956,0.355274819056146,0.09199743081384532,0.12064830188856147
264,0.08424733678578877,0.12848491572937576,0.08426223207814464,0.07561870936143955,0.07287973000354099,0.3901029411136507,0.10420569805767742,0.06019843687038219
265,0.059417877589848955,0.06125126824203332,0.08097729226126615,0.13036066890735648,0.13795491467548912,0.3571397464792109,0.11620213470768338,0.05669609713711162
266,0.08475455341595202,0.07375469286803879,0.1414568036312956,0.05951552215651102,0.12721661728664865,0.38367550264951544,0.06405670376466878,0.06556960422736974
267,0.0850495462251395,0.07523072014055476,0.09041631072101751,0.06757154228713505,0.09841928940998917,0.43502934173298435,0.08331138192404992,0.06497186755912958
268,0.09099665038627545,0.08006967059150236,0.08535478814308027,0.06904079222219346,0.10022340834221065,0.43208472145530336,0.0775709672048085,0.06465900165462597
269,0.16208768018240152,0.07760095854357532,0.06400098686587119,0.05744920206477132,0.06572397576474817,0.3642277878810511,0.0688146135070981,0.14009479519048315
270,0.09119893622727306,0.07410760721235767,0.08101297854326618,0.0828235746529294,0.10858099143937582,0.3982342123682909,0.10297931471205286,0.06106238484445401
271,0.06994458017472244,0.07938754374178321,0.07299675473058205,0.06324750558495788,0.09289180136532904,0.40009535358009946,0.16017632950464034,0.06126013131788557
272,0.07648332637109057,0.0859026824099109,0.07797534180107694,0.06551862586285571,0.11150341063467421,0.42006463743287603,0.09917010776027257,0.06338186772724307
273,0.08098470605848336,0.11446653443061508,0.07062208151436036,0.06571749053432395,0.10095458820867902,0.4160777859246689,0.08821854862311898,0.06295826470575043
274,0.09676226673849553,0.07840578310727425,0.10141577392991905,0.06413430525293234,0.09854498976771975,0.40809218816687187,0.09053489815992488,0.0621097948768624
275,0.08907890456589017,0.10036379064870606,0.07010322850264426,0.06819875903015736,0.08369902658144342,0.4310910912577182,0.09291177116976806,0.06455342824367248
276,0.09063262106633091,0.07597535537123622,0.08846056210936169,0.06452490975588528,0.10397612105059936,0.4255622511421659,0.08690219038127507,0.0639659891231456
277,0.08697365325003319,0.07166154168802022,0.07039302475815548,0.06661551545676882,0.0939146364768888,0.43537190490944094,0.11006145856409168,0.0650082648966009
278,0.10357955697383116,0.06572248555345912,0.07838950284457105,0.12124038396656812,0.12603762314709838,0.3601326398799312,0.08788371590915302,0.05701409172538796
279,0.07424647240211772,0.0726007103137531,0.07089131614202884,0.06363531779749165,0.10751009564216803,0.42245005034760363,0.11667849018351943,0.07198754717131772
280,0.07233327068245013,0.07434009004812692,0.07887613232783758,0.06341228036852799,0.09899646308373959,0.420350874056734,0.12478561087073611,0.0669052785618477
281,0.0811088023494648,0.07407911120871952,0.07700331735880535,0.06317955037731969,0.10468051917006704,0.4181604741394793,0.11733633853356187,0.0644518868625824
282,0.08205682822981149,0.0743091817742149,0.07310366141799052,0.06301743777279954,0.10677210362591669,0.416634708449878,0.1195171057947002,0.0645889729346887
283,0.07140433785976054,0.09626452635654893,0.0670859012379199,0.06137957925111195,0.09723887726548429,0.401219572692156,0.11328639139218062,0.09212081394483773
284,0.0835792784138097,0.07543908895366236,0.07806549751640032,0.062297911258818714,0.10702452013767245,0.4098626942006467,0.12055515006856371,0.063175859450426
285,0.07696880610271634,0.08052955690402734,0.07500476989702921,0.061985188582692266,0.1099333059361524,0.40691942211769,0.12442249158312549,0.06423645887656688
286,0.0800301504590082,0.07330679284867993,0.0745957428216526,0.06504107767901397,0.10562560569473162,0.4062312834326239,0.13325727319957345,0.06191207386471629
287,0.0804319929725897,0.09950758398121096,0.07537468734053826,0.0626960696152445,0.08729368896876477,0.41361006848958753,0.11810978911675417,0.06297611951531021
288,0.08328378447766484,0.07147508268899355,0.08698035067474541,0.060944281846640316,0.10584121632400084,0.3958283662715442,0.13484015380005937,0.06080676391635158
289,0.07471634801838349,0.07472568029762977,0.07887382768839314,0.062385002025517486,0.1041453240162787,0.41068237200487046,0.13124791674598577,0.06322352920294112
290,0.09877600367394107,0.08762328810413567,0.11740774567355022,0.05718896525320846,0.11715073632955397,0.35525945282722976,0.10813818279173604,0.0584556253466448
291,0.08020836238833809,0.07674911737490923,0.06980049709220809,0.06160332195043038,0.10830190549635939,0.4033253830628743,0.13647478574385655,0.06353662689102389
292,0.07519498042711849,0.08683622756799711,0.0687009860832345,0.06010231732734087,0.11198117031298559,0.38919828072791407,0.14525718866103926,0.06272884889237011
293,0.07559648874679022,0.11621620055727519,0.06943464635438956,0.061367764911771594,0.0898951376573649,0.3837824394033381,0.14418043818246573,0.05952688418660468
294,0.08079670433893224,0.07171731304995556,0.0760550239186662,0.06295235786948299,0.11352279452565767,0.39850025898282493,0.1353648947975552,0.061090652516925144
295,0.08077373812132586,0.10263284752708035,0.07324182906114986,0.0647871105517286,0.09496822375192704,0.4105644436508892,0.11065933519799213,0.062372472137906976
296,0.08077251750111678,0.08768774970181804,0.07963752738013785,0.07149758754940266,0.09917230722743269,0.3952840610829337,0.12519931844473428,0.06074893111242401
297,0.0866820998072531,0.06804093949929599,0.07720328532914811,0.06397069052856426,0.11553965895811495,0.4048314277145864,0.12196855896836244,0.06176333919467481
298,0.08199874551273241,0.06781031268851624,0.07666896555134536,0.06287290412998404,0.12775318472317837,0.3994359963012473,0.12226981648598881,0.06119007460700753
299,0.08156122988741427,0.0728370545337702,0.07993485616623425,0.06327838223516169,0.13266896682965065,0.40572146170525103,0.10214014333633495,0.06185790530618293
300,0.08377368720546613,0.07241746191781191,0.0787325454602442,0.06430850573666533,0.12319634761430626,0.40903523474671416,0.10632622362695357,0.06220999369183838
301,0.09816445151176213,0.07261172300511805,0.07085495085844036,0.06530641720597849,0.11488920601198749,0.41403074973641996,0.10140173451079876,0.06274076715949461
302,0.0914075947631227,0.06524147208358079,0.07187435679315657,0.0674540325350242,0.11613507944437758,0.41256439374924675,0.11273810379563401,0.06258496683585746
303,0.08887523102117248,0.0708498554631863,0.07500362149041158,0.06548210006116233,0.12527307627100648,0.40584427348339186,0.10680088815205867,0.06187095405761039
304,0.0885085052191053,0.06744994961465622,0.07485348155831864,0.06542350842833672,0.12648976422308236,0.40379690489945136,0.11182446491148265,0.061653421145566704
305,0.09101104803602617,0.07089683902309674,0.07196689243036904,0.06343667543327174,0.13710698759633316,0.3974052776022742,0.10720196913338727,0.06097431074524163
306,0.0907435231113045,0.06963767352082553,0.06863707551691993,0.06499059146038874,0.12970025721934927,0.4068014664082715,0.10751675695706166,0.061972655805878844
307,0.08764404246176749,0.0665403387355459,0.07812668517617267,0.06372902697210853,0.12751473311976155,0.405098180863949,0.10955531095390021,0.06179168171679458
308,0.09062069770387247,0.0706200796515526,0.07154616717196205,0.06498712512294719,0.13529822400287192,0.4008577096882613,0.10472886500415472,0.06134113165437778
309,0.07266757251977722,0.0881188773575221,0.08709974018990439,0.26500941939434364,0.1485048206551837,0.2810881011698371,0.03623915496944543,0.021272313743986495
310,0.05061712106959458,0.2667093939509699,0.24936705650522656,0.018749999999999996,0.09161782274041637,0.2617586359543705,0.04236729637327298,0.01881267340614912
311,0.09813057065873423,0.06716078132787907,0.08083847396166516,0.060820210947302736,0.14353883940419898,0.3959549265628492,0.09214537436988456,0.06141082276748623
312,0.10346375612812851,0.06983757509574239,0.07755657456120565,0.06255362272617387,0.13870451415608032,0.3908620633040425,0.0967427998025722,0.060279094226054514
313,0.10787591971298803,0.06280182513155765,0.08559338210554598,0.08035412768766573,0.14379017854455292,0.3810976086444242,0.0792453373301534,0.05924162084311204
314,0.10734328610425696,0.06891170959261174,0.08042190476081926,0.06073585389854362,0.13136250474313804,0.3951609778686458,0.09311805016518909,0.06294571286679551
315,0.11236128738071992,0.06882984088857029,0.07678921807477708,0.059738793797940205,0.13473479994236712,0.3857768828041431,0.1000349723067152,0.06173420480476705
316,0.11184442208215269,0.06901688602323394,0.07692495517102965,0.06002849733933435,0.1417505977388596,0.3885035043702056,0.08965261615732759,0.06227852111785664
317,0.118375625382679,0.09497627512900542,0.12237492760578236,0.05436429030716905,0.1257355410532859,0.3351933295545744,0.08547133992984743,0.06350867103765649
318,0.12490477612727413,0.06614590807483078,0.08063618078668901,0.05995170631036295,0.13552083677179416,0.3877807652740041,0.08209792699923787,0.06296189965580702
319,0.14808126807872563,0.06415479258571355,0.066926525129568,0.05892416163462287,0.1114042302058226,0.3781097572290924,0.10461462659480286,0.0677846385416521
320,0.12954410928092258,0.06932920846396587,0.07226225360514776,0.0598589886892538,0.13321512416445222,0.3869081288400357,0.08462716862208637,0.06425501833413562
321,0.27283049654126473,0.26239769937221874,0.2462328134467083,0.01875000000000001,0.02518537638263564,0.09936715386495107,0.05575420447004047,0.019482255922181016
322,0.3355071023426289,0.05758659148913153,0.0689264793689028,0.05439762962390433,0.10953234238072805,0.2331972600816113,0.07928022353189174,0.061572371181201395
323,0.33634355806205457,0.08721140938405364,0.05761975441679212,0.0544865030440933,0.10530308199276439,0.23301618747401617,0.06711118213382326,0.058908323492402714
324,0.33797054228518325,0.0569796012447618,0.06069175393790086,0.05465937011780072,0.11717727421579684,0.233998368215753,0.07615731619614034,0.062365773786663165
325,0.34188307679745683,0.05962440698215727,0.05864354944455985,0.0550750769097298,0.11795773270885372,0.2313235748972457,0.07204215334033978,0.06345042891965705
326,0.3814890485139333,0.06128246534871234,0.06704622523651278,0.059283211404605414,0.12550974755645505,0.15898385313042435,0.07731899843601917,0.06908645037333769
327,0.3838869927838959,0.06164921285376488,0.06663029130818414,0.059537992983288934,0.12458592506318115,0.15605157151827478,0.07650030103308676,0.07115771245632353
328,0.39603777172156146,0.0627010262726616,0.06960060645998853,0.06082901324541592,0.1252690688015699,0.13304516997423832,0.07987742966111851,0.07263991386344563
329,0.4045334450787847,0.07786371057305798,0.06579417081296476,0.06173167853962087,0.12356401652653629,0.12302883990913652,0.06737068946891757,0.07611344909098142
330,0.4044727650371821,0.062471652780039875,0.07143180889046813,0.0617252312852006,0.11181360694100445,0.13474425084557753,0.07693871297028822,0.07640197125023913
331,0.41341847368630574,0.06383502080744367,0.07206248195462218,0.06267571282916999,0.11749618279417258,0.11402189146376672,0.07646820080661501,0.08002203565790414
332,0.4122332813897375,0.06366892937044139,0.07224180719416111,0.06254978614765962,0.12121184486735581,0.10901012909019937,0.07773980325821665,0.08134441868222854
333,0.4133662086846349,0.06425962015615636,0.0674422274185843,0.0626701596727424,0.12404956814172022,0.11582192289141442,0.06883487665155943,0.08355541638318803
334,0.2482619014213407,0.24889890595967784,0.035381153423885404,0.23031406353764128,0.08138145309983305,0.0676873838810061,0.03507389270989044,0.05300124596672506
335,0.41278834104436457,0.06260876123596375,0.07395497719167919,0.06870668566948132,0.12181817869871095,0.10365730798350471,0.07135561601770558,0.08511013215858994
336,0.40999721758262053,0.062312204368153434,0.07496915184926087,0.06602626854864303,0.1279444270069033,0.10585159543831696,0.06776474139270713,0.08513439381339472
337,0.4256392614051767,0.06397417152430003,0.07331569078757307,0.06763265382122244,0.09935623497171647,0.10652535838281205,0.0731848574410044,0.09037177166619487
338,0.42264555538763704,0.06365609025993645,0.06948811480514702,0.0727158575436199,0.09922771320076525,0.1100065797720128,0.07118401361757373,0.0910760754133077
339,0.42593822779615326,0.06400593670334126,0.0712498996354918,0.067896239349632,0.11189511877464385,0.09564699615890868,0.07039765646706987,0.09296992511475935
340,0.4271208150366826,0.0641315865976475,0.07529900530723466,0.06850679127382728,0.10822528952248736,0.09122772783942795,0.07064939377786865,0.09483939064482406
341,0.4071077540852721,0.06200519887156016,0.06722304217128057,0.07092306107507101,0.1032703491355276,0.09152746192585876,0.0657527350021423,0.13219039773328745
342,0.40164610555143215,0.06142489871483966,0.0670514638948826,0.06970627334992022,0.10491500337807805,0.08633193196976645,0.06655617606966029,0.1423681470714206
343,0.4117893451164334,0.06250261791862104,0.06853445639762196,0.06895681695008862,0.09281640216637993,0.0814584297995468,0.0678443199110188,0.14609761174028948
344,0.2572706492820856,0.05620830320612098,0.06038589505253497,0.06147302122923844,0.0810877626672759,0.0707959149521161,0.06022971755301604,0.35254873605761194
345,0.41435542479712745,0.0627752638846946,0.0683577806542918,0.07010158159958675,0.09381632403230653,0.07839464195293737,0.06659524173735447,0.1456037413417011
346,0.4120193534333744,0.06252705630229569,0.07694397832048815,0.06770199177821147,0.09495862839086452,0.08433127403225905,0.06727682374276515,0.1342408939997416
347,0.25731987820704294,0.05583717815031511,0.06112173706351591,0.061026047706597725,0.08529826696299274,0.07008973662451616,0.060251360929111146,0.3490557943559082
348,0.2561082732981109,0.05567694831353216,0.06104501392066523,0.06240785235828229,0.08544406926107197,0.07229173868805279,0.0594783553270392,0.34754774883324546
349,0.23013777317373219,0.05765421331375836,0.06261751697583774,0.06293175491500969,0.08608366820781582,0.07155816031638633,0.06285961132090885,0.36615730177655104
350,0.23208843627278117,0.057484964396918074,0.06260704527052678,0.06282740691060916,0.0851401240459105,0.07328550615896794,0.06200214614976287,0.3645643707945235
351,0.21928200136809298,0.059285161021672014,0.064324593756207,0.06516861376968952,0.0772985241061983,0.06875539041951845,0.0643783177075905,0.3815073978510312
352,0.18406094311410867,0.06059991118371705,0.06980123562103309,0.06929789517609497,0.08761527572567213,0.07547670054191463,0.060471845518852034,0.3926761931186074
353,0.18004947480744996,0.059083068546031944,0.06867412654374022,0.06852226996886542,0.10964723607228656,0.0728523957605091,0.061566077279638025,0.37960535102147874
354,0.17727564970255472,0.05932230038576723,0.06870576288493122,0.06991002647381157,0.10825241699168467,0.0724769465968436,0.06219995215718509,0.381856944807222
355,0.17269142024175538,0.05919333245721888,0.06979952205699233,0.06897673263594002,0.11540216826730536,0.07265381907637763,0.06063987625529062,0.3806431290091198
356,0.18343373018564338,0.059511413510385316,0.06819893756454976,0.0710109102263839,0.10008239853037576,0.0724836809225976,0.06164209602114313,0.3836368330389211
357,0.1741805552629934,0.06024590687483679,0.06934597146153985,0.07105281737901323,0.09885669181666364,0.07341898936584756,0.062349356075935045,0.3905497117631704
358,0.1690004519859318,0.060627769124070814,0.06983146655068115,0.07272769370956708,0.0975031449241492,0.07326845785470722,0.06289730644787257,0.39414370940302024
359,0.16901761384698677,0.05969335641810224,0.06805252911017799,0.07056255698321255,0.10664693760782401,0.07864106269921665,0.06203670645822333,0.38534923687625644
360,0.2929079825339515,0.018750000000000006,0.021387053247210956,0.29053136802938884,0.02394811767587255,0.02225155868534025,0.019480609974356,0.31074330985388
361,0.1624500986887169,0.06137813548382571,0.0674697798603001,0.07796262235511066,0.08860633057275673,0.07704619357196028,0.06388085844308772,0.401205981024242
362,0.25812237158566603,0.018750000000000013,0.023456577185671595,0.285655248654855,0.030772277952715907,0.06262996182900507,0.019322204062528076,0.30129135872955837
363,0.16831481470943538,0.05893427169639507,0.07025707645365586,0.07678603954279209,0.10623384954121587,0.08133592104612541,0.059933116926661846,0.37820491008371837
364,0.18391901885487735,0.05843166852940721,0.06981239614482665,0.07500365065382249,0.09820000363623727,0.08176283645704338,0.05939589838818852,0.3734745273355973
365,0.15040495484466448,0.0597642153794354,0.07149744385763017,0.07732125936371263,0.11176246952412465,0.08259685234731466,0.060636659935490576,0.3860161447476273
366,0.16153409405429317,0.059070970987085594,0.06983343027750567,0.08154168265275809,0.10798597777527862,0.08024566715450168,0.06029668545541873,0.3794914916431585
367,0.16308055111686237,0.05949301801422269,0.07149825080579326,0.07856987848808375,0.10270088708527318,0.08037181814750675,0.060821897384868005,0.38346369895739
368,0.20216862209439848,0.05768597145127845,0.06958004493345332,0.08560490627231396,0.08178727646690204,0.07779614232957395,0.05892083455769445,0.3664562018943853
369,0.143214925548866,0.060265902312440583,0.07287478688064662,0.0752872027743203,0.10708992934111596,0.08902603663999263,0.061503312385530175,0.39073790411708775
370,0.1578612818219655,0.059890166949855723,0.07225984414035333,0.07804731068471277,0.09646789283980538,0.08695029460939366,0.06132163766115403,0.38720157129275967
371,0.15186385885520406,0.06008114183191506,0.07267892887228009,0.07712898659667657,0.10174087357609196,0.08577568774395873,0.06173154057643761,0.388998981947436
372,0.1313933698253833,0.06124396969148147,0.07421236780206016,0.07959977442105168,0.10490450559945287,0.08531700705232645,0.06338576145312448,0.39994324415511967
373,0.14971803710578774,0.060762137481974315,0.07381193510549146,0.07765999035541113,0.09508206164669837,0.08507323201960154,0.062484253513512396,0.395408352771523
374,0.15783737237700587,0.06002007248278223,0.07334070174769854,0.07735252577166693,0.09781354150990403,0.0839200533548626,0.06129152115342366,0.3884242116026562
375,0.13492905662912003,0.06146780252323877,0.07474371034188289,0.07948063477872801,0.10130256787310568,0.08313256743815607,0.06289375431469783,0.4020499061010707
376,0.12789386980344863,0.06180541444188348,0.07612741036792686,0.08156133188877043,0.10151074979128542,0.08383272601886052,0.062041067646568485,0.4052274300412562
377,0.1310802128840993,0.06246365780615093,0.07584445080480832,0.08293397117773513,0.10142096160673209,0.07978802871633318,0.06175123270467354,0.40471748429946763
378,0.12020614543991777,0.06172563344915646,0.09330263381106865,0.08786734869363655,0.09132015106865268,0.07888106666514016,0.062220467425737384,0.4044765534466903
379,0.12089330576341588,0.06257261325379539,0.07948786573311858,0.08582583658765962,0.0973725915602769,0.07832856776478242,0.06307109344366195,0.4124481258932893
380,0.12197214980799201,0.06315180858873388,0.08080280716973626,0.10038040269493995,0.07923331739623002,0.07610200685785985,0.06289309393919004,0.41546441354531805
381,0.1152715800130439,0.06350245763134628,0.07925537911092373,0.09000405417958167,0.08942044132765119,0.07658397958489592,0.06476250691635699,0.4211996012362003
382,0.12799156971574532,0.05357445799801603,0.10859625020428305,0.1388014707956564,0.11507555963603852,0.07404653063507148,0.05415453558443545,0.32775962543075376
383,0.10839090263199914,0.06300121656840449,0.08953430557752028,0.11520918956483568,0.07827232080044724,0.07635271466670836,0.06201733871882169,0.407222011471263
384,0.126159230250086,0.05707648016431197,0.12795201345842083,0.12882400102286493,0.08348092757275088,0.06870816663584625,0.05611630440835332,0.35168287648736574
385,0.09115782048068853,0.060704422174370665,0.09676391588237479,0.12097909904432179,0.0834063387535743,0.09166340427422774,0.060680931942357325,0.3946440674480849
386,0.12002166630765534,0.05922686788755333,0.1280680091304728,0.10083055916326505,0.07874498941368367,0.07258142735666513,0.05956771764501383,0.3809587630956909
387,0.07798047959090963,0.0600512266080946,0.10313431669557793,0.16561325702926846,0.0732779298049042,0.0768545829097682,0.05950564703471813,0.3835825603267588
388,0.2955531558388483,0.018866395998181934,0.27585276978154455,0.07534000962740182,0.023129198598338275,0.023362283169015598,0.018750000000000006,0.2691461869866695
389,0.07247147629775025,0.060886082161020434,0.11025574461188542,0.16842576670212508,0.07483529888779025,0.07476448473735325,0.05905163554935187,0.3793095110527234
390,0.23453719282405328,0.03441704123017733,0.2059856121400142,0.14201945007308245,0.08865540202975286,0.04188287793580116,0.03383956246643895,0.21866286130067975
391,0.11721245354278674,0.055979264452056775,0.12720371514749043,0.10332745115801596,0.10665797215133238,0.0920282458912037,0.055135847861022554,0.34245504979609137
392,0.05448649143226341,0.04614585119503096,0.17626174285396234,0.2486777630621738,0.17514381162196171,0.06094006947366144,0.04517200837689618,0.1931722619840502
393,0.07106539187490105,0.06008816307651396,0.16406504171403857,0.10204034653686367,0.07832679486294024,0.08750799647046016,0.058911901202784195,0.3779943642614982
394,0.023391751717199163,0.01931599382379903,0.29787679191908834,0.024570532776101807,0.027268446411874293,0.29123610547727463,0.018750000000000013,0.29759037787466275
395,0.06785452524833906,0.06625865256758115,0.10596841963407631,0.3850659283876936,0.07690626534653712,0.08178627059172083,0.05966325489119244,0.15649668333285952
396,0.02247694317238696,0.019583698743588254,0.29420393656375743,0.29891037453143726,0.02481353648987899,0.02669986732336775,0.01875,0.2945616431755833
397,0.06567554021534684,0.058476320651730904,0.19088620758937666,0.12965651123873242,0.07367563191483918,0.07651425837098391,0.05585855373063748,0.34925697628835267
398,0.06793855913218909,0.05904126246926856,0.21498418723933974,0.08380540585733919,0.08049428425482727,0.07682052071749627,0.056991911105097055,0.35992386922444286
399,0.0639775718713167,0.05789973244847021,0.19553245980272838,0.34035102278485385,0.07096051381802818,0.07761220487651124,0.054912296170890725,0.13875419822720075
