oos_period,model_1,model_2,model_3,model_4,model_5,model_6,model_7,model_8
150,0.01531164992958704,0.5771403444354607,0.06001131698662529,0.0,0.2392777814862169,0.02361090488598189,0.07812030981323446,0.006527692461893637
151,0.007671821746459906,0.59005986009982,0.09280481337853533,0.020107399529928117,0.23465580683333145,0.008025174020486154,0.04057706515894126,0.006098059231497601
152,0.008258608961173709,0.5796570801588196,0.10029175072590726,0.022170119674787124,0.2358355671801548,0.006475670285263028,0.03623384086427541,0.01107736214861922
153,1.081732512887437e-18,0.6111767554154114,0.09273170040546852,0.024495641257404607,0.17915696958174315,0.006753461906240972,0.07351534330707443,0.0121701281256569
154,0.0,0.6130857449011312,0.09076361389886826,0.02638406804967532,0.17597788207019074,0.009423682714441847,0.06963605585869138,0.01472895250600115
155,0.0,0.5929797491600578,0.07993302746943264,0.028034959554784075,0.1661149832930283,0.008924433801735004,0.10822256623680233,0.015790280483159714
156,0.0,0.5961316525521946,0.07238477525394332,0.0372067137951506,0.1676529690563194,0.004538576787894317,0.11366933429050814,0.008415978262989583
157,0.0,0.595547070902409,0.06848173423989977,0.0339630586716189,0.18033442088185797,0.004383769184812441,0.11180981078749698,0.005480135330904807
158,9.555382752495279e-19,0.6027091605796341,0.05925734232968698,0.026238356519510765,0.1507016791275915,0.005665738797229741,0.1365361641571305,0.01889155848821641
159,0.0,0.5658188497915938,0.0705910735867026,0.027930626661913035,0.1539950952950031,0.014015287600908224,0.14899991926536973,0.01864914779750949
160,0.0038069247329949652,0.573962212108072,0.06959454898058028,0.02216010518014682,0.1516032570156311,0.0064362252907420895,0.15080277982956183,0.021633946861270927
161,7.183013308256918e-19,0.5913775509365378,0.06406841036621654,0.02587105750657028,0.15394287203468554,0.010925253618713588,0.12998071788032048,0.02383413765595572
162,1.3306078182337895e-18,0.5475497627498481,0.06051270105960761,0.02815564021784077,0.1864166729138685,0.04536932374806513,0.07889503467767392,0.05310086463209595
163,0.00784646473365846,0.5238622205524897,0.05714372732248237,0.03177087851323565,0.17335159043788528,0.04498399203321001,0.10886830698388987,0.05217281942214868
164,0.006718318219203534,0.47094456359783216,0.06482224056610482,0.03698274070230776,0.15501771402882372,0.06195765393010922,0.13196963742051732,0.07158713153410134
165,0.00877442151703081,0.5048353247124271,0.04791380745355279,0.029613169849124658,0.14869562590222124,0.05701468636888611,0.13312893062569925,0.07002403357005807
166,0.015876746696783715,0.5287928399130943,0.050618067146513096,0.03222734911856939,0.146219853894517,0.05160596544215456,0.12792518698884836,0.04673399079851955
167,0.021103842548722898,0.5024353573638078,0.05038614276945448,0.03078896963853429,0.1908946746507506,0.03561283282117339,0.11847158884614782,0.050306591360408645
168,0.017589268406979792,0.5033303284743248,0.04905803224713727,0.030399962625998055,0.1887708857177327,0.037606619096700405,0.12322753938611869,0.050017364044008215
169,0.017861964684490767,0.5247147351509217,0.04748849914868876,0.03341657471687612,0.16901533606110974,0.04979546270763141,0.0988427429985307,0.058864684530750847
170,0.017019841539506083,0.4296417439377961,0.057795762117345856,0.03724859714127705,0.18379277155567947,0.061897451946806785,0.13905877273856984,0.07354505902201874
171,0.021834695484404545,0.20155829634898587,0.058055150145288135,0.03700678089107814,0.29346121512224727,0.16688412818156667,0.14575583515557175,0.0754438986698576
172,0.01517997182928958,0.19545783302844164,0.06195166293748889,0.03885463705656121,0.29156814849920765,0.16318894574931925,0.16499320157188926,0.06880559932680247
173,4.297863372951062e-18,0.14484195871035252,0.045800701965002834,0.039143449666140855,0.42142034968908165,0.1801350413967797,0.11959826900805987,0.04906022956358247
174,0.002344927709042173,0.13400276159756835,0.04503179843561723,0.039900872508143455,0.3767427963718659,0.215141117755167,0.1027454772902943,0.08409024833130158
175,0.007573145273013556,0.12600774458338748,0.047165076147554365,0.03285872394455628,0.4361441617786477,0.1789731394425313,0.09840623816785207,0.07287177066145707
176,0.0028368946596690954,0.13117702844348192,0.04515734895453999,0.039235146856698946,0.3693422360721889,0.21583821428247346,0.10823440587781781,0.08817872485212976
177,0.005402001162789155,0.12187038722212401,0.04793467077863532,0.04435993162656808,0.305611646864825,0.23062886373311448,0.11553702196928893,0.12865547664165497
178,0.012253284531818925,0.13445546138382433,0.05709370530183849,0.03908553038021052,0.3339093849103663,0.18001478963653758,0.12412174928940559,0.11906609456499816
179,0.028724741959502396,0.11446965412582943,0.059165294753964884,0.03972516967349973,0.32087105517419506,0.23180383311762676,0.10511758462208447,0.10012266657229713
180,0.009510786427477545,0.052964557607821386,0.03501342691393268,0.028385623239332174,0.5243971423807243,0.2024174478479128,0.0,0.14731101558179907
181,0.01171723992518683,0.04923214029802106,0.03877150680823356,0.031011700233412463,0.5104974415679869,0.19137900018453616,0.003975198349083734,0.16341577263253917
182,0.01459299684421922,0.08192788533475046,0.04868582278825434,0.03685509611637717,0.4719262534820806,0.17932040684760428,0.04162302067477714,0.12506851791093676
183,0.01467853823867946,0.08433319271351616,0.059556026494061366,0.039218894304942103,0.49781672814609945,0.18870540099077102,0.019742110525449774,0.09594910858548057
184,0.014004988294195561,0.06297918122404182,0.04446009032093233,0.037837720846221626,0.5329162049429585,0.18116493112291507,8.415434458363119e-18,0.1266368832477349
185,0.012463365820002932,0.031409137935816636,0.026442117188256953,0.03276976496339835,0.6568280144779978,0.12270755216072061,5.740400974336666e-17,0.11738004745280659
186,0.015182813291109558,0.05431815954828081,0.03723062800943895,0.036193801994075465,0.5925908301939813,0.14979219397996765,0.0,0.11469157298214627
187,0.016346693116807885,0.05381034901722169,0.03575064574332,0.03704568082332756,0.5928202287610725,0.1487721015298802,9.048535338153421e-18,0.11545430100736995
188,0.009128395332861755,0.050638608189263974,0.028027561284039906,0.043621792700613615,0.6033041073815225,0.15384821305327734,0.0,0.11143132205742072
189,0.011986543470500304,0.058049685505533674,0.038185316994932786,0.03758094443080806,0.5727466662109701,0.16865827765550553,0.0,0.11279256573074946
190,0.001521188961443867,0.05626540286535763,0.020658035466002773,0.03786597050414831,0.6181013277795445,0.1641158011742054,3.132387337685618e-17,0.10147227324829741
191,0.010649540329604645,0.029577746927907517,0.004412796911104576,0.03948278159203416,0.7166225949769531,0.07959944962030754,8.220666511331578e-18,0.11965508964108844
192,0.009518580227474607,0.03355994049015545,0.005489577217337699,0.03838424331818819,0.746932355726986,0.06560228578675092,0.0,0.10051301723210712
193,0.006726241703192887,0.020917299650307166,0.007592029468625007,0.060442906993168954,0.7960879358729586,0.03359736992973577,0.0,0.0746362163810116
194,0.014351179956971681,1.42406277154406e-17,0.004780900210142984,0.07312641406338931,0.7582066084241245,0.05831680567353545,0.008388382822581726,0.08282970884825436
195,0.011884702329494455,7.370247584738642e-18,0.0028688436890539487,0.07691696902210171,0.7392834579749682,0.05573539256572473,0.01345430011046976,0.09985633430718721
196,0.0122818516275571,1.5741577929113398e-19,0.008194374536049263,0.07039988737218758,0.7585011819913707,0.032948096531077956,0.0011579864941552297,0.1165166214466023
197,0.013033013856071562,2.392293286018699e-17,0.007742774616206206,0.06941154130335687,0.7684437587110496,0.021554340454434665,0.004346153375268831,0.11546841768261214
198,0.014749788632043818,5.870028595655974e-17,0.009050529563374233,0.06997633797912926,0.7576212444220324,0.018607970936727416,0.005143865698909439,0.12485026276678332
199,0.005801465763550088,3.6003310301448476e-18,0.012286270259596216,0.061967882734678105,0.7555675788543232,0.030236808342476093,0.0,0.13413999404437627
200,0.003713305720450778,0.0,0.021122235933637455,0.05996682420203168,0.7706190419301675,0.01724081310085914,4.056626072854e-18,0.12733777911185357
201,0.00789532167755223,2.073289444541192e-17,0.01814887503491715,0.05209552373271277,0.7802280096350862,0.01986576406572013,0.0016738259351458853,0.12009267991786536
202,0.005413546931969554,3.2511453856192487e-17,0.01386876656545052,0.030718376143935706,0.8861043177492712,0.008208669967099768,1.366700131954436e-17,0.055686322641273184
203,0.017668753901491967,0.0,0.002935972466586489,0.049248962550346824,0.7836648449847529,0.04158957210832894,0.00999620553770262,0.09489568844979025
204,0.018849903030094883,0.0,0.008252828072368268,0.0472558610754815,0.7686259830958099,0.03984563620355339,0.0034276233862937143,0.1137421651353983
205,0.01860709641383806,6.100063627196763e-17,0.010339533808469477,0.0459541553862269,0.7436711586392029,0.038594215764542555,7.037255604900096e-19,0.14283383998672003
206,0.019664931994264057,0.0,0.015040398872307481,0.015162017123356679,0.7117867635056473,0.03853972873076276,1.8355799916717252e-18,0.19980615977266178
207,0.01838462845862846,5.985842993874074e-18,0.017581979569338133,0.010663328980121154,0.6925281719302466,0.03015366652439529,0.0,0.2306882245362702
208,0.02237271943325275,0.0,0.01676154277870463,0.007227888974078961,0.672470355150399,0.028351651200440413,5.629328027887247e-19,0.25281584246212413
209,0.018499871283423678,2.7263184775450883e-17,0.018815474341672477,0.008416238603780275,0.7028334206808908,0.027450140232660587,5.741824591194346e-19,0.22398485485657216
210,0.01862656435074385,5.379135671092258e-18,0.019065752162402604,0.013047811448052523,0.7077831503241098,0.027276250731478817,0.0,0.21420047098221234
211,0.02879668603589654,0.0,0.021993255900833484,9.693206820352103e-18,0.7252724603310448,0.02764166992907286,0.00393569824255276,0.19236022955959947
212,0.027636132901438216,0.0,0.01732839038974496,0.0,0.6469876167854238,0.023211154129012913,0.0,0.28483670579338005
213,0.015838287663765476,2.635103617037732e-17,0.019237201781612184,1.643617141564083e-17,0.6753605236363491,0.02415022916880581,0.0,0.26541375774846715
214,0.017571554530753423,2.192754873412293e-17,0.021003782347716167,0.0,0.712551568682097,0.02369041355575644,6.120977714208673e-18,0.2251826808826768
215,0.020702771576857033,0.0,0.013350269974342747,0.016038427369237253,0.9164325321691597,0.028769134768750027,0.0047068641406531045,1.169520889585504e-17
216,0.025519531187947236,0.001988504456049977,0.018044804414340268,0.008346306797072496,0.7971636750803595,0.037218265736097864,0.001865620204735147,0.10985329212239751
217,0.03678865858406101,0.0,0.015763109963572653,0.008698789409911053,0.8950427971430186,0.04370664489843661,1.4039041705133954e-18,0.0
218,0.03333940391005599,0.007233937444930741,0.013246248847133575,0.013778901778211896,0.7798492589588637,0.03595821336442688,0.01668560944224223,0.09990842625313497
219,0.026854855297215412,0.004684413561836114,0.02359227667084719,0.02694086263045855,0.7509564586078425,0.03599814927617244,0.007000545216317215,0.12397243873831039
220,0.029264935220591187,0.0065731637018314895,0.023858842854963352,0.016332648172260687,0.7728002542580966,0.039095657674566575,4.7886842236851465e-18,0.11207449811669
221,0.01946172757937992,0.01889008097906569,0.016837716051162195,0.03748950239953399,0.7484876765063663,0.030413776042930545,0.04669363649248475,0.08172588394807666
222,0.04973485001536035,0.027899000226225774,0.019168091452224027,0.03870250272579846,0.6796758911551549,0.0276305596893512,0.04291429830199546,0.11427480643288995
223,0.059619142291389496,0.029848845872103028,0.013573378871735571,0.01658372665939761,0.6651084257774085,0.029488547898126116,0.06945198421144104,0.1163259484173988
224,0.06979151049164892,0.03341415273599716,0.011395416077401088,0.05002627184888906,0.6608044782114448,0.026831594026944988,0.06105746737445733,0.08667910923221647
225,0.06747452438743597,0.03622239279622376,0.009240955959034482,0.06569489057597026,0.6338580126363417,0.029389176763023273,0.06826982263975277,0.08985022424121773
226,0.07014230107472003,0.034268652722155096,0.009565856130788239,0.07161948528821085,0.6816343616310997,0.029710919299718495,0.059327892698985134,0.043730531153322434
227,0.0746920203238497,0.0348991375464752,0.0102162018210562,0.07021405286420362,0.6193214305795839,0.03235474475825857,0.08122875450776353,0.07707365759780929
228,0.06764143140193035,0.029283511505020416,0.005821474302337511,0.07459440836287332,0.6304513768421839,0.03562443766704108,0.0789181075707474,0.0776652523468661
229,0.06699752182390598,0.028663573175642883,0.0037825389364142033,0.07188752797809309,0.6331453574611423,0.0355941733449311,0.08848397552564208,0.07144533175322831
230,0.07187590994853119,0.02791434571755391,0.006996831961468199,0.07912544742460044,0.6113980604263839,0.038059945507851176,0.09557106113004861,0.06905839788256259
231,0.07440942973062221,0.029794974195507994,0.006968039518846064,0.07408506377924455,0.6163737968180021,0.03873223420185107,0.09516764814067245,0.06446881361425333
232,0.06594597708428791,0.025702734640893843,0.0003996840189354666,0.06965916607115909,0.6316918904792432,0.04231263540789737,0.09145542274100851,0.07283248955557453
233,0.06576062544011702,0.025641007325761616,0.0011835333831477113,0.058280631142163516,0.6473421112358265,0.043970154112605284,0.09899518187878699,0.05882675548059128
234,0.07499135338686982,0.033253418971601036,0.00895675748968233,0.07996460928852624,0.5547450600436058,0.03368451226924433,0.13484032291293208,0.07956396563653831
235,0.087198495795708,0.03153103341534583,0.005896318100025497,0.08841076802913062,0.5817858855271052,0.03208499368786992,0.12817903948225676,0.04491346596155806
236,0.10132006800833981,0.034238068425766786,0.0030113868758135597,0.08217007806125694,0.5825758575904362,0.033259514554740854,0.12589644857730875,0.03752857790533699
237,0.09815040454960926,0.029058591372663225,0.0,0.09985640389256571,0.5762178698506506,0.027454384902355567,0.1273565614471304,0.04190578398402493
238,0.11672236233146596,0.028653201596044515,0.0,0.12615278356104748,0.5447737097369028,0.02234823043441443,0.12385311260889646,0.03749659973022846
239,0.13417284208666244,0.03290990177355828,3.9209022056141015e-18,0.19805259292778155,0.38448876225693335,0.015080966725759027,0.18980735620232855,0.045487578025976735
240,0.1521330438281816,0.038362138313929275,0.0,0.20111482020086136,0.3516375334865448,0.01482834643293403,0.19935853745854248,0.04256558027800629
241,0.13937523979450203,0.04105792247221122,0.0,0.21217858100474832,0.34099669562763046,0.026937800810348123,0.21983964044795587,0.01961411984160399
242,0.07250984309113614,0.02469537466713127,3.507230577098059e-17,0.15891781964423296,0.4476166046814165,0.03218400144158492,0.23811693046196922,0.025959426011528897
243,0.07291513674226958,0.02539735576739298,7.643254912606307e-18,0.16761484147545905,0.4383018267854205,0.03747340865978244,0.23768701024164404,0.020610420327031254
244,0.06982709818629881,0.03410763618340123,1.1019453620597873e-17,0.13776437141516343,0.4611573042409288,0.030762050651533708,0.23647886717248542,0.02990267214918847
245,0.08526896198582559,0.03983877260070121,0.0,0.20911467978948545,0.38571432664373184,0.028879119554815518,0.22654027148954373,0.02464386793489659
246,0.06685605470778817,0.04136782533254454,0.003934640171051789,0.25347707775419737,0.37324623734288226,0.033376827556347,0.21866030263417913,0.009081034500009705
247,0.05752572088065171,0.04302472982883919,0.008935822833383537,0.2752082637487691,0.32572948755178704,0.05547740836435768,0.21653276913790226,0.017565797653309415
248,0.057526309843195955,0.05060344060405615,0.007795492635400756,0.2658398310589937,0.32393406518209233,0.060596437126336083,0.21735429637674877,0.016350127172176227
249,0.05282744502708619,0.06631709064014912,0.011128079997858578,0.27349117217942476,0.30435327955424657,0.061449133917442916,0.20844284964470036,0.02199094903809155
250,0.049042672379114055,0.07770282193224438,0.02907448289035648,0.2540565045378963,0.27471879436446095,0.06577607163997043,0.2047253592761174,0.04490329297884008
251,0.05064060506441507,0.1016673601195415,0.024400017593745205,0.24430319890052507,0.25439646492732554,0.0656327775917135,0.21548068986836502,0.04347888593336906
252,0.060146149260751076,0.09833478201114827,0.026339901355428796,0.3575293055849656,0.13200697759403027,0.07697183757718316,0.21046237572701304,0.03820867088847966
253,0.058410589463549004,0.08987592931996427,0.030775834524128198,0.37501828783366814,0.13712858874394201,0.06170014167866144,0.21300709736344015,0.034083531071646765
254,0.04505014618456207,0.08696333467896912,0.027625773169185644,0.4027729734983042,0.14486974559430207,0.058052085358604774,0.20145711701289454,0.03320882450217744
255,0.043785202059280784,0.09028268388694077,0.027994073163074014,0.40133962749695706,0.14380205743089883,0.059786162503078326,0.19654161571788445,0.036468577740885764
256,0.053745745661527046,0.11312012471050766,0.02783242708092553,0.3698448605726206,0.12738152217914236,0.08207598591659268,0.169980514571268,0.05601881930641611
257,0.05205274514819544,0.09593544265323614,0.022246740386688463,0.4412429850341525,0.13010816886409377,0.07811303842294269,0.14557049830135724,0.03473038118833382
258,0.045847497675981286,0.10134676114756502,0.029436115826464077,0.40543821500514043,0.13978412690246395,0.0810202419626939,0.14775134071417553,0.04937570076451564
259,0.051644630585414936,0.09936786077992146,0.030030334856324566,0.3818707896073567,0.15037705909093155,0.08230419746845274,0.1552382358679371,0.0491668917426608
260,0.04774419907987468,0.09546321026118618,0.027772816192138904,0.38889121672119037,0.14993944546075405,0.08487052754497643,0.15526036287763803,0.05005822186124116
261,0.07681303258822766,0.15667213710790365,0.0421929296804312,0.22978164599248105,0.15580045332278417,0.09214303196975608,0.20142290950133873,0.045173859836077385
262,0.07358589464572912,0.15504023841981562,0.04692751240697703,0.23163408117518275,0.15401171445216183,0.09676561966018017,0.20453113236705647,0.03750380687189699
263,0.07434104907279261,0.1589475862562791,0.06660465587305635,0.21805074734001012,0.14474270096517938,0.09411264901289065,0.2073533604233876,0.035847251055404254
264,0.07688707060161816,0.16328486060096842,0.0743886497206879,0.18267126254138283,0.16586957878885855,0.09997310444329616,0.2102613810312421,0.026664092270945877
265,0.0771982438681067,0.1590254715718002,0.07725426949012218,0.18302888587688126,0.16837882178067917,0.09481351891468619,0.2108518785742735,0.029448909922450688
266,0.1210330611100139,0.13896626611093554,0.08822636113357533,0.148098171760428,0.16499062356929298,0.13178588965599616,0.16919489649856537,0.03770473016019262
267,0.10580039980191047,0.12295738439248202,0.0991109292859914,0.15433399096508463,0.16899601048287444,0.1739427485982629,0.14280623769943696,0.032052298772957184
268,0.10600589370138094,0.1191335341873631,0.0974790196079689,0.15340786546683818,0.1719363530990582,0.17426729280268652,0.14457341045858585,0.0331966306751182
269,0.11968010016683175,0.09462248216061922,0.09417334708482389,0.17299028716732234,0.16909530875844778,0.17594743335137328,0.14240972957901576,0.031081311730565976
270,0.1125532066685942,0.10539975607245068,0.09934917041480212,0.1723232345281193,0.15773538496290807,0.1837701013334834,0.13712588534534098,0.03174326067330113
271,0.10997411917394397,0.08799797892537657,0.10346719803264799,0.1661424678628134,0.16313019474283139,0.20664076776077325,0.12915569928113743,0.03349157421947603
272,0.11174621637836486,0.09007606698346943,0.10853913516243714,0.16032025002552108,0.1597965208613593,0.2086866799551243,0.127084075217311,0.03375105541541288
273,0.1122868365111863,0.09006364611215478,0.11580349066843097,0.14995084861058847,0.1567937525762972,0.20774974911787977,0.13025810263211357,0.03709357377034891
274,0.10616178653849151,0.09038023933601685,0.11262824252544633,0.1441222053490864,0.14927231917615075,0.23524711002327686,0.12533704776391255,0.03685104928661867
275,0.09502142476462871,0.1016730635587263,0.10658100503041076,0.13791331167595314,0.13215355498843537,0.2677345196822568,0.12649407455963396,0.032429045738954713
276,0.09628451805319442,0.10130130432472098,0.11020691526000938,0.13262891977299965,0.12974245454827849,0.27571598770517125,0.12150023047000642,0.03261966986461936
277,0.10258254951423268,0.09909500501963883,0.11082027697253449,0.12648957890224213,0.13366249774017785,0.2655251584330023,0.12213955498919876,0.03968537842797289
278,0.10572521951461224,0.08372824989667534,0.10680381170912143,0.12463989032330755,0.12555829877546762,0.28067638333943185,0.1244215846386367,0.0484465618017473
279,0.09618628730425584,0.06904013112796963,0.10708072706056118,0.12925052910587073,0.12199895557263324,0.3009181044095777,0.1169965789213404,0.058528686496791216
280,0.09490547355980701,0.07013052409349455,0.11110540974825507,0.12978519171649222,0.11963124390078267,0.2936084013769066,0.12700004074731128,0.05383371485595061
281,0.09338377691039557,0.061203002016951,0.11607832658675488,0.12409590390299614,0.11262849698089179,0.2954975344098858,0.13577123758336243,0.0613417216077624
282,0.09443284303550485,0.07348027371948354,0.11434854542468215,0.12762363314901656,0.1148692086553503,0.28006856656670265,0.1351964134617118,0.05998051598654818
283,0.09574707606405944,0.07502551926807699,0.12896050596231906,0.12213182671829154,0.1124725286397391,0.27483558700856797,0.1383161168792088,0.0525108394587369
284,0.08076475838026756,0.07058396338956721,0.11633860000496633,0.11223779525695071,0.09868131872183945,0.33897063245897563,0.1344802272369138,0.04794270454951925
285,0.07097709532991765,0.07254625976444043,0.11584164688259137,0.099875861195718,0.08496512863880311,0.36399623004365017,0.13226527912618782,0.05953249901769141
286,0.06689959571000904,0.07078126031735857,0.11923930514010277,0.10052611308471276,0.08218357968017546,0.3593614631261333,0.13597316035210902,0.06503552258839895
287,0.06245091575558714,0.07641480058059134,0.12037810356259206,0.09095271232797524,0.07466735132409875,0.3768060473584538,0.13077107704544216,0.0675589920442593
288,0.059852110569359435,0.06363899080187717,0.1095038627466597,0.09713156022736011,0.07360698647842834,0.3994098057421426,0.13526500422959692,0.061591679203575576
289,0.05567109750995446,0.0635818532240828,0.10698603490335984,0.0861489236368655,0.07904454833707601,0.4600949234652561,0.09613598516035246,0.05233663376205278
290,0.044804397107387726,0.06585242744762303,0.10246524298541065,0.0775987746006608,0.07349508130827204,0.49081389758819277,0.08900090930705386,0.055969269654399106
291,0.04426475412367197,0.06054184709677947,0.11517286779071417,0.06541350633731566,0.06562135571881982,0.5192122483546867,0.06628006205830271,0.06349335851870935
292,0.08728815344423171,0.07180466017116961,0.12824065417262379,0.06241009333690932,0.0707957241246382,0.49275978469816123,0.0384508444629615,0.04825008558830446
293,0.08589976991457472,0.06988745967619188,0.12863561306511312,0.061448389982717865,0.07125106886685674,0.4957892007573625,0.03430014587457908,0.052788351861604264
294,0.08628018094671755,0.07294535310753515,0.1304194866325275,0.06068703686142278,0.06949254014527459,0.5074853817355512,0.026985843031976764,0.04570417753799439
295,0.0798127052747057,0.07016324025689534,0.12691246685823418,0.05838782664098092,0.07034063747306471,0.525088335571435,0.018388533235216626,0.050906254688467566
296,0.08335183193195732,0.06991034099078892,0.12211194565190368,0.0604238905860297,0.07575851905742706,0.5141883923029704,0.018306262193535823,0.055948817284386956
297,0.08411805458213541,0.07038123299640026,0.12182535876433738,0.06045093718301334,0.07752887675665,0.5134513718382075,0.016730043763146327,0.055514124115109635
298,0.09072244524579909,0.06944693605368708,0.13098859263806148,0.06502175143565818,0.08536461920708609,0.5094914597646313,0.000817059819407247,0.04814713583466957
299,0.09140549489676035,0.06944171423830699,0.13016056549162025,0.06590981909420199,0.08447177149459856,0.5025085266999545,0.0056519088449547405,0.0504501992386024
