oos_period,model_1,model_2,model_3,model_4,model_5,model_6,model_7,model_8
150,3.882568683126704e-08,0.028041670591919053,3.994884046585006e-08,3.417964441524855e-08,0.7915835089256383,0.18037278658371225,8.748972171902499e-08,1.8334548368866304e-06
151,3.265676365169313e-07,0.0002560097014312172,2.9060274775378635e-07,1.905348142965028e-07,0.11391682860234546,0.0012305484366554116,1.4398873186011303e-06,0.8845943656670507
152,1.6799101612406586e-07,5.1825769053460745e-05,1.605922648920216e-07,1.2328602708896475e-07,0.04613481189412718,0.000700046299200915,4.896126560212821e-07,0.9531123745556545
153,2.150848873750399e-07,0.0033876573060403294,1.8786311766919745e-07,1.3674527826721888e-07,0.020997484673642375,0.0002778643290940772,5.951129247498817e-07,0.9753358588850152
154,2.984345034683449e-07,0.002782761648280391,2.425355612484207e-07,1.7038491299721448e-07,0.032755893268634276,0.0004172951299668422,8.453098054817295e-07,0.9640424932883352
155,2.3549331117379075e-07,4.187681063690826e-05,1.716226779073815e-07,1.3675805517947487e-07,0.9808364899522293,0.01882773153345074,5.385752502343082e-07,0.0002928192543886773
156,5.779279803319248e-09,0.03228384818302302,5.565992963277457e-09,5.464093853446015e-09,0.5309853049864928,0.4024802998259402,6.238940352448597e-09,0.03425052395623706
157,8.304035105048813e-09,0.02479683191156079,7.942645409487439e-09,7.744346970712095e-09,0.625908075316601,0.3083887104016929,9.182535574612872e-09,0.04090634919658214
158,1.9336676487266075e-07,2.382417519890213e-05,1.2695937866410405e-07,1.0161582557014472e-07,0.9631409954104762,0.036232517044475714,3.352721421561548e-07,0.0006019061557379518
159,2.440284449642228e-07,1.0581010021577432e-05,1.4310285416823594e-07,1.1533683448077926e-07,0.9521307225801338,0.047031127729200616,3.991840357071193e-07,0.0008266670284747336
160,1.696245730171726e-06,2.3412378969899853e-05,5.555102007943628e-07,3.185949512147346e-07,0.24589012128301568,0.74949241218978,3.2629565527513e-06,0.004588220840799479
161,7.047549188893718e-07,1.1202702596223526e-05,3.965597639874331e-07,2.4924602122576684e-07,0.008351784239523832,0.9896506968194723,1.948875526537535e-06,0.0019830168021770867
162,2.0541742817815552e-07,0.0002361244265856914,1.5933266292408373e-07,1.2211887547980746e-07,0.009884606938308177,0.9898685084453246,4.678411130541825e-07,9.80547970184187e-06
163,1.9340559327989885e-07,6.404987666961658e-07,1.605431618800053e-07,1.2502619001996515e-07,0.001445477437137373,0.9985233932230054,5.081779673802331e-07,2.9501688177992942e-05
164,1.848920176587869e-07,4.945421865290643e-07,1.6078854429357523e-07,1.2897792605304028e-07,0.006048191029241171,0.9938366997578876,1.4944166821277184e-06,0.00011264559551453247
165,1.6141089902968275e-09,1.6900438624244667e-09,1.595493777637577e-09,1.586733581239041e-09,0.1253719499284604,0.7592298613806137,1.6942237873301225e-09,0.11539818051032195
166,1.0243560626112118e-07,1.1684446282616987e-05,6.903207205534177e-08,6.503439468124564e-08,0.008586921328285785,0.9908775964028945,1.047619990025683e-05,0.0005130851205639114
167,2.1821550449990397e-07,8.404327523231791e-07,1.8711687077909812e-07,1.801180944540232e-07,0.0025999611560909995,0.9973551511971879,7.816883966836721e-07,4.268007510241974e-05
168,1.7000895627393257e-07,7.196299273362174e-07,1.8381436032393858e-07,1.8321092789295435e-07,0.002346133352891709,0.9975948225143734,6.919561119503924e-07,5.709551245111956e-05
169,1.8618110854691275e-07,9.241412164430827e-07,1.9945739050621118e-07,2.2007314967702054e-07,0.0021333452690920377,0.9977710792853617,8.049874370618739e-07,9.324060524405996e-05
170,1.762424502168324e-07,6.083704366525807e-07,1.8955992249303693e-07,2.2422684681492369e-07,0.0019010424451564023,0.997943727478751,1.0009661724053694e-06,0.00015303071026388809
171,6.836774155920279e-09,0.9346779096910711,0.0041207756364863325,2.0790527800568515e-05,0.0016718477003770085,0.0586091368642339,0.00015379686036624173,0.0007457358828907389
172,2.0920640439327743e-07,4.705470684384881e-07,3.4094726343353975e-07,4.376472650799175e-07,0.0024771325609740046,0.997442444396032,1.5030519029339644e-06,7.746164308974131e-05
173,5.725636584211157e-07,4.035983168029926e-06,1.7607806693101219e-06,2.250733718736583e-06,0.004549522270614553,0.9953433387057339,1.2510961744898696e-05,8.600800069211232e-05
174,6.20047986868533e-07,3.585626422035565e-06,2.9923763107060335e-06,1.7981355553268646e-06,0.006456311754094381,0.9934018809226388,1.9078768778452173e-05,0.0001137323682135015
175,7.111491850642781e-07,6.967769881463534e-06,4.481681916075186e-06,1.8835120491055367e-06,0.01424139900183507,0.9855436302940401,2.206642054490677e-05,0.00017886017054810855
176,7.418770404213082e-07,6.165372641450568e-06,4.7279852515414305e-06,2.3434051101721145e-06,0.010429998930704187,0.9893446217536108,2.0996345532565946e-05,0.00019040433010880143
177,9.011915463594426e-07,8.383223777313578e-06,5.433366898981958e-06,3.541507531159347e-06,0.008201424985744011,0.9913871256694129,3.153373724797998e-05,0.00036165631784131503
178,7.101038409421022e-07,4.52841674710445e-06,2.689924374996349e-06,4.509953597868845e-06,0.9761750896461427,0.023639887884960575,1.83035720522096e-05,0.00015428049828348367
179,1.8232623705720496e-08,2.4420922942735682e-08,2.1647731598445387e-08,2.601578883916735e-08,0.07409271877406555,0.844735989937412,2.9644038292592457e-08,0.08117117132741718
180,3.18873604208568e-07,5.832615933691476e-07,7.583800177292929e-07,2.007328814141813e-06,0.8613561239510498,0.0006716610689105112,2.585279706957082e-06,0.13796596185630325
181,3.4677114560636225e-07,5.6447900647202e-07,1.099032311449559e-06,2.5292052251281523e-06,0.8264344075036547,0.0008105920208582576,3.5249423133727783e-06,0.17274693604548513
182,1.1080053279611564e-07,1.342160059803442e-07,1.7981172418954845e-07,0.10909109236409693,0.3506036064424603,0.009246408494922677,0.005642390968170438,0.5254160769020866
183,7.178495405960393e-07,1.3645848322262184e-06,2.8631395004238594e-06,0.845461978884156,0.11679648285502849,6.513107996413141e-05,1.3434915615576614e-05,0.03765802669136256
184,2.616828275860556e-07,3.1166552986515386e-07,3.512082563684838e-07,0.9907430074899789,0.008733015976582782,3.107319338160298e-06,1.0449382054730566e-06,0.0005188997192808926
185,8.01907280740664e-09,8.32610488908963e-09,8.147734852003236e-09,0.8262418356673865,0.0842324524135865,1.1387223635255753e-08,9.619726924378586e-09,0.08952566641916404
186,2.191065099360913e-07,2.5931386488669675e-07,2.8561686853315743e-07,0.9935870967041114,0.006091242794006277,1.7384121541412764e-06,9.43048552135769e-07,0.00031821500393265173
187,2.185145528187985e-07,2.3275298687825667e-07,1.6945326422823311e-07,0.9928271205604762,0.006987961609331831,7.432523670289121e-07,6.371815000684376e-07,0.00018291667552099156
188,1.7820942316122703e-07,2.540058897647032e-07,1.7107766108112017e-07,0.994061570002133,0.005787019697088781,7.224987140137609e-07,6.096408643993472e-07,0.0001494748682259312
189,1.8115824336766447e-07,2.2784921151725448e-07,1.6483170347479266e-07,0.9956811368759474,0.004203760369504452,6.247240091216476e-07,5.329755621970682e-07,0.00011337121581841806
190,2.4185420707154943e-07,2.734627619459306e-07,1.6067226195536308e-07,0.9963675109460527,0.0035339942448785674,5.623558886880196e-07,5.316578620916682e-07,9.672480608697496e-05
191,7.571625641750239e-07,8.052125656328772e-07,3.352853008000886e-07,0.9988125672696425,0.0011669513662270607,1.508996252616674e-06,4.270103456340049e-06,1.2804603990816352e-05
192,5.256381978822457e-07,5.400226340205769e-07,2.617873296184947e-07,0.9995732311995628,0.00041762676369628567,5.60354458157801e-07,1.9147154160396713e-06,5.339518705281194e-06
193,6.42972245062236e-07,9.098803315993596e-07,2.4493852232764024e-07,0.9996044866957137,0.00038563686909530334,4.167065223882671e-07,2.1673953790510834e-06,5.494542190576353e-06
194,9.168235034607848e-07,4.550134219636322e-07,2.4938362712561827e-07,0.999773321217984,0.0002180702533737136,4.173210604267264e-07,1.9721233227605753e-06,4.5978637065634555e-06
195,1.5225144400147154e-06,4.7343560764623885e-07,3.0947910178358585e-07,0.9996376681164089,0.00034730455025847767,6.957119104323537e-07,3.3818707100524445e-06,8.644321562742917e-06
196,1.7184808826891111e-06,6.119448790888438e-07,3.1255753416891525e-07,0.9996635882364748,0.00032088259467597045,4.952348871615358e-07,3.6152617042559788e-06,8.775688961741719e-06
197,0.0012209811025456368,0.00044421461504792986,5.661797510128349e-05,0.9945738988566384,0.0015031076548455676,0.0018087303567990618,0.00015783504622903836,0.00023461439279297242
198,1.7803612191252833e-06,5.553157618662159e-07,3.303164890843614e-07,0.9997626990070653,0.0002255479850288729,2.948522168971589e-07,2.8617486849967677e-06,5.930413533956531e-06
199,1.9239970164703115e-06,4.419715230185907e-07,3.6374396738496953e-07,0.9997590940956561,0.00022849124243595954,3.1067676722642117e-07,2.8144882508418883e-06,6.5597843829852515e-06
200,2.9874332906156996e-11,2.8929847560974785e-11,2.8916640973562834e-11,0.13972814005061704,0.0015660711686456658,2.888290006234799e-11,3.009632608128228e-11,0.8587057886340371
201,2.0109634694283567e-06,2.810739739593308e-07,5.228197537476594e-07,0.999777300213189,0.00021271725883703797,3.85754229784403e-07,2.307154783076904e-06,4.4747617639507515e-06
202,3.6655709909717023e-06,3.98129752504026e-07,7.665286010070734e-07,0.9993500550308693,0.0006312027651694184,5.54521496559854e-07,4.322810449711061e-06,9.034642670487249e-06
203,7.103180478176789e-06,5.336139881533771e-07,1.0848828854654396e-06,0.9988269447561376,0.00113778633858941,6.232048246546026e-07,6.564432450745869e-06,1.935959064570673e-05
204,7.972336862753347e-06,5.803987334696782e-07,1.4035860270237663e-06,0.998636748056405,0.0013187941578753225,7.293991452443894e-07,8.318859786906602e-06,2.5453205164309388e-05
205,6.525811552134258e-06,5.29736949305183e-07,1.4374076521803642e-06,0.9984477217539255,0.001512214615549783,7.441829646215745e-07,9.173898066450114e-06,2.165259334008445e-05
206,7.861707567454265e-06,5.64911213378383e-07,1.8046553245647548e-06,0.9982671378580127,0.001689947445585927,6.651894153088756e-07,9.928128274169185e-06,2.2090104606511736e-05
207,1.3292377117455364e-05,7.538576875096012e-07,2.9152824791840598e-06,0.9968593866111111,0.003048522306164087,8.420565389830096e-07,2.2399235697803895e-05,5.188827320391051e-05
208,1.3882584674704107e-05,7.743403879989334e-07,3.443318922386743e-06,0.9966846912986521,0.0031965723434364984,9.33195690483955e-07,3.319271793876027e-05,6.651020029702861e-05
209,2.5006409410676382e-05,8.73619128433301e-07,5.548875260500776e-06,0.9937181750274409,0.006089398520759349,1.7020279962019639e-06,6.448323464972489e-05,9.481228535421953e-05
210,3.0137654982227292e-05,1.0163149430328664e-06,7.674907255456459e-06,0.98961971854762,0.010052972278613213,2.0088866362547377e-06,0.00011789370804150988,0.0001685777019083603
211,1.3809947219695332e-05,7.141166742330219e-07,4.747688024973892e-06,0.022468451942537906,0.47094197141445493,1.4934651889829772e-06,0.5064898968856992,7.891454020004325e-05
212,6.067476007038689e-06,4.983468046342863e-07,1.922214867862712e-06,0.0036586368388682863,0.637698428935115,8.801070045027997e-07,0.17114363740425123,0.1874899286770814
213,4.193968438727659e-06,4.1622136866825853e-07,1.5076694577884998e-06,0.001806222955819107,0.1454974599768706,6.46455429595444e-07,0.03624180720307036,0.8164477455495451
214,3.25671562106828e-06,3.959336973403838e-07,1.394098819289169e-06,0.013021071838401677,0.7877402381432224,6.004898584025901e-07,0.19844316560633585,0.0007898771740440377
215,2.7473671375957423e-06,3.603995545046013e-07,8.882366141768355e-07,0.00974508881322399,0.48105795310259214,5.248028423988118e-07,0.5091255820429168,6.685523511833194e-05
216,6.613360763598117e-06,5.228485931535014e-07,1.8632129438120776e-06,0.007306784728429313,0.6754957788486595,1.0027855931381203e-06,0.31714859557243813,3.883864257945142e-05
217,7.395837403399845e-05,2.8569090712752517e-07,6.98489266172414e-07,0.014457657109235567,0.7099607859130852,3.772557103412352e-07,0.27550438226452867,1.8549032329533115e-06
218,0.00010023686791668878,2.791053931960702e-07,6.495579022645722e-07,0.01642804242923288,0.6491937931251694,3.512457529689554e-07,0.3342748526412551,1.7950273774465812e-06
219,1.1599889315873337e-07,8.195722844969052e-08,9.297325599819579e-08,0.07474890372929636,0.8276113937967244,8.427408445945946e-08,0.09763740675614488,1.9205143722730734e-06
220,1.1100126806385608e-07,8.133147101459573e-08,9.030316550270495e-08,0.0955169072618412,0.7949353053759113,8.334233580793714e-08,0.10954658930736783,8.320766393486102e-07
221,9.960221308114553e-08,7.987411133260973e-08,8.806433604189469e-08,0.07983827274561064,0.7217999313882362,8.137797121207559e-08,0.19835734799438745,4.098953133957665e-06
222,1.7164851153074492e-07,1.0736202529046395e-07,1.3317814838933648e-07,0.24694406016617956,0.5665208049590587,1.123286975964975e-07,0.18651991667748058,1.4693679898511846e-05
223,2.632627584490701e-06,4.2881682432709995e-07,8.033754629455883e-07,0.5008320581400261,0.494312595442581,5.66033350576007e-07,0.0037972879644033847,0.0010536275997672074
224,3.1695181101754232e-06,4.5665409088726015e-07,8.939889071903191e-07,0.9886077844518316,0.0054215101527068646,5.405987265306944e-07,0.0047593803063394275,0.0012062643292872553
225,2.752961831683844e-06,4.2043999632657706e-07,7.523010021915268e-07,0.9890789278453086,0.005745362136892173,4.383337869055648e-07,0.004213084568681646,0.0009582614125006077
226,2.4050351166202985e-06,4.0413628173043095e-07,7.03735053576397e-07,0.9901733675816934,0.005043326391222737,4.1194535681871825e-07,0.004170280543349501,0.0006091006319255584
227,2.896709475831885e-06,4.568602240361575e-07,8.051461840375909e-07,0.9904312860332846,0.004560007978817391,4.68766365589968e-07,0.004222519185994366,0.0007815593196541875
228,3.0481275062835787e-06,4.517934882706997e-07,8.845849732746107e-07,0.9903237178022172,0.004584359037471222,5.122270586651814e-07,0.004216465701608288,0.0008705607256767959
229,1.8288837978615515e-06,3.8987747392316717e-07,8.314054733004392e-07,0.9889718587509219,0.007117870953259922,5.064874878220095e-07,0.0031984260698852463,0.0007082875717001594
230,7.919046234000188e-07,2.5002600657058584e-07,2.9619422908914545e-07,0.107540151359242,0.0016627861061396865,3.1925477202725694e-07,0.8906903914044356,0.00010501375055163002
231,0.242742892245029,1.9292012255648531e-10,1.929311538153106e-10,0.09658745712531276,0.08584540763755882,1.9298296804473193e-10,0.00012254382660435904,0.5747016985866608
232,9.779635136385304e-05,2.0646965040782685e-07,2.0763394994319037e-07,0.965396106288073,0.03450438836925695,2.9435901380300176e-07,6.21752718116352e-07,3.7877597387471463e-07
233,0.0001200100072536276,2.434616068631303e-07,1.721471876074652e-07,0.966971033652568,0.032907439589753555,3.595413919567721e-07,4.852926386614318e-07,2.563075997119017e-07
234,0.0001226297595826139,2.568891947625782e-07,1.6177005014738682e-07,0.9706721798830977,0.029203731419771145,2.5545765792053556e-07,5.36747036875603e-07,2.480736087966971e-07
235,0.00010773527760666008,5.075441891547375e-07,2.1495377805479935e-07,0.9690515850475558,0.030838295405683152,4.0650095160360203e-07,9.47305272750356e-07,3.079649628371335e-07
236,1.3850049658255494e-05,3.668921767035021e-06,5.616605638987024e-07,0.9854198922154158,0.014465878012571749,2.6530000997970824e-06,9.237917625948318e-05,1.1169636638923054e-06
237,1.1055218154626411e-05,4.333220461659819e-06,5.814132009742877e-07,0.9875326014965169,0.012362426235048518,3.1083593311911047e-06,8.467808772796891e-05,1.215969558178345e-06
238,4.123260739620075e-05,1.3779128442600037e-06,3.1326826562893494e-07,0.9778679721608408,0.022086216268648422,1.0163540141397176e-06,1.4890572490950696e-06,3.823707414255863e-07
239,3.787658637989876e-05,9.835352858597503e-06,1.4777680635040723e-07,0.9932198834621188,0.006731431133538088,3.155758838619083e-07,3.453426523598436e-07,1.6476976207064733e-07
240,2.00560293950839e-05,0.0029292522747451258,1.918199772907244e-07,0.9916021503982446,0.005445661327083854,1.9775009210356406e-06,5.021231652190132e-07,2.0852646770451872e-07
241,5.201342898232703e-06,0.002169024069016679,3.896299823104969e-07,0.9947609834507574,0.0030585995141368164,3.1671342623451152e-06,2.1097483030698145e-06,5.251106432789307e-07
242,2.932064021353948e-06,0.00035579328245464146,1.4719318419597627e-06,0.9983754887953961,0.0010790945372738806,7.35509433402121e-05,0.00010786554090423892,3.8029047675941704e-06
243,1.6982976175012583e-06,0.0007303034565323676,1.722475560442663e-06,0.9982286590990649,0.0008414543760560571,0.00012049863866780588,7.075248825232892e-05,4.911168248656499e-06
244,1.7603145497061714e-06,0.0019558392037661667,2.0673427456361823e-06,0.9968826674214551,0.0009255747914080669,0.0001510392717763109,7.614672849919828e-05,4.904925799785847e-06
245,1.6566574200642465e-06,0.0035703506188095482,3.5172515183711176e-06,0.9954869985686768,0.0005989283882029716,0.00024430116587354167,8.800920869033543e-05,6.238140808248451e-06
246,1.42128569573588e-06,0.449359985958833,2.380186525588496e-06,0.5498536138682609,0.0003829877963474812,0.0002916892844108721,9.910212946862397e-05,8.819490457942657e-06
247,5.084465521416561e-07,0.9938757804078941,5.934637379767766e-07,0.006087883462532936,8.739116440421948e-06,1.805215930520499e-05,7.102791661575645e-06,1.340151875630583e-06
248,1.065874064447851e-06,0.9981734989083109,1.2399102640735046e-06,0.0014245868947288947,8.140153567882765e-05,0.00027413644855298633,3.897094276113481e-05,5.0994856387933605e-06
249,1.035792732582386e-06,0.9980865259490186,1.1949723550031675e-06,0.0014420089238900721,9.411363823538406e-05,0.0003379175558403809,3.244348305446245e-05,4.759684873521073e-06
250,1.1192719349701853e-06,0.998380935688058,1.0042781492384261e-06,0.0011517949624431504,7.37167675845144e-05,0.0003529568788203247,3.322639175405277e-05,5.245761255737321e-06
251,1.1341760597030574e-06,0.9988055930622971,1.0525200132521974e-06,0.000757263884332656,4.266524590059294e-05,0.00035506327809896733,3.286604088139057e-05,4.361792416181914e-06
252,6.101492206481259e-07,0.9973549008384623,6.294670496788666e-07,0.00021031640376792103,0.00036409234298368333,0.002059818070516657,8.093626905737053e-06,1.5391010933251629e-06
253,1.1901045783713868e-06,0.9984545258344962,1.3500166959520816e-06,0.0004313001051845494,9.568651317013512e-06,0.0010288107942132156,6.83906664147053e-05,4.863827099919329e-06
254,5.299980325799527e-07,0.013539552787996463,8.11898113078114e-07,3.593467533699586e-05,2.2413233617554627e-06,0.9864099933230056,9.352517607906102e-06,1.5834765455241979e-06
255,5.227062264094623e-07,0.015258000906538827,8.544731092379143e-07,3.504566961840875e-05,2.209939172337593e-06,0.984693718531347,8.28481727092742e-06,1.3629567167588424e-06
256,4.4477321545599097e-07,0.00526978793485151,6.657139102316317e-07,2.6068908513437758e-05,1.53744706220864e-06,0.9946974512750216,2.973052213743081e-06,1.0708952117690836e-06
257,4.532846911469622e-09,0.6456867426745105,4.564788970127228e-09,0.12211633169139308,4.684477136720879e-09,0.23219690248039324,4.785726126357137e-09,4.585864132108107e-09
258,1.6640158406957539e-06,0.9295306490962781,7.760241026178654e-06,0.0005961086547474327,1.9942081264111593e-05,0.06975875852823475,8.381478298610474e-05,1.302599622624311e-06
259,6.257267135476983e-07,0.017885924471177723,1.5866261429178548e-06,2.7932596915738026e-05,2.603981509314824e-06,0.9820730185060695,7.72237893819523e-06,5.857125330682878e-07
260,5.645789115701753e-07,0.003555054087319547,1.297209337086969e-06,1.947210521033188e-05,2.1060707788043994e-06,0.9964163181551371,4.65471432957242e-06,5.33078976043617e-07
261,1.3279695309146175e-06,0.0013063519498955393,6.283563952578164e-06,1.6674643047138836e-05,3.4422062714907415e-05,0.9985592965553499,7.341638984863417e-05,2.2268656603331374e-06
262,1.2642490154019414e-06,0.0008911705976529391,6.299134757366119e-06,1.3764326592108311e-05,2.548954687414585e-05,0.9989856768085887,7.465279561984503e-05,1.6825408994996254e-06
263,1.249761624277346e-06,0.00042891320421881596,3.2291047069661178e-06,1.1996676345950603e-05,2.272459579237136e-05,0.999460395884109,6.982081209482763e-05,1.6699611078569106e-06
264,1.7082585914268115e-06,0.00044721820469847766,5.13672702486951e-06,1.5855669266730265e-06,1.4816212943558545e-05,0.999456006135905,7.224095689353129e-05,1.287937016398065e-06
265,1.713252939790401e-06,0.00039655889902213005,3.6000339383936797e-06,1.320238076965982e-06,1.3404990823560172e-05,0.9995151164224336,6.696857981849022e-05,1.3175829469928895e-06
266,2.582735003793835e-06,0.00020787434848601151,3.5838941824716127e-06,1.2662141823941158e-06,1.641326012083833e-05,0.9997064164004635,5.928645925016078e-05,2.576688310764073e-06
267,1.5018455997557415e-06,0.00020595560801500845,3.9957611658099486e-06,1.226890994235354e-06,1.955941774888001e-05,0.9997223917649819,4.2155242722576764e-05,3.213468771720264e-06
268,1.796941685275545e-06,0.00017997734284246747,3.820002030063277e-06,1.3344810543578746e-06,1.9665376418213476e-05,0.9997342707339781,5.53681898450122e-05,3.7669321465859433e-06
269,1.9566365559865556e-06,8.518889543247171e-05,9.580669782614753e-06,2.1568968680775117e-06,2.109371122023793e-05,0.999407632760348,0.0004625735926302841,9.816837162358862e-06
270,1.885541358475026e-06,9.311722443263527e-05,1.961035644141144e-05,3.823521373804403e-06,1.3997826841080953e-05,0.9993954656271106,0.0004558064349063374,1.6293467535729148e-05
271,1.5623391195299896e-06,0.00011465032792782656,2.820740157866965e-05,5.9254190417917335e-06,1.4982334091963436e-05,0.9992738966832894,0.0005215846707754375,3.9190824175398795e-05
272,1.641049003383956e-06,0.00011023129093595067,3.435438382236884e-05,5.002098937768466e-06,1.5273255240375226e-05,0.9992374806712879,0.0005495764720543191,4.644077871792714e-05
273,1.6301666930767245e-06,0.00011138764235675287,5.7755937538424274e-05,3.8446526024871045e-06,1.9569582529505876e-05,0.9991998451793495,0.0005921073937152538,1.385944521511782e-05
274,1.7689477998019183e-06,0.00010083771846886705,7.975813632557339e-05,4.862637022714591e-06,1.8723521808714365e-05,0.9989962357516252,0.0007732638354589272,2.4549451490281205e-05
275,1.6019119189272918e-06,0.00011498196478081561,0.00013348442845466263,6.355002878567051e-06,1.2257997009816826e-05,0.9987951221253522,0.0008994268046219375,3.676976498312781e-05
276,1.642387870707437e-06,0.00011546864703892377,0.0001493390120046384,5.812813852541278e-06,1.2302097749231894e-05,0.9989575455542136,0.000719532509734644,3.83569775357274e-05
277,1.572090287874017e-06,0.0001249440787913564,0.0001781133494789613,5.426272857106483e-06,1.5231752146458267e-05,0.9989211950729637,0.0007181782616470261,3.533912182744777e-05
278,1.5896809097681514e-06,0.0001140287229594842,0.00021226026923244697,6.20421974703403e-06,1.366415512843871e-05,0.9985990699474863,0.001011843733886554,4.133927064996973e-05
279,1.5949995558777793e-06,0.00011085906608002026,0.00035240106994130016,7.884604767919228e-06,1.6267600525180194e-05,0.9982742925791509,0.0011854281156939894,5.1271964284751465e-05
280,1.6771087834003245e-06,0.00010925514725350274,0.0004818100251680536,7.814591474340109e-06,1.8414756324973624e-05,0.998397179002201,0.0009232913806004431,6.055798819433239e-05
281,1.7192293703460583e-06,0.0001095051620720477,0.0004479001926486362,7.1577163487648586e-06,2.2345090432669986e-05,0.9984199604894558,0.0009737968937474948,1.761522592426825e-05
282,2.1803626834440174e-06,6.707673228616115e-05,0.0008954380864586697,1.0370939584862512e-05,6.689317998755531e-05,0.9966819453890542,0.0022158205582615727,6.027475168347013e-05
283,2.4493470156853225e-06,6.088428087777069e-05,0.0012181344148645187,1.1327190880372354e-05,0.00011989025073305031,0.995711627746434,0.0028417680996762765,3.391866951846084e-05
284,3.5803179520805157e-06,2.2284341947369846e-05,0.005898885839779188,6.14460898941367e-05,0.0005503463001215957,0.9861913110178374,0.007036172265981066,0.00023597382648713077
285,2.7578225084782484e-06,1.3695404612605937e-05,0.001926452385771405,2.7259617911587946e-05,0.00023231056407641587,0.9890674982043182,0.008429235385523075,0.0003007906152783533
286,1.3080316437221986e-06,3.2726011975086075e-06,6.314094516627501e-05,3.4845899161922107e-06,2.9511854115875966e-05,0.9996061371446757,0.0002776584104693951,1.5486422815272154e-05
287,1.3768479774554733e-06,3.3248349548963564e-06,6.838529086271681e-05,2.8020073747378537e-06,2.7767005312335702e-05,0.9996079557766232,0.0002717461836602351,1.664205323442157e-05
288,1.4509948490597518e-06,1.6578809921310503e-06,2.735529251041117e-05,3.557820589224962e-06,5.11631090114923e-05,0.9996215352614769,0.0002802862561388343,1.2993384431993177e-05
289,1.7044179492841153e-06,1.3973456480211105e-06,3.201114333421246e-05,4.935451242329463e-06,5.4322965202084415e-05,0.9995967291696454,0.00029399340855651646,1.4906098422104608e-05
290,2.2864968679922637e-06,1.399917247838672e-06,3.8630785855015476e-05,4.940332524470176e-06,6.220759502794499e-05,0.9995397589635757,0.000332283521629406,1.8492387271682593e-05
291,3.6479663225042862e-06,1.2831302135307765e-06,4.581100448410601e-05,5.2080139226609875e-06,8.474375336470036e-05,0.9994677056809151,0.0003763999843398896,1.5200466437447314e-05
292,3.669009191558101e-06,1.2970383265697717e-06,4.2034815328803235e-05,4.606491675282239e-06,0.00010516024762540075,0.9994407969364755,0.00039324497706101305,9.190484315873949e-06
293,3.2491157627605083e-06,1.2622732517775206e-06,4.739258291002e-05,4.8047142721299645e-06,0.00012200674704843166,0.999371460274425,0.000437703942552074,1.2120349777642125e-05
294,3.3612346917211777e-06,1.2794494558079338e-06,5.228054938889167e-05,5.187894800621213e-06,0.00013502461793805793,0.9993250006075451,0.00046443747889278437,1.3428167287102723e-05
295,3.903019615560617e-06,1.3566551826287326e-06,5.6001479095958626e-05,5.884792699576262e-06,0.00017996398583232373,0.9993915352574452,0.0003471445590907249,1.421025103804849e-05
296,4.715737972531474e-06,1.4019494622158885e-06,6.058245720192058e-05,6.491656201963008e-06,0.00020083860669384846,0.999346635446079,0.000362995686164157,1.633846022437036e-05
297,5.198964339964391e-06,1.4474929399331487e-06,5.7866629274979534e-05,5.226390780590876e-06,0.00020642375649928751,0.9993258902278671,0.0003808886937190924,1.705784457911389e-05
298,7.4161512030797096e-06,1.4096353406697707e-06,6.004996356419132e-05,5.2059732340904884e-06,0.00022905430032193024,0.9992480561460669,0.00042968593326124635,1.9121897007794708e-05
299,8.250581819063916e-06,1.4965119049260693e-06,6.947385507610543e-05,5.9163485165789595e-06,0.0002746005869543692,0.9992159711147666,0.0004095436743567107,1.4747326605644693e-05
