oos_period,model_1,model_2,model_3,model_4,model_5,model_6,model_7,model_8
150,0.013887577517177674,0.5791493786134077,0.056567498353629335,0.0,0.24891366923360875,0.024241167502466642,0.07446043068747829,0.0027802780912315026
151,0.007671821746459917,0.5900598600998203,0.09280481337853531,0.020107399529928148,0.23465580683333168,0.00802517402048609,0.04057706515894114,0.006098059231497505
152,0.00825860896117362,0.5796570801588192,0.1002917507259072,0.022170119674787155,0.23583556718015458,0.00647567028526323,0.03623384086427548,0.011077362148619296
153,1.4935011583338718e-18,0.611176755415412,0.09273170040546835,0.024495641257404506,0.1791569695817429,0.006753461906241069,0.07351534330707443,0.012170128125656736
154,5.3950516064214e-18,0.6130857449011312,0.09076361389886849,0.026384068049675354,0.17597788207019063,0.009423682714441913,0.0696360558586911,0.014728952506001283
155,0.0,0.5930920407606689,0.07993976329844887,0.028056596529631623,0.16588517901404473,0.008934093694709853,0.10821179301866957,0.015880533682826242
156,7.478487968332423e-18,0.5952933969893561,0.07257109984329053,0.03729289887874888,0.167393194049609,0.004743461298560328,0.11396100085890151,0.00874494808053354
157,0.0,0.5970448225433502,0.06946660594262868,0.035265594321304335,0.1682261390415472,0.004528362680167924,0.11717372691886002,0.008294748551141625
158,1.737532891325789e-18,0.6023910233685743,0.05937198506772016,0.026438371285935635,0.1484861910388891,0.005943236530847582,0.13759218523095063,0.01977700747608254
159,7.86112347419889e-22,0.5636814871437176,0.070018429700142,0.02640356567682043,0.16930038169295825,0.012044696260296016,0.1428758825778684,0.015675556947197265
160,0.003344491749050789,0.568678118655139,0.06906782850022646,0.021921912362130907,0.15677985185033214,0.009826736669053445,0.14929623665920308,0.021084823553864075
161,0.0,0.5921460711905354,0.06472731888067718,0.026312128718219512,0.15081937198547687,0.01033786406927076,0.13302849989578286,0.022628745259037422
162,0.0,0.5473338062615263,0.06066044046567591,0.028267650524503005,0.1862005552723296,0.04564604975693632,0.07847997384021628,0.05341152387781267
163,0.005105917852621103,0.4969919751540262,0.055351142055337615,0.03223093997813981,0.1960749229050209,0.06580958359970089,0.09427998858394011,0.054155529870213215
164,0.006560383375729755,0.4719547209574784,0.06489669488846966,0.037224473720800025,0.15256902076781167,0.06234548663083426,0.13292982011458263,0.07151939954329355
165,0.008790857735982606,0.49731164209468476,0.04740594015669267,0.029114953380195038,0.15831563537414303,0.059751831316518914,0.12789414343747416,0.07141499650330874
166,0.01574822247153925,0.5300291363787047,0.05066172147458118,0.032531676547045286,0.1426954340856092,0.05193156598488014,0.12901988440268528,0.04738235865395466
167,0.01903453070022863,0.5018755078060241,0.04986068054170032,0.03108892755468361,0.19033467857464176,0.03823094214426338,0.1186983969418574,0.05087633573560077
168,0.017482448318975385,0.5046316004768318,0.049123487757286095,0.030660184591879067,0.18576245364593325,0.037980001201221913,0.12395357611558631,0.05040624789128609
169,0.01725747839302501,0.5260046840196182,0.04719413147324728,0.033643872911370346,0.1711625177839322,0.05284634127123251,0.09821531836109886,0.05367565578547563
170,0.016528080950920874,0.42904447038921834,0.05748305797415865,0.03722683629547976,0.1893869855439186,0.0647908379620345,0.13755616951570157,0.06798356136756761
171,0.02565165769251352,0.242392707098922,0.06594422441753058,0.036184548836142284,0.27621957090926264,0.12830662470348275,0.156320101634281,0.06898056470686525
172,0.00674401771104549,0.19833992792671537,0.053913418519246324,0.037414072548601796,0.28682202694930375,0.17887324593205836,0.16729830621906616,0.07059498419296277
173,3.34865891718646e-17,0.16865401214496573,0.04867683630314118,0.040097774240611735,0.3917076433200861,0.20728488191871255,0.09278573586655986,0.05079311620492289
174,0.001976042647995046,0.13451754288792003,0.04527334934872794,0.04075070252485291,0.36647437249377796,0.2170777689703591,0.10862708868041586,0.08530313244495116
175,0.0018223258872065741,0.13420542844085043,0.04544679979258856,0.039715314340523375,0.3717520935037834,0.21617095683724427,0.10812464173318728,0.08276243946361618
176,0.0027516739178518163,0.13254801465607643,0.04544722798704694,0.03956280637381673,0.36564087663733635,0.21658030021098656,0.10828232402679899,0.08918677618908613
177,0.005046659018764407,0.12258201417649378,0.04739782148229145,0.043856425759971986,0.31510298029609174,0.23175992865535502,0.11445110824709771,0.11980306236293385
178,0.015972053811954524,0.1145709526580531,0.0602595276936584,0.04211681210510988,0.3414173612350675,0.19317512197159292,0.11536990612774639,0.11711826439581721
179,0.02924852556436805,0.07400216522123365,0.05536813801604824,0.038533084464432474,0.3345913175594895,0.2564832595104078,0.0754079711642886,0.1363655384987315
180,0.01076351620272158,0.059808033159545075,0.03586505446650287,0.025677923265484227,0.5622118099145265,0.17788669399068793,0.007613353797727037,0.12017361520180483
181,0.011235467537687035,0.04986228496289906,0.03559436403967472,0.025957171302648418,0.5781588332783709,0.1754487222976896,0.004443798303838836,0.11929935827619131
182,0.0146928655384395,0.07979678944710482,0.04839344051876298,0.03499081584544297,0.4756824315941405,0.17795399624815045,0.03948742296021976,0.12900223784673903
183,0.012480991659548201,0.07500213816067858,0.05684629896050504,0.04288637314021296,0.5226377346027219,0.1848763655110479,0.005782613768273746,0.09948748419601168
184,0.013878752146280642,0.06401376761403095,0.04467444614510272,0.03786347003229637,0.536969377340563,0.18189485127201535,0.0,0.12070533544871098
185,0.014305699428577718,0.0439959994940832,0.03259936023163603,0.03520815252489209,0.6143493681723795,0.13646437512985074,0.0,0.12307704501758068
186,0.014681028510131817,0.052919224791961976,0.03659350829785919,0.03806471101783379,0.5938297865878781,0.14866596787669561,0.0,0.11524577291663948
187,0.01600852067591285,0.053218307195535546,0.035400326729189135,0.03786939536528828,0.5956879643876914,0.14818280621499227,0.0,0.11363267943039042
188,0.012546135022585572,0.05860342773185884,0.03187831434382137,0.03912031186318465,0.5777044518660539,0.16501607624335138,0.0,0.11513128292814422
189,0.011743650133187929,0.05766009953662607,0.03797954889553553,0.038651683019933075,0.5721659820676789,0.16858789543094554,0.0,0.11321114091509288
190,0.0016542251971989345,0.056625333909288464,0.020748024446651255,0.03706408965463104,0.6182871082676026,0.16438591424236892,1.1420280530022293e-17,0.10123530428125867
191,0.010649540329604574,0.0295777469279075,0.004412796911104549,0.039482781592034166,0.7166225949769532,0.07959944962030774,2.488905730341786e-17,0.11965508964108815
192,0.00951858022747454,0.033559940490155316,0.005489577217337674,0.0383842433181882,0.7469323557269857,0.06560228578675097,0.0,0.10051301723210754
193,0.006726241703192843,0.020917299650307135,0.007592029468625025,0.06044290699316898,0.7960879358729588,0.033597369929735686,7.655988389448034e-18,0.07463621638101159
194,0.014469951386474111,9.529387680494092e-19,0.004923788268609122,0.07168153781616406,0.7588209472968815,0.058529557411696874,0.008665427599864984,0.08290879021930936
195,0.01188470232949446,0.0,0.00286884368905391,0.07691696902210164,0.7392834579749687,0.055735392565724566,0.013454300110469995,0.09985633430718666
196,0.012281851627557091,0.0,0.0081943745360493,0.07039988737218757,0.7585011819913707,0.032948096531077914,0.0011579864941552076,0.11651662144660216
197,0.01303301385607162,2.3017035080648923e-17,0.0077427746162062475,0.06941154130335686,0.76844375871105,0.02155434045443463,0.004346153375268426,0.11546841768261219
198,0.01474978863204377,0.0,0.009050529563374179,0.06997633797912929,0.757621244422032,0.018607970936727312,0.005143865698909264,0.12485026276678413
199,0.005801465763550092,5.043647096508846e-17,0.012286270259596211,0.061967882734678056,0.7555675788543229,0.03023680834247601,0.0,0.13413999404437663
200,0.002508187178340913,3.992479208967311e-17,0.020040248903223017,0.06043270953746015,0.7715412006428441,0.015548136255381387,8.199331868972631e-18,0.12992951748175025
201,0.007895321677552147,0.0,0.01814887503491713,0.05209552373271279,0.7802280096350868,0.019865764065720125,0.001673825935145447,0.12009267991786536
202,0.010320334154632209,7.718843165220247e-17,0.01948180389150247,0.04049636365376999,0.7955485627073066,0.019902871199106886,0.015446378581935358,0.09880368581074626
203,0.018195416818967743,0.0,0.003403949063232257,0.0461558652196928,0.7794465037534298,0.04244277419289947,0.012441282791834648,0.09791420815894317
204,0.018849903030094897,3.632190497989093e-18,0.008252828072368266,0.04725586107548155,0.7686259830958098,0.03984563620355347,0.0034276233862937655,0.11374216513539827
205,0.018607096413837936,6.29141662506383e-17,0.010339533808469506,0.045954155386226964,0.7436711586392023,0.03859421576454268,0.0,0.1428338399867205
206,0.01966493199426418,6.35202907013796e-17,0.015040398872307546,0.015162017123356691,0.711786763505647,0.0385397287307627,0.0,0.19980615977266178
207,0.01960014949713112,0.0,0.01960439854543781,0.011745847637651581,0.6742110116181752,0.03201961869979845,1.070889527706005e-18,0.2428189740008058
208,0.022372719433252777,0.0,0.01676154277870469,0.0072278889740789295,0.6724703551503987,0.02835165120044039,9.326420262638374e-19,0.25281584246212446
209,0.01901862393575923,0.0,0.021212896410208605,0.007932849089384183,0.6660632862927454,0.02858258782483376,2.340344334625821e-18,0.25718975644606873
210,0.01905716907797779,1.0055816331115387e-17,0.021373671964643307,0.014133286351406323,0.6704372805396746,0.028466752418326306,0.0,0.24653183964697176
211,0.02979273904445371,0.0,0.024274816509572184,9.400537084741334e-18,0.7014021978739338,0.029231012884621998,0.0011069102529953985,0.2141923234334229
212,0.027260972136333144,1.4139626867620298e-17,0.01769766808177341,1.1357758910603145e-17,0.6322680925246441,0.023198384874389123,0.0,0.29957488238186
213,0.01583828766376539,6.6231749671210665e-18,0.0192372017816122,1.8407534721254834e-17,0.6753605236363496,0.02415022916880593,0.0,0.26541375774846676
214,0.016847710956093914,0.0,0.01956958720189117,5.312802403410472e-18,0.73712615623457,0.022688587848797754,0.0,0.2037679577576471
215,0.023899192692709334,0.0,0.01691017276827057,0.008478232430178475,0.8031682168088456,0.03642970071911852,0.014839178733997564,0.09627530584587968
216,0.024522531245664652,0.0006604531156648366,0.016621215668436128,0.008819162723478359,0.8162586714545563,0.036031008242139555,0.009194274870232975,0.08789268267882695
217,0.028612359184467,0.0007818816679382185,0.016551977318864684,0.008016252824128165,0.8192163440743203,0.03627575985701322,0.009101930916281047,0.08144349415598734
218,0.033297231568956816,0.007042554815907204,0.013200744107165114,0.012194276251137332,0.7875010805667435,0.03592151900840185,0.014960919633584448,0.09588167404710361
219,0.02540563387666646,0.0025766257686358645,0.022307334193711344,0.03119749512631493,0.7832900916747662,0.03510798558187204,0.012373272669695016,0.08774156110733808
220,0.027892490603823393,0.004601999596150723,0.022760862924600153,0.02011262164345798,0.808334543752878,0.03811828985659062,3.1361394872059106e-19,0.0781791916214991
221,0.01941270921093417,0.018876219537087784,0.016840748816511583,0.037484462037985174,0.7487429912012166,0.030398249823634264,0.046447981318093794,0.08179663805353661
222,0.04683475995811648,0.02523033163527642,0.01777517583763252,0.04279283467374633,0.7131069360140341,0.026899997231182388,0.04801385139843748,0.0793461132505742
223,0.05628231022492699,0.027761707515997644,0.012943969858206568,0.018286912419627953,0.7049797489947599,0.028616349516882002,0.058651829139156765,0.09247717232944225
224,0.06960876123556406,0.034441775873498545,0.012159431607754642,0.049530226491441655,0.6324931127091974,0.02585456368989107,0.06880110440538398,0.10711102398626865
225,0.06747452438743606,0.03622239279622383,0.009240955959034503,0.0656948905759702,0.6338580126363418,0.02938917676302325,0.06826982263975244,0.08985022424121791
226,0.0739471832684232,0.03642026512457312,0.010056915634586473,0.06992444026373237,0.6437307715462386,0.030757689108069947,0.07226982825345583,0.06289290679992032
227,0.07469202032384975,0.0348991375464752,0.010216201821056266,0.07021405286420368,0.6193214305795837,0.03235474475825853,0.08122875450776317,0.07707365759780953
228,0.0716060069539437,0.03171048957635155,0.006545090158753191,0.07302904140491687,0.5951035305125829,0.03631244838230812,0.09014428993943244,0.09554910307071113
229,0.07061891340190611,0.03158403824307596,0.0052163405156046465,0.06798815246359863,0.611695447925318,0.03686465894525454,0.08687884677610834,0.08915360172813369
230,0.07187590994853119,0.027914345717553895,0.006996831961468148,0.07912544742460034,0.6113980604263839,0.03805994550785106,0.0955710611300486,0.06905839788256264
231,0.07440942973062223,0.029794974195508,0.006968039518846088,0.0740850637792446,0.6163737968180022,0.03873223420185113,0.09516764814067233,0.06446881361425336
232,0.06594597708428793,0.025702734640893798,0.00039968401893545615,0.06965916607115889,0.6316918904792439,0.04231263540789739,0.09145542274100843,0.07283248955557424
233,0.06576062544011686,0.025641007325761606,0.0011835333831477592,0.05828063114216344,0.6473421112358269,0.043970154112605436,0.09899518187878682,0.05882675548059122
234,0.07499135338686977,0.033253418971601015,0.008956757489682294,0.07996460928852607,0.5547450600436061,0.033684512269244384,0.1348403229129322,0.07956396563653814
235,0.08719849579570797,0.03153103341534583,0.005896318100025475,0.0884107680291304,0.5817858855271051,0.03208499368786994,0.12817903948225684,0.044913465961558215
236,0.1013200680083397,0.03423806842576675,0.0030113868758135385,0.0821700780612567,0.5825758575904365,0.033259514554740834,0.12589644857730878,0.037528577905337104
237,0.09815040454960933,0.02905859137266321,0.0,0.09985640389256593,0.576217869850651,0.027454384902355456,0.12735656144713006,0.04190578398402486
238,0.11672236233146613,0.02865320159604454,2.1559845227655452e-18,0.1261527835610477,0.5447737097369024,0.02234823043441442,0.12385311260889632,0.037496599730228335
239,0.13417284208666266,0.03290990177355835,5.7733898033693396e-18,0.19805259292778166,0.38448876225693307,0.015080966725759029,0.18980735620232844,0.04548757802597691
240,0.15213304382818174,0.03836213831392932,0.0,0.20111482020086147,0.3516375334865447,0.014828346432934,0.19935853745854257,0.042565580278006186
241,0.139375239794502,0.04105792247221126,2.5516205791520237e-18,0.2121785810047484,0.34099669562763046,0.026937800810348186,0.21983964044795568,0.019614119841604074
242,0.07250984309113606,0.024695374667131207,2.6080892217207574e-17,0.15891781964423296,0.4476166046814169,0.03218400144158489,0.2381169304619691,0.02595942601152889
243,0.07291513674226967,0.025397355767392993,1.9932438871772366e-18,0.16761484147545894,0.43830182678542096,0.037473408659782347,0.237687010241644,0.020610420327031104
244,0.06982709818629891,0.03410763618340125,9.32909597677704e-17,0.13776437141516343,0.46115730424092904,0.030762050651533687,0.23647886717248529,0.029902672149188403
245,0.08526896198582556,0.039838772600701206,0.0,0.20911467978948547,0.3857143266437319,0.02887911955481549,0.22654027148954367,0.024643867934896674
246,0.06685605470778817,0.0413678253325445,0.003934640171051731,0.2534770777541975,0.3732462373428822,0.03337682755634703,0.21866030263417932,0.009081034500009529
247,0.057525720880651825,0.043024729828839196,0.008935822833383624,0.27520826374876955,0.3257294875517871,0.055477408364357605,0.21653276913790176,0.017565797653309363
248,0.057519508093594816,0.05059526955921847,0.00779118634252245,0.26588343213436105,0.32396192577908145,0.06058411298512754,0.2173211692044647,0.016343395900629474
249,0.05263989021521645,0.06602455159351948,0.010977810446993521,0.27538312854788505,0.30382366649065223,0.0612888330356402,0.20812468022224362,0.02173743944684943
250,0.04886704773799252,0.07741187888098025,0.02894164509573971,0.25584267756146756,0.27407610885659134,0.06568613017366948,0.2044774859000289,0.04469702579253021
251,0.05033159282835968,0.10108927929109726,0.024256159179710263,0.24656580478973814,0.2543648577900587,0.06563482477574434,0.21470680057775543,0.043050680766536106
252,0.060329586789963294,0.09899114891903742,0.02654076056255415,0.35600388703768177,0.13163378479149077,0.07736549679150515,0.21058940809412116,0.03854592701264624
253,0.05839394967699136,0.08982427546228734,0.03076175621370194,0.3751420184801802,0.1371383419176953,0.06168471941499781,0.21300084133988034,0.034054097493265746
254,0.04505014618456207,0.08696333467896916,0.02762577316918566,0.40277297349830415,0.14486974559430202,0.05805208535860495,0.20145711701289465,0.03320882450217732
255,0.043785202059280846,0.09028268388694076,0.02799407316307406,0.40133962749695695,0.14380205743089897,0.05978616250307813,0.19654161571788434,0.036468577740885834
256,0.05374574566152701,0.11312012471050759,0.027832427080925592,0.36984486057262095,0.1273815221791425,0.08207598591659272,0.16998051457126767,0.05601881930641594
257,0.05205274514819522,0.09593544265323609,0.022246740386688366,0.4412429850341522,0.13010816886409368,0.07811303842294291,0.1455704983013576,0.03473038118833383
258,0.045847497675981355,0.10134676114756506,0.029436115826464056,0.4054382150051405,0.1397841269024642,0.081020241962694,0.1477513407141754,0.04937570076451551
259,0.051644630585414894,0.0993678607799215,0.030030334856324573,0.38187078960735654,0.1503770590909317,0.08230419746845286,0.1552382358679372,0.049166891742660736
260,0.04774419907987479,0.09546321026118613,0.02777281619213893,0.3888912167211904,0.14993944546075438,0.08487052754497634,0.15526036287763798,0.050058221861241016
261,0.07681303258822754,0.15667213710790365,0.042192929680431125,0.22978164599248108,0.1558004533227839,0.092143031969756,0.20142290950133926,0.0451738598360774
262,0.07358589464572914,0.1550402384198156,0.046927512406977075,0.23163408117518275,0.15401171445216189,0.09676561966018014,0.20453113236705642,0.03750380687189689
263,0.07434104907279267,0.15894758625627906,0.06660465587305633,0.21805074734001018,0.1447427009651795,0.09411264901289046,0.20735336042338762,0.03584725105540414
264,0.07688707060161817,0.1632848606009684,0.07438864972068793,0.18267126254138288,0.16586957878885872,0.09997310444329613,0.2102613810312419,0.026664092270945818
265,0.07719824386810663,0.15902547157180016,0.07725426949012215,0.18302888587688126,0.1683788217806792,0.0948135189146862,0.2108518785742736,0.02944890992245075
266,0.12103306111001398,0.13896626611093552,0.08822636113357536,0.148098171760428,0.16499062356929292,0.131785889655996,0.16919489649856542,0.03770473016019274
267,0.10580039980191049,0.12295738439248205,0.09911092928599144,0.1543339909650846,0.16899601048287427,0.17394274859826295,0.14280623769943712,0.032052298772957025
268,0.10600589370138085,0.119133534187363,0.09747901960796891,0.1534078654668383,0.17193635309905844,0.1742672928026866,0.14457341045858565,0.03319663067511825
269,0.11968010016683173,0.09462248216061916,0.09417334708482385,0.17299028716732254,0.169095308758448,0.1759474333513733,0.14240972957901574,0.03108131173056569
270,0.11255320666859438,0.10539975607245072,0.09934917041480225,0.1723232345281194,0.15773538496290815,0.18377010133348326,0.1371258853453405,0.031743260673301264
271,0.10997411917394394,0.08799797892537664,0.10346719803264799,0.16614246786281323,0.16313019474283108,0.2066407677607731,0.12915569928113774,0.03349157421947629
272,0.11174621637836499,0.09007606698346945,0.10853913516243718,0.16032025002552128,0.15979652086135956,0.20868667995512402,0.1270840752173106,0.03375105541541283
273,0.11228683651118616,0.0900636461121547,0.11580349066843093,0.14995084861058838,0.15679375257629713,0.20774974911787988,0.1302581026321136,0.03709357377034905
274,0.10616178653849145,0.09038023933601697,0.11262824252544627,0.1441222053490863,0.14927231917615053,0.23524711002327714,0.12533704776391286,0.036851049286618504
275,0.09502142476462888,0.10167306355872636,0.10658100503041082,0.13791331167595314,0.1321535549884355,0.26773451968225676,0.12649407455963382,0.03242904573895467
276,0.0962845180531943,0.10130130432472093,0.11020691526000935,0.13262891977299962,0.1297424545482784,0.2757159877051712,0.12150023047000671,0.032619669864619436
277,0.10258254951423261,0.09909500501963873,0.11082027697253444,0.12648957890224208,0.13366249774017788,0.2655251584330026,0.12213955498919862,0.039685378427972935
278,0.10572521951461232,0.0837282498966753,0.10680381170912132,0.12463989032330776,0.1255582987754678,0.2806763833394315,0.12442158463863681,0.048446561801747064
279,0.09618628730425587,0.06904013112796954,0.10708072706056128,0.1292505291058707,0.12199895557263332,0.3009181044095777,0.11699657892134023,0.05852868649679129
280,0.09490547355980702,0.07013052409349456,0.1111054097482551,0.12978519171649217,0.11963124390078256,0.2936084013769068,0.12700004074731136,0.05383371485595038
281,0.0933837769103955,0.0612030020169511,0.11607832658675481,0.12409590390299623,0.11262849698089163,0.29549753440988563,0.13577123758336285,0.06134172160776216
282,0.09443284303550493,0.07348027371948353,0.11434854542468216,0.12762363314901656,0.11486920865535037,0.2800685665667029,0.1351964134617114,0.0599805159865481
283,0.09574707606405944,0.07502551926807703,0.12896050596231912,0.1221318267182915,0.11247252863973908,0.2748355870085681,0.1383161168792088,0.05251083945873687
284,0.0804643589517176,0.07044392373682094,0.11618744813072272,0.11195331763074301,0.09832145649446292,0.34038720455537635,0.1343537845749874,0.04788850592416909
285,0.07097709532991778,0.07254625976444051,0.11584164688259144,0.09987586119571801,0.08496512863880304,0.3639962300436499,0.13226527912618785,0.05953249901769144
286,0.06689120621606741,0.07077771629115222,0.11922444835265196,0.100522845069009,0.08217490111543592,0.35939170344753696,0.13598201344234817,0.06503516606479832
287,0.06246164705867903,0.07642416155998862,0.12046117857064186,0.09088257250608743,0.0746381660791286,0.37679638430848167,0.13073811478688713,0.06759777512910563
288,0.05997614945870667,0.06359649046428419,0.10801162977253169,0.0954107715796154,0.07506150191063225,0.3991609024470735,0.1361202766393795,0.06266227772677677
289,0.05568295535261119,0.06351044234194926,0.10704908426938736,0.08616180460117034,0.07908881413339192,0.4601604467478091,0.0959929469554543,0.05235350559722644
290,0.044982640770821446,0.06591531885218993,0.10285974148861626,0.0775358570068622,0.07345212225506642,0.4894679442200463,0.0895623667948936,0.056224008610503716
291,0.04713297189856417,0.06228159684309438,0.11769529811305908,0.06873437637352174,0.06812362813169577,0.5054044890706207,0.0660078247228191,0.06461981484562483
292,0.08728815344423178,0.07180466017116978,0.12824065417262387,0.06241009333690926,0.07079572412463815,0.4927597846981613,0.038450844462961674,0.0482500855883042
293,0.08589621500835502,0.06988696860112763,0.12864013959271786,0.061432957148531746,0.07123832922989702,0.49580852939906744,0.03430988923064447,0.05278697178865879
294,0.08628192423731192,0.0729452270210495,0.1304180935992598,0.06068836432250248,0.0694995093734434,0.5074825391666853,0.02698064990695801,0.04570369237178961
295,0.07978191670609665,0.07011206857913607,0.1268621552314606,0.05835585441282902,0.07039062291749648,0.5255313769690416,0.018082028025142076,0.05088397715779735
296,0.08336079908508853,0.06991805826745162,0.12209211822098676,0.060447185717648184,0.07578209642352195,0.5140577158124454,0.018379915637852427,0.05596211083400502
297,0.08412151837933458,0.07038862604438123,0.12182051118983742,0.060451312815043866,0.07752885967283211,0.5133350307094728,0.016824142338712614,0.05552999884938521
298,0.09073059114173522,0.06945641185702091,0.1309802801153842,0.06505360744275852,0.08537789591435797,0.5092787248752605,0.0009398426527511424,0.04818264599973148
299,0.09139924355454943,0.06945005959092485,0.13016885253322621,0.06590008111387433,0.08446764071161715,0.5025378610453852,0.005663498234858923,0.0504127632145639
