oos_period,model_1,model_2,model_3,model_4,model_5,model_6,model_7,model_8
150,0.05466424661728158,0.31124544475536653,0.05182039223724956,0.05181991818137423,0.06018705950898228,0.2742174830239333,0.06778965156706926,0.1282558041087433
151,0.0646239153357572,0.12702159536487326,0.061621830463276565,0.058807896985241935,0.09291076591941444,0.1513020612170197,0.06669643367684565,0.3770155010375712
152,0.05934473485274342,0.07818511251621053,0.05915545360744006,0.0564278976325836,0.15786793829154055,0.1693462546452387,0.06505710132402534,0.3546155071302179
153,0.06098143161388872,0.0949155918956105,0.05892325608716111,0.05597245942031441,0.14235912033889214,0.17348278239593268,0.06303632840994713,0.35032902983825326
154,0.05822493990677774,0.07502352806248179,0.05772787196998147,0.054820502447225625,0.1803965719363288,0.17165596259074029,0.0626635412302231,0.33948708185624116
155,0.06166025051993976,0.07518683398887308,0.06098274634557813,0.05761685987733934,0.3658057400220233,0.230920293235319,0.0813072077254282,0.06652006828549913
156,0.07484154030897784,0.11346645487927248,0.055863181500760396,0.05586373870765858,0.3493005319317258,0.21302709320676824,0.07015274211573684,0.06748471734909997
157,0.06344731581322971,0.11036998980887565,0.061068374548348105,0.0577657341734772,0.3672069098680215,0.20854898385363738,0.06557647064447591,0.06601622128993458
158,0.06282133109814644,0.08325614260294585,0.06103244486025535,0.05769903429108712,0.36657914626905674,0.2235903814213431,0.06577663264107296,0.07924488681609233
159,0.06609438306063953,0.06919785318442173,0.06418698924893447,0.06059667249345332,0.15830690410098036,0.3938510352325547,0.08341578168271178,0.1043503809963041
160,0.061918093663431116,0.06310838957356889,0.05568557231415949,0.05532845530112151,0.1093474939561761,0.24716094115568488,0.06318323943706729,0.34426781459879074
161,0.27081964290988697,0.059503055196181404,0.019834981357479218,0.018750000000000003,0.12210361340215711,0.293468340506413,0.02122117455366706,0.1942991920742152
162,0.06863012368143168,0.08346339966612853,0.06506277916810983,0.0627324348759933,0.15159146313265082,0.41395232824464273,0.08237692513664222,0.07219054609440095
163,0.07203653399114993,0.07566502488431744,0.07168469880806078,0.06651096772200109,0.08509510953969275,0.4495149903247216,0.08488191241632581,0.09461076231373067
164,0.06409515421874382,0.06814581659656052,0.0635590256854159,0.059988171894554736,0.16486931908745364,0.38812397077227984,0.06843911254433072,0.12277942920066086
165,0.05129671760062189,0.06590157959119353,0.3063220554157162,0.055613980733076,0.13746448989668747,0.09008282213773926,0.06295898336919648,0.23035937125576908
166,0.06354055450319149,0.0756284215181216,0.06419495614088705,0.059140943275068185,0.17649528164939543,0.3801500543536043,0.07678135842267515,0.10406843013705681
167,0.30551061882294095,0.06294412198571217,0.05197256887398164,0.051210503249937124,0.11365817302676798,0.2908240576583483,0.06537441805385033,0.05850553832846139
168,0.0605831864655557,0.0789858582850542,0.06112670907262991,0.06151253303809477,0.16033871028163052,0.3937241079111126,0.07999594346784633,0.10373295147807594
169,0.05533390691935437,0.07195164185718436,0.05611348973181123,0.05687198687648045,0.12685728323894555,0.21521801904235627,0.07333454838700268,0.3443191239468651
170,0.057000423274144243,0.07895363805922344,0.05790155426544915,0.06012267789720189,0.0831394033829381,0.22175882556383683,0.08111949380051314,0.3600039837566932
171,0.0608799147637634,0.062380156761532954,0.06208983009333173,0.06676102979647092,0.14432976663791727,0.3965166537016321,0.09141220770352808,0.11563044054182353
172,0.24735604864866506,0.021668987296763646,0.11322007077411243,0.139910411884907,0.0947416497351673,0.2630546637185988,0.05422500368359371,0.06582316425819199
173,0.01875,0.021424355239190108,0.020323886191767386,0.20722924756358596,0.21510181852680219,0.2123428983879575,0.16031898166638767,0.14450881242430927
174,0.06118754462904388,0.07443204024174528,0.07047716713783322,0.06719467550339137,0.13479828138102598,0.3994121848776578,0.08193946344206651,0.110558642787236
175,0.055569038561220224,0.06965974225986037,0.06639927770302798,0.059218397213418435,0.3465321276350139,0.22629927264267458,0.07718316220317557,0.09913898178160896
176,0.06171711918796636,0.07009019409372962,0.06981498431383247,0.06628463194485158,0.127884625911644,0.4043964158867421,0.08890664152405472,0.11090538713717923
177,0.060913699389293405,0.06906174057447619,0.06689871761614814,0.06678726285658781,0.10594161288417157,0.39683481778158497,0.08576188554667467,0.14780026335106328
178,0.018750000000000003,0.02168448216182852,0.020382824146930236,0.022058619199017554,0.28491290648169404,0.30820956120720905,0.027785287476038513,0.29621631932728215
179,0.05650596169772426,0.06646801424178195,0.060238419570024994,0.07029441084378533,0.3553502277432871,0.20716470317477212,0.08102488372987844,0.10295337899874583
180,0.018750000000000013,0.022112690278040636,0.020345607109815245,0.03369916615692838,0.28569744049767076,0.2978468641085626,0.02618275824039129,0.29536547360859106
181,0.05270198718616714,0.05472669594368004,0.060576328222675196,0.06939928640331293,0.16849920554900558,0.2034520169979287,0.07109636500389255,0.3195481146933379
182,0.053307469333526675,0.05527057353954312,0.05866197709180088,0.32524677019789805,0.11666917328797273,0.08850802971063634,0.07364630980610136,0.22868969703252084
183,0.06264944583040725,0.0649675313158924,0.06497389918684161,0.4131712548744248,0.107773379819477,0.08220312986042225,0.08013412905904013,0.12412723005349453
184,0.05899044699697895,0.05860482865831615,0.05860474904817016,0.3751035206346558,0.11561690213803259,0.0794062971749959,0.06784207379693687,0.18583118155191358
185,0.05280357577443647,0.05618040345543646,0.052803454684319066,0.16535008103823415,0.32050310291123824,0.11508255307946208,0.06301871542074841,0.1742581136361251
186,0.06614976466024235,0.06513237780831255,0.06652623196598594,0.43654002643117695,0.09695683332815612,0.08193600080908303,0.08151344052327125,0.10524532447377181
187,0.06314262001850729,0.06222691040762167,0.062226861002184886,0.40919398590299044,0.10891676890742523,0.074350719851961,0.07728244574303651,0.14265968816627303
188,0.059669073502475835,0.06302600614624526,0.06148993226349646,0.3851206917880124,0.15958082543674001,0.07712666396554597,0.07086608039402618,0.12312072650345784
189,0.06462089796981141,0.06460982937919456,0.06460945965316954,0.4316184437945369,0.09802433709375803,0.07928412357495905,0.07829817295498073,0.11893473557958978
190,0.07794210325830539,0.06816199146345624,0.06380613814837935,0.42327609996707455,0.11408361596790177,0.07356988043438131,0.07099057670488525,0.1081695940556161
191,0.07076629338290492,0.07096212493783209,0.06511174696294043,0.4363458537688512,0.08358848355637272,0.09178244542516772,0.0814018402055677,0.10004121176036326
192,0.07096631604152373,0.07222648287367828,0.06582354657787028,0.4430451442623254,0.09939032104509624,0.07404798244342561,0.08417001652616345,0.09033019022991697
193,0.07097766331296052,0.07210014149269174,0.06539570610712185,0.4390184104201007,0.10912517822277992,0.07192706747476255,0.08222037566578859,0.0892354573037942
194,0.07841008690516738,0.07062509098087168,0.0652855476645765,0.4379816256186891,0.10448419496210014,0.07005967885029551,0.08280090356208093,0.09035287145621872
195,0.0764844283107363,0.06707955734502746,0.06428291412572323,0.42854507412445414,0.10552049468903969,0.07018958493210087,0.0898107436301235,0.09808720284279485
196,0.07591557189689664,0.0681730186268636,0.06439748159376067,0.42962335617657166,0.10853771168357139,0.0731576326899039,0.08439029447024506,0.09580493286218711
197,0.07978591707302639,0.06947187229228889,0.06337052741082963,0.4101322609146902,0.11099819784785357,0.06232655272218583,0.09834456256218413,0.10557010917694132
198,0.0864465013102905,0.0694591935603688,0.06342115899130801,0.4142809222291061,0.10753777395360545,0.06276734798684251,0.09634688387115364,0.09974021809732503
199,0.08762349569011325,0.06591136388409835,0.06586756200402138,0.42350058511511895,0.10530946272625842,0.06374693716848139,0.09235750855837485,0.09568308485353337
200,0.08980753734313604,0.06537188911875313,0.06553642937370911,0.42771535990321186,0.09627767164572867,0.06419475698971627,0.09264278264126832,0.09845357298447661
201,0.09145816939914235,0.0631492221017189,0.06945847856009685,0.41787503154558947,0.10558793652456448,0.06596467726901595,0.09332815575889926,0.0931783288409727
202,0.09092773970654122,0.05285301933492339,0.05500837852650568,0.16167652866952947,0.32096959603538455,0.053669666041265246,0.08385473466306807,0.18104033702278235
203,0.09079886670827544,0.06098400838125121,0.06259323077817602,0.3951394866824056,0.15017499830389902,0.0607335704600056,0.08781438795405841,0.09176145073192876
204,0.09263132516784851,0.0631573292140099,0.06707786525648471,0.417951333778919,0.10774160962695373,0.06381363373174542,0.09280506105634345,0.09482184216769528
205,0.08780938642655799,0.06361974993805736,0.06899072125628601,0.42230352882877514,0.10081738514054729,0.06491549869789384,0.09519641854809684,0.09634731116378556
206,0.0908441188413076,0.06288690528659141,0.06995479340627346,0.41540616740321323,0.1112019922643645,0.06318349019601613,0.09353805403125334,0.09298447857098043
207,0.0703319439176084,0.050725424787382345,0.05577432118644881,0.2078364027425196,0.30094517446948094,0.050823948243358355,0.07559242712002594,0.18797035753317565
208,0.08360495751237726,0.06294480802483213,0.07059149674226821,0.4159511343513613,0.11002819902246305,0.06339414972058069,0.09675039673124654,0.09673485789487087
209,0.02706513864714903,0.01875,0.020776289042885938,0.303398023009209,0.2991161340936655,0.019340480465708864,0.28269615666916315,0.02885777807221852
210,0.0718327597204732,0.0551268773814436,0.06182237606197946,0.24365826777200833,0.3423706106489498,0.056297196203467965,0.08452315504779498,0.08436875716388262
211,0.025418322971019685,0.01875000000000001,0.02205487459917571,0.2669353786639291,0.2825546798814505,0.019280752003435694,0.26891486733358266,0.09609112454740666
212,0.07822655833423273,0.049650144528874326,0.05514725886119665,0.09332468755396794,0.24181509905663268,0.051245392256965894,0.2908248897087691,0.13976596969936073
213,0.0859259704564717,0.05216482777046908,0.060516868514471994,0.10989143938011198,0.18563561361540412,0.054296561757591136,0.1370762218422416,0.31449249666323836
214,0.06773130493181001,0.05096685275383825,0.057813688514495316,0.10321189829334206,0.14858574449145862,0.052180809183796105,0.30321743768318343,0.2162922641480762
215,0.1090315356463263,0.018750000000000013,0.09618770566862045,0.2539261833380343,0.27106007787650754,0.019216972928302895,0.20682484087174394,0.025002683670464605
216,0.09067811651664177,0.0544454712961175,0.05828895993229929,0.16083696117402765,0.16264121388154107,0.05576427962628645,0.33595737690463534,0.08138762066845093
217,0.21662793140896558,0.018750000000000003,0.06755560885238443,0.1515696574266546,0.17423033130793766,0.23502500827344977,0.11078610273212708,0.025455359998480927
218,0.10184630655284165,0.050122482327928417,0.055071557485436747,0.1877124837238334,0.1878781807366729,0.04987513792928758,0.29294247462858897,0.07455137661541043
219,0.055689551218405284,0.03920712278728135,0.04398500059480117,0.2542686782721471,0.16472407471126588,0.04025022473407989,0.19253766245407924,0.20933768522794013
220,0.0861146804245803,0.06152905252889236,0.0706018914187422,0.40262637674265744,0.11260867204631421,0.06290114000625653,0.10763961905024069,0.09597856778231634
221,0.02789880680130712,0.01875,0.021248448830790485,0.3022095554998595,0.29174318187987064,0.019531655207473204,0.287422059083235,0.031196292697463983
222,0.06449575960488059,0.05273967852825493,0.06135966076909479,0.2615421759891314,0.09562205228437395,0.05343187220479704,0.319902856736517,0.09090594388295022
223,0.05590726639378968,0.04668541486215261,0.2629215516437893,0.20015484481333345,0.07274756288816203,0.0471678554269158,0.24390272627533952,0.07051277769651758
224,0.20834014345410018,0.018750000000000003,0.01921009671673206,0.1874670212870193,0.23072991886615024,0.2182635062432952,0.0618332165690309,0.05540609686367212
225,0.09381240449036936,0.06022287161513234,0.06862266964260101,0.3903329093190798,0.11019320592212864,0.0617022712988625,0.10591768075597201,0.10919598695585428
226,0.07140986117336237,0.05287769454260028,0.05541336399100195,0.2623875366290258,0.3205372347564058,0.05280708119286812,0.09437075258979116,0.09019647512494451
227,0.08251754522382106,0.062185580022724604,0.06684723845200431,0.4041597187420342,0.11608310824980436,0.06169197011634109,0.11152053236303615,0.0949943068302342
228,0.07230722269352192,0.060854519081334386,0.054074329903673723,0.2567590363959793,0.32069210824121036,0.05282353650062862,0.09695546738159544,0.08553377980205616
229,0.02687518650838069,0.01990373601629929,0.019420263793815472,0.3025598818921048,0.28310644300774984,0.018750000000000006,0.29569870903997075,0.033685779741679044
230,0.02168072511133648,0.018750000000000006,0.2596969760266248,0.2757342538353344,0.12191158958621355,0.01911453233329069,0.25669028275436023,0.026421640352839955
231,0.1590549901495827,0.05671163299158603,0.05819681523010159,0.35728562258402824,0.16188609026045003,0.058158725588831825,0.07125032291684406,0.0774558002785755
232,0.18617318714911393,0.05508383788345627,0.05711421737170996,0.3419655330207649,0.17588828770473108,0.060610489380535364,0.06553870058132304,0.057625746908365444
233,0.11908647368051603,0.018750138819179432,0.2329101179545004,0.2486384418940562,0.12325065960892376,0.15993486494929038,0.07865054993465755,0.01877875315887636
234,0.22418877957398167,0.020231701070834725,0.01875,0.22489947566502913,0.11073386969536625,0.21721050836737174,0.163372734757368,0.020612930870048427
235,0.17002248191386454,0.06728746496143297,0.05463162167645447,0.33770938048427723,0.16802107333275607,0.060464528627029314,0.07178132144573113,0.07008212755845429
236,0.11699100544735161,0.0685007132315354,0.0563760368138788,0.35412740530709463,0.1870728936614105,0.06339195016509819,0.09373386718245609,0.05980612819117471
237,0.092096784629108,0.07178272309224124,0.058909485047097095,0.3779716241154701,0.19065199702719754,0.06943490878819711,0.07670689000209734,0.06244558729859153
238,0.13018809031491088,0.0828065036611128,0.056183766372555316,0.3523178011534618,0.17839625930391456,0.062458615261746744,0.06970462682581205,0.06794433710648583
239,0.1386087203970945,0.08140904508113334,0.056685028866880274,0.35703556611678533,0.1604533827263496,0.07523488357563524,0.07274478648783667,0.05782858674828521
240,0.13619242649013083,0.09341062415890619,0.058345612791607396,0.37266459097983573,0.1374665137327046,0.0716770786696999,0.07070832902060921,0.059534824156506246
241,0.13617734192879458,0.1148768731383728,0.05814131435995326,0.37074178221132514,0.12052223496935287,0.06895220245607787,0.07168449635794444,0.05890375457817904
242,0.08440614562011173,0.11963193888281157,0.055266480054596265,0.343684518160906,0.17180106182957017,0.06997571652033545,0.09882767095068264,0.05640646798098618
243,0.0597501769223665,0.12594736468680842,0.05985868653797272,0.3858840180928611,0.12784957893948495,0.09048955729551475,0.08500311704693647,0.06521750047805512
244,0.05962554575742856,0.12960676538064778,0.05974734593480778,0.3847110188934452,0.12583780624571067,0.09342642812124734,0.08497695245586113,0.062068137210851575
245,0.05474663139468042,0.3314018049370314,0.05396144177360946,0.23678966614765698,0.10227606371232958,0.08927858024065721,0.07698534289382343,0.05456046890021154
246,0.05621351152489428,0.35259775660415615,0.06791770349033013,0.21981595487688455,0.07986181517186082,0.08315301082820886,0.08263200689603603,0.057808240607629256
247,0.055565751478293325,0.3465011903839372,0.05667667183555268,0.22000820999527865,0.08664809975940388,0.09412703436854149,0.07928089631653108,0.06119214586246171
248,0.05668632823067006,0.3570477951121888,0.05778733443051658,0.1873490001491146,0.08093166176026748,0.10858847667820783,0.08907323512166132,0.06253616851737344
249,0.05862403376841915,0.37528502370276834,0.059024467936603174,0.15350407837158453,0.09420508922893808,0.11256578137579477,0.08165560699968098,0.06513591861621094
250,0.06018033626577237,0.38993257661903413,0.061529215914385434,0.13157130735141626,0.09574408641918687,0.11200283900373224,0.08282974201180782,0.06620989641466478
251,0.06323360489802092,0.4155007517168925,0.06289695486799601,0.10193439247695867,0.08138671351019905,0.10091803534005706,0.09707211893374504,0.07705742825613075
252,0.05834689925827575,0.3693060054595403,0.05798876307586634,0.13585039277152558,0.09991237121956512,0.11091935932302002,0.10434135953726836,0.06333484935493855
253,0.06023445414215487,0.39044192133792827,0.06047728934966803,0.12732757704509434,0.06834018445658231,0.1334625770562153,0.09357408252809565,0.06614191408426119
254,0.02166458751619815,0.2959169672424806,0.018750000000000003,0.2935687268664808,0.023736691126422897,0.2976108163437615,0.02916612596954824,0.019586084935107766
255,0.05484885219081173,0.215971143067686,0.057148061184526304,0.11410446430901028,0.06098443011097969,0.3397539029723456,0.08849827691407124,0.0686908692505692
256,0.05799531535522593,0.15682315099844857,0.06127600636863356,0.13915971038987332,0.06911203212373666,0.3693676739315381,0.08463697122101103,0.06162913961153286
257,0.05858453898673629,0.1643494563978678,0.061423059838204785,0.10504202455745743,0.06566686852706133,0.37491330811045925,0.07090385581608276,0.09911688776613035
258,0.019102060240400797,0.2997025294304929,0.021727463726339925,0.29458056205583655,0.0212852082449256,0.2957939122485091,0.029058264053495132,0.018750000000000006
259,0.05932079808449737,0.38011289069123505,0.0652701448787341,0.12222622756800787,0.06706597162734128,0.16172373650249752,0.08514323601174308,0.05913699463594372
260,0.05972949280148895,0.15209412911072684,0.0664384190416151,0.1285804559478918,0.07014437041457044,0.3838954927392884,0.07957874384086899,0.05953889610354939
261,0.05330438776375737,0.16589104690172396,0.05625986824149343,0.10434482801525725,0.12363790277274055,0.3252177745163044,0.08331400933258455,0.08803018245613858
262,0.058837159522907495,0.1991211451549895,0.06706858924299712,0.06896258061593041,0.07479971393220228,0.37729091315677643,0.09456244335052738,0.05935745502366946
263,0.06075724089968919,0.14738659839637822,0.0686056891694801,0.07439970611252822,0.08758683948445162,0.3953622672911924,0.1044108322077249,0.061490826438555274
264,0.08508761264864294,0.14264659628084403,0.06389616603174361,0.08115341641951476,0.07459263287249576,0.3832826938456572,0.10986709605403813,0.05947378584706362
265,0.06116992365054235,0.16095301785688151,0.0816714475905218,0.060280878596935296,0.07222665365966953,0.3908788573829204,0.11230247081835949,0.06051675044416963
266,0.06613706094709952,0.1503189647065067,0.06721166282862984,0.065410587533069,0.07304950066021401,0.4057041847782123,0.10745749646392501,0.06471054208234361
267,0.06438858193580946,0.1277892186779572,0.07058781644784137,0.06159777382648337,0.10513533876415669,0.403273165623722,0.09564930093506036,0.0715788037889696
268,0.06384632217671264,0.13110233782928596,0.07306183365033067,0.06293576304754414,0.08472218808093539,0.4158660051533566,0.10154300762508696,0.06692254243674765
269,0.06527630726216836,0.12718665398708986,0.06521482875502282,0.06276467742269884,0.08178409193946415,0.41425578756524817,0.10485924581247373,0.07865840725583406
270,0.06484734265769891,0.0835847886887572,0.08106356899424459,0.06692308991909769,0.07577725402121459,0.43385537564453924,0.10975188295641711,0.08419669711803064
271,0.06401556271662294,0.08356407800712914,0.08717792594844527,0.06948447456769216,0.07466601897806273,0.4260288255682158,0.10871718979634168,0.08634592441749017
272,0.06519462865877317,0.09128459940914349,0.07671630305786871,0.06749499672317316,0.07395088683477842,0.43712591678845697,0.10647787778795638,0.08175479073984973
273,0.06676780955663854,0.0932441204697446,0.07633101824878152,0.06406274565225738,0.08325181873682386,0.41731636558495333,0.12185998012296345,0.07716614162783726
274,0.06433442531075517,0.08840141466260731,0.09541142422207737,0.06697046179283403,0.07386220271614766,0.42902988527769564,0.10593285565445533,0.07605733036342743
275,0.06307549303831335,0.08075797485077099,0.08705768363626605,0.06855244785512306,0.06939875398135231,0.4171811109488315,0.12981386585897497,0.08416266983036784
276,0.06408176280515103,0.09031243275031395,0.09870870851211401,0.06678883139916138,0.07002265801832286,0.4266518852249508,0.10732054290601646,0.0761131783839695
277,0.0643653058716423,0.0914348920140404,0.08977866984945808,0.06739552169928324,0.07442442896491391,0.429320525850764,0.10692937168633806,0.07635128406355994
278,0.06325256558084062,0.09130626819353553,0.11012674611119175,0.0670242441297469,0.0708620808081602,0.4188476760549704,0.10061625755424843,0.07796416156730608
279,0.06345567900947181,0.0882194324423562,0.0957362045409229,0.06895872167555912,0.07191048065039819,0.4207593318538524,0.11066201763930432,0.08029813218813514
280,0.06427514784727228,0.08681370768124946,0.09970941652674231,0.06724421889516474,0.07142762597775859,0.42847197973903317,0.10476155265409609,0.0772963506786834
281,0.06316809704579233,0.08509381704132984,0.10129964931211906,0.06459041351477422,0.08982979230121974,0.40843495224603893,0.11193347766203952,0.07564980087668637
282,0.06227577553163417,0.12130624314595766,0.10854897823384707,0.06498109002602993,0.07053849325451023,0.40965435794546745,0.09280443572976456,0.06989062613278897
283,0.06463215757818606,0.07329199335732935,0.0968460989654153,0.06691580095731699,0.08262744678468739,0.43183207132410406,0.11196390798122823,0.07189052305173278
284,0.054560304503761765,0.33703816003540493,0.08556188449899994,0.057982111032424906,0.063326308449265,0.2545553118653262,0.08535630275921761,0.061619616855599676
285,0.06388553412826481,0.06380015315424499,0.15057760106609527,0.0705897398251178,0.08464856458134588,0.3926135069806264,0.09480582095707839,0.0790790793072265
286,0.0619667002850549,0.06661773810126048,0.11167650844024364,0.06410072988192075,0.08599831355894473,0.40674541444757556,0.12786800987066854,0.0750265854143313
287,0.06269571612260653,0.06513563794819761,0.0885931180294384,0.0715604265943372,0.08675359418323164,0.4136067420208536,0.13793177155453074,0.07372299354680432
288,0.07280019712251572,0.0697038984517577,0.10821915060988822,0.06267519273999766,0.09682870913509405,0.40026234402259075,0.11840488653065745,0.07110562138749839
289,0.06398514564911208,0.06840397571883089,0.0755629834934127,0.0648732802326374,0.0919774304285187,0.40947214109809715,0.15103851954513137,0.07468652383425972
290,0.06418345450133103,0.06274083559526034,0.08002423764336124,0.07063759613487425,0.09470435963541138,0.4140313938377443,0.14146350009808473,0.0722146225539328
291,0.07645472430187925,0.06678729067401318,0.08060631223484321,0.06031993690971447,0.11139402660998327,0.3867420559949316,0.13918114841004167,0.07851450486459323
292,0.07096875143059209,0.060299316119024664,0.09015514234068174,0.06444171080484551,0.10947711684919437,0.39105238700258504,0.1379913368145613,0.0756142386385153
293,0.06246914268403772,0.061034245977277114,0.08186923030550255,0.07796754913634207,0.10646326227868047,0.3979693739037847,0.1420198762988296,0.07020731941554578
294,0.06263428010540496,0.06122833190457616,0.09102713783594583,0.065234099033281,0.10018477642032804,0.39979606498424614,0.1484641498277404,0.07143115988847748
295,0.062193968522277265,0.060477491605390066,0.09443815665959632,0.0643043719751621,0.10218138263882619,0.3927293327566123,0.1531904803654496,0.07048481547668621
296,0.06567164644393034,0.0625662194941779,0.09574294465820857,0.0655728799387315,0.10704641039032177,0.4123879481804978,0.11983628845331402,0.07117566244081819
297,0.06610570923704015,0.0625544687387936,0.09214268548126033,0.0689856444472318,0.10845098263791879,0.4122773528611874,0.11872876461244505,0.07075439198412278
298,0.07014982639847908,0.0628419630437128,0.0919528851030628,0.06426597618425073,0.10834246558094822,0.4149831815878851,0.11845331395616811,0.06901038814549314
299,0.0682885491214975,0.06230991464686949,0.08809676686050699,0.06645595476669955,0.1095824372349904,0.40997566726465406,0.11758586024572315,0.07770484985905887
