oos_period,model_1,model_2,model_3,model_4,model_5,model_6,model_7,model_8
150,0.054664246617281524,0.311245444755366,0.051820392237249505,0.05181991818137418,0.060187059508982226,0.2742174830239342,0.06778965156706912,0.12825580410874332
151,0.06462391533575719,0.12702159536487376,0.061621830463276545,0.05880789698524192,0.09291076591941426,0.1513020612170196,0.06669643367684563,0.37701550103757103
152,0.0593447348527434,0.07818511251621153,0.05915545360744003,0.056427897632583573,0.1578679382915398,0.1693462546452386,0.0650571013240253,0.35461550713021767
153,0.06098143161388874,0.09491559189561008,0.05892325608716112,0.05597245942031442,0.1423591203388923,0.1734827823959328,0.06303632840994713,0.35032902983825337
154,0.05822493990677781,0.07502352806247914,0.05772787196998153,0.054820502447225694,0.18039657193633027,0.1716559625907405,0.06266354123022319,0.3394870818562419
155,0.06166025051993974,0.07518683398887312,0.06098274634557811,0.05761685987733932,0.36580574002202315,0.23092029323531932,0.08130720772542813,0.06652006828549907
156,0.07484154030897784,0.11346645487927204,0.05586318150076042,0.055863738707658595,0.34930053193172594,0.2130270932067683,0.0701527421157368,0.06748471734909992
157,0.06344731581322975,0.11036998980887487,0.06106837454834815,0.057765734173477246,0.3672069098680219,0.20854898385363765,0.06557647064447598,0.06601622128993455
158,0.0628213310981465,0.08325614260294543,0.0610324448602554,0.057699034291087165,0.3665791462690572,0.22359038142134302,0.065776632641073,0.07924488681609233
159,0.06609438306063951,0.06919785318442175,0.06418698924893447,0.06059667249345331,0.15830690410098044,0.3938510352325546,0.0834157816827119,0.10435038099630398
160,0.061918093663431366,0.06310838957356912,0.05568557231415971,0.05532845530112173,0.1093474939561768,0.2471609411556809,0.06318323943706756,0.34426781459879285
161,0.27081964290988714,0.05950305519618157,0.01983498135747921,0.018750000000000003,0.12210361340215745,0.2934683405064133,0.021221174553667056,0.19429919207421437
162,0.06863012368143165,0.08346339966612853,0.06506277916810982,0.06273243487599328,0.15159146313265087,0.4139523282446426,0.08237692513664223,0.07219054609440095
163,0.07203653399114991,0.07566502488431741,0.07168469880806076,0.06651096772200109,0.08509510953969275,0.44951499032472153,0.08488191241632588,0.09461076231373067
164,0.06409515421874383,0.06814581659656051,0.06355902568541594,0.059988171894554757,0.16486931908745336,0.38812397077228006,0.06843911254433077,0.12277942920066082
165,0.051296717600621836,0.06590157959119353,0.30632205541571567,0.055613980733076794,0.13746448989668736,0.09008282213773938,0.06295898336919642,0.2303593712557691
166,0.06354055450319149,0.07562842151812153,0.06419495614088705,0.05914094327506817,0.17649528164939554,0.38015005435360427,0.07678135842267514,0.10406843013705681
167,0.30551061882294106,0.0629441219857121,0.05197256887398165,0.05121050324993714,0.11365817302676794,0.2908240576583484,0.06537441805385034,0.058505538328461386
168,0.0605831864655557,0.07898585828505422,0.06112670907262992,0.061512533038094765,0.16033871028163035,0.3937241079111126,0.07999594346784636,0.10373295147807597
169,0.055333906919354366,0.07195164185718433,0.05611348973181121,0.05687198687648045,0.12685728323894552,0.21521801904235624,0.07333454838700262,0.34431912394686515
170,0.057000423274144306,0.07895363805922359,0.057901554265449205,0.06012267789720194,0.08313940338293772,0.2217588255638362,0.08111949380051327,0.36000398375669385
171,0.060879914763763414,0.06238015676153317,0.062089830093331744,0.06676102979647092,0.14432976663791716,0.39651665370163214,0.09141220770352801,0.11563044054182355
172,0.24735604864866495,0.02166898729676368,0.11322007077411277,0.1399104118849066,0.09474164973516726,0.26305466371859865,0.05422500368359389,0.06582316425819212
173,0.018750000000000003,0.02142435523919011,0.020323886191767396,0.20722924756358527,0.21510181852680127,0.21234289838795659,0.16031898166638953,0.14450881242430988
174,0.061187544629043876,0.07443204024174536,0.07047716713783327,0.06719467550339134,0.134798281381026,0.3994121848776576,0.08193946344206651,0.11055864278723594
175,0.05556903856122022,0.06965974225986032,0.06639927770302795,0.05921839721341842,0.3465321276350138,0.2262992726426749,0.07718316220317556,0.09913898178160883
176,0.06171711918796636,0.07009019409372959,0.06981498431383237,0.06628463194485158,0.12788462591164385,0.4043964158867421,0.0889066415240549,0.11090538713717929
177,0.06091369938929339,0.06906174057447617,0.06689871761614813,0.0667872628565879,0.10594161288417155,0.39683481778158486,0.08576188554667463,0.1478002633510633
178,0.018750000000000006,0.021684482161828528,0.020382824146930243,0.02205861919901753,0.2849129064816941,0.30820956120720905,0.027785287476038485,0.2962163193272822
179,0.05650596169772422,0.06646801424178189,0.06023841957002495,0.07029441084378521,0.3553502277432868,0.20716470317477265,0.08102488372987851,0.10295337899874571
180,0.01875000000000001,0.022112690278040623,0.020345607109815242,0.03369916615692837,0.2856974404976709,0.2978468641085625,0.02618275824039125,0.29536547360859106
181,0.05270198718616715,0.054726695943680057,0.06057632822267518,0.06939928640331285,0.1684992055490057,0.2034520169979287,0.07109636500389258,0.3195481146933379
182,0.05330746933352661,0.05527057353954308,0.05866197709180082,0.3252467701978975,0.11666917328797305,0.08850802971063629,0.07364630980610128,0.22868969703252137
183,0.06264944583040721,0.0649675313158924,0.06497389918684154,0.41317125487442447,0.10777337981947707,0.0822031298604222,0.0801341290590401,0.12412723005349496
184,0.058990446996978814,0.058604828658316024,0.05860474904817003,0.3751035206346545,0.11561690213803258,0.07940629717499577,0.0678420737969367,0.18583118155191566
185,0.05280357577443648,0.05618040345543646,0.05280345468431907,0.1653500810382342,0.3205031029112383,0.1150825530794619,0.06301871542074838,0.17425811363612517
186,0.06614976466024235,0.06513237780831255,0.06652623196598582,0.4365400264311768,0.09695683332815618,0.08193600080908303,0.08151344052327125,0.10524532447377212
187,0.06314262001850737,0.06222691040762174,0.062226861002184955,0.40919398590299105,0.10891676890742526,0.07435071985196108,0.07728244574303658,0.14265968816627195
188,0.05966907350247576,0.06302600614624516,0.0614899322634964,0.3851206917880116,0.15958082543674096,0.07712666396554589,0.07086608039402609,0.12312072650345808
189,0.06462089796981137,0.06460982937919453,0.0646094596531695,0.43161844379453645,0.09802433709375843,0.07928412357495901,0.0782981729549807,0.11893473557958993
190,0.07794210325830539,0.06816199146345624,0.06380613814837935,0.42327609996707455,0.11408361596790173,0.07356988043438131,0.07099057670488526,0.10816959405561616
191,0.0707662933829047,0.07096212493783188,0.06511174696294025,0.4363458537688494,0.08358848355637248,0.09178244542516749,0.08140184020556746,0.10004121176036641
192,0.07096631604152373,0.07222648287367828,0.06582354657787028,0.4430451442623254,0.0993903210450962,0.07404798244342561,0.08417001652616349,0.09033019022991697
193,0.07097766331296052,0.07210014149269171,0.06539570610712184,0.43901841042010054,0.10912517822278005,0.07192706747476255,0.08222037566578858,0.08923545730379416
194,0.07841008690516725,0.0706250909808717,0.06528554766457652,0.43798162561868914,0.1044841949621002,0.07005967885029551,0.08280090356208089,0.0903528714562187
195,0.0764844283107363,0.06707955734502745,0.06428291412572322,0.42854507412445403,0.10552049468903985,0.07018958493210087,0.08981074363012348,0.09808720284279485
196,0.07591557189689668,0.0681730186268636,0.06439748159376069,0.4296233561765716,0.10853771168357136,0.07315763268990386,0.0843902944702451,0.09580493286218712
197,0.07978591707302643,0.06947187229228889,0.06337052741082963,0.41013226091469024,0.11099819784785349,0.06232655272218584,0.09834456256218414,0.10557010917694136
198,0.08644650131029052,0.0694591935603688,0.06342115899130801,0.4142809222291062,0.10753777395360549,0.06276734798684253,0.09634688387115353,0.09974021809732499
199,0.08762349569011324,0.06591136388409835,0.06586756200402137,0.4235005851151189,0.10530946272625848,0.06374693716848137,0.09235750855837487,0.09568308485353337
200,0.08980753734313604,0.06537188911875313,0.06553642937370911,0.42771535990321186,0.09627767164572869,0.06419475698971627,0.09264278264126835,0.09845357298447656
201,0.09145816939914235,0.0631492221017189,0.06945847856009683,0.41787503154558947,0.1055879365245645,0.06596467726901593,0.09332815575889924,0.09317832884097271
202,0.09092773970654111,0.05285301933492344,0.055008378526505745,0.1616765286695295,0.3209695960353851,0.0536696660412653,0.08385473466306774,0.18104033702278213
203,0.09079886670827546,0.06098400838125121,0.06259323077817601,0.3951394866824055,0.15017499830389908,0.06073357046000559,0.08781438795405841,0.0917614507319287
204,0.09263132516784855,0.06315732921400992,0.06707786525648471,0.417951333778919,0.10774160962695367,0.06381363373174544,0.09280506105634347,0.09482184216769529
205,0.08780938642655801,0.06361974993805736,0.06899072125628604,0.4223035288287751,0.10081738514054728,0.06491549869789386,0.09519641854809681,0.09634731116378555
206,0.09084411884130755,0.06288690528659138,0.06995479340627342,0.415406167403213,0.1112019922643647,0.0631834901960161,0.09353805403125336,0.09298447857098041
207,0.07033194391760843,0.05072542478738237,0.055774321186448844,0.20783640274251974,0.30094517446948116,0.050823948243358376,0.07559242712002598,0.18797035753317498
208,0.08360495751237731,0.06294480802483213,0.07059149674226821,0.4159511343513613,0.110028199022463,0.06339414972058069,0.09675039673124654,0.09673485789487081
209,0.027065138647149083,0.018750000000000006,0.020776289042885955,0.3033980230092092,0.2991161340936654,0.019340480465708874,0.28269615666916303,0.028857778072218527
210,0.07183275972047316,0.05512687738144352,0.06182237606197935,0.24365826777200988,0.34237061064894897,0.05629719620346788,0.08452315504779478,0.08436875716388247
211,0.025418322971019678,0.018750000000000006,0.022054874599175715,0.2669353786639291,0.2825546798814504,0.019280752003435687,0.26891486733358255,0.09609112454740704
212,0.07822655833423257,0.04965014452887434,0.05514725886119666,0.09332468755396787,0.24181509905663284,0.05124539225696591,0.2908248897087692,0.13976596969936061
213,0.08592597045647142,0.05216482777046905,0.06051686851447187,0.10989143938011187,0.18563561361540504,0.054296561757591094,0.1370762218422416,0.31449249666323803
214,0.06773130493180994,0.050966852753838214,0.05781368851449526,0.10321189829334193,0.14858574449145953,0.05218080918379608,0.3032174376831832,0.21629226414807592
215,0.10903153564632548,0.018750000000000003,0.09618770566861955,0.25392618333803535,0.2710600778765073,0.019216972928302885,0.2068248408717448,0.02500268367046461
216,0.09067811651664265,0.054445471296117535,0.05828895993229931,0.16083696117402765,0.1626412138815398,0.05576427962628646,0.3359573769046356,0.08138762066845096
217,0.21662793140896594,0.01875,0.06755560885238422,0.15156965742665485,0.17423033130793772,0.23502500827344927,0.11078610273212718,0.02545535999848077
218,0.10184630655284126,0.05012248232792835,0.05507155748543674,0.18771248372383365,0.18787818073667353,0.049875137929287536,0.2929424746285886,0.0745513766154104
219,0.05568955121840504,0.039207122787281175,0.04398500059480099,0.2542686782721475,0.16472407471126724,0.04025022473407967,0.19253766245407755,0.20933768522794088
220,0.08611468042458033,0.061529052528892375,0.07060189141874218,0.4026263767426576,0.11260867204631414,0.06290114000625653,0.1076396190502406,0.09597856778231631
221,0.02789880680130714,0.018750000000000003,0.02124844883079047,0.3022095554998596,0.2917431818798706,0.019531655207473218,0.2874220590832351,0.03119629269746393
222,0.06449575960488058,0.05273967852825494,0.06135966076909486,0.26154217598913143,0.09562205228437394,0.053431872204797046,0.31990285673651697,0.09090594388295027
223,0.05590726639378971,0.04668541486215263,0.26292155164378933,0.20015484481333343,0.07274756288816205,0.0471678554269158,0.24390272627533954,0.07051277769651754
224,0.20834014345410018,0.018750000000000003,0.01921009671673204,0.18746702128701914,0.2307299188661504,0.21826350624329527,0.0618332165690309,0.05540609686367204
225,0.09381240449036948,0.06022287161513234,0.06862266964260114,0.39033290931907977,0.11019320592212854,0.06170227129886257,0.1059176807559717,0.10919598695585443
226,0.07140986117336236,0.05287769454260029,0.055413363991002,0.26238753662902575,0.3205372347564058,0.05280708119286812,0.09437075258979112,0.09019647512494453
227,0.08251754522382107,0.062185580022724604,0.06684723845200435,0.4041597187420341,0.1160831082498044,0.06169197011634109,0.11152053236303612,0.09499430683023424
228,0.07230722269352192,0.06085451908133448,0.05407432990367371,0.2567590363959792,0.32069210824121047,0.05282353650062861,0.09695546738159552,0.08553377980205622
229,0.02687518650838067,0.019903736016299287,0.019420263793815472,0.3025598818921048,0.28310644300774984,0.018750000000000003,0.2956987090399708,0.03368577974167907
230,0.021680725111336462,0.018749999999999992,0.2596969760266245,0.27573425383533406,0.12191158958621431,0.019114532333290666,0.25669028275435996,0.0264216403528399
231,0.1590549901495826,0.056711632991586026,0.05819681523010169,0.35728562258402813,0.16188609026045023,0.05815872558883181,0.07125032291684404,0.07745580027857553
232,0.18617318714911393,0.05508383788345627,0.05711421737170992,0.3419655330207649,0.17588828770473106,0.06061048938053544,0.06553870058132298,0.057625746908365444
233,0.1190864736805185,0.01875013881917943,0.23291011795449962,0.24863844189405537,0.12325065960892326,0.15993486494928655,0.07865054993466083,0.018778753158876355
234,0.2241887795739813,0.020231701070834735,0.018750000000000006,0.22489947566502883,0.11073386969536608,0.21721050836737155,0.16337273475736908,0.020612930870048438
235,0.17002248191386457,0.06728746496143295,0.05463162167645445,0.33770938048427723,0.16802107333275604,0.06046452862702931,0.07178132144573114,0.07008212755845426
236,0.11699100544735143,0.0685007132315354,0.0563760368138788,0.3541274053070945,0.18707289366141083,0.06339195016509817,0.09373386718245612,0.05980612819117471
237,0.09209678462910795,0.07178272309224132,0.058909485047097095,0.3779716241154701,0.19065199702719762,0.06943490878819714,0.07670689000209731,0.06244558729859152
238,0.13018809031491094,0.08280650366111286,0.056183766372555316,0.3523178011534618,0.1783962593039146,0.062458615261746744,0.0697046268258121,0.06794433710648573
239,0.13860872039709454,0.08140904508113331,0.05668502886688025,0.35703556611678505,0.1604533827263496,0.07523488357563546,0.07274478648783661,0.057828586748285185
240,0.13619242649013083,0.09341062415890579,0.0583456127916074,0.3726645909798359,0.1374665137327047,0.07167707866969991,0.0707083290206092,0.05953482415650624
241,0.13617734192879466,0.11487687313837283,0.058141314359953254,0.3707417822113251,0.12052223496935291,0.06895220245607783,0.07168449635794442,0.058903754578179035
242,0.08440614562011174,0.11963193888281135,0.05526648005459626,0.34368451816090595,0.17180106182957058,0.06997571652033542,0.09882767095068255,0.05640646798098617
243,0.0597501769223665,0.1259473646868084,0.059858686537972716,0.38588401809286116,0.1278495789394849,0.09048955729551468,0.08500311704693647,0.06521750047805513
244,0.059625545757428566,0.12960676538064766,0.05974734593480778,0.38471101889344533,0.12583780624571067,0.09342642812124725,0.08497695245586118,0.062068137210851554
245,0.05474663139468043,0.3314018049370314,0.05396144177360946,0.23678966614765706,0.10227606371232949,0.08927858024065724,0.07698534289382342,0.054560468900211524
246,0.056213511524894275,0.35259775660415604,0.06791770349033029,0.21981595487688468,0.07986181517186078,0.08315301082820893,0.08263200689603593,0.05780824060762923
247,0.055565751478293346,0.34650119038393734,0.056676671835552694,0.22000820999527826,0.08664809975940391,0.09412703436854164,0.0792808963165311,0.061192145862461744
248,0.056686328230670026,0.3570477951121885,0.057787334430516556,0.18734900014911515,0.08093166176026745,0.10858847667820767,0.08907323512166128,0.06253616851737337
249,0.058624033768419154,0.37528502370276845,0.059024467936603195,0.15350407837158436,0.0942050892289381,0.11256578137579493,0.08165560699968095,0.06513591861621096
250,0.060180336265772405,0.3899325766190344,0.06152921591438546,0.13157130735141584,0.09574408641918689,0.11200283900373223,0.08282974201180783,0.06620989641466482
251,0.06323360489802093,0.41550075171689255,0.06289695486799601,0.10193439247695872,0.08138671351019895,0.10091803534005703,0.09707211893374498,0.07705742825613078
252,0.058346899258275756,0.3693060054595404,0.057988763075866354,0.13585039277152544,0.09991237121956527,0.11091935932301979,0.10434135953726835,0.06333484935493859
253,0.06023445414215484,0.39044192133792793,0.06047728934966796,0.12732757704509484,0.06834018445658231,0.13346257705621542,0.09357408252809563,0.06614191408426114
254,0.021664587516198156,0.2959169672424807,0.018750000000000003,0.29356872686648083,0.023736691126422904,0.2976108163437614,0.029166125969548238,0.01958608493510777
255,0.05484885219081174,0.21597114306768564,0.057148061184526304,0.11410446430901042,0.0609844301109797,0.33975390297234576,0.08849827691407128,0.06869086925056918
256,0.05799531535522595,0.15682315099844812,0.06127600636863358,0.1391597103898734,0.06911203212373668,0.3693676739315383,0.08463697122101106,0.06162913961153287
257,0.0585845389867363,0.16434945639786755,0.0614230598382048,0.10504202455745747,0.06566686852706133,0.37491330811045936,0.07090385581608277,0.09911688776613035
258,0.0191020602404008,0.2997025294304929,0.02172746372633992,0.29458056205583655,0.0212852082449256,0.2957939122485091,0.02905826405349514,0.018750000000000006
259,0.05932079808449738,0.3801128906912351,0.06527014487873412,0.12222622756800794,0.0670659716273413,0.16172373650249733,0.08514323601174306,0.05913699463594373
260,0.05972949280148899,0.15209412911072628,0.06643841904161511,0.1285804559478919,0.0701443704145705,0.3838954927392888,0.07957874384086908,0.059538896103549434
261,0.05330438776375733,0.16589104690172385,0.056259868241493385,0.10434482801525735,0.12363790277274081,0.325217774516304,0.08331400933258452,0.08803018245613875
262,0.05883715952290748,0.1991211451549898,0.06706858924299712,0.06896258061593037,0.07479971393220222,0.3772909131567763,0.09456244335052734,0.05935745502366943
263,0.060757240899689195,0.14738659839637813,0.0686056891694801,0.0743997061125282,0.08758683948445163,0.3953622672911925,0.10441083220772493,0.06149082643855528
264,0.08508761264864294,0.14264659628084403,0.06389616603174357,0.08115341641951472,0.07459263287249575,0.3832826938456572,0.10986709605403815,0.059473785847063615
265,0.061169923650542316,0.16095301785688187,0.08167144759052182,0.06028087859693527,0.0722266536596695,0.39087885738292016,0.11230247081835945,0.06051675044416961
266,0.06613706094709951,0.15031896470650666,0.06721166282862985,0.065410587533069,0.073049500660214,0.40570418477821235,0.107457496463925,0.06471054208234363
267,0.06438858193580946,0.12778921867795717,0.07058781644784136,0.061597773826483355,0.10513533876415668,0.40327316562372195,0.09564930093506036,0.07157880378896958
268,0.06384632217671263,0.13110233782928593,0.07306183365033067,0.06293576304754414,0.08472218808093536,0.41586600515335664,0.10154300762508697,0.06692254243674765
269,0.06527630726216836,0.12718665398708986,0.06521482875502288,0.06276467742269884,0.08178409193946413,0.41425578756524817,0.10485924581247376,0.07865840725583399
270,0.06484734265769893,0.08358478868875728,0.08106356899424448,0.06692308991909769,0.07577725402121457,0.4338553756445393,0.10975188295641707,0.08419669711803066
271,0.06401556271662294,0.0835640780071292,0.08717792594844527,0.06948447456769216,0.07466601897806273,0.42602882556821586,0.10871718979634169,0.08634592441749016
272,0.06519462865877317,0.09128459940914352,0.07671630305786874,0.06749499672317316,0.07395088683477842,0.43712591678845697,0.10647787778795632,0.08175479073984969
273,0.06676780955663855,0.09324412046974459,0.07633101824878154,0.06406274565225732,0.08325181873682382,0.4173163655849533,0.12185998012296355,0.07716614162783728
274,0.06433442531075519,0.08840141466260734,0.09541142422207725,0.06697046179283404,0.07386220271614767,0.42902988527769575,0.10593285565445532,0.07605733036342745
275,0.06307549303831335,0.08075797485077102,0.08705768363626604,0.06855244785512306,0.06939875398135231,0.41718111094883154,0.12981386585897495,0.08416266983036784
276,0.06408176280515103,0.09031243275031398,0.09870870851211389,0.06678883139916138,0.07002265801832286,0.4266518852249508,0.10732054290601653,0.07611317838396951
277,0.06436530587164228,0.09143489201404038,0.089778669849458,0.06739552169928323,0.07442442896491397,0.42932052585076413,0.10692937168633794,0.07635128406355995
278,0.06325256558084062,0.09130626819353552,0.11012674611119178,0.0670242441297469,0.0708620808081602,0.4188476760549704,0.10061625755424843,0.0779641615673061
279,0.0634556790094718,0.08821943244235617,0.09573620454092292,0.0689587216755591,0.07191048065039818,0.42075933185385234,0.11066201763930429,0.08029813218813511
280,0.06427514784727227,0.08681370768124948,0.09970941652674234,0.06724421889516473,0.07142762597775859,0.4284719797390331,0.10476155265409608,0.07729635067868341
281,0.0631680970457923,0.08509381704132986,0.10129964931211899,0.06459041351477424,0.08982979230121976,0.40843495224603904,0.1119334776620395,0.07564980087668635
282,0.06227577553163418,0.12130624314595727,0.10854897823384706,0.06498109002602995,0.07053849325451024,0.4096543579454677,0.09280443572976457,0.06989062613278897
283,0.06463215757818605,0.07329199335732932,0.09684609896541523,0.06691580095731697,0.08262744678468738,0.431832071324104,0.11196390798122825,0.0718905230517328
284,0.05456030450376187,0.3370381600354058,0.08556188449900014,0.05798211103242502,0.06332630844926512,0.2545553118653243,0.08535630275921806,0.06161961685559983
285,0.06388553412826484,0.06380015315424499,0.15057760106609505,0.07058973982511783,0.08464856458134598,0.39261350698062647,0.09480582095707844,0.07907907930722641
286,0.0619667002850549,0.06661773810126048,0.1116765084402436,0.06410072988192075,0.08599831355894476,0.4067454144475755,0.1278680098706686,0.07502658541433133
287,0.06269571612260653,0.06513563794819763,0.0885931180294384,0.07156042659433712,0.08675359418323157,0.41360674202085357,0.13793177155453062,0.07372299354680442
288,0.07280019712251574,0.06970389845175769,0.10821915060988822,0.06267519273999765,0.09682870913509406,0.40026234402259075,0.11840488653065745,0.07110562138749833
289,0.06398514564911205,0.06840397571883088,0.07556298349341278,0.06487328023263741,0.09197743042851868,0.409472141098097,0.15103851954513142,0.07468652383425972
290,0.06418345450133103,0.06274083559526032,0.08002423764336125,0.07063759613487428,0.09470435963541138,0.4140313938377442,0.14146350009808478,0.07221462255393275
291,0.07645472430187929,0.0667872906740132,0.08060631223484327,0.06031993690971448,0.11139402660998321,0.3867420559949318,0.13918114841004162,0.07851450486459316
292,0.07096875143059203,0.060299316119024664,0.09015514234068178,0.06444171080484551,0.1094771168491944,0.3910523870025851,0.13799133681456113,0.07561423863851525
293,0.06246914268403771,0.0610342459772771,0.08186923030550251,0.07796754913634221,0.1064632622786805,0.3979693739037845,0.14201987629882967,0.07020731941554575
294,0.06263428010540496,0.06122833190457616,0.09102713783594593,0.06523409903328102,0.10018477642032804,0.39979606498424614,0.14846414982774023,0.07143115988847751
295,0.06219396852227729,0.06047749160539008,0.09443815665959636,0.06430437197516213,0.10218138263882613,0.3927293327566124,0.15319048036544936,0.07048481547668631
296,0.06567164644393032,0.06256621949417789,0.0957429446582085,0.06557287993873147,0.10704641039032187,0.41238794818049757,0.11983628845331422,0.07117566244081815
297,0.0661057092370402,0.06255446873879363,0.09214268548126035,0.06898564444723183,0.10845098263791864,0.4122773528611877,0.11872876461244479,0.0707543919841228
298,0.07014982639847896,0.0628419630437127,0.09195288510306267,0.06426597618425063,0.10834246558094868,0.41498318158788416,0.11845331395616904,0.06901038814549307
299,0.06828854912149745,0.062309914646869496,0.08809676686050694,0.06645595476669958,0.10958243723499043,0.40997566726465406,0.11758586024572326,0.07770484985905887
