oos_period,model_1,model_2,model_3,model_4,model_5,model_6,model_7,model_8
150,0.015666966129391592,0.5756175379978791,0.06071198301261811,6.355129384565051e-19,0.2405012233598881,0.022877913197941194,0.07828442784750543,0.006339948453776632
151,0.007671821746459917,0.5900598600998203,0.09280481337853531,0.020107399529928148,0.23465580683333168,0.00802517402048609,0.04057706515894114,0.006098059231497505
152,0.00825860896117362,0.5796570801588192,0.1002917507259072,0.022170119674787155,0.23583556718015458,0.00647567028526323,0.03623384086427548,0.011077362148619296
153,1.4935011583338718e-18,0.611176755415412,0.09273170040546835,0.024495641257404506,0.1791569695817429,0.006753461906241069,0.07351534330707443,0.012170128125656736
154,5.3950516064214e-18,0.6130857449011312,0.09076361389886849,0.026384068049675354,0.17597788207019063,0.009423682714441913,0.0696360558586911,0.014728952506001283
155,0.0,0.5909722734177378,0.0797460195691017,0.02749312182971738,0.17133701645622235,0.00874620950706654,0.10680783165870676,0.014897527560447512
156,0.0,0.596044678058982,0.0729572219350311,0.03755202982512795,0.1652719566375582,0.004132556408096229,0.1149790156895805,0.009062541444624015
157,2.2611076555280233e-17,0.5981182197333015,0.06976587290428106,0.03550954866262744,0.16593690560866212,0.0038780370771849203,0.11823077576291394,0.008560640250028952
158,2.4587006836776043e-19,0.6084666420024659,0.06001959165275606,0.02757116630752635,0.13555532900001746,0.004647851148925336,0.14196253275456183,0.02177688713274697
159,0.0,0.566142897961386,0.0708319744113522,0.028469686394697234,0.15101074326645197,0.015385141988557827,0.14933794256203858,0.018821613414516193
160,0.0038069247329949054,0.5739622121080712,0.0695945489805803,0.02216010518014685,0.15160325701563154,0.006436225290742042,0.15080277982956206,0.021633946861271028
161,0.0,0.5947785401314571,0.06488989096337243,0.026304068358235653,0.14985049486506455,0.008517884723477453,0.13331996215011815,0.02233915880727457
162,1.1047498855740839e-18,0.5467139063034411,0.06099394421443969,0.029046513148206676,0.1804947492926256,0.04768727737768623,0.0802822170051324,0.05478139265746816
163,0.006420902846475934,0.5165060670637137,0.05702532723522702,0.03301672682500497,0.17275165696882344,0.054081729927398174,0.1061123275763975,0.05408526155595908
164,0.005014629980754684,0.46696635180553175,0.06499123153509903,0.038883812205576226,0.14628315176881684,0.07197630025901965,0.1315903582688349,0.07429416417536694
165,0.008774421517030829,0.5048353247124269,0.0479138074535527,0.029613169849124567,0.14869562590222146,0.057014686368886104,0.13312893062569942,0.07002403357005793
166,0.01397888309057243,0.5229497216013096,0.050423482872823645,0.03428707573388022,0.137756193594421,0.06351974185123038,0.12709580398379128,0.04998909727097134
167,0.018999908438681094,0.5025464684268235,0.050270140982838656,0.03185762732424493,0.18421855887565447,0.04058050800668902,0.11969669894296757,0.051830089001100726
168,0.017043193922875927,0.5054522268113453,0.04938693213951932,0.03155871181810464,0.17948919920506412,0.041264149556703544,0.1245292117670381,0.051276374778349045
169,0.018092282977788147,0.5320751847496126,0.047894731419208,0.03330960252763065,0.16805326406933588,0.04590431403239718,0.10220157791503817,0.05246904230798944
170,0.017561778501255475,0.4342554681641966,0.058274726229479656,0.03672217431053869,0.18745420979805447,0.056652481042767204,0.14162713089265533,0.06745203106005254
171,0.02383130612100625,0.2232350651057454,0.06225180169469472,0.038550238798365284,0.27084288375052606,0.1529105968027736,0.15501356694490231,0.07336454078098652
172,0.00845850454875463,0.2160658821580546,0.057609325649271105,0.03829548653158605,0.271708804835507,0.16451357910317835,0.175299584230767,0.06804883294188119
173,0.0006471326484918286,0.18652040373080805,0.053279374711239974,0.03563891130645953,0.4184041357526347,0.16038094163070313,0.1025397577052834,0.04258934251337937
174,0.00442470436922769,0.15041688671609033,0.04981307418358433,0.040933020186669035,0.3551438875159741,0.19908973315179984,0.11622847586807296,0.08395021800758166
175,0.008579536423700525,0.1458349700679038,0.050182668361554786,0.03329934489925682,0.41819776363198635,0.16299064684032916,0.10966282751527844,0.07125224225899021
176,0.004985124171129928,0.14893720813764866,0.04967507233541768,0.04007681683796687,0.3526718028794744,0.199099443130159,0.11713055471007114,0.08742397779713221
177,0.007302224719711254,0.13835658254065591,0.05160727809443471,0.04395927157514224,0.3065870454402024,0.21288206835045964,0.12282626662977872,0.11647926264861512
178,0.010119397301325474,0.13727739356574128,0.05749117919879313,0.04295934936681452,0.3023247283551652,0.19875222719792351,0.12914459142595944,0.12193113358727725
179,0.02887265832065807,0.12149211359433951,0.060746650339501405,0.041207356787630704,0.3027538230003243,0.23010603435818644,0.11067627477914078,0.10414508881921884
180,0.01212132046277512,0.08743711164880284,0.04331933471161859,0.03622454968404949,0.445728466267977,0.2179370972294003,0.03592441676925047,0.12130770322512607
181,0.014152933840242882,0.0734321880766472,0.04367719885397078,0.03398960426615465,0.48877120446665023,0.18432109866975377,0.03604779054346785,0.12560798128211237
182,0.014941846820040388,0.08435673957937422,0.04887995400484752,0.0355273073167184,0.47384461622437135,0.17959951225523774,0.0440846354335664,0.118765388364844
183,0.015095939122905848,0.08533433251805052,0.0598215103104764,0.037309390322641,0.49903244221095083,0.18860309451486937,0.020575888138412705,0.09422740286069319
184,0.014424715465357217,0.06547298017741364,0.045339715356740785,0.03615237554158222,0.535886535914634,0.1826128054460983,0.0,0.12011087209717393
185,0.014227323178152125,0.04486947851650398,0.03195183011516539,0.03191015476735355,0.6429909357411795,0.13264857389095577,0.0,0.10140170378968966
186,0.015182813291109456,0.054318159548280766,0.03723062800943896,0.03619380199407552,0.5925908301939808,0.14979219397996804,1.2090336530858978e-18,0.11469157298214638
187,0.01660460410118909,0.05439881726269843,0.035923819713506985,0.03603408978843896,0.5940808728887396,0.14906955768363933,0.0,0.11388823856078767
188,0.01322787665710833,0.05998086165885826,0.03255415279909509,0.037540725150709844,0.5748833147303146,0.16628981292611045,3.83558356084535e-18,0.11552325607680324
189,0.01219935568544528,0.0584144085406613,0.038330036162228,0.03642908756232249,0.574392268451614,0.16856926126843147,0.0,0.11166558232829753
190,0.001695172226391556,0.05669899786395623,0.020770855897225285,0.036858930361039384,0.618515121937319,0.16438051735528902,1.372853795551656e-17,0.10108040435777936
191,0.010649540329604574,0.0295777469279075,0.004412796911104549,0.039482781592034166,0.7166225949769532,0.07959944962030774,2.488905730341786e-17,0.11965508964108815
192,0.00951858022747454,0.033559940490155316,0.005489577217337674,0.0383842433181882,0.7469323557269857,0.06560228578675097,0.0,0.10051301723210754
193,0.006726241703192843,0.020917299650307135,0.007592029468625025,0.06044290699316898,0.7960879358729588,0.033597369929735686,7.655988389448034e-18,0.07463621638101159
194,0.014469951386474111,9.529387680494092e-19,0.004923788268609122,0.07168153781616406,0.7588209472968815,0.058529557411696874,0.008665427599864984,0.08290879021930936
195,0.01188470232949446,0.0,0.00286884368905391,0.07691696902210164,0.7392834579749687,0.055735392565724566,0.013454300110469995,0.09985633430718666
196,0.012281851627557091,0.0,0.0081943745360493,0.07039988737218757,0.7585011819913707,0.032948096531077914,0.0011579864941552076,0.11651662144660216
197,0.01303301385607162,2.3017035080648923e-17,0.0077427746162062475,0.06941154130335686,0.76844375871105,0.02155434045443463,0.004346153375268426,0.11546841768261219
198,0.01474978863204377,0.0,0.009050529563374179,0.06997633797912929,0.757621244422032,0.018607970936727312,0.005143865698909264,0.12485026276678413
199,0.005801465763550092,5.043647096508846e-17,0.012286270259596211,0.061967882734678056,0.7555675788543229,0.03023680834247601,0.0,0.13413999404437663
200,0.0037133057204509568,6.956411604040676e-17,0.021122235933637466,0.059966824202031734,0.7706190419301668,0.017240813100859023,8.995794302297094e-18,0.12733777911185404
201,0.007895321677552147,0.0,0.01814887503491713,0.05209552373271279,0.7802280096350868,0.019865764065720125,0.001673825935145447,0.12009267991786536
202,0.008068399636141211,1.4173188893793994e-16,0.016943334251508558,0.02625478747650623,0.9037366287408323,0.013608178077798424,1.7869642329969288e-17,0.03138867181621308
203,0.018195416818967743,0.0,0.003403949063232257,0.0461558652196928,0.7794465037534298,0.04244277419289947,0.012441282791834648,0.09791420815894317
204,0.018849903030094897,3.632190497989093e-18,0.008252828072368266,0.04725586107548155,0.7686259830958098,0.03984563620355347,0.0034276233862937655,0.11374216513539827
205,0.018607096413837936,6.29141662506383e-17,0.010339533808469506,0.045954155386226964,0.7436711586392023,0.03859421576454268,0.0,0.1428338399867205
206,0.01966493199426418,6.35202907013796e-17,0.015040398872307546,0.015162017123356691,0.711786763505647,0.0385397287307627,0.0,0.19980615977266178
207,0.019184198457290705,5.804408276524157e-17,0.015570041899327765,0.003472869969030898,0.7483769845933458,0.030590699447790772,7.077493168774838e-18,0.18280520563221397
208,0.022372719433252777,0.0,0.01676154277870469,0.0072278889740789295,0.6724703551503987,0.02835165120044039,9.326420262638374e-19,0.25281584246212446
209,0.01901862393575923,0.0,0.021212896410208605,0.007932849089384183,0.6660632862927454,0.02858258782483376,2.340344334625821e-18,0.25718975644606873
210,0.018903104036411128,3.578129220016643e-17,0.01749824299912992,0.005711843192134947,0.7472699114900152,0.027120561361621415,0.0,0.18349633691968742
211,0.028676388503097512,0.0,0.020819851523852597,0.0,0.7585980053000959,0.02709662087976715,2.068901796468201e-17,0.16480913379218673
212,0.028685668382266265,0.0,0.016618079356402422,0.0,0.6988405372585577,0.02420320205847307,1.661328567403928e-18,0.23165251294330058
213,0.01583828766376539,6.6231749671210665e-18,0.0192372017816122,1.8407534721254834e-17,0.6753605236363496,0.02415022916880593,0.0,0.26541375774846676
214,0.0175715545307535,3.4874761567414233e-17,0.02100378234771621,8.253277279800835e-19,0.7125515686820966,0.02369041355575638,1.77509518382354e-17,0.22518268088267723
215,0.021794615629466916,1.0706549392842852e-17,0.014462851866437327,0.0,0.9187601972930375,0.03351185385120151,0.0,0.011470481358856748
216,0.025519531187947152,0.0019885044560499308,0.018044804414340258,0.008346306797072402,0.7971636750803596,0.03721826573609793,0.0018656202047350463,0.10985329212239762
217,0.027773635790192173,0.0,0.014427731254141494,0.0,0.9185251705245608,0.03570276858078467,0.0,0.0035706938493208153
218,0.032758085046472686,0.004349950321291935,0.012076627304003178,0.0002755838172090343,0.8780425059880835,0.03521155767960678,0.0007266150103937132,0.03655907483193917
219,0.02685485529721547,0.004684413561836067,0.02359227667084722,0.026940862630458536,0.7509564586078429,0.035998149276172245,0.007000545216316875,0.1239724387383105
220,0.02926493522059123,0.006573163701831495,0.02385884285496338,0.01633264817226077,0.7728002542580974,0.03909565767456648,5.684063693240803e-18,0.11207449811668932
221,0.019056299387795256,0.01691529838795406,0.01632667818890986,0.019598650145486146,0.8492719891934799,0.029640708814548278,0.015210550259009796,0.0339798256218167
222,0.0497348500153605,0.02789900022622582,0.019168091452224083,0.038702502725798595,0.6796758911551545,0.02763055968935119,0.04291429830199542,0.11427480643289004
223,0.059619142291389406,0.02984884587210298,0.013573378871735584,0.01658372665939748,0.6651084257774096,0.02948854789812605,0.06945198421144066,0.11632594841739821
224,0.06350667196772271,0.031157228807170242,0.01148695460449757,0.06193735907181286,0.7012496806266599,0.024865089315037524,0.04723304773659365,0.0585639678695056
225,0.06747452438743606,0.03622239279622383,0.009240955959034503,0.0656948905759702,0.6338580126363418,0.02938917676302325,0.06826982263975244,0.08985022424121791
226,0.06674395985174271,0.03272069465160312,0.00890944140591521,0.052740958142003795,0.7344073086392421,0.03006165863163455,0.04948881232272168,0.024927166354136613
227,0.07469202032384975,0.0348991375464752,0.010216201821056266,0.07021405286420368,0.6193214305795837,0.03235474475825853,0.08122875450776317,0.07707365759780953
228,0.06578583411239626,0.028439280364004657,0.005688118838135411,0.058140303935763235,0.6665975638397438,0.03655959065084361,0.07249840641756702,0.06629090184054588
229,0.07061891340190611,0.03158403824307596,0.0052163405156046465,0.06798815246359863,0.611695447925318,0.03686465894525454,0.08687884677610834,0.08915360172813369
230,0.07187590994853119,0.027914345717553895,0.006996831961468148,0.07912544742460034,0.6113980604263839,0.03805994550785106,0.0955710611300486,0.06905839788256264
231,0.07440942973062223,0.029794974195508,0.006968039518846088,0.0740850637792446,0.6163737968180022,0.03873223420185113,0.09516764814067233,0.06446881361425336
232,0.06594597708428793,0.025702734640893798,0.00039968401893545615,0.06965916607115889,0.6316918904792439,0.04231263540789739,0.09145542274100843,0.07283248955557424
233,0.06576062544011686,0.025641007325761606,0.0011835333831477592,0.05828063114216344,0.6473421112358269,0.043970154112605436,0.09899518187878682,0.05882675548059122
234,0.07499135338686977,0.033253418971601015,0.008956757489682294,0.07996460928852607,0.5547450600436061,0.033684512269244384,0.1348403229129322,0.07956396563653814
235,0.08719849579570797,0.03153103341534583,0.005896318100025475,0.0884107680291304,0.5817858855271051,0.03208499368786994,0.12817903948225684,0.044913465961558215
236,0.1013200680083397,0.03423806842576675,0.0030113868758135385,0.0821700780612567,0.5825758575904365,0.033259514554740834,0.12589644857730878,0.037528577905337104
237,0.09815040454960933,0.02905859137266321,0.0,0.09985640389256593,0.576217869850651,0.027454384902355456,0.12735656144713006,0.04190578398402486
238,0.11672236233146613,0.02865320159604454,2.1559845227655452e-18,0.1261527835610477,0.5447737097369024,0.02234823043441442,0.12385311260889632,0.037496599730228335
239,0.13417284208666266,0.03290990177355835,5.7733898033693396e-18,0.19805259292778166,0.38448876225693307,0.015080966725759029,0.18980735620232844,0.04548757802597691
240,0.15213304382818174,0.03836213831392932,0.0,0.20111482020086147,0.3516375334865447,0.014828346432934,0.19935853745854257,0.042565580278006186
241,0.139375239794502,0.04105792247221126,2.5516205791520237e-18,0.2121785810047484,0.34099669562763046,0.026937800810348186,0.21983964044795568,0.019614119841604074
242,0.07250984309113606,0.024695374667131207,2.6080892217207574e-17,0.15891781964423296,0.4476166046814169,0.03218400144158489,0.2381169304619691,0.02595942601152889
243,0.07291513674226967,0.025397355767392993,1.9932438871772366e-18,0.16761484147545894,0.43830182678542096,0.037473408659782347,0.237687010241644,0.020610420327031104
244,0.06982709818629891,0.03410763618340125,9.32909597677704e-17,0.13776437141516343,0.46115730424092904,0.030762050651533687,0.23647886717248529,0.029902672149188403
245,0.08526896198582556,0.039838772600701206,0.0,0.20911467978948547,0.3857143266437319,0.02887911955481549,0.22654027148954367,0.024643867934896674
246,0.06694146325144779,0.04220950745461365,0.003987474475311582,0.2526830598770527,0.3728661820958845,0.03343690201221195,0.21869268909211967,0.009182721740358097
247,0.057525720880651825,0.043024729828839196,0.008935822833383624,0.27520826374876955,0.3257294875517871,0.055477408364357605,0.21653276913790176,0.017565797653309363
248,0.057681704118249945,0.05135334094402594,0.007916116026767384,0.2645158367655021,0.323783352018173,0.06070112154644835,0.2174929831986841,0.016555545381149218
249,0.053780814634729335,0.06889632674127268,0.011864674777706875,0.26688894456356743,0.30405288246869844,0.06167841390420669,0.20964334607462684,0.02319459683419172
250,0.04835838108524848,0.07815942709345182,0.027977609311741466,0.2551429467264681,0.2782086380735605,0.06395378803290605,0.20485182331716972,0.043347386358453845
251,0.049756833762768335,0.10202678114440442,0.02314668678181164,0.24695492979600617,0.2574456006333735,0.06384955557378998,0.21522074010195666,0.041598872204889274
252,0.06098991921499095,0.10150583887847668,0.026922197652951795,0.35133815274533586,0.13137041908240757,0.07718605924431678,0.21140123587615287,0.0392861773043674
253,0.056810091371167624,0.0912649668278011,0.028966201448666247,0.3844635375720364,0.13579901279150067,0.05953362387137862,0.21160673212173395,0.031555833994715406
254,0.04505014618456207,0.08696333467896916,0.02762577316918566,0.40277297349830415,0.14486974559430202,0.05805208535860495,0.20145711701289465,0.03320882450217732
255,0.043785202059280846,0.09028268388694076,0.02799407316307406,0.40133962749695695,0.14380205743089897,0.05978616250307813,0.19654161571788434,0.036468577740885834
256,0.05374574566152701,0.11312012471050759,0.027832427080925592,0.36984486057262095,0.1273815221791425,0.08207598591659272,0.16998051457126767,0.05601881930641594
257,0.05205274514819522,0.09593544265323609,0.022246740386688366,0.4412429850341522,0.13010816886409368,0.07811303842294291,0.1455704983013576,0.03473038118833383
258,0.045847497675981355,0.10134676114756506,0.029436115826464056,0.4054382150051405,0.1397841269024642,0.081020241962694,0.1477513407141754,0.04937570076451551
259,0.051644630585414894,0.0993678607799215,0.030030334856324573,0.38187078960735654,0.1503770590909317,0.08230419746845286,0.1552382358679372,0.049166891742660736
260,0.04774419907987479,0.09546321026118613,0.02777281619213893,0.3888912167211904,0.14993944546075438,0.08487052754497634,0.15526036287763798,0.050058221861241016
261,0.07681303258822754,0.15667213710790365,0.042192929680431125,0.22978164599248108,0.1558004533227839,0.092143031969756,0.20142290950133926,0.0451738598360774
262,0.07358589464572914,0.1550402384198156,0.046927512406977075,0.23163408117518275,0.15401171445216189,0.09676561966018014,0.20453113236705642,0.03750380687189689
263,0.07434104907279267,0.15894758625627906,0.06660465587305633,0.21805074734001018,0.1447427009651795,0.09411264901289046,0.20735336042338762,0.03584725105540414
264,0.07688707060161817,0.1632848606009684,0.07438864972068793,0.18267126254138288,0.16586957878885872,0.09997310444329613,0.2102613810312419,0.026664092270945818
265,0.07719824386810663,0.15902547157180016,0.07725426949012215,0.18302888587688126,0.1683788217806792,0.0948135189146862,0.2108518785742736,0.02944890992245075
266,0.12103306111001398,0.13896626611093552,0.08822636113357536,0.148098171760428,0.16499062356929292,0.131785889655996,0.16919489649856542,0.03770473016019274
267,0.10580039980191049,0.12295738439248205,0.09911092928599144,0.1543339909650846,0.16899601048287427,0.17394274859826295,0.14280623769943712,0.032052298772957025
268,0.10600589370138085,0.119133534187363,0.09747901960796891,0.1534078654668383,0.17193635309905844,0.1742672928026866,0.14457341045858565,0.03319663067511825
269,0.11968010016683173,0.09462248216061916,0.09417334708482385,0.17299028716732254,0.169095308758448,0.1759474333513733,0.14240972957901574,0.03108131173056569
270,0.11255320666859438,0.10539975607245072,0.09934917041480225,0.1723232345281194,0.15773538496290815,0.18377010133348326,0.1371258853453405,0.031743260673301264
271,0.10997411917394394,0.08799797892537664,0.10346719803264799,0.16614246786281323,0.16313019474283108,0.2066407677607731,0.12915569928113774,0.03349157421947629
272,0.11174621637836499,0.09007606698346945,0.10853913516243718,0.16032025002552128,0.15979652086135956,0.20868667995512402,0.1270840752173106,0.03375105541541283
273,0.11228683651118616,0.0900636461121547,0.11580349066843093,0.14995084861058838,0.15679375257629713,0.20774974911787988,0.1302581026321136,0.03709357377034905
274,0.10616178653849145,0.09038023933601697,0.11262824252544627,0.1441222053490863,0.14927231917615053,0.23524711002327714,0.12533704776391286,0.036851049286618504
275,0.09502142476462888,0.10167306355872636,0.10658100503041082,0.13791331167595314,0.1321535549884355,0.26773451968225676,0.12649407455963382,0.03242904573895467
276,0.0962845180531943,0.10130130432472093,0.11020691526000935,0.13262891977299962,0.1297424545482784,0.2757159877051712,0.12150023047000671,0.032619669864619436
277,0.10258254951423261,0.09909500501963873,0.11082027697253444,0.12648957890224208,0.13366249774017788,0.2655251584330026,0.12213955498919862,0.039685378427972935
278,0.10572521951461232,0.0837282498966753,0.10680381170912132,0.12463989032330776,0.1255582987754678,0.2806763833394315,0.12442158463863681,0.048446561801747064
279,0.09618628730425587,0.06904013112796954,0.10708072706056128,0.1292505291058707,0.12199895557263332,0.3009181044095777,0.11699657892134023,0.05852868649679129
280,0.09490547355980702,0.07013052409349456,0.1111054097482551,0.12978519171649217,0.11963124390078256,0.2936084013769068,0.12700004074731136,0.05383371485595038
281,0.0933837769103955,0.0612030020169511,0.11607832658675481,0.12409590390299623,0.11262849698089163,0.29549753440988563,0.13577123758336285,0.06134172160776216
282,0.09443284303550493,0.07348027371948353,0.11434854542468216,0.12762363314901656,0.11486920865535037,0.2800685665667029,0.1351964134617114,0.0599805159865481
283,0.09574707606405944,0.07502551926807703,0.12896050596231912,0.1221318267182915,0.11247252863973908,0.2748355870085681,0.1383161168792088,0.05251083945873687
284,0.08076475838026732,0.0705839633895672,0.1163386000049662,0.1122377952569504,0.09868131872183916,0.33897063245897646,0.13448022723691408,0.04794270454951922
285,0.07097709532991778,0.07254625976444051,0.11584164688259144,0.09987586119571801,0.08496512863880304,0.3639962300436499,0.13226527912618785,0.05953249901769144
286,0.06721107181387181,0.07092445533031402,0.11940988102994378,0.10081278687440452,0.08255869823537522,0.3578953803567746,0.13609520163265146,0.0650925247256644
287,0.06290674013076131,0.07671560537735575,0.12087960645954983,0.09141240231133042,0.07505102219412407,0.37453042644875634,0.13092734384908689,0.06757685322803536
288,0.060437764019323124,0.06391369324296504,0.10976060245164838,0.09775922621332105,0.07430117473275791,0.3966810307223836,0.1353684643976138,0.061778044218986986
289,0.05492104748189082,0.06317877715180288,0.10638225050431234,0.0854109504922688,0.0783195743505347,0.465730664237729,0.09396292779783352,0.05209380798262795
290,0.04933737171953232,0.06802132025587718,0.10544609648730706,0.08211111961807303,0.0784769622438669,0.47101175858639904,0.08834868118598403,0.05724668990196024
291,0.04637740602229407,0.06187932485839048,0.11707661033735123,0.06805142221649815,0.06739585051496502,0.5109057580934646,0.06394266822969524,0.06437095972634123
292,0.08728815344423178,0.07180466017116978,0.12824065417262387,0.06241009333690926,0.07079572412463815,0.4927597846981613,0.038450844462961674,0.0482500855883042
293,0.08622693520494966,0.07007229205877703,0.12882465560566786,0.06173015651419358,0.07157041493197072,0.4941623331639807,0.03451968876900435,0.05289352375045605
294,0.08564400534037091,0.07257331177956296,0.13003250344588882,0.0601076531306851,0.06883710751383948,0.5111500688616806,0.026154090773627438,0.045501259153344714
295,0.08050653257428296,0.07055427026707609,0.12721839552221498,0.05898627518186708,0.07100058225264347,0.5223427660551715,0.01829722346739595,0.051093954678348
296,0.08410986367621841,0.07032937196210264,0.122437181163493,0.06108092521031225,0.07639481503284654,0.5108559297765003,0.018588829289574,0.05620308388795285
297,0.08487544624034436,0.07080254835072561,0.12215858478967652,0.06109184554726363,0.07816168292127902,0.5101298541787306,0.017014801944858337,0.05576523602612197
298,0.09147412215982058,0.06988056537159208,0.13131380193751724,0.06567666929417944,0.08598760916810193,0.5061271246968821,0.001123663443113622,0.04841644392779299
299,0.09213566444340128,0.06987015436036968,0.13050063351838884,0.06653409352723766,0.08508670773699366,0.4993001598680212,0.0059215299073320385,0.05065105663725548
