oos_period,model_1,model_2,model_3,model_4,model_5,model_6,model_7,model_8
200,0.025445339564481376,0.020582587429160883,0.03187141189627223,0.09043464339379795,0.45107329158564524,0.06518402065000793,0.13293354458429993,0.18247516089533447
201,0.026138073790824598,0.013002891381736053,0.03248913124912476,0.09415602689131855,0.44935754963356755,0.06370452717407608,0.14025255374353252,0.18089924613481992
202,0.02213229469315278,0.01516661099713463,0.031763858197300904,0.10644872785529015,0.4410986796825177,0.06612489972560197,0.1284708775058898,0.188794051342112
203,0.008133737293503652,0.012824443312135505,0.038669874709296864,0.09568586371141821,0.40272349173254673,0.06884391206504972,0.11828000090247026,0.254838676272579
204,0.008254886172526165,0.0,0.03700191449304874,0.09446681699122725,0.3876340131886713,0.06259711464496745,0.13791759619062519,0.27212765831793384
205,0.004141727624964875,0.004170718404429254,0.041156413673252,0.09355788074943364,0.3995165796183494,0.061313047427496985,0.1265088472014297,0.2696347852996441
206,0.0,0.006574449854351228,0.039388265427314044,0.09333542968956819,0.398941437589992,0.04869208772409021,0.10571514745243411,0.30735318226125014
207,0.000984463043775609,0.01466419405105647,0.04883306037577415,0.09194744698702116,0.4142006036207715,0.04363598963136747,0.096501887650275,0.28923235463895863
208,0.0,0.013057353719548184,0.0401422871679923,0.08497755774885603,0.4494405473199682,0.04094070593428861,0.0845315300098532,0.28691001809849354
209,0.0,0.01373078731026409,0.04409695728309893,0.08576528232053042,0.4342218265974971,0.03999593704772184,0.077095098209695,0.30509411123019253
210,0.0,0.014803784219662003,0.03490417412170465,0.08520284350950345,0.4453764217634606,0.04203975398751157,0.07442843661192913,0.30324458578522845
211,0.0,0.0088282500453387,0.0321627777617444,0.09887127676657333,0.44984344172755475,0.04100814759603129,0.08133087949130906,0.2879552266104485
212,5.072071733395735e-18,0.0053760563384137915,0.03029652159172817,0.10993967299810485,0.45408291282783486,0.02631146842708377,0.08251757031172037,0.2914757975041142
213,6.236536210236686e-17,0.006420138325127458,0.02964632232299335,0.11779012187112517,0.44864725097787617,0.026933389180549428,0.08351251385703687,0.28705026346429147
214,2.420672008017934e-17,0.0023247639395514038,0.03676272895557147,0.11565847220370508,0.40893281802937137,0.025953853137983294,0.0917328243480399,0.3186345393847773
215,7.054760129480027e-18,1.2073067005457932e-18,0.033293658238082224,0.11086893273159784,0.39881307840354735,0.034566056735796886,0.116982184735332,0.3054760891546435
216,1.8348461131521102e-17,0.0,0.032133333843249,0.10277607109934139,0.4109607060753047,0.028696873068565557,0.11271938114672375,0.3127136347658156
217,0.0,0.009838964571121479,0.03345449287724712,0.11538597265589812,0.42105682672010813,0.032552199609165035,0.11926807804648074,0.2684434655189793
218,3.209602521715236e-19,0.014740113787637987,0.03251518808956473,0.13083516173079535,0.476677927293367,0.030751176129090348,0.1392152259612797,0.17526520700726475
219,0.0041675466142275346,0.008144560034402032,0.03685912941632103,0.16879241059648198,0.44091364596091287,0.029082786634222143,0.1373222877929024,0.17471763294952988
220,0.012902866269571973,0.007958498587474348,0.03289207299369255,0.16976477433342985,0.4450728433997755,0.023476475783701854,0.1481121074038797,0.15982036122747423
221,0.011185112750025804,0.014357416518715948,0.0336268260790452,0.19157645333745973,0.4181553240042006,0.021240569059927807,0.1416079868640722,0.16825031138555274
222,0.011301690757549021,0.013283862359955462,0.03252390179504938,0.1883970241833865,0.42041439027823013,0.01997998332624507,0.14421249084173912,0.16988665645684523
223,0.015996504387061693,0.009457784386929341,0.03458890379357277,0.17819871946737226,0.4203718646524585,0.019446880578355887,0.13331147704622182,0.1886278656870277
224,0.006829686813464974,0.007630261973685259,0.03539430958185896,0.19472554522903832,0.4395078332474997,0.022073023874362194,0.10250704775529992,0.1913322915237907
225,0.00822627610508682,0.00926062494686809,0.0388395557366404,0.17049381528925514,0.4218878541045621,0.026599085060836535,0.13176463235763197,0.1929281563981188
226,0.008413904455239622,0.010110795362760626,0.040236591084868115,0.18437487468954528,0.39983727556728993,0.028127982072685968,0.1414105450557532,0.18748803171085704
227,0.006476154558274641,0.007647246184578568,0.042328703459496284,0.19898636560121014,0.41038131216306734,0.030643436713803093,0.13776953969643266,0.16576724162213718
228,0.009678911186599108,0.007884772419428223,0.041942216528284545,0.20833805619102494,0.40871720748786516,0.03311933448202057,0.12370802262223453,0.16661147908154292
229,2.3898340735752957e-18,0.007622183461031443,0.03709237360433574,0.253887373845335,0.36679867094118607,0.035447785507312986,0.13602565273736272,0.163125959902436
230,1.28353429373015e-18,0.00987251813179412,0.03445303748723767,0.3188503431905089,0.36119017302894524,0.03051818607729031,0.09700601584615137,0.14810972623707222
231,1.130372611699137e-17,0.011647242781772985,0.03725036560016778,0.31315102542553247,0.37353229657113224,0.02972424102960915,0.09715897366938929,0.13753585492139586
232,1.4858272044662015e-18,0.018791320221279124,0.04093045826038685,0.35644614564822297,0.36294120509006,0.029068920975381787,0.06653837788754925,0.12528357191611983
233,0.0,0.020546158064610968,0.035157685415508295,0.3963883490203389,0.3544857001977217,0.03276395105487532,0.053354891713928876,0.1073032645320158
234,0.0,0.014021852019988913,0.04698546353174195,0.37584021920931754,0.36302633587597244,0.03378014070943755,0.07667512441096107,0.08967086424158051
235,8.315271807479748e-18,0.016115438319951884,0.04851995950220229,0.38079964922140386,0.36209730730072864,0.03507130868896234,0.05986079913618308,0.09753553782956766
236,0.0,0.019802520488402867,0.04958384018386337,0.38461866012727963,0.34311024964668263,0.034906306826179075,0.06574150151638425,0.10223692121020818
237,0.0,0.01564139743187195,0.06205416814495385,0.3974744497074249,0.3844392561117842,0.02186590090548627,0.04114694472157711,0.07737788297590174
238,0.0,0.01673034607858299,0.05828624909785908,0.40221683992348184,0.38782952022020245,0.020475458959647932,0.03961982959975195,0.07484175611947357
239,0.0,0.018362399124273718,0.07300437009444667,0.40664185190814617,0.380307804552948,0.019795661277746852,0.028367607496796336,0.07352030554464235
240,5.162877068003056e-18,0.018191793257211247,0.07130787302869306,0.41202759679197465,0.3653829032026176,0.018539485024227618,0.03433331649722688,0.08021703219704898
241,6.644404986607299e-17,0.017943445180008198,0.06358083568368263,0.4244867931305005,0.36973165451063006,0.012039742113749936,0.03043882787211618,0.08177870150831237
242,0.0,0.019470770561876224,0.06504384726764616,0.4058584330164828,0.3863024739239068,0.008499258046515527,0.038303220557946244,0.07652199662462635
243,0.0,0.011949107243858366,0.053924265974387556,0.3876114625012452,0.4042987149652035,0.019320449991363897,0.034749548539842884,0.08814645078309852
244,3.0446352646754638e-18,0.004900002936263684,0.03727030786969272,0.41333620403686555,0.4388501921300129,0.012920895710864733,0.02123027736323829,0.07149211995206207
245,0.031792924261097734,0.014170874593661432,0.05996685390026415,0.35713154403378755,0.41646915294320325,0.01875780176041039,0.05675406968428255,0.044956778822292945
246,0.030319979671746548,0.009447371290346313,0.0704661778778896,0.3394665406913844,0.3793536978804983,0.025505342134199697,0.08394672653679375,0.06149416391614132
247,0.046222000557707345,0.016653359490485523,0.05995373304488786,0.4040209345027417,0.2869780434645521,0.02816703379855477,0.08265671043733208,0.0753481847027386
248,0.04362003132330579,0.01649841660877198,0.06862301603883732,0.37831420896996476,0.3141804093213705,0.02356962158202405,0.08296948864242965,0.07222480751229586
249,0.0414449158250177,0.01822430103305032,0.07158558059962344,0.3624063723023961,0.3252635231214339,0.023473306879176127,0.08396010763842644,0.0736418925998759
250,0.00604442330424542,0.025035343582283976,0.0758799271671371,0.3511537292833021,0.34293974260593446,0.033195923073523724,0.10179843498179564,0.06395247600077764
251,0.007548680589976402,0.02312611551382856,0.07905242446396868,0.33933385049409165,0.34362313538505657,0.03669895383146235,0.10639459777236776,0.06422224194824798
252,0.009738612174702047,0.028147982345263837,0.0788036403796269,0.49819777847429325,0.14110491240452092,0.03387284347193503,0.1079516443314999,0.10218258641715813
253,0.03594073100164247,0.04144399583740336,0.10068991671315543,0.23286859181932318,0.2732402924357204,0.044263597600269385,0.11402990730135855,0.15752296729012713
254,0.04176050673507236,0.07107346606901875,0.08953972258368055,0.22226025655565815,0.2648389696418982,0.04924649093314774,0.10994154955905369,0.15133903792147058
255,0.05278501682213745,0.06920349514688967,0.08607049864334397,0.18083520222022795,0.2299597401560044,0.05869066979507375,0.15374514624097144,0.16871023097435128
256,0.05688574524639296,0.062329732431524634,0.0839167301094828,0.1880319076025351,0.22022547910094262,0.0663263093765317,0.1533336199831074,0.1689504761484828
257,0.05672068755411976,0.055910577331083934,0.07691631061289711,0.19063041367073558,0.22079218859377495,0.0698184691240153,0.1553559557329288,0.17385539737944458
258,0.07064298651302459,0.05016085932347116,0.09095627964132817,0.19235750128012702,0.19843515106507678,0.07520284375495594,0.14325018582924165,0.17899419259177463
259,0.07226801143062302,0.04350361359497036,0.09229247662968586,0.196342061795745,0.1590025298389683,0.07782396701136425,0.15742538222729768,0.2013419574703455
260,0.08887765556921313,0.02402429261421989,0.11345749223477242,0.20026517325070745,0.17827187276293294,0.09190103206593613,0.12767703507034406,0.1755254464308738
261,0.08269243085386548,0.0646683900279541,0.09491709647077623,0.21125376627512885,0.16928025224191898,0.13027674319253882,0.10030361499447736,0.14660770594234013
262,0.10050447126233579,0.05652939134025301,0.08644586555435832,0.16529579168867312,0.18586001870505184,0.13906507387640868,0.11959785345235065,0.14670153411956852
263,0.10735862587995747,0.07358603179330583,0.08216586840018834,0.16233183595556128,0.1827508138064618,0.14725827282515988,0.10509773175326148,0.13945081958510377
264,0.10971703781644711,0.061491628371355286,0.09442443529274956,0.16817132900523216,0.1811871906496969,0.15564111437712827,0.09201747776288485,0.13734978672350578
265,0.11527229293440829,0.05223983939896601,0.0980863109303212,0.1407914867477078,0.1909966658251791,0.16047631809365753,0.10533804891492624,0.13679903715383387
266,0.12552238734128301,0.0518270780786302,0.08772501455283822,0.13471581860244436,0.18787389562808116,0.1970244969337176,0.09608153792774887,0.1192297709342566
267,0.12710098440967724,0.04511030217914988,0.1164953178647332,0.11753307894890538,0.18344295903017366,0.20273956943043986,0.09463181479532576,0.11294597334059503
268,0.1353449701479528,0.05744181811828689,0.10813322223439303,0.10372667994134468,0.17802543403313134,0.20817771254979503,0.09650501299155582,0.11264514998254027
269,0.1320407351424982,0.05697615841251454,0.10905233801286889,0.10421080264985694,0.1845031597914587,0.1920081771270322,0.10052091041968554,0.12068771844308489
270,0.10736184368330479,0.06093132203341524,0.13793114890919203,0.07674536269123428,0.17763153519655545,0.25399258343217107,0.09068022789352548,0.09472597615960168
271,0.111983109102999,0.05865958468162991,0.13064398938334484,0.07458869487230248,0.1828384200136129,0.26810434130924893,0.08113512914314049,0.09204673149272152
272,0.11231878621532483,0.06347177036530428,0.13348830588292226,0.071443996834517,0.1772864288522861,0.2777043548725412,0.0772817687270931,0.08700458824901115
273,0.11564178579116315,0.059822306376843576,0.1275540558961618,0.07403021597541685,0.18265278443778504,0.27504180198204853,0.0788881659519134,0.08636888358766757
274,0.11956433798361957,0.05963679876424192,0.13087832481455303,0.07437516060267677,0.17137830591477954,0.2765129256712385,0.08370505962246581,0.08394908662542483
275,0.1162115219028492,0.05211567930503518,0.13190499976352887,0.08349532437178045,0.16526718063744014,0.28584961958186583,0.07842080461408507,0.08673486982241527
276,0.11324265202114932,0.054902773088164596,0.13128275920361707,0.0845047917897255,0.16141130028913128,0.29307973845037605,0.0787616148132037,0.08281437034363247
277,0.11466543469829994,0.05423878276408455,0.1325128598599847,0.08554132588113807,0.1600875894841133,0.29059625294247926,0.07899774447354475,0.08336000989535543
278,0.10959534173841774,0.04968748491406106,0.12507176707197581,0.09259000233347937,0.1484343359068827,0.3289147441730095,0.06102364363362488,0.08468268022754881
279,0.11674800978330971,0.04475859344703502,0.12813796946091666,0.07739246035385525,0.16085326367195216,0.33164431517644727,0.0613542390284166,0.07911114907706727
280,0.11846183631535154,0.05413023119635014,0.12870671244203938,0.07597560468898128,0.15287395779107257,0.3403506478718052,0.059664896430146414,0.0698361132632533
281,0.1148863814504497,0.05493351239002211,0.12447430236952932,0.07417412219541233,0.15053564507380732,0.3479194914507856,0.0636227062309834,0.06945383883801023
282,0.11882158641531647,0.045857650155285166,0.11256133593655608,0.06837718885861227,0.14723840381694897,0.35154199185689733,0.0887936085567679,0.06680823440261581
283,0.12589459475952003,0.06376249665247276,0.11989229074654663,0.05869243781825069,0.15137455680236106,0.3409203636881403,0.08823114109496795,0.051232118436740394
284,0.1270744976413801,0.0630740571825575,0.1235023176303011,0.05551845199078587,0.150827903355379,0.3472775089420398,0.08600576923519808,0.04671949402135858
285,0.12032050822329306,0.06447846155061562,0.12348708493695702,0.05998647823540674,0.14510670067799503,0.3590616257509059,0.09444469568841228,0.03311444493541441
286,0.118087840891013,0.07244715818209158,0.12152729502131727,0.055329821472511524,0.13644423305183326,0.371373093419889,0.09183849247514257,0.032952065485201784
287,0.1161388645449544,0.050731091175832556,0.0913417642019057,0.057630233340116147,0.10755194746672642,0.4681017461818093,0.08110418155976033,0.027400171527895305
288,0.10756206591286727,0.05517849747217797,0.09027526023879841,0.06344665136492648,0.10455251372862723,0.4750903713036766,0.07706237523959818,0.02683226473832772
289,0.09895151480305804,0.04970093793382598,0.08364650998434132,0.06542147300745295,0.09559049431349563,0.5104181514743197,0.07596193043301128,0.02030898804949502
290,0.08625821467361085,0.04733395909916367,0.09235043182796862,0.059969023478514405,0.07698026872289067,0.5700497026232689,0.05561769265594187,0.011440706917640969
291,0.08635950461069565,0.04745521391692856,0.0922754816064774,0.05979996971822727,0.07665436765734465,0.5718551581643644,0.05497201890677893,0.01062828541818308
292,0.08035960440227659,0.052598785616471654,0.09311400063609208,0.06550116362401927,0.0676394248126899,0.5819450023016183,0.05884201860583215,0.0
293,0.07757755728668403,0.061599196331540054,0.09868932714126798,0.06805028718699828,0.0708166509224495,0.5549030847988565,0.06836389633120343,0.0
294,0.06965553425663679,0.06579350268824262,0.09547665147725069,0.07082704273392157,0.06458482738626936,0.5690229470032265,0.05933948910138314,0.00530000535206909
295,0.06984604777111784,0.06480679282377681,0.09558325422304767,0.07078102298100257,0.06469069093952287,0.5701518095688599,0.05898939474813054,0.005150986943541687
296,0.0703832584501083,0.056531412471472274,0.09508722492132252,0.0709812688930816,0.06251881462208295,0.582914399805653,0.0568804411099868,0.004703179725292437
297,0.07047171444999173,0.057314712908732864,0.09735364406820635,0.06761897640452826,0.06255509431944838,0.5833343849492737,0.05327484941158023,0.008076623487238404
298,0.06536081741458767,0.06596406236437606,0.09811189940024394,0.0640942662456466,0.06461723674259894,0.5944860598964372,0.034899198040169055,0.012466459894940512
299,0.0622875467723412,0.06482823656386001,0.09464072652575621,0.06308128904945035,0.06369255140737858,0.6082549807436589,0.03231151163875005,0.010903157297804675
300,0.0628444165834135,0.06449246733784526,0.094975219498593,0.06384880104790097,0.06025695999885416,0.6136549261615696,0.030658680515086058,0.009268528855737458
301,0.059313613266776255,0.06006119550342938,0.0904621466361726,0.06366211806332657,0.041395830739619985,0.6548901309342254,0.030214964855449663,1.058830939052578e-18
302,0.058955610821573065,0.06008765057343389,0.08989075940843559,0.06357732414595113,0.04290835664601182,0.6541153003342969,0.030464998069297707,4.458569676105366e-19
303,0.05452871766246524,0.07315071868548784,0.09145718881315144,0.041845002707051236,0.05236316958265148,0.6763054649658536,4.089500606644139e-18,0.01034973758233908
304,0.01721856425412372,0.0740108598925928,0.08678793412621098,0.03355198836354821,0.0574126274576,0.7187532573877248,0.004145303383029797,0.008119465134169794
305,0.01387789830821686,0.07564130731330884,0.07875263247627354,0.02733981889004478,0.03999414305405541,0.7482665023132384,0.007485687059732818,0.00864201058412912
306,2.179485253045251e-17,0.0765542331674161,0.07815150190722783,0.015353284446320647,0.04838712986536257,0.7752572119439181,0.0,0.006296638668754639
307,1.8217544955324288e-17,0.07271061433131429,0.07688100540646924,0.020035703894246415,0.04632211104415375,0.7761800645188575,0.0,0.007870500803958685
308,4.3679340585471533e-17,0.07356489916384874,0.076804834310617,0.021177854643536245,0.05645877360071473,0.7583094354606804,0.006172132678403646,0.0075120701411991704
309,7.918327185194175e-18,0.08284454353655153,0.08692711352767764,0.017520879196755875,0.11005364306681535,0.68355414849947,0.014460776575953528,0.004638895595776034
310,3.872325785724153e-17,0.07119301743843467,0.08526758659081353,0.014835210036693913,0.08661869674220767,0.7173158238186877,0.019163902096291437,0.005605763275870948
311,0.0,0.06629851708298042,0.08845780573769493,0.012205409652501893,0.08280272423533164,0.7203912710296237,0.02092353245828355,0.008920739802583818
312,0.0,0.06612481597344541,0.09245187429433765,0.013836092702674021,0.08498894572097555,0.7101747299519298,0.020229285575568117,0.012194255780069468
313,4.685099438559135e-17,0.06763115952412366,0.10239041834996557,0.013732829568983437,0.09568127036678065,0.6843893501759915,0.033468419399822605,0.00270655261333248
314,0.0,0.06782140725478841,0.10162167481008026,0.01595127543200735,0.08726066451503421,0.690776999094772,0.03453575737155613,0.0020322215207614685
315,1.0491942029642814e-17,0.0635657949843893,0.10033137453659988,0.013149758126245949,0.08594437130788864,0.6937081322275764,0.04089219072853113,0.002408378087768586
316,2.8019477266929716e-18,0.07385476088004814,0.11739597009751121,0.010631110674663402,0.06554875597235384,0.6806077722525857,0.03880158273753333,0.013160047384304336
317,0.0,0.08305690326734026,0.10326171911963551,0.01227795252288002,0.06987358415188245,0.6814921183445839,0.034004578975834844,0.016033143616842997
318,6.495401993898037e-17,0.07287984960192505,0.11317740696875805,0.014193803643152673,0.06639177109307348,0.7012202584849782,0.02325403183553141,0.00888287837158102
319,0.0,0.08108185750149324,0.10156570479870689,0.01615146268313144,0.055339253319106205,0.715526133567988,0.0303355881285741,2.1507230285116835e-17
320,4.630239160224451e-18,0.08503322542288203,0.0995387623074405,0.019017100319750187,0.04688260358633051,0.7203155000604018,0.024550308283186273,0.004662500019008633
321,0.0,0.07601807686977885,0.09296259353120634,0.032023389295703,0.049230679939320676,0.7228182716301993,0.022708035919524548,0.004238952813267164
322,5.383746562187069e-19,0.06853947679116137,0.07851903939864012,0.030403000734494832,0.0433608442682603,0.7589792345499666,0.01726997635931295,0.002928427897163651
323,3.5321150787214785e-18,0.0721844574737797,0.07906797725352818,0.02543137462954971,0.03404089729413813,0.7590577843074547,0.02528971386561999,0.004927795174929418
324,0.0,0.06982398918539806,0.08213840517540402,0.02531928860572445,0.027519080789461765,0.7612389943940743,0.029184465369005468,0.004775776479931959
325,4.996305476672991e-19,0.07097235096286833,0.07837077884238462,0.02389768683811549,0.03031475981336268,0.7389545915677969,0.05281565300203562,0.0046741789724361925
326,2.9702997689051524e-19,0.07110049925912579,0.07809007857791793,0.02454117055379451,0.030910989824403844,0.7367437414080139,0.05390033089581866,0.004713189479925268
327,0.0,0.07096270975711669,0.07704395080328127,0.022012679559196748,0.03858813153350309,0.7358630268875526,0.049798861996811064,0.005730639461538497
328,0.005842310258192273,0.06979460730390531,0.07649285020349987,0.01599108291967376,0.045195437446044,0.7313630455766998,0.05015093128027196,0.005169735010712854
329,0.008189380424617324,0.08275279801313276,0.07262385666536755,0.024972347831236006,0.03336316950108504,0.7204147904900167,0.04438202937731234,0.01330162769623229
330,0.003678367810375363,0.08211415652990127,0.07423178185505247,0.024033763020850186,0.0341006989954864,0.7138105322020682,0.05152215111344592,0.016508548471820064
331,0.0018029271607316853,0.08379889680183303,0.07099929998026124,0.02434198454572007,0.03635834218643613,0.7103162525154065,0.0542373971745238,0.018144899634087358
332,0.013518197327902201,0.08312254881021885,0.07999688260181032,0.02964752849950985,0.049886548587902535,0.6839092594144791,0.0415988781465894,0.01832015661058757
333,0.0,0.06917782806398648,0.07257049210329891,0.037054514391702965,0.042336544341691824,0.6987005983036932,0.046638750001146236,0.033521272793480245
334,0.0,0.059854717994459856,0.07037899731698347,0.0424089613566142,0.03569299394211444,0.6987618739844584,0.04879103938668694,0.044111416017682425
335,0.013188580854888774,0.0482498121998753,0.06270899284918008,0.041430609839235064,0.03230446165956177,0.6997778328978207,0.04525735683216862,0.057082352866269524
336,0.028613615290034918,0.04692252311035091,0.06632301854894641,0.05067110151186496,0.05686336495660784,0.6705015204199829,0.029611040890359378,0.05049381527085262
337,0.021369209326110007,0.04343241253158498,0.06507808466134744,0.04941354813982449,0.0537884526330103,0.6826838339560318,0.03306536231881538,0.051169096432275414
338,0.04902465720785459,0.038953575866497586,0.06315658990144424,0.04555565557635359,0.046341161696948414,0.6721676730346633,0.03441839177913112,0.05038229493610705
339,0.04753288372467549,0.04202961851510005,0.06833649491602631,0.04806671163614345,0.05119622553261794,0.6641148378131696,0.026707162675221763,0.05201606518604538
340,0.05014366543974756,0.040577474994555815,0.0637641224324166,0.051247653289826584,0.05840577596169396,0.657060086292974,0.02741910064131734,0.051382120946468
341,0.051101539490592415,0.04060565248247109,0.06327865707823097,0.051247558803727625,0.05708703733799877,0.6581948400602639,0.026944546064139693,0.051540168681575536
342,0.08163866210411258,0.03158583035907732,0.05545194128198114,0.043272627374648154,0.08415173575780355,0.6077676307813688,0.016108488503135142,0.08002308383687329
343,0.1123961642330175,0.012847772539990547,0.05768669166500917,0.028423589833008966,0.08762923308271858,0.6150647915974161,1.5390429832917635e-17,0.08595175704783904
344,0.14690025235243617,0.014637172959997094,0.046299564946405275,0.031173742502879374,0.09625149253226391,0.5794237420980711,0.0,0.08531403260694699
345,0.14755257412487893,0.0186065662095769,0.04703690684531942,0.031599923458477536,0.09851583123246978,0.5749471690014966,0.0,0.08174102912678084
346,0.171399701704648,0.014026957728083302,0.045853130264214635,0.02292787951600216,0.09925988630203601,0.5657707030642276,1.8683048092014036e-17,0.08076174141978838
347,0.14764354380197234,0.01746197666386623,0.04864693602388849,0.02297631416154543,0.09992855810436484,0.5756912737868989,0.0032424637278325036,0.08440893372863124
348,0.24153469914951572,0.007836910519155206,0.03934085222279859,0.033398931982635445,0.07867270229816649,0.5152944825394545,0.019391014362911494,0.06453040692436235
349,0.23601776115507517,0.008136170728898546,0.04001827143576422,0.03320637698396367,0.07768405700275265,0.518326353173901,0.018888719756154016,0.06772228976249078
350,0.2318128761346833,0.008134588506139821,0.03543908568312869,0.030480290250750983,0.1022792982361726,0.49563125802525426,0.01865120218155828,0.0775714009813121
351,0.22151599915099357,0.005472566921385124,0.051510633511146195,0.02431500886212622,0.09783161702046829,0.5033310451217587,0.013165869547935569,0.08285725986318628
352,0.23106578929609503,0.00034627787285905406,0.04993950791173265,0.026447478625843145,0.0947825770770335,0.48054660762023405,0.029404200180814535,0.08746756141438805
353,0.25381047890262415,0.0016663035050291516,0.052083003924338074,0.026579741019097467,0.08600036145241802,0.4825119359143013,0.02379470303939696,0.07355347224179465
354,0.29183146368978247,0.0008538517259126638,0.04199860727519014,0.019772193461420336,0.0742690427035192,0.4672373052278631,0.014652079083444122,0.08938545683186791
355,0.35720769461777824,0.0014477093242921749,0.026535588967569794,0.016372471961766347,0.09506742882411773,0.4106582115032818,0.0010748175343050803,0.0916360772658888
356,0.362246658895463,0.000997156651794517,0.02675806586789498,0.016486731485938867,0.0961044135376084,0.4064228638083201,0.0008665378750393735,0.09011757187694071
357,0.35356362737903513,0.002901575435875962,0.027465631034298006,0.014275614901580948,0.10010201842370789,0.4130885545603251,2.958917695327826e-18,0.08860297826417676
358,0.3529007395277602,1.0418505251217475e-18,0.02785526783323653,0.014456638991339006,0.10339734497620352,0.4163219677110217,0.0,0.08506804095943905
359,0.36543017848846326,1.613527483533601e-17,0.017113046594354274,0.022492699955840634,0.09509435023479092,0.39528918444944317,0.0,0.1045805402761077
360,0.38265880336206776,0.0020735846238294116,0.017999346914515827,0.022096826993660185,0.09161705873512592,0.39236107674123255,1.8870924719253482e-18,0.09119330262856826
361,0.3946094364869271,0.0,0.01466810245910029,0.01066393875894972,0.07500212490854274,0.3922509407913469,3.355775130428731e-17,0.11280545659413309
362,0.3970056668748811,0.0,0.014771699182110494,0.007992127462881322,0.06756247112747621,0.38040329691602953,0.0,0.1322647384356213
363,0.3933822925781998,4.584603903004066e-17,0.009013382091409883,0.019857329360130647,0.07145476575159738,0.37043267819295433,0.0,0.1358595520247079
364,0.40471642555470183,1.3759625755726296e-18,0.0036627428928496203,0.009924074740753241,0.06844635413738098,0.3687518078193447,1.6774746366525795e-17,0.14449859485396968
365,0.4285156549794839,6.300951695993124e-18,0.007973496358028697,0.005169070479438739,0.06157573121385621,0.3386008832929551,0.0,0.15816516367523736
366,0.47780165719858075,0.0016140074116263426,0.004888361671546881,0.012588742966998148,0.0699518763119395,0.2791862123799054,0.00496926835370263,0.14899987370470041
367,0.45270349344699806,4.938394717524412e-19,0.0030643765725477633,0.021092954826697062,0.0909405047232274,0.27260437387100045,0.008528637321080064,0.151065659237449
368,0.3784769071914003,0.0012472203977793262,0.013675052192716837,0.022942780300184908,0.18203999644677932,0.2240978818898165,0.010681416175385875,0.16683874540493687
369,0.3732960624739181,0.0013663419341157486,0.0087548023078859,0.016222419131430615,0.19879383332155418,0.22119343284687099,0.01126021881819731,0.1691128891650272
370,0.3809301279112733,0.0016787873192493886,0.008747348633446436,0.015087849128414056,0.21040930561262797,0.2228150737200275,0.010405709646389554,0.14992579802757172
371,0.37213473109354045,0.006217633489245253,0.0221198499014813,0.0,0.20799569563048165,0.20245479601297262,0.016523215460823262,0.17255407841045545
372,0.3457299459054766,0.009076824944051575,0.04249436242267777,0.0,0.22845071054172375,0.1869912443593871,0.019828814308811518,0.1674280975168715
373,0.3427413075895705,0.008939306690900529,0.04309830265128674,0.0,0.21868246364204497,0.18976131695684295,0.020949656065120417,0.17582764640323378
374,0.35825029857072455,0.014006330595786555,0.03342192310438218,6.97251052399441e-18,0.20913252878648053,0.1873540082301255,0.012299246818059722,0.18553566389344092
375,0.31001884143407465,0.018683581616607863,0.03262712901759454,6.370005400701189e-18,0.20976444165453487,0.21688208844773668,0.005067161018397634,0.20695675681005374
376,0.30442175411878586,0.019376490673359954,0.034123152101262266,0.0,0.21404592784391765,0.2196184467394753,0.003137656614977032,0.20527657190722184
377,0.2976803412703417,0.018032164873436653,0.03782362843953302,1.6432492116276196e-17,0.22200911478358734,0.20762849680733655,0.005352255212595759,0.21147399861216884
378,0.26795151958389773,0.01638249112831093,0.03995435709418237,0.0,0.1966582915508503,0.20940383277919228,0.009113986566103382,0.26053552129646296
379,0.26693302604126484,0.013543082423177984,0.044093806443625594,0.0005618377716198181,0.20076942485157948,0.21098971365880897,0.011199671849974557,0.2519094369589488
380,0.2747486154478918,0.013090235096060434,0.03227174993927745,0.00882182990444218,0.2175273109139139,0.2176831458047463,0.005850744515987832,0.2300063683766801
381,0.27741029029894326,0.013652589958433539,0.029652396173823193,0.00974495576022829,0.22136452364993806,0.21191263552809902,0.00528221142622508,0.23098039720330937
382,0.3105058782692247,0.013409324794530806,0.0370106499751972,0.025697629662578627,0.1879010897853545,0.19007915103709144,0.017395961174465017,0.2180003153005576
383,0.29129773015830895,0.017242943130256465,0.03408061449509166,0.013616964839962078,0.1836858538689953,0.18010419283025086,0.015674738543313235,0.26429696213282144
384,0.24350037927855875,0.009855940931793455,0.04728343439577125,0.009258608554284599,0.1858921226702671,0.17008591084841776,0.018970402174752397,0.31515320114515455
385,0.27909092348921904,0.0044445982653635715,0.04236135881823765,0.005890290945112595,0.1856114033300968,0.1450289444438396,0.024366941328771617,0.3132055393783589
386,0.26169435344877695,0.007440409840957886,0.055957609242060745,1.7458137399330718e-17,0.17021732762652417,0.12402524294025055,0.029594118367628864,0.35107093853280075
387,0.259082902311327,0.007880774867238092,0.058581312917401714,1.2397818201989264e-17,0.1769348247915713,0.11967401332317643,0.03166780873285063,0.34617836305543476
388,0.22591437239665774,0.023187750459611852,0.011307992019846076,0.0,0.23719202081096746,0.09996806943488128,0.03819897806785356,0.364230816809182
389,0.2164439268074101,0.02221623262512406,9.001223648827243e-06,3.420743408323831e-17,0.24688990966783236,0.1267251971448884,0.041110525113939776,0.34660520741615647
390,0.18702468438936498,0.018466467836925297,0.014594737065313793,0.0,0.23417194938771183,0.1538781582895027,0.03829888997791625,0.35356511305226507
391,0.09033840316548271,0.02802519883763062,0.009726334448150065,0.0,0.24927084748583778,0.1952069417941693,0.038231853689277485,0.3892004205784521
392,0.10905087612206955,0.03350402987929467,0.0,0.0,0.23002600477833623,0.21399474111632993,0.033498406461195576,0.37992594164177396
393,0.10130746791273211,0.03775651612244107,0.0,7.385661431929123e-17,0.22780999198368226,0.20726547353705452,0.034909094413041616,0.3909514560300483
394,0.09110510723474316,0.03612406868130799,0.01893798820058839,9.783495238573402e-18,0.22997785283430874,0.20338227773349704,0.04900389700893308,0.37146880830562157
395,0.07005739936420731,0.034466857752943114,0.02191534656095373,0.0,0.2357020244681477,0.20674611618871117,0.03810684362474484,0.39300541203929196
396,0.06393340422298761,0.044898735131934445,0.030067557929046824,0.006158210106386347,0.2249734345062549,0.18540275171315398,0.0288610525940199,0.41570485379521604
397,0.07989340841171588,0.039246130203594604,0.03017492185409788,0.0,0.20804043576038408,0.19156645033456468,0.028649412059571427,0.4224292413750715
398,0.07685192494022124,0.04209350345232015,0.038338399058829846,0.0,0.19175844128377367,0.20425002713994106,0.03198799875104177,0.4147197053728722
399,0.07611285682871682,0.04340478887932243,0.07358886851286102,2.5124592844551278e-17,0.20503456595844838,0.17747207264899517,0.039693244890752565,0.3846936022799035
