oos_period,model_1,model_2,model_3,model_4,model_5,model_6,model_7,model_8
200,0.018806076358494836,0.014508263058172821,0.028309484165089188,0.07162913068435693,0.5562502868765281,0.06474893916785865,0.11294333058707175,0.1328044891014276
201,0.019080369671507395,0.005836360087198233,0.028444444778299813,0.07448758928538245,0.5653294265708119,0.06329278919790231,0.12657246499474437,0.11695655541315361
202,0.01286140138281282,0.00822776427291022,0.028045386958369955,0.08189875109362924,0.5633838388001207,0.06624017887743106,0.11072630130350146,0.1286163773102244
203,0.0,0.006530013167640722,0.03765987096635588,0.07939416615331249,0.4879017629995641,0.07022460845914792,0.08867150481472552,0.2296180734382533
204,8.78194026460332e-18,1.6294243037518277e-17,0.03501361826576333,0.06942933608801596,0.4748587005606382,0.06132515353218077,0.11466783560115777,0.244705355951244
205,0.0,7.354895814534538e-18,0.03941168460940658,0.07690393708456615,0.4870944124870482,0.06147796632199085,0.08972404915737259,0.24538795033861552
206,9.214734068613328e-18,0.0,0.035553567659341555,0.06753045221619695,0.4742324216336846,0.04372055661985029,0.07341559303652924,0.30554740883339726
207,0.0,0.006832584368072797,0.04768672249254647,0.06763504562060942,0.503821473502972,0.038431199071782496,0.057852278811096426,0.27774069613192026
208,3.1571469757864526e-17,0.005173822203732782,0.0364066171672676,0.05890207091239378,0.5685117121524991,0.035077869398412065,0.03359948277996123,0.26232842538473344
209,0.0,0.006150706069871547,0.04154915904389685,0.06359783003609937,0.536403793268684,0.03534503740195492,0.02600554531732043,0.29094792886117266
210,2.631783798353571e-17,0.007833944333035857,0.03156049846851324,0.06582836970662428,0.5510847249189144,0.03788311451600152,0.015303130561387528,0.2905062174945232
211,0.0,0.0013328259776401714,0.025526357879268016,0.08559022897218377,0.568303341860127,0.02705712287805001,0.029141470206045787,0.26304865222568524
212,1.9759719964746343e-17,0.0,0.02592941900334995,0.09018382549683136,0.5607304407640226,0.02081705550396884,0.030351500715229483,0.2719877585155979
213,1.9974740408726326e-18,0.0,0.024680366173590585,0.0932991104925712,0.563172460981802,0.020570366561040453,0.03324817725792039,0.26502951853207546
214,4.8065154956530345e-17,0.0,0.03456585097609634,0.09861634166306951,0.48334143606922986,0.02044304372681764,0.042129645905518126,0.3209036816582682
215,0.0,6.57977827166983e-17,0.028812437934553046,0.08756180903458209,0.48059222730585466,0.030667672352894297,0.08389305564829726,0.28847279772281853
216,6.280539039808368e-18,4.296095533554031e-17,0.028460610915197294,0.0801320067686772,0.49425694929022357,0.025104706509831213,0.07289028943525706,0.29915543707981346
217,3.343972190238985e-17,0.003876929262462315,0.020634333456961706,0.09208531160795976,0.6671479182264263,0.021714133754623718,0.0916370715052486,0.10290430218531746
218,0.0,0.006836907590612138,0.023596939406447946,0.09810585126737081,0.6550121075103101,0.022522305638838846,0.10008025232271717,0.09384563626270294
219,6.643285712360264e-18,0.0006306997057069569,0.02908907068629236,0.1304936474094997,0.5991143637455218,0.02326677975480439,0.10521468737562283,0.11219075132155173
220,2.1219343424298534e-17,0.00037042883712013706,0.024526700791853873,0.1343719415989466,0.6162603658673117,0.019333793099129942,0.11094113964982738,0.09419563015481039
221,0.0,0.009437941576204608,0.027188522869908385,0.1329980377763292,0.5797212111118609,0.015688297743445743,0.10940301053175552,0.12556297838949543
222,0.0,0.00856773028403291,0.027158624464258273,0.12792497898559976,0.590842917272411,0.014745072832892918,0.10092927100623002,0.12983140515357497
223,0.0,0.004910567792042027,0.02904200108912259,0.11949151117358588,0.5864867009884733,0.014501803886765356,0.09366655091707989,0.15190086415193088
224,0.0,0.002733009619966671,0.029476272585829133,0.12022654367109957,0.5822799330230239,0.01671290927595383,0.0753405151256516,0.17323081669747512
225,7.572695110538403e-18,0.00414068208896484,0.03390751086162378,0.09381227303600448,0.558368290551036,0.02188681689470049,0.11379286634858002,0.17409156021809044
226,0.0,0.004591127240123335,0.03652772325262353,0.11272997721652583,0.5560976861377621,0.023763382343536466,0.12138190475765066,0.14490819905077806
227,3.410754305848369e-18,0.0023993727237077763,0.04079145171514487,0.11604928821553405,0.5266438442114878,0.028382274346304612,0.13195705582239142,0.1537767129644294
228,0.0,0.0014924717047147427,0.039768291882252976,0.1153426212554316,0.5399421815944019,0.030268352475203666,0.12054712653100544,0.15263895455598964
229,0.0,0.0012867338954874695,0.03748501824115269,0.18024873511136447,0.45644530489484936,0.033252696106629,0.1335734740819868,0.15770803766753014
230,1.663750632432236e-17,0.005256752488487625,0.034863792302704116,0.2634801737263017,0.4309131934981414,0.029121493009550716,0.09288016534124835,0.14348442963256605
231,7.700307348269562e-18,0.007729597736598671,0.03807109317752626,0.2751447937307,0.42559641168718293,0.028933015625893715,0.09384493319510102,0.13068015484599727
232,0.0,0.016527818530495907,0.04265664999593705,0.29650227391502626,0.45196080844062975,0.02784986301221344,0.05463118500740495,0.10987140109729247
233,7.721594147620054e-17,0.020426433199900052,0.03459851079612845,0.3965399977496556,0.3886485325526873,0.03259433139995324,0.034169920529602486,0.09302227377107264
234,0.0,0.011316811597901216,0.04941672297242694,0.34109976321549557,0.42644150253938173,0.033389787601914495,0.06645086436499262,0.07188454770688736
235,0.0,0.013474483553882779,0.05154907856386841,0.33074688741882113,0.44562798187176633,0.03464320465321791,0.04534910596441072,0.0786092579730327
236,3.30571472266455e-17,0.018296525855203496,0.051316324900295265,0.3747644773133724,0.36839632330529914,0.03561931779698092,0.05614020342030082,0.0954668274075478
237,2.7890068200975874e-17,0.01185960350070864,0.06247815396091018,0.39003027019093506,0.4487795069536028,0.01859439381703407,0.01595035359013813,0.052307717985670965
238,8.58004193287503e-17,0.013245223246209973,0.058841911020506656,0.395097826528774,0.4478797311515731,0.017514981185401353,0.01592148657662853,0.05149884028990621
239,2.7106950567260446e-17,0.01566357337696369,0.07502128620621512,0.40717638767392483,0.4312434287377467,0.017012768923733608,0.0017692190582124952,0.0521133360222034
240,2.581518081084304e-17,0.015856364910567473,0.06985311609257383,0.44206786791648056,0.38763149672119407,0.014852503720939006,0.007791601766420604,0.06194704887082436
241,3.696513630919759e-17,0.015002805602556962,0.06310761519362876,0.4499190599533127,0.3940611381371228,0.007120319346248757,0.004439466729369101,0.06634959503676065
242,2.793572354724835e-17,0.011333770000554045,0.06314677478781056,0.4302535712629812,0.4359844124302865,0.0,0.005618559285916093,0.05366291223145161
243,2.4103500849785996e-17,0.006722571376848999,0.038589421987040046,0.41259287602700934,0.47565773557717567,0.008050348976534618,0.0,0.05838704605439127
244,9.020862942058781e-17,2.388934432769939e-19,0.03005092092065936,0.4383148624141211,0.4808136885108361,0.002662501267995318,1.255243509167156e-17,0.04815802688538795
245,0.02884764005128865,0.009827987780871775,0.06005387576799542,0.3525895092844037,0.4733642636539373,0.011717585840067041,0.038777110333485056,0.02482202728695108
246,0.027042173707121298,0.0044668256826131784,0.06722415189982177,0.45693246171767865,0.28663699313038515,0.022556882387091592,0.07518729297713313,0.059953218497154966
247,0.041059577481006596,0.010078660120599043,0.058221322677614394,0.4560742207476829,0.2712783105182546,0.021012028379946562,0.0732848178256633,0.06899106224823258
248,0.037936746518519394,0.008927429724176606,0.07186627099891661,0.3826391273506455,0.3374277867421349,0.017604658430007743,0.0785653617505081,0.06503261848409095
249,0.03573568048543994,0.009263710409066544,0.07437250966965248,0.3813569355781923,0.3419891324608957,0.015809413740610886,0.07654174635510523,0.06493087130003684
250,0.0,0.013513445357587934,0.07972542313819064,0.35506891300690074,0.37982952080620297,0.02627093456849342,0.09530775998438862,0.05028400313723548
251,7.671682891412264e-18,0.015655202448846876,0.08408638021173913,0.3437865500078328,0.3659838768423656,0.030183334275502502,0.1053944059776771,0.0549102502350358
252,0.0,0.023134254475153108,0.08293070990791411,0.5041128914592065,0.13777686694222255,0.028940781681092192,0.11447963946224075,0.10862485607117076
253,0.023920925397738768,0.034222076843912756,0.1043430747621114,0.20674793809714787,0.2925798420150058,0.03612550149263603,0.13095711560203196,0.1711035257884153
254,0.03080240706298153,0.0578877354715796,0.09177206822261169,0.23832533030239167,0.27222668343153933,0.04069981744728204,0.10595554804679766,0.1623304100138165
255,0.04523161537131762,0.056351701192065146,0.08561608554268203,0.1835265428961336,0.23128317025366982,0.046510799953538906,0.16596531294112793,0.18551477184846496
256,0.05018401356141913,0.04874643339386797,0.08310898166893921,0.1922859896106067,0.22104006159981857,0.053964947850576,0.16474031163377137,0.18592926068000099
257,0.05332884705445705,0.038964177657280406,0.07363370313560937,0.1931655488915242,0.2220730931981737,0.05838377892356815,0.1680032139475768,0.19244763719081026
258,0.06984630357162962,0.03219686538325282,0.08734740032481152,0.19443231607379902,0.19899107302642344,0.06288673333503352,0.15503327481428655,0.19926603346976351
259,0.07070787316901282,0.023900037989868783,0.08745371454180327,0.1979801331418836,0.1600368820943852,0.06335912521568028,0.17172207676067103,0.22484015708569502
260,0.09173738606065258,0.002201216240598458,0.11254557604619247,0.1998787962600494,0.18441033090563844,0.0772536998705957,0.13634996066643376,0.1956230339488392
261,0.07960322773389111,0.05851176312742261,0.08849612174389643,0.22400202036867672,0.1715746843113358,0.11929798186799803,0.09776031674671985,0.16075388409905944
262,0.10230148837025704,0.045296463150341346,0.07888235655112495,0.16821665139684533,0.19533430568434404,0.12560643670097932,0.12337880650849004,0.16098349163661785
263,0.1076816043653162,0.06389796219438472,0.07553249381859921,0.16730906912649693,0.1904557956677995,0.13403893291138588,0.10772606660972325,0.15335807530529424
264,0.11106973065664917,0.04633555341726314,0.0901372277050723,0.1736074732104906,0.18595807720300428,0.14981861675027275,0.09268252942317333,0.15039079163307434
265,0.11555398578079353,0.03743927044534054,0.09368610585886547,0.14746070439897316,0.198076009598502,0.14488519205734507,0.1116837344535882,0.15121499740559197
266,0.12774676093602777,0.03928098537310191,0.08181486124179496,0.14007755535080205,0.19458845956310772,0.18612198830100776,0.09878102702943932,0.13158836220371847
267,0.1315919749979804,0.030717747023806405,0.12096824833076197,0.11826115745031829,0.19165262484597112,0.18639754478443965,0.09726972653348422,0.12314097603223786
268,0.1418965701224448,0.045734666987386534,0.1115847716238404,0.1019399852935952,0.1861064976632761,0.19333015248827928,0.09773668696253013,0.1216706688576475
269,0.14012176083958133,0.04796070026743038,0.11139766731208729,0.10107906538415319,0.1874669633031484,0.19320363776372376,0.09740994980583717,0.12136025532303833
270,0.11567147172168389,0.05278512307921071,0.14521970933569392,0.07009822672820819,0.18534038460558758,0.24226375350426246,0.08921064407785642,0.09941068694649682
271,0.1216416016151589,0.05007723609790775,0.13757222631352092,0.06693555896894753,0.19158823592689359,0.2575605341900319,0.07846526658297603,0.09615934030356334
272,0.12212219930446422,0.05583048000275532,0.1413917109543031,0.06339760972621256,0.1854185296178462,0.2672691038179656,0.07437837504174988,0.09019199153370297
273,0.1250344775382071,0.05181067736395877,0.13448550953707847,0.06628923033716275,0.19188292864984546,0.26406975811127864,0.0765744643701717,0.08985295409129714
274,0.12964920434466715,0.050975576201540154,0.13883535646311757,0.06539620782375495,0.18292133874009686,0.2633669903006305,0.08214271850029804,0.08671260762489476
275,0.1253939826796834,0.042514967096339215,0.13992192157882108,0.07696243673559867,0.17567065422473135,0.2715333050510754,0.07754793666920143,0.09045479596354952
276,0.12245093071691344,0.047465392979205046,0.13948992205872296,0.07806617803584039,0.1710105029531235,0.27913758813317796,0.07661478474781892,0.08576470037419759
277,0.124163157196688,0.046781242572294386,0.14099240784426928,0.07908699719145398,0.17025069496363449,0.2748183564529582,0.07729901371059901,0.08660813006710258
278,0.1179891858899414,0.042723050972255115,0.13233671133249858,0.0905510644257804,0.15430828185819326,0.3185592887176536,0.05515510380397943,0.08837731299869817
279,0.12676594557508677,0.036932283358021976,0.13656932139312802,0.07440835633882137,0.16968626881320667,0.3168324057878442,0.05636457359287714,0.08244084514001375
280,0.1294535089178956,0.04774131818965066,0.1381414767948299,0.07255418496904899,0.16110314392133337,0.32697753245059136,0.05213719439289643,0.07189164036275371
281,0.12523092892179508,0.048881808525466496,0.1331778036004418,0.07068577619571706,0.15899626742275313,0.3336168375233193,0.05748209890730974,0.07192847890219742
282,0.12889978806132796,0.036574623245567074,0.11919329887736022,0.06481082404690297,0.1559718028480565,0.33560755987462076,0.08932038854721233,0.06962171449795217
283,0.136837889560688,0.05883848702899382,0.12841074185396362,0.05287780008449591,0.16177897128218055,0.3217170273934206,0.08735310541434103,0.05218597738091645
284,0.1383104720961103,0.05793360657972586,0.1326700437359883,0.049589326097835805,0.16079999001631798,0.3282990096923553,0.08500472517366768,0.047392826606998575
285,0.13009797515403304,0.06015550102772923,0.13247316759091482,0.05566327051124569,0.15320483771276455,0.34307920065158,0.09412887718031432,0.031197170170418217
286,0.12713373161809974,0.0701031535502897,0.1301646860766042,0.050669556414034714,0.14279529907932698,0.3589259808254913,0.08954318938858476,0.030664403046568554
287,0.12549942378244466,0.04611127938765714,0.09580337749559133,0.05592469213032108,0.10885667272285661,0.4654680841096513,0.0778823840449534,0.024454086325524538
288,0.11548369220438828,0.05185036002417618,0.0939376954870475,0.06359702157488768,0.10407747309815873,0.475397411835601,0.07222849600970005,0.0234278497650404
289,0.10519558293451318,0.04634316162335979,0.08647441192818572,0.0670709887637225,0.09411917680849535,0.5122789821139911,0.07227130522652153,0.016246390600210804
290,0.09091429680845953,0.04523407693593233,0.09769360993641318,0.061874673483763666,0.07158841490832565,0.5799173683774388,0.04745355092153743,0.005324008627129319
291,0.09075428696533677,0.0452698764993078,0.09721047382068325,0.06200780307001474,0.07113117058478136,0.5819236173778894,0.04714377592062346,0.004558995760362989
292,0.0831838234710878,0.049938054956051636,0.0969821460967769,0.06860474235059509,0.06020065412614507,0.5905101256536813,0.05058045334466228,0.0
293,0.07973053343212516,0.061475324247221526,0.1027329766727853,0.07162660058329944,0.06558077920993295,0.5559131617605088,0.0629406240931268,4.536258479236267e-18
294,0.07064529376931228,0.06637337143271561,0.09834316038961205,0.07563710252612303,0.05647124009263634,0.5812793379913073,0.05125049379729338,9.816053067483457e-19
295,0.07083650165557777,0.06575758642407464,0.09890850091572671,0.07531886800688853,0.05684676385337654,0.58107858808324,0.05125319106011577,4.351102370922583e-19
296,0.07119154336133858,0.05610456733528982,0.09783961792551099,0.0758457777781719,0.05262676767084444,0.5975649495797555,0.04882677634808863,0.0
297,0.07126051349937142,0.05704458601774984,0.09962903167490494,0.07244321062419402,0.051150480277402086,0.6049120601916353,0.04335149875947199,0.0002086189542702071
298,0.06567633797885562,0.06787845235661533,0.09995157915409841,0.06830673027683709,0.052309948547179554,0.6221030552569292,0.019343183607532326,0.004430712820952473
299,0.061640487928470385,0.06649776924139837,0.09601293570982745,0.0679021802937226,0.0506485996740487,0.6376330309495791,0.016939805849691902,0.0027251903522614983
300,0.06076384536239759,0.0658744989593944,0.09563637337494006,0.06859055087770236,0.04857287772173631,0.6427332682042137,0.01615245538576802,0.0016761301128474474
301,0.05655315229193004,0.05977493297385188,0.09098111120502225,0.06892623542437902,0.02628231080168757,0.6809777681278251,0.01650448917430408,9.221959240112762e-17
302,0.05656101436529029,0.05993172671483643,0.0907951973853249,0.06931023681162973,0.02326967775616875,0.6847612099765639,0.015370936989185926,1.790182958196492e-17
303,0.051219526924313266,0.07320653672347842,0.09442284579455958,0.041980802081740744,0.0397725197655964,0.6953657713148402,0.0,0.00403199739447116
304,0.0031916765477360064,0.07537672380581442,0.08751348764764368,0.03145150165975373,0.045182947452492996,0.7560404678000606,4.44802213067859e-17,0.0012431950854986246
305,0.0,0.07598348277033523,0.07557129471915518,0.023562800139825663,0.015741215962984882,0.8079772184190562,0.0,0.0011639879876428382
306,0.0,0.07623190636126524,0.07866413489527453,0.00984321824580278,0.030441046031413174,0.804819694465244,8.19824662067919e-17,1.7678966805019984e-18
307,3.460870839692452e-17,0.07130266099282115,0.07663598910138471,0.015786721429949288,0.026432919476147086,0.8094506602730818,0.0,0.0003910487256158109
308,1.3679350587412795e-16,0.07345556999212126,0.07645940072794863,0.015939486348241258,0.0363114704001336,0.7974903755082049,2.862362039006759e-17,0.0003436970223500908
309,0.0,0.08173881811195842,0.08397508048200615,0.00886212712033664,0.07567389946663798,0.7497500748180607,0.0,0.0
310,1.28525265770684e-16,0.07084110810495858,0.08626137681257545,0.0058897315067332,0.07056951764437407,0.7664382659303585,1.976012757772836e-17,0.0
311,0.0,0.06727152889126856,0.0901860599472751,0.0028632499101021868,0.06534067789988131,0.7722955835458521,1.3053618823980877e-17,0.0020428998046206123
312,1.0189979431734248e-16,0.06662386537643131,0.09430929300653206,0.0038915445022920936,0.06647504693660479,0.7627787985008478,1.368698831388325e-17,0.005921451676291724
313,8.217438452492753e-18,0.06774769502100914,0.10212282652393807,0.0029490570078155344,0.07066714749747657,0.7507825924169764,0.005730681531784103,1.6043963496428322e-17
314,4.588859703613121e-17,0.06559931228527723,0.10270001915352077,0.006474193981963946,0.06637789497156292,0.7512097600139777,0.007638819592697274,3.357346932170214e-17
315,0.0,0.061495868249500624,0.10178111748393993,0.003226481469011196,0.06507526044347767,0.7556042109746552,0.012817061378415371,3.1109832402149485e-17
316,0.0,0.07163288027613733,0.11951546888164816,0.0008212450621964715,0.03683972941238918,0.7531552700870366,0.011401410941111986,0.006633995338480257
317,2.6905283672044187e-17,0.07985333495259056,0.10249907422893703,0.0038590641940420096,0.04390160127559459,0.7511226783273587,0.009478959222263734,0.009285287798213375
318,1.729574439656195e-16,0.06877136099216548,0.11288333539776488,0.006369918176950446,0.041814002052381144,0.7687603147496443,1.0797563777354945e-17,0.0014010686300935454
319,0.0,0.07843911840566598,0.09738428300087008,0.0073731018777148105,0.02580994463018632,0.7855339532944546,0.005459598790108,0.0
320,0.0,0.08322700150513691,0.09534006917286265,0.01198027108922295,0.016597674416048522,0.7919654758006328,0.0008895080150961085,1.927035664717836e-18
321,1.3973482489690754e-16,0.06442492444038452,0.08408818106069492,0.023916815966632803,0.010290908027043352,0.8172791705042443,1.6536133736014423e-17,0.0
322,7.000095127759711e-17,0.06457440120222367,0.07425130259504195,0.024525728628297105,0.008495057244631482,0.8281535103288057,6.336942057467587e-18,3.483776088733293e-17
323,9.93561520243426e-18,0.06867780212473017,0.07633531053633114,0.017487131231460305,0.0,0.8373097212365875,0.0001900348698906842,0.0
324,0.0,0.06421890857919212,0.0819319907541716,0.01649973677397718,0.0,0.8327842822582948,0.0045650816333641505,1.8500875785922554e-17
325,0.0,0.06346835321251018,0.0772032150213613,0.015550104060154384,1.170294514765968e-18,0.8089429535839073,0.03483537412106693,0.0
326,0.0,0.06346784362094073,0.07501837146327456,0.016736250583515133,4.0091658533937567e-17,0.8082577706299306,0.03651976370133877,0.0
327,6.025836455606302e-17,0.06232365471733805,0.0746226408361791,0.013859871129604327,0.0,0.8157232657002614,0.03347056761561694,2.5290496585190934e-17
328,0.0,0.059837045581111414,0.07475227508892483,0.005776148989963591,0.0,0.8236726503339591,0.03596188000504098,1.0082927027647633e-17
329,0.0,0.07640586563985288,0.0705361603834838,0.016287161571621064,0.0,0.8092659731989026,0.02679574372052949,0.0007090954846100924
330,0.0,0.07565582317482794,0.07259394167248365,0.014851957973175808,3.298259820149941e-17,0.7995141759050882,0.03394696239981227,0.003437138873612199
331,0.0,0.07786795904228896,0.06679369083764373,0.01504781261495929,3.082098802661062e-17,0.7962382391145443,0.03806978368086333,0.0059825147087002265
332,0.0,0.07636376520385939,0.07831121201630452,0.021058855606922333,7.763718065370922e-18,0.7880859380137222,0.029818850513177828,0.006361378645013726
333,0.0,0.06164852702126014,0.06884117828387262,0.029864276994696296,1.910409168309593e-17,0.7829375629175254,0.03280598516564831,0.023902469615997124
334,5.555611433618213e-17,0.04653047376546339,0.06717497012618295,0.03387061894860687,1.668114065855663e-17,0.7859889696849286,0.03279382911483561,0.03364113835898246
335,0.0,0.043073571955749235,0.058434479221445706,0.03414280611973038,2.280102817233335e-17,0.7813577335984001,0.03403652420673762,0.04895488489693699
336,3.9782544245389833e-17,0.040445149658031636,0.061656871067548,0.04303455812677544,0.0,0.7856257349941471,0.0255207813779284,0.043716904774569236
337,5.4154954456895993e-17,0.035169922043928825,0.06115488787426244,0.040890674486224986,0.0,0.7926912262035559,0.02745193892444789,0.04264135046657984
338,0.0,0.03273099702854142,0.05936178567146353,0.03745426631575271,0.0,0.7940906873556028,0.033067816443814874,0.04329444718382452
339,5.585852303316591e-18,0.03656062110092143,0.06575358719789928,0.04030493912520258,1.9617479627908287e-18,0.7898951256340567,0.023118561677630215,0.044367165263289744
340,0.0,0.03563436530949329,0.060386678094413754,0.044417997370593,0.005106022911375711,0.7836070216794166,0.026183004221602225,0.04466491041210524
341,0.0,0.03639706606413346,0.06263939982843389,0.04407814129169942,0.007546221005596431,0.7823697423744841,0.023155284128810027,0.043814145305842565
342,0.0,0.0281834932868171,0.060032627893663426,0.03717851136768265,0.040998179419738545,0.7486141156145885,0.016932912311962044,0.06806016010454768
343,0.03032626626393034,0.006242801314666421,0.06369222668421767,0.01951867949216168,0.048167192955316275,0.7578407413876472,0.0,0.07421209190106035
344,0.054389295864016855,0.010059190825464965,0.049571498600211324,0.023922267868639394,0.05500017918673807,0.7299235814764464,8.649545762305602e-17,0.07713398617748284
345,0.04608984885907862,0.014777063159386802,0.05201523470010421,0.02423472589957859,0.05955834767509943,0.7286388796528149,0.0,0.0746859000529373
346,0.06693078262037157,0.009015560861193652,0.051139192811009745,0.013900872896623546,0.06252470484753256,0.7212206868629104,2.2979077416700127e-17,0.07526819909935843
347,0.043527062274279674,0.011315163166686027,0.05352816434440735,0.0094978020541364,0.05553351171686218,0.7488587339481271,0.0,0.0777395624945012
348,0.15026123851249565,0.0018179362976935558,0.04001899064449198,0.024294970277210205,0.03414496752880392,0.6676874712679708,0.018671308321491564,0.06310311714884238
349,0.14893227818495047,0.0010341950175275021,0.042336401033498165,0.0210265235475231,0.03873853565568028,0.6728044528988438,0.014694893062112047,0.06043272059886451
350,0.14638248043341595,0.0022190527440569268,0.03876212760150094,0.020756694924141485,0.05970813967321052,0.6483634364991915,0.015288962465564448,0.06851910565791827
351,0.1384288927280905,1.1899489419930935e-19,0.055859046815882746,0.013371980272977563,0.053624173846456916,0.656736041841129,0.009996561658824942,0.07198330283563831
352,0.15593550044264268,2.4288669762492777e-17,0.050953040042027505,0.019163917377706657,0.04600050675950784,0.6163665739926096,0.03222002115999822,0.07936044022450754
353,0.18634822164318832,0.0,0.05451220890037975,0.01956795112893186,0.03003113183778585,0.6286529303505608,0.02539022792322159,0.05549732821493166
354,0.25339696946346363,0.0,0.04147993460672327,0.012959781453728166,0.014741814826897662,0.5928757174308154,0.013176111982006503,0.0713696702353653
355,0.3637817344322711,0.0,0.01998025065501124,0.011254116427272259,0.041403881601737066,0.4905873078014942,0.0,0.07299270908121408
356,0.36839901934589125,0.0,0.017519561870885724,0.01059257949088508,0.036538412661052455,0.4923983997232371,0.0,0.07455202690704818
357,0.36332964362681064,5.172486101742017e-18,0.019059228822716906,0.007679687173284069,0.041265058057960644,0.4995181906205957,0.0,0.06914819169763202
358,0.37091619246260354,0.0,0.02011795774324383,0.00972926490660299,0.03711500361303958,0.5020689181963367,1.5355754421639446e-17,0.060052663077173246
359,0.39636244856929675,6.192075542218759e-18,0.0051108713764517685,0.01952995168714881,0.022731207992395405,0.4740049520401787,0.0,0.08226056833352846
360,0.4130500671608509,0.0,0.007141741235841296,0.018636357486517794,0.024320687846793004,0.46965774217524064,8.359961079507405e-17,0.06719340409375622
361,0.45181266519507207,4.024814691728712e-17,0.0010580105655882144,0.006636697612270526,5.849101313963996e-17,0.4565431855168192,0.0,0.08394944110924989
362,0.4492459803699728,0.0,0.0009944505369298585,0.003963795435920813,1.2672989319450944e-17,0.44139722974447254,0.0,0.10439854391170386
363,0.4562731142103599,0.0,7.515405703624671e-18,0.016106738217181636,2.0290250734982846e-17,0.42991906412682834,0.0,0.09770108344463005
364,0.4590786959805671,2.4897474693331186e-17,0.0,0.005489688167059733,1.752091838672501e-17,0.4271842594716613,0.0,0.10824735637971167
365,0.5135614027329094,0.0,0.0,0.0015987678269062159,0.0,0.36476115390339264,3.398190305262447e-18,0.12007867553579164
366,0.6028496568617445,5.627263385078317e-18,0.0,0.012131193515243426,5.644627560497012e-18,0.27227470149781363,7.910017177926374e-18,0.11274444812419838
367,0.5911166193700588,0.0,3.7188524945464734e-17,0.01918101227589606,0.014822425797229697,0.26449260575171507,0.0012471250859126244,0.1091402117181876
368,0.47379714152596997,0.0,0.0023780796091731242,0.01876984703230623,0.14889769477654347,0.21217958984410762,0.004506445553397605,0.13947120165750182
369,0.4837364338003572,8.33321601419788e-18,0.0,0.005864718781763674,0.17063532473085416,0.2071135767174065,0.005277859450003361,0.12737208651861506
370,0.5135894978393687,5.787087914313202e-18,0.0,0.002613749323765769,0.20946904009757655,0.22417435765553154,0.004664426821991278,0.045488928260766094
371,0.5048149321489455,0.0014908984849552286,0.006940471429837057,0.0,0.20967164351107578,0.19108343686705018,0.011441427287424751,0.07455719026971157
372,0.46574831265561234,0.005723177653011306,0.024899753902287214,0.0,0.24523399184086564,0.17523287835816212,0.013842577020954018,0.06931930856810738
373,0.460568991930624,0.005866946518006342,0.026282501796174813,2.961079945449038e-17,0.22768441346402332,0.1829136323090939,0.015680823570746055,0.0810026904103315
374,0.4892217275702589,0.01207023048237114,0.014125204825972534,1.640514883394767e-17,0.20928375405303476,0.17311729487924163,0.005639203580552268,0.09654258460756872
375,0.4043875948406704,0.017145962201640955,0.01478728410544657,5.067374606943784e-18,0.21106745741046487,0.22875600436815,0.0,0.12385569707262722
376,0.4013636703415825,0.017323413299131587,0.015432323608616972,0.0,0.21664755758795035,0.2290506804703294,9.551355271466752e-19,0.12018235469138908
377,0.39358812745598104,0.01671455833887697,0.01837972261665527,0.0,0.22377869106676368,0.21600206285905643,0.0,0.1315368376616666
378,0.3285781333426432,0.015584426149610149,0.023658310500445368,3.025863738407391e-17,0.1960224674244939,0.22539840190145455,0.003889360353547881,0.20686890032680472
379,0.3305767876330866,0.011948089169537076,0.028581768381392113,0.0,0.20011547468783678,0.22644972108442848,0.0066639107114476615,0.1956642483312713
380,0.341184429106497,0.011292715952805253,0.011427830921227409,2.4932414802405397e-18,0.22865616819710188,0.2408054066113114,1.24725601483071e-19,0.16663344921005696
381,0.3444515440390635,0.011307172870628518,0.009536585659035372,3.4910462921051075e-18,0.2322872151419823,0.22964357221064605,1.1096131609020236e-19,0.17277391007764428
382,0.40938763684497353,0.010817529984725849,0.01577270357361315,0.010133687888681662,0.1869026770779565,0.17984252831733236,0.014770236234781924,0.17237300007693504
383,0.3718283624621222,0.015389540212075899,0.016096292086126757,0.0018750226374320954,0.18670345033765948,0.1700089283374971,0.013439251451043554,0.22465915247504287
384,0.2740312215539948,0.008053651863940565,0.037182601837622224,1.6540936116674182e-17,0.19412135480347667,0.14750231729347033,0.018365250057619388,0.3207436025888759
385,0.3545960092427108,0.0012452320183426163,0.030743997387732674,0.0,0.19743526397619332,0.09532608141224898,0.024797924024878317,0.29585549193689326
386,0.3020101886534045,0.004896899748231195,0.051682220824837276,2.846242461008416e-18,0.17950957289121675,0.05363959247564495,0.030810750368228966,0.37745077503743635
387,0.30904339688369953,0.004957003795848649,0.053560072817502684,2.9517827662361965e-17,0.18744724778075159,0.041468103492575806,0.03283686120690376,0.37068731402171784
388,0.21902347309581735,0.027952769074666352,3.893376354138657e-17,0.0,0.28007968230578706,3.436010326357314e-17,0.040826480566369526,0.43211759495635954
389,0.22990227174460826,0.025345473818514777,0.0,0.0,0.2868852564549572,0.007563011552846095,0.04461486683106491,0.4056891195970089
390,0.1669436410559962,0.02294711926341841,1.2354379199830541e-17,0.0,0.2641915092027605,0.06358038200542343,0.03936374290947413,0.44297360556192716
391,0.03862716798196597,0.03341060753599882,0.0,4.8495660402579686e-17,0.2747402457846476,0.14135669919964888,0.04060592422643498,0.4712593552703036
392,0.05320140684755275,0.04011083987260365,1.7869642329969294e-17,9.503868486861358e-17,0.22937046321980753,0.14984101378361792,0.03401357574884668,0.4934627005265714
393,0.05421534551953535,0.044461364772556376,4.209770478222209e-17,1.593735148581985e-17,0.24218782173925615,0.14714056597258302,0.0360698170342264,0.4759250849608425
394,0.038642988333867874,0.04541282674020983,8.838100590320141e-17,1.237932428062605e-16,0.247110372416914,0.13079701340163633,0.048668513716646856,0.4893682853897249
395,0.0,0.042763116741523804,0.0,0.0,0.2481012349223776,0.1401882540780839,0.034719099345138824,0.5342282949118758
396,2.9506914130012065e-17,0.05710735636826797,0.0,4.7550188893117555e-17,0.2417049972602259,0.10381101985929683,0.023790942375038784,0.5735856841361705
397,0.032632453249793636,0.04834825917549713,7.649554546645937e-18,5.122008232041632e-18,0.21288570685478803,0.1329280109293419,0.02484849677733648,0.5483570730122427
398,0.027457511458469315,0.04839660193480233,2.2082360693134338e-17,4.159132941339428e-17,0.1906433334996729,0.15361398798170284,0.028198610313745324,0.551689954810607
399,0.032698134633594014,0.050350356742030096,0.021125752452242047,0.0,0.22191635148558372,0.12914931179693923,0.03808962971412254,0.5066704631744884
