oos_period,model_1,model_2,model_3,model_4,model_5,model_6,model_7,model_8
200,1.0087159176266889e-07,5.6955534395194763e-08,5.6857329094492534e-08,0.9997579197352814,0.00024148061536550126,5.742479720404051e-08,1.511894015031865e-07,1.7635069918081563e-07
201,1.0703562360758412e-07,5.743421720624894e-08,5.5094015572948866e-08,0.9997937863953399,0.00020555576558844315,6.549850059478452e-08,1.8071958444761892e-07,1.9205713014884408e-07
202,1.1339086688623394e-07,6.23596052912961e-08,6.14920142518679e-08,0.999803520860636,0.00019583280156778134,5.553598001028975e-08,1.7031922400216123e-07,1.832401058133009e-07
203,1.4661141495288695e-07,6.98727769378435e-08,8.10869974374736e-08,0.9998613781175029,0.00013766294683880445,7.015771045236e-08,2.5433603513475013e-07,3.3687072343440286e-07
204,1.3279973087936618e-07,6.855933601604088e-08,9.557587492340859e-08,0.9998664592745472,0.0001325835046084057,8.793690220515125e-08,2.566088420239021e-07,3.1574015845609885e-07
205,7.894384158008379e-10,7.797778319004999e-10,7.825927061178971e-10,0.13032570843530816,0.0012706168116568498,7.808458742543854e-10,0.8681830022026502,0.0002206694177299263
206,1.6211872352126124e-07,7.47458425730452e-08,9.744935899542309e-08,0.9998852341053697,0.00011384163126125611,8.012364149771504e-08,2.1766759820882685e-07,2.921582043282775e-07
207,2.273709537757587e-07,8.478825402508113e-08,1.279013239967866e-07,0.9998951500395482,0.0001036623983087583,9.18152709717832e-08,2.923897152972428e-07,3.6329662491313705e-07
208,2.0225685115763738e-07,7.339385811581258e-08,9.711494189165682e-08,0.9999045520163657,9.445810553358242e-05,7.724733879945255e-08,2.5378935358999575e-07,2.860757571141324e-07
209,1.2979773539587792e-07,6.107605853877322e-08,7.206235360286592e-08,0.9998562170342227,0.00014309717425724388,6.389629619767915e-08,1.7175655803352626e-07,1.8720251841776423e-07
210,1.0991534043967322e-07,5.5321133155053585e-08,6.161222369806369e-08,0.9998282133306761,0.00017120806177394135,5.7561718050154805e-08,1.508898987497608e-07,1.4330723584530914e-07
211,1.8944443168021153e-06,6.262517625373347e-05,1.0828779999626754e-06,0.9780347414014237,0.000957301035605773,0.02093627586253684,2.5241482762191125e-06,3.555053587005862e-06
212,1.356090000941628e-07,6.750774913320406e-08,8.295336213502039e-08,0.9998347252413332,0.00016450443465905584,6.385260649290035e-08,2.2034646530153213e-07,2.0005482462373118e-07
213,9.091458086840836e-08,5.8100467560593083e-08,7.289933200687252e-08,0.9998098510573185,0.00018957046560121212,5.7838896017516296e-08,1.565348038494779e-07,1.4218900001565235e-07
214,1.8016547415388937e-08,1.4852253274821548e-08,1.6173382715177963e-08,0.9989097782572455,4.833641078592441e-06,1.5125539650906324e-08,0.0010853032773216885,2.0656631137450464e-08
215,1.6255308525584601e-07,8.298143538886895e-08,1.1364104914455991e-07,0.9998579563547549,0.0001411600942432357,7.736598779571712e-08,2.237255417235319e-07,2.2328390256917193e-07
216,6.748093790759724e-07,1.4906914821222562e-07,3.7206429254902983e-07,0.9998754417474943,2.9998563522233146e-06,2.2258286288899282e-07,0.00011894026988180599,1.199600588926427e-06
217,0.0012019875571102551,7.003012361148078e-10,7.016023353585936e-10,0.0531332926463667,1.3000749786187088e-06,7.000926195466717e-10,4.194796101633442e-07,0.9456629981399381
218,2.0512635847088497e-07,7.217986603042495e-08,1.0429919884266532e-07,0.9997890743162859,0.00021012085518491735,6.480987414710212e-08,2.291064131543135e-07,1.2930681846789317e-07
219,1.300633166419965e-07,6.607120170637599e-08,8.464998802819446e-08,0.9996999655642805,0.0002993872946391351,5.982121499424255e-08,1.843212707610884e-07,1.2221408826224388e-07
220,0.0009199137121358352,6.769883917957787e-09,0.022005905033859893,0.9766256758785022,0.00043498460613205397,6.9749008660788305e-09,1.3499734259950995e-05,7.290325151972534e-09
221,1.618042081687508e-07,8.531186843553099e-08,8.14550743301304e-08,0.99972652387976,0.0002727328989753989,6.610591765645178e-08,2.2178663907736004e-07,1.2675755695518662e-07
222,0.023366556395000022,2.266092720163643e-08,2.267492997757371e-08,0.966502267182138,3.353528151781117e-05,2.265844317818892e-08,0.010097550442676441,2.270436726322665e-08
223,9.689088390768329e-08,5.6187344745427774e-08,5.419704236140989e-08,0.9997587069332277,0.00010435762770904165,4.5104240284436e-08,0.00013661125796816454,7.180158375655037e-08
224,6.71378721409081e-08,4.1247526947758394e-08,4.633868851231699e-08,0.9998944556089073,7.044797237174005e-05,3.904599451507769e-08,3.341926547234216e-05,1.4833831663743288e-06
225,0.00025107093973429303,3.993003644697585e-08,5.1948171905816936e-08,0.9997196284894929,2.9040402866755153e-05,4.062156353088596e-08,6.464122465189013e-08,6.302690945795485e-08
226,0.004111727225214915,1.6137128048390304e-09,1.6278477271398211e-09,0.9832121348609992,9.039987932167648e-05,1.6144119472246868e-09,3.7626338795120656e-05,0.012548106839696593
227,0.008634595209283847,2.5668129703285577e-08,2.5674534255186606e-08,0.9638769524376136,0.027476533045493613,2.5657553185726655e-08,1.1816604896317435e-05,2.5702495380187046e-08
228,7.179177625750233e-06,8.971896341415963e-09,9.519872370619594e-09,0.9966614768742568,0.003331296097720888,9.332047140284343e-09,1.0394764942896145e-08,9.63181584908138e-09
229,6.713689175491917e-06,7.797541345653553e-09,7.890781259174005e-09,0.9955954757572258,0.0043977710470817916,7.606071971945124e-09,8.018944797805033e-09,8.19317741282254e-09
230,1.0131418452279946e-07,5.912157881939202e-08,6.310259366860374e-08,0.9998085224948745,0.0001444377646072273,5.2348698470638204e-08,4.6693029428234645e-05,7.082403447137981e-08
231,1.4119120696466263e-05,6.335493235368669e-09,6.5562257695866055e-09,0.9870926649504829,0.012893182864123871,6.395547754679415e-09,6.767339462357749e-09,7.010090596183185e-09
232,2.7754123991211133e-06,2.1831143218783629e-07,2.3641221367474496e-06,0.9999517147094483,3.4361774012588e-05,2.121181309078595e-07,2.0518404039960643e-06,6.301712036198194e-06
233,8.195067489983238e-07,4.345965837382993e-07,4.366180211603881e-06,0.9999288769018231,4.9498780568578015e-05,5.485851649295608e-07,2.9434847087819248e-06,1.2511964190265524e-05
234,6.275186331581096e-06,3.945920205392969e-07,5.09750710121984e-06,0.9999452481349735,3.737255892247673e-05,4.995944373842689e-07,1.0517526220677473e-06,4.060673591339224e-06
235,7.819554819940019e-06,3.639444401558462e-07,9.729343622812021e-06,0.9999380621856834,4.019946826520785e-05,1.1438038836331592e-06,1.7154422043253821e-06,9.662570805589053e-07
236,1.5484685601965453e-06,5.981206137530616e-07,1.1342792140023986e-05,0.9999321693743694,5.0089088336206135e-05,1.1075986384026557e-06,7.377183899265729e-07,2.406838952130086e-06
237,1.1896033916838511e-05,1.9946701351331137e-06,2.4083250079530116e-05,0.9998758965244697,7.209831026368124e-05,5.789709507960468e-06,4.06277019555696e-06,4.17873143156025e-06
238,4.559657639194977e-06,4.344625032138189e-06,2.246122901042379e-05,0.9998851918404226,8.021807665152552e-05,6.826123124082246e-07,7.549570909988441e-07,1.7870018407302615e-06
239,6.066271471431851e-07,4.451893297634489e-06,4.677068850931415e-05,0.9998043479591747,0.00012812695444950614,2.949794796288963e-06,2.9879569696878497e-06,9.758125655721834e-06
240,3.109902788793703e-06,1.7591045067878182e-05,0.00011174027369972305,0.9997255045597618,0.00012428894443529867,5.5306283877430035e-06,5.949577316176878e-06,6.285068542548883e-06
241,9.009356429232166e-06,2.353219835424593e-05,4.782207879936235e-05,0.9997614174795901,0.0001518056245900548,6.282059323094702e-07,1.3736092499128356e-06,4.411447054808822e-06
242,2.0879235850931404e-06,0.582492174457833,3.082062956558391e-05,0.00020349007699429217,0.4172607464435432,3.9212453283621955e-06,6.099655144303839e-06,6.595680062256254e-07
243,2.329399765959271e-06,0.0005524717862954227,0.0393421469115991,0.001121616204260381,0.9522139379150715,0.003971217715251528,0.0027962579542789227,2.2113477264404922e-08
244,0.024463475046663328,0.002546832584739074,0.00018056689121866414,0.015142401510144355,0.8484224803029776,0.009497804891116299,0.0004321053357085085,0.09931433343743208
245,2.8534992574350065e-06,3.0330906433397568e-05,3.208498304636302e-06,9.916857464763419e-05,0.9998427472920898,1.37239633099924e-05,6.684007304086874e-06,1.2832586529741199e-06
246,3.987547988921447e-07,1.406635927111231e-06,7.668236213627615e-07,5.452167319767265e-06,0.9999895908945868,1.4731880205741718e-06,6.706233472570295e-07,2.4091237820623775e-07
247,3.790612410984544e-06,2.952598289628746e-05,8.636913763357528e-06,0.9998728421162936,4.375406296930617e-05,3.685197584158762e-05,3.983022884349494e-06,6.15312940660294e-07
248,2.123790147447416e-06,2.6051440821003044e-05,3.4355298941536067e-06,0.9999083983048211,3.4954543344773875e-05,2.124506969552513e-05,3.1617607700924187e-06,6.295605058087636e-07
249,2.4768974262937673e-06,0.00010094760853850589,6.847566729097457e-06,0.9997135784367007,7.772371777600806e-05,9.06496253013237e-05,6.875061081987225e-06,9.010864460786916e-07
250,4.578731247789072e-07,0.4698733369796114,6.990694446691416e-06,0.4436663049945976,4.578431634594664e-05,0.08639574426373714,8.576997119602607e-06,2.803881016818036e-06
251,1.6748238757321608e-06,0.00010718558769647789,9.940490269749331e-06,0.00016847298732680416,0.5237053079104079,0.47598964191242826,1.6691506969827094e-05,1.0847810252516752e-06
252,0.04275810728657397,0.22941486260945296,0.00838107956608573,0.42752808491896666,0.074393024690094,0.19412963801564367,0.01578902036339479,0.007606182549788074
253,0.10562402303966512,0.3771413979732032,0.15121915720242235,0.0961179721503472,0.007317286114913743,0.25224910474475437,0.010330965314094493,9.346059952176903e-08
254,0.002247713588535043,0.7282308520870752,0.03123386839966478,8.247652807977824e-06,0.01496857035596639,0.2232438749329005,6.519499555833869e-05,1.677987491762382e-06
255,2.627739773954458e-06,0.5481671083656897,0.02490528749723254,5.198591416313101e-05,0.00427936539601149,0.4219635733455561,0.0006262519676957189,3.7997738772727082e-06
256,0.0005351136212897092,0.2126862332952405,0.015809547154182802,1.6891305138871176e-05,0.003290613845167763,0.7673029366104498,0.00032489974438374694,3.376442414689709e-05
257,0.012650463548551235,0.38929968131864195,0.029424658634293728,3.0451649396633485e-07,0.00689016272938075,0.5416923814547647,0.011935123905694074,0.008107223892179565
258,3.6327444064245835e-08,0.0004804543290944841,6.292103960167763e-08,4.024029871279328e-08,4.2676612259055816e-08,0.9995192715372408,5.270072607537883e-08,3.926754405517703e-08
259,3.441402665676891e-08,0.0003791718941927129,7.127947764373721e-08,6.939449780483772e-08,5.543573904803433e-08,0.999620491973949,5.095210520505773e-08,5.465601206478961e-08
260,2.985604856279038e-07,8.320458778871328e-05,1.6564262277070358e-05,4.847383970965399e-06,7.574239676101621e-07,0.9998848500351993,6.959779877513174e-06,2.5179664332029376e-06
261,2.050586735223619e-06,9.553194216975701e-06,1.514377088215004e-05,4.84100208943244e-06,3.944785821586537e-06,0.9999590916437969,2.5105109811862404e-06,2.8645054765885268e-06
262,2.9843231019299584e-07,1.280484156291643e-05,1.0401224448636296e-05,1.0208202143217477e-06,4.966160060060236e-06,0.999966050353447,4.183177026184547e-06,2.7499093077611203e-07
263,2.119624244460985e-05,2.9247861437897184e-05,1.8296224270844977e-05,1.1632661727721563e-07,1.5031383731295763e-05,0.9998746444604567,1.4994324189404438e-05,2.6473176852003167e-05
264,2.348957428198841e-05,6.279425729472528e-05,1.0607724977519788e-05,1.6274841357009328e-05,8.898534570716305e-06,0.9998621727489979,1.5625661462879265e-05,1.3665705719845818e-07
265,1.8808222100353473e-07,2.1344790103312614e-07,1.540367117590329e-05,4.803068606681694e-05,8.430011053087814e-05,0.999799725032288,5.199356174693481e-05,1.4540806943067148e-07
266,0.008657296855968947,0.0002273874052659483,0.0031984775263940125,1.8369029185643293e-06,0.043366125108717374,0.9444929087518797,1.4059384059457097e-05,4.190806479594516e-05
267,0.008443778303551893,8.30820060882135e-05,0.0015183066791585236,1.5464854272215917e-05,0.021667571116464335,0.9679943913978808,0.0002744614842554587,2.9441583285824535e-06
268,0.01339581846836253,0.003537991214983699,0.0005893215967289675,2.0085662142155496e-05,0.017516574959422274,0.9648270537798098,0.00011040076311768262,2.7535554328439623e-06
269,0.15364073067449255,0.027973804253697523,0.012704135780794528,3.5385563638437743e-07,0.010317438001744426,0.6294069647219036,0.011471302243149935,0.15448527046858093
270,0.023397366638534103,0.02319959546155739,0.04293844819317566,0.032973789964113,0.08427865023958872,0.7175154803355113,0.07569646129895194,2.0786856794560274e-07
271,0.00014428398352535528,0.0006080766803443622,0.00011866144917538026,1.0317142667044041e-05,0.003077606003208954,0.9600657392001075,0.03597286412031433,2.451420657099085e-06
272,0.0004525905099180426,0.001368952794495582,0.0001231771735827218,1.0095080138544515e-05,0.0220883881079671,0.9685701839514318,0.007384080649070343,2.531733395919209e-06
273,0.021811246444076664,0.03659044850637047,3.5076750597555603e-06,1.5001325906472711e-06,0.04906403292126789,0.8805808652249134,0.011947686130728219,7.129649927785246e-07
274,0.05714883685179048,0.007490916517113944,0.05538467496553696,5.218859835579606e-07,0.023607007589185627,0.8259817431976578,0.030385905635232947,3.933574986035218e-07
275,0.035891930967879786,0.033550280203704,2.6921763596946146e-06,2.0259495872526597e-06,0.011475475993685902,0.9022550638505011,0.016821645416280125,8.8544200218291e-07
276,0.019425705890587248,3.8514842954076064e-06,0.010680424314351395,8.896458005082611e-07,0.05444431004267897,0.8997356248633784,0.015708418689607047,7.750693009628899e-07
277,0.0012372530011367365,0.00011552269584894672,6.16631929312969e-05,1.732215836385573e-05,0.0023981075155060827,0.9865986820543706,0.009566409086725201,5.040295117231982e-06
278,0.05422400041134749,0.01098339809314513,0.035013852462798645,0.12195542892881168,0.1096563173257927,0.6202174419852952,0.04794934909704153,2.116957676726305e-07
279,0.002837642879655871,0.005621745516442391,0.0042708744558856105,8.929025975882255e-07,0.026954048889931272,0.9177701809842368,0.03911275003907671,0.003431864332173794
280,0.00021021234863412893,0.00012446511201109932,0.001535498670796292,3.024134152507176e-06,0.0022181396708308722,0.9769808002529685,0.018909072589381102,1.8787221225537202e-05
281,0.0008821708274158734,8.093252030331663e-05,0.0002940727558609974,3.213951410082646e-06,0.005337205259718591,0.9770444869150055,0.016348527923222268,9.389847063420199e-06
282,0.0007314097626523679,9.820164254985171e-05,0.00016382801782603685,3.3300456137505327e-06,0.004463809149554666,0.9778641669619291,0.016663426007800318,1.1828412073848882e-05
283,0.006747405166069793,0.05370255933017184,0.003781430924226443,4.2572931403095497e-07,0.04251782757963088,0.8153235020515314,0.06120698075563678,0.016719868463418813
284,0.0020960995064214154,9.002572240568775e-05,0.0004346235090635011,2.8320701118287104e-06,0.008334432345887726,0.9701932603556054,0.01884194891240027,6.777578104234182e-06
285,0.0010429975450716995,0.000620212979044543,0.0008277205679844548,2.0450502347283757e-06,0.009698463862497416,0.9619023372860372,0.02589883479408873,7.387915041161991e-06
286,0.0006084523462899524,0.00014037178941022783,0.000280826887765858,1.5367613897755134e-05,0.003740787512536883,0.9717399280319727,0.02347146944918676,2.796368939825227e-06
287,0.003134148084863221,0.01599175598175892,2.341777355693277e-05,1.7456591732796783e-06,0.0033880716699034104,0.9479109793647993,0.029547618409806745,2.26305613817903e-06
288,0.0002862474238411765,4.031682373440823e-05,0.0014291089440053644,3.002836058258276e-06,0.00617750032850838,0.9671011241996462,0.024960088831744307,2.6106124619867534e-06
289,0.00012236552541868877,0.0001248126580973173,0.00041377965406813263,3.6234104135371712e-06,0.003884562179847092,0.9771703578461012,0.018271079208085655,9.419517968300439e-06
290,0.07406356878147775,0.056779673063531724,0.09798127273782489,0.00014941448101163404,0.10926612284108467,0.5900240074076013,0.06859966200678198,0.0031362786806860936
291,0.001014661727556301,0.00026686332894784194,8.128772933594619e-05,3.135522900406479e-06,0.006988881298802114,0.9688197916901189,0.022812293557843977,1.3085144494405425e-05
292,0.000977312165873051,0.00043885624456052705,7.351647520085855e-05,2.2054836417769682e-06,0.00741212171878824,0.9563814788703204,0.034705906436325824,8.602605289193301e-06
293,0.00015607129557943558,0.011533572257381445,5.527022972235405e-05,7.5058928431602e-06,0.0007357017104978534,0.9416925568069902,0.04581694892793372,2.37287905188104e-06
294,0.000767700436134553,7.661741724683875e-05,0.0007841868525712574,9.970100426902965e-06,0.009307161834712899,0.962605748221407,0.026445712058667095,2.903078833420234e-06
295,0.0004846774372121518,0.03418030721508827,0.00012793559412104379,1.6251459358475846e-05,0.002778888273661091,0.951861854128059,0.010546534413209437,3.551479290373952e-06
296,0.019676640792174047,0.04978130282049221,0.024314773751348915,0.017024349245927595,0.042431405766221904,0.7562601115392035,0.09051105916694113,3.569176907383297e-07
297,0.0013391187350903922,5.617444280862926e-05,0.000431455004982305,1.1090941704228601e-05,0.007861077202533815,0.9746544519827822,0.015643449141455584,3.1825486429621486e-06
298,0.0010059656379496444,6.588853804482808e-05,0.0005897706874638394,1.1933168277078462e-05,0.023222937769212505,0.9626809254118942,0.012418776531092909,3.8022560650013677e-06
299,0.0010181927402717742,8.037024026642616e-05,0.0005472034069606371,8.502766095548786e-06,0.02372110813029365,0.9688975616421497,0.005723797852277107,3.263221685254905e-06
300,0.0022456209101598848,0.00011933457637008152,0.000856421473043631,1.6402387452580476e-05,0.03850806828399339,0.9473314737041996,0.010918744771350667,3.933893430166564e-06
301,0.0017150022239432426,0.0001556015236201943,0.00010750206380455877,2.0749115891361555e-05,0.017679468436740453,0.9763855602499232,0.003931992938788671,4.123447288342873e-06
302,0.0012296800442509234,1.951979691364773e-05,0.00010623039195067529,5.015469406063621e-05,0.017388713153907033,0.9771239565243106,0.004077681397348231,4.063997258173554e-06
303,0.0015890108947401757,7.436213955827343e-05,0.00029537531604828467,1.8219571325589156e-05,0.020886530071837255,0.9714793383769971,0.005654018778888027,3.1448506053066065e-06
304,0.0011869099529326207,4.5784878798683814e-05,0.00026486936666715664,2.16054900105819e-05,0.021841217034268178,0.970923441867546,0.005712787336327975,3.384073448825826e-06
305,0.0015656972218742995,9.78178838248682e-05,0.0001926850208846143,1.398727733862419e-05,0.027138332241349098,0.9651419694424412,0.005846178092057115,3.33282023014911e-06
306,0.0012788552488652962,0.00010959086838106348,7.733636714059464e-05,2.271090574457082e-05,0.023274116885890223,0.9708913016478242,0.004341931749189403,4.156326964560312e-06
307,0.0011036418108386398,3.852687277254046e-05,0.00021882234325799869,1.1384150556050162e-05,0.01769010004944636,0.976955829726251,0.003978142142610812,3.5529042666127825e-06
308,0.0013782224540701022,8.369645515496165e-05,0.00018042272304944615,1.8296296761289488e-05,0.017299821698252817,0.9780368120207785,0.002999492727828352,3.235624104515075e-06
309,0.00014713517545986878,0.00028994821377203344,0.0002819318675265652,0.0009631567899222222,0.0003660716123329069,0.9979147126479949,2.608195179539053e-05,1.0961741196132708e-05
310,0.00010397458700605339,0.03172962132269374,0.0026600383291564282,3.2775914641446934e-08,0.000252499093627095,0.9651759991658859,7.780185246212191e-05,3.287325409557467e-08
311,6.735630580770557e-06,1.179608995193028e-06,3.058806961504846e-06,5.018267905418465e-07,1.7083709677405416e-05,0.9999657551468587,5.11883818075832e-06,5.664319551999905e-07
312,1.0896070912029878e-05,1.796982367395262e-06,3.3520386818826633e-06,7.545204720556354e-07,2.090247804677667e-05,0.9999547719207814,7.029042876986449e-06,4.969458614186987e-07
313,3.4707498180865096e-05,8.284257060923355e-07,1.699384923968674e-05,9.981595884168163e-06,6.3722051834771e-05,0.9998641025530352,9.189050504859744e-06,4.7497561448479e-07
314,1.9694072825003116e-05,2.2516455795322984e-06,5.6420481788794485e-06,5.926376106242799e-07,3.0560197631191914e-05,0.9999298950244243,1.0340112112785233e-05,1.0242616375845247e-06
315,1.6238450446285607e-05,2.0604299542299167e-06,4.024507629443305e-06,5.484667925110078e-07,2.4513762568953405e-05,0.999942508056824,9.214980942598822e-06,8.913448418929197e-07
316,4.247404105362818e-05,3.052480985369843e-06,7.195587088884737e-06,7.049306280534598e-07,6.764924404531623e-05,0.9998625492454692,1.508546158961175e-05,1.289009139905701e-06
317,0.0002033928986755182,0.00011651934956393043,0.00014884970858212808,2.669952342955159e-07,0.00021028597530251287,0.9992500675894379,5.557877942952425e-05,1.5038703774194885e-05
318,5.369232299934226e-05,1.5478114800848534e-06,5.28287063153843e-06,5.47996421580495e-07,2.594341642385314e-05,0.9999065456358269,5.388009204444406e-06,1.0519370121561544e-06
319,0.00010630652136967785,1.5072945001877528e-06,3.53261025995873e-05,2.9842567344437284e-07,3.6319989542751175e-05,0.9997773505187071,3.572662953335761e-05,7.164518073950469e-06
320,3.770645835638917e-05,1.6553747621081856e-06,2.3336736482686593e-06,4.1643409763173667e-07,1.661177816091028e-05,0.9999358615073427,4.47801236848485e-06,9.367612634047593e-07
321,0.8483318478469899,0.13147134072076136,0.011493243113015516,3.057390075093494e-08,4.058988823046038e-06,0.008487827701115142,0.0002116191931171499,3.1862277230739355e-08
322,0.9987517674535172,8.617903909312331e-08,1.4007722514830026e-07,7.503655667973212e-08,3.280712362340409e-07,0.0012472992037619896,1.919610752355588e-07,1.1201758839735765e-07
323,0.9993247392258131,1.8174177371094084e-07,9.060622817263272e-08,7.764394098989946e-08,2.0746051223735894e-07,0.0006744908091725541,1.1718545629051707e-07,9.53271029373055e-08
324,0.9995562695561552,6.581512666028547e-08,7.443201110247051e-08,6.060769924105825e-08,1.6137453586120297e-07,0.0004431900314900412,1.0126394978423575e-07,7.691903213614625e-08
325,0.9996893705877535,1.2206357670641785e-07,1.218550481008909e-07,1.0103815484695612e-07,3.8039592550027664e-07,0.00030958128880641413,1.7864820214231534e-07,1.4412253276363622e-07
326,0.9997418508163836,6.6000472969817e-08,7.746160428567769e-08,6.204288865387799e-08,1.6165596175521952e-07,0.00025760794309984635,9.44250648444993e-08,7.965452406614952e-08
327,0.9997476594811399,6.151593209287131e-08,6.980087606991622e-08,5.790627566821907e-08,1.3962711525882508e-07,0.0002518531634737061,8.300040806841387e-08,7.55047793008588e-08
328,0.9998591849414241,1.0006746857673177e-07,1.3293491141438206e-07,9.20549486453787e-08,3.4199446313297353e-07,0.00013983270613410258,1.7349319768337525e-07,1.4180745242723682e-07
329,0.9998760615658842,1.1393077127433876e-07,9.124470621890843e-08,7.660257280962743e-08,0.0001232269118902853,2.2674234341177922e-07,9.248124370641963e-08,1.1052058812444776e-07
330,0.9997870034926484,5.3595649372308815e-08,6.954207824606304e-08,5.264215342341219e-08,1.3065837087404064e-07,0.00021253514946756498,7.885054136582553e-08,7.606909083227042e-08
331,0.9999312636344366,1.3815280626011502e-07,2.1664335847710046e-07,1.2964135638471989e-07,6.706949492465252e-05,6.309579815173019e-07,2.559692516027874e-07,2.955058843380518e-07
332,0.999880529504366,7.797806124678491e-08,1.0446566320668055e-07,7.532842325600516e-08,0.00011875141024625232,2.1280639992422647e-07,1.1744667903884678e-07,1.31060161095633e-07
333,0.9998965708911514,9.061985814347538e-08,1.0222842079991548e-07,8.604691499719109e-08,0.00010265911659503294,2.3978061529201456e-07,1.0486399882324253e-07,1.4645244555124475e-07
334,0.9740136240410748,0.02451912419401536,6.775025415110858e-06,0.0004578167166684608,0.0009669101350199206,1.573258248821578e-05,6.5763916933502054e-06,1.3440913624780356e-05
335,0.9998576177353153,6.187375624430003e-08,1.1883767141042884e-07,9.017595187567402e-08,0.0001416452375422033,2.33741119987357e-07,9.707921347477814e-08,1.3531942954678665e-07
336,0.9998443798044383,5.795897354849919e-08,9.742022814700495e-08,6.576919375579888e-08,0.0001550478820662751,1.7807555479959668e-07,6.867908166773643e-08,1.0441046363820403e-07
337,0.9998583588632434,6.021253013806649e-08,7.880080838529252e-08,6.680677861602364e-08,1.6543825772430638e-07,0.0001410837967785254,7.542574665657412e-08,1.1065585657111353e-07
338,0.9998549074266571,5.134483775967595e-08,6.58232496558549e-08,7.097586297444293e-08,1.7569971929590943e-07,0.0001445572223115599,6.928785149330724e-08,1.0221951027369949e-07
339,0.9998409401267067,5.436061695590515e-08,7.788873350844667e-08,6.599192504462218e-08,0.0001473688418547339,1.5328572307078817e-07,6.554596561642943e-08,1.1273958474485356e-05
340,0.9997692895255869,5.534664095758304e-08,7.981310705168933e-08,6.334729955051505e-08,0.0001322085318466382,1.2146595523540523e-07,6.707661960486637e-08,9.811489294407048e-05
341,0.9975328945983596,1.3972172957591676e-08,1.541536441093436e-08,1.567323821332529e-08,5.680403227143843e-06,1.895498771876927e-08,1.4365023284909933e-08,0.002461346617626701
342,0.9975347255064969,1.1687631400483706e-08,1.2503167126149072e-08,1.2718085528753979e-08,5.003027676956557e-06,1.4944649310120348e-08,1.2225784925127597e-08,0.0024602073865078386
343,0.9916217615074054,1.9010248109733855e-08,2.182007114317401e-08,2.1584503764736574e-08,6.3984367431691605e-06,2.7377801796872243e-08,2.0504940208786046e-08,0.008371729758286298
344,0.0016111324736735177,8.934773854651318e-09,9.416567539705465e-09,9.94073244230498e-09,1.672227695232115e-06,1.0778881743304156e-08,9.146038750079123e-09,0.9983871470816369
345,0.9977724359348181,1.0963305304509494e-08,1.2638342118987274e-08,1.2761845918070158e-08,3.325943754146469e-06,1.4263783678556967e-08,1.1348357138818506e-08,0.002224176145793556
346,0.9938166328550474,1.15243330389586e-08,1.3235032059562693e-08,1.2379264860546715e-08,8.258090925612115e-06,1.5514599032786685e-08,1.2148773094619113e-08,0.006175044252024878
347,0.007402105385456156,1.1375153328212026e-08,1.2520869337792813e-08,1.2326724123736849e-08,7.346499735202652e-06,1.4285179540696146e-08,1.1854108320881918e-08,0.992590485752774
348,0.011703299547426552,1.3319344126364346e-08,1.4902538743062217e-08,1.518707423871262e-08,9.486607900689183e-06,1.8210281946266635e-08,1.4079211825562182e-08,0.9882871381462219
349,0.006286807374775788,1.155645528500131e-08,1.2528628022077563e-08,1.3113733977719988e-08,5.457380445631941e-06,1.5404665876958986e-08,1.2218309090563462e-08,0.9937076704229862
350,0.004467959707087564,1.0191251565881155e-08,1.1056750993025156e-08,1.1027620407410356e-08,4.8703413147051375e-06,1.2884286147894027e-08,1.0630102902232674e-08,0.9955271141615857
351,0.0034129175999088263,1.0690618533847336e-08,1.197297360606283e-08,1.175933974869036e-08,3.5850992652757e-06,1.37385058837963e-08,1.1221977031007087e-08,0.9965834379174111
352,0.002273176921046502,7.808227161743913e-09,9.28229007185458e-09,8.903792945003047e-09,4.722465847093249e-06,1.0849137775989825e-08,7.769479257691939e-09,0.9977220560001792
353,0.003443883318083632,6.472080974482951e-09,6.934588676280657e-09,7.0321078405821585e-09,7.42326398356859e-06,7.516482827518717e-09,6.562914636383107e-09,0.9965486588997579
354,0.004485854240449941,5.857358151000883e-09,6.228011535392932e-09,6.3581102084617575e-09,1.0245220572698836e-05,6.70001361950783e-09,5.951948056259993e-09,0.9955038694435359
355,0.0030121966345097806,5.299280844836861e-09,5.732194430053523e-09,5.724934980354171e-09,1.0554243845533012e-05,6.0817291047443366e-09,5.334299079919633e-09,0.9969772209492062
356,0.002977599241574794,5.84345919927419e-09,6.17566684715472e-09,6.427422552129533e-09,8.378737773700514e-06,6.648552356215293e-09,5.911288577663941e-09,0.9970139910142619
357,0.0022098810147285837,6.5751360320361555e-09,7.014363128435469e-09,7.3364850807855426e-09,9.504524292627563e-06,7.61275628686917e-09,6.657693391174889e-09,0.9977805792645449
358,0.0021062666576411523,6.665877353207948e-09,7.11300608820086e-09,7.608361396004084e-09,9.143172403765382e-06,7.709327442053346e-09,6.756957182565992e-09,0.9978845543164256
359,0.006530172803596821,2.0315657026997783e-09,2.072764867229293e-09,2.215545550733631e-09,6.256703150371176e-05,2.371062059421464e-07,2.0410067374099434e-09,0.9934070146978108
360,0.41174273964161917,9.024466645758242e-12,9.025107728914887e-12,0.12130184099441818,1.0327576528291474e-11,9.025582449042153e-12,9.024608191607572e-12,0.4669554193175353
361,0.013326150269789627,9.36642567468662e-10,9.45345552226317e-10,1.0302424456529885e-07,0.0001473960864114912,8.214788577499198e-06,9.386660374491836e-10,0.9865181330103228
362,0.2725019877267731,1.6837641840841606e-11,1.6842630464696668e-11,0.07347960619396328,0.025207405272879686,0.03601971068016056,1.6838112739308194e-11,0.5927912900757051
363,0.01095814680182184,9.555820421939708e-10,9.65338133247098e-10,6.671234776723494e-08,0.00011866622383493512,7.134442737328702e-06,9.564144012802586e-10,0.9889159829419236
364,0.008201874269186291,1.201174937332808e-09,1.2160642906258996e-09,1.1091910812877431e-07,3.683954585891857e-05,7.758759936301711e-06,1.2023972593046423e-09,0.9917534128862738
365,0.009653770002259959,9.44939564246422e-10,9.542200502431171e-10,5.4468549136196394e-08,0.0002582535780493138,5.690556549700843e-06,9.455965807953174e-10,0.9900822285498357
366,0.010000511334454931,9.096786398795395e-10,9.179347088644383e-10,5.094512294970474e-08,0.00012318844340092843,4.620560061838494e-06,9.105115021851853e-10,0.9898716259788345
367,0.009131864439214637,1.01468600453869e-09,1.0267461651952076e-09,6.400025429455982e-08,8.64460021232795e-05,5.089440530086485e-06,1.0159614076190966e-09,0.9907765330604841
368,0.007738039277413229,1.1458649661105006e-09,1.1611909146392564e-09,9.138004408016242e-05,1.267383265135367e-07,4.315379281457912e-06,1.1474131137726852e-09,0.9921661351064296
369,0.0071772118140497635,1.1917524112314427e-09,1.20784321642255e-09,3.682116027155335e-08,0.00019491102989724663,4.610214285220307e-06,1.1932611394067345e-09,0.9926232265277507
370,0.005981479914205721,1.491483303114777e-09,1.5162897004539485e-09,6.252235093438443e-08,1.3573555026103706e-05,3.779178274649335e-05,1.4940574565905575e-09,0.9939670877238403
371,0.0074272932854357,1.2076179512769352e-09,1.2250788845642884e-09,4.1356218531622534e-08,9.994250745592487e-05,3.364998662206005e-06,1.2098260632711087e-09,0.9924693542097048
372,0.0005086618552173514,1.4009221346516631e-09,1.4247684845419053e-09,5.297657280480719e-08,0.004554655732393832,3.964844595968656e-06,1.4049042331623313e-09,0.9949326603606252
373,0.005512147927756743,1.6437899978941609e-09,1.6775096173349325e-09,6.278481369224081e-08,5.3962730320261754e-05,6.409082631776401e-06,1.6484955039548513e-09,0.9944274125046825
374,0.006797541992690388,1.3553828598255865e-09,1.379064166838528e-09,4.639558734811522e-08,4.8634146088948436e-05,2.136077068787436e-06,1.3576553415929701e-09,0.9931516372964622
375,0.005839455445746641,1.5505993809966142e-09,1.5809911836782571e-09,5.781870336506401e-08,0.00020416366433578375,4.246745585288504e-06,1.5537938374266651e-09,0.9939520716402446
376,0.003779970628171255,2.282626503496773e-09,2.344874771804501e-09,1.3295779041690604e-07,0.0003558932508269252,5.6436020893683474e-06,2.28369046735824e-09,0.9958583526499303
377,0.04257681419862012,9.174780858834856e-11,2.0981337745038586e-06,0.00030622205828598496,0.0011900690933296743,0.0002525400057261196,9.171695133474902e-11,0.9556722563267989
378,0.09611768679735974,2.7154604110460048e-11,0.0343736524978429,0.027554213833802084,0.04893652266732498,0.012546020627525552,2.7154889375058898e-11,0.7804719035218353
379,0.06010283286488677,7.429842259135557e-11,0.002891379824002697,0.007506393822204991,0.022114841713754288,0.003062288723220794,7.430057882225044e-11,0.9043222629033315
380,0.002914186993297852,3.1851063154463402e-09,5.279327987721375e-07,5.4819552299835265e-05,9.028483239059367e-08,3.3018206136963952e-09,3.182311820377383e-09,0.9970303655675323
381,0.0026162874912080305,3.2362492935202063e-09,6.296352957939717e-08,4.848498780435013e-06,0.00015019689449956774,3.363253656018582e-09,3.2469536815448538e-09,0.9972285943055258
382,0.1828080777435791,1.1130903484078025e-11,0.09728552635925315,0.1307740328236529,0.05881049826460706,0.04164150028590121,4.148956260297809e-06,0.48867621555561536
383,0.003660098336851235,2.6595195820190955e-09,2.101654387726287e-06,0.0001474298997053554,4.3005263298385026e-08,2.7418980954382536e-09,2.6524134417646843e-09,0.9961903190499614
384,0.08555911221358994,2.066920804761363e-11,0.1203134141661295,0.1193262080648002,0.033678522560500794,2.0673804115113634e-11,2.066877015021468e-11,0.6411227429329678
385,0.028810314625601956,2.6887467140307153e-11,0.05220625728865657,0.09235851204163471,0.021157002747167232,0.043364478091572095,2.6887451866128818e-11,0.7621034351515924
386,0.0762380861855347,3.782283468020827e-11,0.08705881736338959,0.053180841415993635,0.016339855597151186,3.784000766773996e-11,3.7823297896766466e-11,0.7671823993244448
387,8.108438039989451e-08,2.1888531419742294e-09,0.00015348959309747926,0.009458692708541482,2.2407333711554347e-09,1.3181550937588094e-06,2.1868813958730357e-09,0.9903864118424189
388,0.35772082074150086,1.866676826455487e-11,0.23791438096166515,0.0586095560700113,1.867076618795777e-11,2.0673372893929842e-11,1.866665509760532e-11,0.3457552421501451
389,3.399196584474089e-09,3.3091128853125166e-09,0.00024780423590845956,0.013220626370848872,1.0435645235410798e-07,1.5139946976293018e-06,3.297290725665827e-09,0.9865299410364925
390,0.2540085760094427,1.4535922972432443e-11,0.2505703565518354,0.17054252172175074,0.06606012490890048,0.0014619285911967618,1.453574434648747e-11,0.25735649218780227
391,0.07611689976904219,7.254645565623369e-12,0.17193557254568104,0.07663978955522388,0.15806306259537703,0.0987680557340652,7.254602078665022e-12,0.41847661978610146
392,1.2942991823318056e-11,1.294168206122518e-11,0.26378390176956523,0.3199407423490334,0.19150041017693983,2.3048670890832007e-11,1.2941515127708901e-11,0.22477494564258665
393,2.161451150649776e-09,2.1216471854099732e-09,0.012715328549019259,1.9403954562246457e-05,2.1213214486850261e-07,0.00010351111033181494,2.116755838158407e-09,0.9871615378540876
394,2.419041022513142e-11,1.9735343462268646e-11,0.37684174360984546,1.9739772676741664e-11,4.958329279332855e-11,0.3104459226285707,1.973477071026832e-11,0.31271233362860035
395,1.220936454116003e-09,1.2196118640785e-09,0.0002071527418678017,0.9932845376635624,8.694531510131187e-08,2.6912981184312233e-06,1.2151594266971988e-09,0.006505527695428666
396,7.148474841331634e-11,7.14441195343425e-11,0.2713568413011103,0.15198525325169074,4.40355374925003e-10,1.4440423330808736e-09,7.143165809207033e-11,0.5766579033484407
397,1.8726235875959217e-09,1.8544871556996392e-09,0.04380790430136733,0.0005345760559041591,2.232446006603833e-07,3.192075072277102e-06,1.8458568345005514e-09,0.955654098750088
398,3.580988051220979e-09,3.491938967882133e-09,0.01612035833442809,1.9774329574138102e-06,4.935863200815182e-05,8.597437682778182e-07,3.4665743341868934e-09,0.9838274353173367
399,1.5603090131016373e-09,1.5508947894322156e-09,0.049880022339922545,0.9481950872084889,1.2982189334656178e-07,1.037338845913386e-05,1.544183798585154e-09,0.0019143825858483697
