oos_period,model_1,model_2,model_3,model_4,model_5,model_6,model_7,model_8
150,0.01566696612939151,0.5756175379978786,0.06071198301261815,7.050172857345712e-18,0.24050122335988808,0.02287791319794135,0.07828442784750561,0.006339948453776643
151,0.007671821746459906,0.59005986009982,0.09280481337853533,0.020107399529928117,0.23465580683333145,0.008025174020486154,0.04057706515894126,0.006098059231497601
152,0.008258608961173709,0.5796570801588196,0.10029175072590726,0.022170119674787124,0.2358355671801548,0.006475670285263028,0.03623384086427541,0.01107736214861922
153,1.081732512887437e-18,0.6111767554154114,0.09273170040546852,0.024495641257404607,0.17915696958174315,0.006753461906240972,0.07351534330707443,0.0121701281256569
154,0.0,0.6130857449011312,0.09076361389886826,0.02638406804967532,0.17597788207019074,0.009423682714441847,0.06963605585869138,0.01472895250600115
155,0.0,0.5909722734177377,0.07974601956910161,0.027493121829717363,0.1713370164562222,0.00874620950706646,0.10680783165870697,0.01489752756044763
156,0.0,0.596044678058982,0.07295722193503099,0.037552029825127856,0.16527195663755875,0.004132556408096155,0.11497901568958031,0.009062541444624005
157,0.0,0.5981182197333015,0.06976587290428113,0.03550954866262759,0.16593690560866226,0.0038780370771851584,0.11823077576291331,0.008560640250028955
158,5.930451435706337e-19,0.6084666420024654,0.06001959165275612,0.027571166307526332,0.1355553290000173,0.004647851148925236,0.14196253275456228,0.02177688713274735
159,8.501992206952669e-19,0.566142897961386,0.07083197441135228,0.028469686394697186,0.1510107432664525,0.015385141988557853,0.149337942562038,0.018821613414516065
160,0.0038069247329949652,0.573962212108072,0.06959454898058028,0.02216010518014682,0.1516032570156311,0.0064362252907420895,0.15080277982956183,0.021633946861270927
161,0.0,0.5947785401314574,0.06488989096337228,0.026304068358235674,0.14985049486506433,0.008517884723477526,0.13331996215011824,0.02233915880727452
162,0.0,0.5467139063034409,0.06099394421443963,0.029046513148206565,0.18049474929262616,0.04768727737768636,0.08028221700513194,0.054781392657468314
163,0.006420902846475956,0.5165060670637136,0.05702532723522716,0.03301672682500493,0.17275165696882375,0.054081729927398056,0.10611232757639731,0.05408526155595907
164,0.005014629980754684,0.46696635180553153,0.06499123153509899,0.03888381220557611,0.14628315176881673,0.07197630025901963,0.13159035826883528,0.07429416417536698
165,0.00877442151703081,0.5048353247124271,0.04791380745355279,0.029613169849124658,0.14869562590222124,0.05701468636888611,0.13312893062569925,0.07002403357005807
166,0.013978883090572446,0.5229497216013098,0.050423482872823756,0.03428707573388028,0.13775619359442054,0.06351974185123052,0.127095803983791,0.049989097270971464
167,0.018999908438681202,0.502546468426824,0.050270140982838586,0.031857627324244873,0.18421855887565405,0.040580508006688984,0.11969669894296736,0.05183008900110065
168,0.017043193922875944,0.5054522268113454,0.049386932139519314,0.03155871181810461,0.17948919920506423,0.04126414955670329,0.1245292117670384,0.05127637477834873
169,0.018092282977788105,0.5320751847496125,0.04789473141920809,0.033309602527630724,0.16805326406933624,0.04590431403239716,0.10220157791503805,0.052469042307989176
170,0.017561778501255572,0.43425546816419663,0.05827472622947954,0.0367221743105386,0.18745420979805458,0.05665248104276727,0.141627130892655,0.06745203106005274
171,0.023831306121006122,0.2232350651057447,0.062251801694694596,0.03855023879836527,0.27084288375052706,0.15291059680277358,0.1550135669449019,0.07336454078098674
172,0.00845850454875444,0.21606588215805408,0.05760932564927109,0.03829548653158607,0.2717088048355071,0.16451357910317868,0.17529958423076739,0.06804883294188115
173,0.0006471326484918706,0.186520403730808,0.053279374711239995,0.035638911306459395,0.4184041357526346,0.16038094163070288,0.10253975770528367,0.042589342513379584
174,0.0044247043692276925,0.15041688671609046,0.04981307418358438,0.040933020186669083,0.35514388751597364,0.19908973315179965,0.11622847586807286,0.08395021800758219
175,0.008579536423700443,0.14583497006790364,0.05018266836155473,0.03329934489925684,0.41819776363198635,0.16299064684032927,0.10966282751527834,0.07125224225899034
176,0.004985124171129814,0.14893720813764807,0.04967507233541752,0.04007681683796679,0.3526718028794752,0.19909944313015937,0.11713055471007117,0.0874239777971322
177,0.0073022247197113135,0.13835658254065591,0.05160727809443479,0.043959271575142185,0.3065870454402024,0.21288206835045956,0.12282626662977852,0.11647926264861541
178,0.010119397301325491,0.13727739356574148,0.05749117919879309,0.04295934936681455,0.3023247283551651,0.19875222719792351,0.12914459142595947,0.12193113358727731
179,0.028872658320658034,0.12149211359433944,0.06074665033950129,0.041207356787630635,0.3027538230003247,0.23010603435818638,0.11067627477914105,0.10414508881921848
180,0.012121320462775158,0.08743711164880275,0.04331933471161865,0.03622454968404947,0.4457284662679769,0.21793709722939986,0.03592441676925074,0.12130770322512632
181,0.014152933840242944,0.07343218807664711,0.04367719885397074,0.033989604266154584,0.488771204466651,0.18432109866975335,0.03604779054346767,0.12560798128211248
182,0.014941846820040362,0.08435673957937402,0.04887995400484756,0.03552730731671841,0.4738446162243712,0.1795995122552376,0.04408463543356623,0.11876538836484464
183,0.015095939122905874,0.08533433251805041,0.05982151031047645,0.037309390322641016,0.4990324422109502,0.18860309451486937,0.02057588813841305,0.0942274028606935
184,0.014424715465357204,0.0654729801774137,0.04533971535674083,0.03615237554158212,0.5358865359146353,0.18261280544609834,0.0,0.12011087209717251
185,0.014227323178152085,0.0448694785165039,0.03195183011516534,0.03191015476735355,0.6429909357411792,0.132648573890956,0.0,0.10140170378968992
186,0.015182813291109558,0.05431815954828081,0.03723062800943895,0.036193801994075465,0.5925908301939813,0.14979219397996765,0.0,0.11469157298214627
187,0.01660460410118898,0.054398817262698275,0.03592381971350698,0.036034089788438965,0.5940808728887396,0.14906955768363925,2.6808592780571787e-19,0.11388823856078772
188,0.013227876657108223,0.059980861658858076,0.03255415279909507,0.03754072515070985,0.5748833147303148,0.1662898129261103,0.0,0.1155232560768035
189,0.012199355685445286,0.0584144085406613,0.03833003616222795,0.036429087562322486,0.5743922684516135,0.1685692612684312,3.827080144148313e-18,0.11166558232829814
190,0.0016951722263915646,0.056698997863956185,0.02077085589722525,0.03685893036103933,0.6185151219373195,0.16438051735528866,6.137090045802493e-18,0.10108040435777953
191,0.010649540329604645,0.029577746927907517,0.004412796911104576,0.03948278159203416,0.7166225949769531,0.07959944962030754,8.220666511331578e-18,0.11965508964108844
192,0.009518580227474607,0.03355994049015545,0.005489577217337699,0.03838424331818819,0.746932355726986,0.06560228578675092,0.0,0.10051301723210712
193,0.006726241703192887,0.020917299650307166,0.007592029468625007,0.060442906993168954,0.7960879358729586,0.03359736992973577,0.0,0.0746362163810116
194,0.014469951386474106,0.0,0.004923788268609195,0.07168153781616404,0.7588209472968828,0.05852955741169696,0.008665427599864769,0.08290879021930819
195,0.011884702329494455,7.370247584738642e-18,0.0028688436890539487,0.07691696902210171,0.7392834579749682,0.05573539256572473,0.01345430011046976,0.09985633430718721
196,0.0122818516275571,1.5741577929113398e-19,0.008194374536049263,0.07039988737218758,0.7585011819913707,0.032948096531077956,0.0011579864941552297,0.1165166214466023
197,0.013033013856071562,2.392293286018699e-17,0.007742774616206206,0.06941154130335687,0.7684437587110496,0.021554340454434665,0.004346153375268831,0.11546841768261214
198,0.014749788632043818,5.870028595655974e-17,0.009050529563374233,0.06997633797912926,0.7576212444220324,0.018607970936727416,0.005143865698909439,0.12485026276678332
199,0.005801465763550088,3.6003310301448476e-18,0.012286270259596216,0.061967882734678105,0.7555675788543232,0.030236808342476093,0.0,0.13413999404437627
200,0.003713305720450778,0.0,0.021122235933637455,0.05996682420203168,0.7706190419301675,0.01724081310085914,4.056626072854e-18,0.12733777911185357
201,0.00789532167755223,2.073289444541192e-17,0.01814887503491715,0.05209552373271277,0.7802280096350862,0.01986576406572013,0.0016738259351458853,0.12009267991786536
202,0.008068399636141269,0.0,0.016943334251508672,0.026254787476506364,0.9037366287408313,0.013608178077798412,6.204658613696904e-18,0.03138867181621403
203,0.018195416818967646,0.0,0.00340394906323215,0.046155865219692886,0.7794465037534293,0.04244277419289944,0.012441282791834896,0.09791420815894376
204,0.018849903030094883,0.0,0.008252828072368268,0.0472558610754815,0.7686259830958099,0.03984563620355339,0.0034276233862937143,0.1137421651353983
205,0.01860709641383806,6.100063627196763e-17,0.010339533808469477,0.0459541553862269,0.7436711586392029,0.038594215764542555,7.037255604900096e-19,0.14283383998672003
206,0.019664931994264057,0.0,0.015040398872307481,0.015162017123356679,0.7117867635056473,0.03853972873076276,1.8355799916717252e-18,0.19980615977266178
207,0.019184198457290535,2.6723138848781463e-17,0.015570041899327746,0.0034728699690308646,0.748376984593346,0.03059069944779075,0.0,0.18280520563221409
208,0.02237271943325275,0.0,0.01676154277870463,0.007227888974078961,0.672470355150399,0.028351651200440413,5.629328027887247e-19,0.25281584246212413
209,0.0190186239357593,1.023573142306794e-17,0.021212896410208577,0.007932849089384101,0.6660632862927458,0.028582587824833663,3.016125506491937e-18,0.25718975644606845
210,0.018903104036411104,0.0,0.017498242999129957,0.0057118431921349975,0.7472699114900146,0.02712056136162142,0.0,0.1834963369196879
211,0.028676388503097526,3.691938734323153e-17,0.020819851523852604,1.2082794728732455e-18,0.7585980053000955,0.027096620879767174,9.155434042386446e-18,0.16480913379218726
212,0.0286856683822662,0.0,0.016618079356402426,0.0,0.6988405372585578,0.02420320205847317,0.0,0.23165251294330053
213,0.015838287663765476,2.635103617037732e-17,0.019237201781612184,1.643617141564083e-17,0.6753605236363491,0.02415022916880581,0.0,0.26541375774846715
214,0.017571554530753423,2.192754873412293e-17,0.021003782347716167,0.0,0.712551568682097,0.02369041355575644,6.120977714208673e-18,0.2251826808826768
215,0.02179461562946413,1.4286555360735265e-17,0.014462851866450922,0.0,0.9187601972933019,0.033511853851320675,1.0995633837308588e-17,0.011470481358462292
216,0.025519531187947236,0.001988504456049977,0.018044804414340268,0.008346306797072496,0.7971636750803595,0.037218265736097864,0.001865620204735147,0.10985329212239751
217,0.027773635790192073,0.0,0.01442773125414147,5.030799988979177e-18,0.9185251705245603,0.03570276858078467,1.2568493247028456e-17,0.00357069384932154
218,0.03275808504647271,0.004349950321291932,0.012076627304003213,0.0002755838172090244,0.8780425059880841,0.03521155767960685,0.0007266150103934541,0.03655907483193877
219,0.026854855297215412,0.004684413561836114,0.02359227667084719,0.02694086263045855,0.7509564586078425,0.03599814927617244,0.007000545216317215,0.12397243873831039
220,0.029264935220591187,0.0065731637018314895,0.023858842854963352,0.016332648172260687,0.7728002542580966,0.039095657674566575,4.7886842236851465e-18,0.11207449811669
221,0.019056299387795447,0.01691529838795411,0.01632667818890988,0.01959865014548634,0.8492719891934793,0.02964070881454815,0.015210550259010023,0.033979825621816735
222,0.04973485001536035,0.027899000226225774,0.019168091452224027,0.03870250272579846,0.6796758911551549,0.0276305596893512,0.04291429830199546,0.11427480643288995
223,0.059619142291389496,0.029848845872103028,0.013573378871735571,0.01658372665939761,0.6651084257774085,0.029488547898126116,0.06945198421144104,0.1163259484173988
224,0.06350667196772128,0.031157228807169392,0.011486954604497078,0.061937359071803914,0.7012496806266878,0.02486508931503762,0.04723304773658736,0.058563967869495505
225,0.06747452438743597,0.03622239279622376,0.009240955959034482,0.06569489057597026,0.6338580126363417,0.029389176763023273,0.06826982263975277,0.08985022424121773
226,0.06674395985174282,0.03272069465160315,0.008909441405915222,0.052740958142003705,0.7344073086392433,0.03006165863163463,0.04948881232272122,0.02492716635413584
227,0.0746920203238497,0.0348991375464752,0.0102162018210562,0.07021405286420362,0.6193214305795839,0.03235474475825857,0.08122875450776353,0.07707365759780929
228,0.06578583411239625,0.028439280364004667,0.005688118838135434,0.058140303935763235,0.6665975638397438,0.03655959065084361,0.07249840641756732,0.06629090184054565
229,0.07061891340190624,0.031584038243075985,0.005216340515604641,0.0679881524635986,0.6116954479253182,0.03686465894525458,0.08687884677610844,0.08915360172813337
230,0.07187590994853119,0.02791434571755391,0.006996831961468199,0.07912544742460044,0.6113980604263839,0.038059945507851176,0.09557106113004861,0.06905839788256259
231,0.07440942973062221,0.029794974195507994,0.006968039518846064,0.07408506377924455,0.6163737968180021,0.03873223420185107,0.09516764814067245,0.06446881361425333
232,0.06594597708428791,0.025702734640893843,0.0003996840189354666,0.06965916607115909,0.6316918904792432,0.04231263540789737,0.09145542274100851,0.07283248955557453
233,0.06576062544011702,0.025641007325761616,0.0011835333831477113,0.058280631142163516,0.6473421112358265,0.043970154112605284,0.09899518187878699,0.05882675548059128
234,0.07499135338686982,0.033253418971601036,0.00895675748968233,0.07996460928852624,0.5547450600436058,0.03368451226924433,0.13484032291293208,0.07956396563653831
235,0.087198495795708,0.03153103341534583,0.005896318100025497,0.08841076802913062,0.5817858855271052,0.03208499368786992,0.12817903948225676,0.04491346596155806
236,0.10132006800833981,0.034238068425766786,0.0030113868758135597,0.08217007806125694,0.5825758575904362,0.033259514554740854,0.12589644857730875,0.03752857790533699
237,0.09815040454960926,0.029058591372663225,0.0,0.09985640389256571,0.5762178698506506,0.027454384902355567,0.1273565614471304,0.04190578398402493
238,0.11672236233146596,0.028653201596044515,0.0,0.12615278356104748,0.5447737097369028,0.02234823043441443,0.12385311260889646,0.03749659973022846
239,0.13417284208666244,0.03290990177355828,3.9209022056141015e-18,0.19805259292778155,0.38448876225693335,0.015080966725759027,0.18980735620232855,0.045487578025976735
240,0.1521330438281816,0.038362138313929275,0.0,0.20111482020086136,0.3516375334865448,0.01482834643293403,0.19935853745854248,0.04256558027800629
241,0.13937523979450203,0.04105792247221122,0.0,0.21217858100474832,0.34099669562763046,0.026937800810348123,0.21983964044795587,0.01961411984160399
242,0.07250984309113614,0.02469537466713127,3.507230577098059e-17,0.15891781964423296,0.4476166046814165,0.03218400144158492,0.23811693046196922,0.025959426011528897
243,0.07291513674226958,0.02539735576739298,7.643254912606307e-18,0.16761484147545905,0.4383018267854205,0.03747340865978244,0.23768701024164404,0.020610420327031254
244,0.06982709818629881,0.03410763618340123,1.1019453620597873e-17,0.13776437141516343,0.4611573042409288,0.030762050651533708,0.23647886717248542,0.02990267214918847
245,0.08526896198582559,0.03983877260070121,0.0,0.20911467978948545,0.38571432664373184,0.028879119554815518,0.22654027148954373,0.02464386793489659
246,0.06694146325144774,0.042209507454613625,0.003987474475311496,0.2526830598770527,0.37286618209588446,0.03343690201221209,0.21869268909212,0.009182721740357799
247,0.05752572088065171,0.04302472982883919,0.008935822833383537,0.2752082637487691,0.32572948755178704,0.05547740836435768,0.21653276913790226,0.017565797653309415
248,0.0576817041182499,0.05135334094402592,0.007916116026767332,0.26451583676550233,0.3237833520181727,0.06070112154644841,0.21749298319868404,0.01655554538114919
249,0.0537808146347294,0.0688963267412727,0.011864674777706903,0.26688894456356754,0.3040528824686984,0.06167841390420672,0.20964334607462667,0.023194596834191672
250,0.04835838108524849,0.07815942709345185,0.027977609311741508,0.25514294672646787,0.2782086380735604,0.06395378803290604,0.20485182331716967,0.043347386358453956
251,0.049756833762768425,0.10202678114440449,0.023146686781811716,0.2469549297960062,0.2574456006333734,0.06384955557378998,0.21522074010195635,0.04159887220488949
252,0.06098991921499095,0.10150583887847658,0.026922197652951833,0.35133815274533614,0.13137041908240774,0.0771860592443166,0.2114012358761525,0.03928617730436746
253,0.05681009137116759,0.09126496682780114,0.028966201448666237,0.3844635375720358,0.13579901279150058,0.059533623871378595,0.2116067321217344,0.031555833994715586
254,0.04505014618456207,0.08696333467896912,0.027625773169185644,0.4027729734983042,0.14486974559430207,0.058052085358604774,0.20145711701289454,0.03320882450217744
255,0.043785202059280784,0.09028268388694077,0.027994073163074014,0.40133962749695706,0.14380205743089883,0.059786162503078326,0.19654161571788445,0.036468577740885764
256,0.053745745661527046,0.11312012471050766,0.02783242708092553,0.3698448605726206,0.12738152217914236,0.08207598591659268,0.169980514571268,0.05601881930641611
257,0.05205274514819544,0.09593544265323614,0.022246740386688463,0.4412429850341525,0.13010816886409377,0.07811303842294269,0.14557049830135724,0.03473038118833382
258,0.045847497675981286,0.10134676114756502,0.029436115826464077,0.40543821500514043,0.13978412690246395,0.0810202419626939,0.14775134071417553,0.04937570076451564
259,0.051644630585414936,0.09936786077992146,0.030030334856324566,0.3818707896073567,0.15037705909093155,0.08230419746845274,0.1552382358679371,0.0491668917426608
260,0.04774419907987468,0.09546321026118618,0.027772816192138904,0.38889121672119037,0.14993944546075405,0.08487052754497643,0.15526036287763803,0.05005822186124116
261,0.07681303258822766,0.15667213710790365,0.0421929296804312,0.22978164599248105,0.15580045332278417,0.09214303196975608,0.20142290950133873,0.045173859836077385
262,0.07358589464572912,0.15504023841981562,0.04692751240697703,0.23163408117518275,0.15401171445216183,0.09676561966018017,0.20453113236705647,0.03750380687189699
263,0.07434104907279261,0.1589475862562791,0.06660465587305635,0.21805074734001012,0.14474270096517938,0.09411264901289065,0.2073533604233876,0.035847251055404254
264,0.07688707060161816,0.16328486060096842,0.0743886497206879,0.18267126254138283,0.16586957878885855,0.09997310444329616,0.2102613810312421,0.026664092270945877
265,0.0771982438681067,0.1590254715718002,0.07725426949012218,0.18302888587688126,0.16837882178067917,0.09481351891468619,0.2108518785742735,0.029448909922450688
266,0.1210330611100139,0.13896626611093554,0.08822636113357533,0.148098171760428,0.16499062356929298,0.13178588965599616,0.16919489649856537,0.03770473016019262
267,0.10580039980191047,0.12295738439248202,0.0991109292859914,0.15433399096508463,0.16899601048287444,0.1739427485982629,0.14280623769943696,0.032052298772957184
268,0.10600589370138094,0.1191335341873631,0.0974790196079689,0.15340786546683818,0.1719363530990582,0.17426729280268652,0.14457341045858585,0.0331966306751182
269,0.11968010016683175,0.09462248216061922,0.09417334708482389,0.17299028716732234,0.16909530875844778,0.17594743335137328,0.14240972957901576,0.031081311730565976
270,0.1125532066685942,0.10539975607245068,0.09934917041480212,0.1723232345281193,0.15773538496290807,0.1837701013334834,0.13712588534534098,0.03174326067330113
271,0.10997411917394397,0.08799797892537657,0.10346719803264799,0.1661424678628134,0.16313019474283139,0.20664076776077325,0.12915569928113743,0.03349157421947603
272,0.11174621637836486,0.09007606698346943,0.10853913516243714,0.16032025002552108,0.1597965208613593,0.2086866799551243,0.127084075217311,0.03375105541541288
273,0.1122868365111863,0.09006364611215478,0.11580349066843097,0.14995084861058847,0.1567937525762972,0.20774974911787977,0.13025810263211357,0.03709357377034891
274,0.10616178653849151,0.09038023933601685,0.11262824252544633,0.1441222053490864,0.14927231917615075,0.23524711002327686,0.12533704776391255,0.03685104928661867
275,0.09502142476462871,0.1016730635587263,0.10658100503041076,0.13791331167595314,0.13215355498843537,0.2677345196822568,0.12649407455963396,0.032429045738954713
276,0.09628451805319442,0.10130130432472098,0.11020691526000938,0.13262891977299965,0.12974245454827849,0.27571598770517125,0.12150023047000642,0.03261966986461936
277,0.10258254951423268,0.09909500501963883,0.11082027697253449,0.12648957890224213,0.13366249774017785,0.2655251584330023,0.12213955498919876,0.03968537842797289
278,0.10572521951461224,0.08372824989667534,0.10680381170912143,0.12463989032330755,0.12555829877546762,0.28067638333943185,0.1244215846386367,0.0484465618017473
279,0.09618628730425584,0.06904013112796963,0.10708072706056118,0.12925052910587073,0.12199895557263324,0.3009181044095777,0.1169965789213404,0.058528686496791216
280,0.09490547355980701,0.07013052409349455,0.11110540974825507,0.12978519171649222,0.11963124390078267,0.2936084013769066,0.12700004074731128,0.05383371485595061
281,0.09338377691039557,0.061203002016951,0.11607832658675488,0.12409590390299614,0.11262849698089179,0.2954975344098858,0.13577123758336243,0.0613417216077624
282,0.09443284303550485,0.07348027371948354,0.11434854542468215,0.12762363314901656,0.1148692086553503,0.28006856656670265,0.1351964134617118,0.05998051598654818
283,0.09574707606405944,0.07502551926807699,0.12896050596231906,0.12213182671829154,0.1124725286397391,0.27483558700856797,0.1383161168792088,0.0525108394587369
284,0.08076475838026756,0.07058396338956721,0.11633860000496633,0.11223779525695071,0.09868131872183945,0.33897063245897563,0.1344802272369138,0.04794270454951925
285,0.07097709532991765,0.07254625976444043,0.11584164688259137,0.099875861195718,0.08496512863880311,0.36399623004365017,0.13226527912618782,0.05953249901769141
286,0.06721107181387168,0.07092445533031404,0.11940988102994367,0.10081278687440443,0.08255869823537502,0.35789538035677493,0.13609520163265174,0.06509252472566439
287,0.06290674013076133,0.0767156053773558,0.12087960645954986,0.09141240231133034,0.07505102219412392,0.3745304264487562,0.1309273438490873,0.06757685322803521
288,0.0604377640193228,0.0639136932429649,0.10976060245164838,0.09775922621332099,0.07430117473275763,0.3966810307223835,0.13536846439761446,0.061778044218987346
289,0.05492104748189084,0.06317877715180277,0.10638225050431231,0.08541095049226877,0.07831957435053491,0.4657306642377291,0.0939629277978332,0.05209380798262811
290,0.04933737171953253,0.06802132025587723,0.10544609648730714,0.0821111196180732,0.07847696224386731,0.47101175858639843,0.08834868118598384,0.057246689901960336
291,0.0463774060222941,0.061879324858390546,0.11707661033735117,0.0680514222164982,0.06739585051496526,0.5109057580934646,0.06394266822969522,0.06437095972634087
292,0.08728815344423171,0.07180466017116961,0.12824065417262379,0.06241009333690932,0.0707957241246382,0.49275978469816123,0.0384508444629615,0.04825008558830446
293,0.08622693520494949,0.07007229205877694,0.12882465560566778,0.06173015651419346,0.07157041493197051,0.4941623331639812,0.03451968876900436,0.052893523750456195
294,0.08564400534037085,0.07257331177956289,0.13003250344588882,0.060107653130685106,0.06883710751383938,0.5111500688616802,0.026154090773627642,0.045501259153344964
295,0.08050653257428299,0.07055427026707611,0.127218395522215,0.058986275181867096,0.07100058225264345,0.5223427660551712,0.018297223467396095,0.051093954678348014
296,0.08410986367621819,0.07032937196210254,0.12243718116349299,0.06108092521031212,0.07639481503284633,0.510855929776501,0.018588829289573977,0.05620308388795294
297,0.08487544624034435,0.07080254835072564,0.12215858478967653,0.06109184554726363,0.07816168292127898,0.5101298541787304,0.01701480194485855,0.05576523602612196
298,0.0914741221598206,0.06988056537159217,0.13131380193751727,0.06567666929417942,0.08598760916810205,0.506127124696882,0.0011236634431137768,0.048416443927792735
299,0.09213566444340128,0.06987015436036971,0.13050063351838886,0.06653409352723769,0.0850867077369936,0.4993001598680213,0.005921529907332098,0.050651056637255325
