oos_period,model_1,model_2,model_3,model_4,model_5,model_6,model_7,model_8
150,6.0845263309639345e-09,0.9694778873198902,6.32241368654175e-09,6.069114435693561e-09,7.045839589265234e-09,0.03033136556404711,4.947725309454945e-07,0.00019022682163775823
151,5.139241938383391e-09,0.0040439637610885735,5.035446719195719e-09,4.980016383809135e-09,0.0013549903855439567,3.122522649561577e-05,5.6025145092211734e-09,0.9945697998696522
152,4.614038155310617e-09,0.00012035514486877321,4.581743572968663e-09,4.5254589876584015e-09,0.008086009993216388,3.078916638123019e-05,5.017901380721985e-09,0.9917628269563915
153,4.184032481682041e-09,0.0013916961098515976,4.166412006482774e-09,4.120638603271844e-09,0.0046788856317837605,2.0789291816688358e-05,4.436767991383897e-09,0.9939086120586968
154,5.876825187528098e-09,0.0003968180894870043,5.806524807675831e-09,5.704849598405236e-09,0.008921796596442886,3.6422948238918346e-05,6.35289576383328e-09,0.9906449386247359
155,5.506952794210493e-09,0.00010244057323983748,5.526117079358027e-09,5.405251832765641e-09,0.9943832249506416,0.005510062358318853,4.248979345386777e-06,6.70013270513746e-09
156,3.2880459702358975e-09,0.009737644948003756,3.1301079024277745e-09,1.2419661927600188e-08,0.9898196474105934,0.0004394923706377545,3.192928778802465e-06,3.5041704303740357e-09
157,9.144254955118569e-09,0.0036345811557382747,8.506748882763286e-09,8.30159122586174e-09,0.9962740369251489,9.125225834868309e-05,9.643594352503355e-09,9.406457458743207e-08
158,8.800240354575044e-09,0.00012071579967348846,8.422198308108466e-09,8.214928460908005e-09,0.9921479441059861,0.007726876829974738,9.573838601961618e-09,4.428253159958772e-06
159,6.275972438858905e-09,6.579457822222574e-09,5.999483195698658e-09,5.886026023662774e-09,0.08974788970841395,0.9097409086734559,2.418255361578402e-06,0.00050875862182909
160,1.580707314361376e-08,2.0012252557952965e-08,1.3454223036572346e-08,1.3417325258076858e-08,3.5196362191021186e-05,0.002783850452697868,1.6074108789207365e-08,0.9971808744201283
161,0.9627245730036479,0.0001999319282564111,1.60762156323917e-10,1.606766146288649e-10,0.0019595503511838307,0.025556562361220843,1.610390040420751e-10,0.009559381873213242
162,7.497490779047343e-09,9.40472094456544e-06,7.209997530622023e-09,7.1457363648998235e-09,0.005996009768816532,0.993985485840016,9.066101079803865e-06,1.171591842760558e-08
163,4.221945965859671e-09,4.472896755633613e-09,4.156817156717314e-09,4.074492062308568e-09,6.614133683621888e-07,0.9966860385077637,8.944184097013272e-05,0.003223841311745807
164,7.223235174981131e-09,7.911958610894511e-09,7.080130929249189e-09,6.949349655888246e-09,0.0049213128751494275,0.9950571122623844,9.90275489068316e-09,2.1535795036870895e-05
165,1.0260482330970272e-09,0.0004624524683720669,0.016931011418581127,0.00024818469951376514,0.05472547499576635,1.7736322848974823e-05,3.3959477377832263e-07,0.9276147994740958
166,3.11822890487074e-09,1.3855793148634343e-06,3.065542650443039e-09,3.0239675253707356e-09,0.011197701279749894,0.9885351598710586,1.4092877374306393e-06,0.00026433477440017487
167,0.08771756396757704,2.753055952981294e-06,1.0546682838995819e-08,1.0469689642975964e-08,0.002454612381020693,0.9098213819851635,3.655426554497414e-06,1.2167358839524226e-08
168,1.4037463757473947e-08,1.7431275260675475e-08,1.4110781679003982e-08,1.4321356781719294e-08,0.001959730205826157,0.9980298350660399,1.743550924997376e-08,1.0357391747214763e-05
169,1.2712874174268409e-08,1.5897954836672728e-08,1.281322407179999e-08,1.2926410146170875e-08,1.7073017674704142e-05,0.0017158735634255726,1.5603193729117103e-08,0.9982669834652427
170,2.06321327238589e-08,4.395341126891514e-07,2.0912067227187177e-08,2.171117207743523e-08,6.920472821011396e-07,0.0019256074012041328,6.805407015919437e-08,0.9980731297079589
171,7.9428037790983e-09,7.90079712462703e-09,8.608085118209479e-09,8.083139580517955e-09,0.0024637249062799136,0.9975246964431628,1.4964242325355333e-08,1.1531151489469012e-05
172,0.01827912191643409,5.90317769649287e-07,9.341266282462969e-05,0.00011551402254466085,0.007322456425203671,0.9741419858029501,3.5533807150394143e-06,4.336547155816684e-05
173,1.9476130882136513e-09,7.631092715714144e-09,2.6444484316030104e-09,0.0006813205212860272,0.948564487919915,0.00048222550470942066,1.35570579492265e-06,0.050270598125140474
174,9.632356609579521e-08,1.6792188696701744e-07,1.6409286544540285e-07,2.174434854595419e-07,0.0007693228276572541,0.9992291608385856,2.469455422869736e-07,6.236064108640456e-07
175,1.236866800196446e-07,3.1526686906622195e-07,2.6335251182612827e-07,1.678175715661989e-07,0.9963907264635529,0.003607084164443033,4.2265475185244217e-07,8.965936196586342e-07
176,1.272587127618599e-07,2.0980540736074804e-07,2.0690857975953518e-07,1.7566362848545343e-07,0.0007342028730372271,0.9992637169614567,3.5026244966579485e-07,1.0102667279444896e-06
177,1.4726630164660917e-07,2.9278297574643296e-07,2.4649415124147607e-07,2.513902399545424e-07,1.4840004815434445e-06,0.9984121867372774,5.10409213053514e-07,0.0015848809193594676
178,8.578100247734759e-11,8.583979923831578e-11,8.581449419975943e-11,8.583885192013618e-11,0.03599273971959391,0.7977714657041565,8.588827537192356e-11,0.1662357941470872
179,6.785591844428407e-08,1.1443017152554234e-07,8.085221412153739e-08,1.3359473186814374e-07,0.9985119159195475,0.0014872215707254306,1.5232712417073803e-07,3.134495669965482e-07
180,4.729725510043684e-12,5.092186776487656e-06,4.789269704701498e-12,9.611718934605115e-06,0.0001632976511661083,0.9027608214828282,1.0496116018819344e-10,0.09706117684581436
181,1.4222666919012472e-08,1.4462703122187689e-08,1.528867671406499e-08,1.6326529670658913e-08,0.028537327786799675,3.295163493637255e-05,1.655693887891127e-08,0.9714296437207487
182,2.0397422226547074e-08,2.078740680576511e-08,2.1662191537039562e-08,0.9979116125257497,4.22969448106389e-05,3.02523539695788e-08,2.622006743552055e-08,0.0020459712099977875
183,1.4543734697930552e-08,1.4710986619143149e-08,1.47582712878907e-08,0.9975752812328187,2.2206225144018765e-05,1.855876552733479e-08,1.7136010157576003e-08,0.002402432834269051
184,2.429986100440407e-09,2.4166900257528207e-09,2.4085423053241504e-09,0.9834777784084224,0.00033769835626824303,1.7000344841544988e-06,0.00012045818014857618,0.0160623577654581
185,1.910693732262848e-09,1.9301568605316343e-09,1.9019963131754204e-09,3.687631617396207e-06,0.9243119957387473,0.0006305769761286649,1.9912752171811666e-09,0.0750537319193845
186,1.978073077291272e-08,1.95144352040403e-08,1.9755350267034412e-08,0.9990572289951561,2.2429625626554494e-05,2.6357282660884275e-08,2.505275693181465e-08,0.000920230918661554
187,5.313429037810589e-09,5.127237703288261e-09,5.089448971269384e-09,0.998333135152357,1.063129989983597e-05,5.630290948121988e-09,5.663786822114953e-09,0.0016562067235496123
188,7.423708051869287e-09,7.649456671297117e-09,7.47132374026112e-09,0.997362431200615,0.0026295886116937846,8.333182921569535e-09,8.157885398048918e-09,7.941152134459702e-06
189,9.068229022419775e-09,9.200524442722684e-09,9.010273820022066e-09,0.9987344266094236,0.0012552728568401986,1.0092106903077714e-08,9.968835307590119e-09,1.0253193766649542e-05
190,4.9793799026820685e-06,3.3181532149540036e-08,0.0003629687576577426,0.9955268952851566,0.004071956211971154,6.891498059030188e-08,5.2051892957824434e-08,3.3046216906206194e-05
191,5.65996210804651e-08,5.6691063126459205e-08,4.698195757826716e-08,0.9999077339671639,7.311862433413494e-07,1.1625866095141953e-05,3.318925743968529e-06,7.642978211186505e-05
192,4.750281953919366e-08,5.468121976535042e-08,4.04004250742642e-08,0.9998687419845413,0.00013088790036688307,4.9971871487471763e-08,7.251949992055894e-08,1.0503925592712598e-07
193,5.0039834526887736e-08,7.23984178999634e-08,3.835037191984684e-08,0.9998082598019116,0.0001913440909165964,4.444769365604001e-08,7.919567609727688e-08,1.1167517777017064e-07
194,1.740557326773665e-06,3.7224715773223395e-05,1.94882498423939e-08,0.9998028420778414,0.00015794879711128788,2.0573271796119734e-08,7.738152097764968e-08,1.2640890468960854e-07
195,8.398955581112115e-08,5.890698297057161e-08,5.4310930553032496e-08,0.9998651592931355,0.0001343113919065582,6.44150043233878e-08,1.1100494048477231e-07,1.5668754383413765e-07
196,1.0765009735362238e-07,6.759595981019829e-08,5.983899689919372e-08,0.9998453735694274,0.00015396709021622384,7.973906275698351e-08,1.435017009513968e-07,2.0101453870560372e-07
197,3.3677673736854636e-07,2.2148849212120164e-07,1.1892401542815738e-07,0.9996583244644497,0.0003393865051119453,8.07086513366952e-08,6.428341205837303e-07,8.882984215982558e-07
198,8.901137556331585e-08,6.240396910215372e-08,5.1634944247365094e-08,0.9998803758328374,0.0001191426354370759,5.037744879555463e-08,1.031207379766985e-07,1.2498324985859847e-07
199,1.252513313632571e-07,6.870598509881949e-08,6.97193229671778e-08,0.9998506006728206,0.00014875053775391424,6.320122125829767e-08,1.451083399285225e-07,1.7680322490908075e-07
200,1.3559898516906007e-07,6.997967144050191e-08,7.131761179454705e-08,0.9999330352308906,1.9394084823387163e-07,6.708948887542301e-08,1.4723433432663142e-07,6.627960816941516e-05
201,1.1157456537019729e-07,5.173774278608511e-08,7.250338501079124e-08,0.9998499386636067,0.00014950896540749355,6.232141567356146e-08,1.1740881514153416e-07,1.3682506193001726e-07
202,2.206566539302293e-05,8.555865128057881e-09,8.558189858856585e-09,0.027497545047190534,0.8554652771148361,8.55701903480924e-09,0.00955535817470845,0.10745972832679795
203,1.1801453094322862e-07,5.7523580488971287e-08,6.145964269048581e-08,0.9997198327424587,0.0002796221857431207,5.692621676527437e-08,1.27890393919757e-07,1.2325743341088135e-07
204,2.9825762940149225e-05,1.0056322311830877e-07,1.2521708097924217e-07,0.9996494566990859,0.00031974778916375176,1.0531505720688169e-07,2.705830573214044e-07,3.6807039165453966e-07
205,2.600976104756017e-07,9.52957967153326e-08,1.250833320460395e-07,0.9998243612319636,0.00017449065020226146,1.0381198082678016e-07,2.478288474506465e-07,3.1600026659826957e-07
206,1.7981790969954338e-07,7.9179898714831e-08,1.0827061430460352e-07,0.9997209492643109,0.0002781999439101095,8.053544562087486e-08,1.8861725793621634e-07,2.143706527436142e-07
207,1.0080972228033636e-08,9.073793603865234e-09,9.371237752205085e-09,1.161925863288045e-05,0.9891233968986476,9.080413560349654e-09,1.0262742162975829e-08,0.010864935973560254
208,2.986462682806494e-07,1.2764673826423993e-07,1.9755292511452803e-07,0.9996306223977246,0.00036763517265624927,1.3222248434263167e-07,4.394151662500298e-07,5.46946036910003e-07
209,8.034729172547669e-09,4.2152502802874485e-09,5.515395512497729e-09,0.9093808680652433,0.09013179532999327,4.645993347558885e-09,0.00048730458061278407,9.612782335909336e-09
210,1.951696426757652e-07,9.676993932102677e-08,1.403280886382755e-07,0.003340241405590552,0.9966584984470787,1.0650081964634841e-07,3.4028874796365625e-07,3.8109009259940286e-07
211,1.4777936774170472e-09,1.4574201551024727e-09,1.4689852644199195e-09,0.012301415555069523,0.9050993999635695,1.4595668583882614e-09,0.0007851343896408426,0.08181404422795424
212,9.592331929608412e-08,1.1131226337868975e-08,2.268666756142163e-06,0.0001070949961408717,0.9519739954970791,1.135469699784381e-08,0.010144830526176261,0.037771691904605005
213,2.360559881296951e-08,1.8516544829789772e-08,2.001153399555183e-08,4.008783970180695e-05,0.02085846900980303,1.911697934640669e-08,0.04073715413218312,0.9383642077676551
214,1.7940891606244777e-08,1.5067323017503108e-08,1.65160420465852e-08,3.0241812909799852e-05,0.015293410824532321,1.539160217378317e-08,0.010484374883505959,0.9741919075631931
215,5.036460848409923e-06,9.54286131431468e-10,0.0017197961902347745,0.040389003261622765,0.9546959832865528,9.556162680644809e-10,0.0031901779228691155,9.679698100123753e-10
216,1.8680778895271716e-06,1.1783095822059234e-08,1.2069039825038676e-08,0.0013908384549759566,0.1733543774762573,1.1882789119182803e-08,0.8252528666601596,1.3595792808164823e-08
217,0.0001230654008138008,1.7988374477148953e-09,5.4349951314292076e-05,0.012732341300915646,0.7639546235971802,0.01117077492322154,0.21196481378391524,2.9243801808071933e-08
218,3.018539774082979e-06,1.0944230333172867e-08,1.1451877807471317e-08,0.0015758701062897212,0.6633227303589033,1.0920742239326513e-08,0.3350983346719095,1.300627314040609e-08
219,4.3040933732567626e-11,4.3004104339228576e-11,4.301715857208354e-11,0.2644282229463168,0.23529596454715845,4.300788876529218e-11,0.299515313862819,0.20076049847163577
220,1.117887134847627e-07,6.051202479389537e-08,8.528041064508663e-08,0.9993337496505986,0.0003407005771585904,6.496568841617203e-08,0.00028667750009659786,3.8549725308916077e-05
221,2.343498416208777e-08,2.341602002527805e-08,2.3421997073110456e-08,0.018180840286045934,0.9033353065350666,2.341861165583882e-08,0.07848369540602927,6.408124530749045e-08
222,2.0761488381588766e-08,1.8192445300655888e-08,2.0217469386447952e-08,0.0356329934413413,6.987893643072263e-05,1.837619784954042e-08,0.9642438719257488,5.317814887823182e-05
223,6.2221326616232156e-09,5.969917530367434e-09,0.014236315881938716,0.0010835101538579984,6.005815535920563e-06,5.985501423877214e-09,0.9846695944817107,4.55548940510639e-06
224,8.307461826461034e-06,2.9302524777059947e-09,2.93802574866795e-09,0.5561429906460816,0.43776151919928513,0.001216758769302781,0.002665995646740612,0.00220442240848519
225,6.675324842364038e-08,4.5589716166167544e-08,5.293023860590889e-08,0.9988535800230125,0.0004213078509151877,4.7139460360752626e-08,0.00046119075483292646,0.0002637089585758823
226,1.4075374105541364e-08,1.2303869133309478e-08,1.2543181409626358e-08,0.04301720724006801,0.9569415742356826,1.2297506046139926e-08,2.7240245516336198e-05,1.3927058802396987e-05
227,4.1420045219698245e-08,3.133306245240341e-08,3.3791175537522305e-08,0.9994822368596159,0.0002408253807080227,3.1084734177690404e-08,0.00019176767767141166,8.503245298723432e-05
228,9.543919263082957e-09,9.257755124220297e-09,8.99030198017165e-09,0.0070894971360992145,0.9928929909999461,8.942487741671033e-09,1.1490186482589899e-05,5.984943008031433e-06
229,4.152851772171805e-09,4.142975829411261e-09,4.142187019006482e-09,0.010420436156634913,0.0039340965272609985,4.1410366207388e-09,0.985645346814193,1.0392285983164694e-07
230,1.4446284013097165e-08,1.313736803761914e-08,0.06716793390306108,0.9270319923653706,0.003274168164101858,1.3342817728665323e-08,0.00248355873213008,4.230590886668189e-05
231,1.7020784903245687e-05,4.1448539954739115e-09,4.129926452055835e-09,0.9850708270124925,0.014912130814159427,4.182751178906612e-09,4.246654674587512e-09,4.6842586376467976e-09
232,5.285171035594212e-06,7.201511103776428e-09,7.289995743153421e-09,0.9930381949918579,0.006956483159306883,7.3261325519138674e-09,7.595089007745666e-09,7.265071302052326e-09
233,0.00015859726932151752,1.3842691275787481e-09,0.005408452559259771,0.9636244788296684,0.03079618101702398,8.652930647634127e-06,3.5777133335509518e-06,5.829647603174932e-08
234,0.00025312740189545953,1.0021282835415613e-09,9.978502531587185e-10,0.9591224557269086,0.03799851099930289,0.0026197910419047004,6.111828735334416e-06,1.0012745124705703e-09
235,3.726766865100215e-06,7.464120802392291e-09,7.000317730013412e-09,0.9965876518194763,0.003408585007944105,7.167728774135547e-09,7.476154901362565e-09,7.297392268995724e-09
236,1.93603600140812e-07,9.337134399322331e-08,6.162820101589697e-08,0.9983392526411478,0.0011862606286105097,7.809559830973992e-08,0.00047399163880914994,6.839268912906657e-08
237,1.1831488508968739e-07,2.863597297144774e-07,5.449863180311747e-08,0.998738519250522,0.001214621228829079,7.423894384024402e-08,4.6266205157168516e-05,5.990330131653726e-08
238,2.5486381899567885e-06,7.368141162851478e-08,1.178322865177964e-08,0.9943773781664395,0.005619950552674586,1.2255235514090825e-08,1.2767178648055632e-08,1.2155641533793357e-08
239,2.4139652811404942e-06,0.0003256275519372405,3.889447178184258e-09,0.9987357536098175,0.0009358856488012832,3.0730439233204184e-07,4.1314394721838626e-09,3.8988838125258e-09
240,2.17961169876119e-06,0.0004882221024971726,5.684964171783035e-09,0.9980462057793507,0.0014633628167266047,1.2354990154056563e-08,5.94589352856666e-09,5.70387890577449e-09
241,3.8319762781497927e-07,0.000854294549989088,1.6577885318412696e-08,0.99827876538364,0.000866479783512838,2.518114685677692e-08,1.8651281955812293e-08,1.6674916062057126e-08
242,7.310954134982731e-06,0.000137430019805418,4.2836323410026243e-07,0.9994779731955385,0.0002541713838767314,1.3936412234854725e-05,0.00010815365776379544,5.960134114914033e-07
243,5.657078526641687e-07,3.769850132468184e-05,5.798901921936982e-07,0.9999179832994773,2.6352046607517302e-05,8.926351111081263e-06,6.543577328655925e-06,1.3506261058674405e-06
244,6.787528176311878e-07,8.190043968266324e-05,7.001227100251254e-07,0.9998512126334308,3.926050522622047e-05,1.5204217540475944e-05,9.8920582922377e-06,1.1512702999490676e-06
245,5.127228123793904e-07,0.29847557593478513,4.0088265269876154e-07,0.7014888082223223,1.1227387955051193e-05,1.0673153732039591e-05,1.2352676704395749e-05,4.490190359170841e-07
246,5.369366897722006e-08,0.9995628301696661,6.032570538695941e-08,0.00043675688518970946,7.53141900701626e-08,8.121377193391497e-08,7.725019924219615e-08,6.514760867571306e-08
247,3.542973386728927e-08,0.9995463375806503,3.6308501597139164e-08,0.0004533452584593462,6.88288305764084e-08,6.759928271856803e-08,6.903772922843423e-08,3.9956812399501016e-08
248,3.2647831240850537e-07,0.9999426194103078,3.934854899598456e-07,3.441641495289962e-05,3.210349187650398e-06,1.2534782186104177e-05,5.771552938426353e-06,7.275266247153296e-07
249,3.1562241778689196e-07,0.9999525118851232,3.362103259284177e-07,2.7084981310124173e-05,5.118300286017888e-06,1.1141656208931014e-05,2.7829050833200696e-06,7.084392447258697e-07
250,3.185046238138275e-07,0.9999584720912214,3.850394901349367e-07,2.102932734690581e-05,4.342855377026683e-06,1.252575939849819e-05,2.2731326471066557e-06,6.532898952467926e-07
251,2.6106529242705465e-07,0.9999475009180792,2.453786538995391e-07,1.596788416610216e-05,1.4778672901055926e-06,1.4618620548872178e-05,8.911243374334664e-06,1.1017022595241302e-05
252,1.505014481672265e-07,0.9999087017099538,1.277283856001697e-07,3.648957823772042e-05,2.0433702208573394e-06,3.1231275851900905e-05,2.107867691779173e-05,1.7715898405013228e-07
253,7.284745981546199e-08,0.9999201170028967,7.337322361290491e-08,7.910035933645326e-05,9.527335132053954e-08,2.8260441170316923e-07,1.706381849781973e-07,8.790113533527454e-08
254,1.1307519715754108e-11,0.24978283799688553,1.1306677671791538e-11,0.5384917666330507,1.1307629625740652e-11,0.2117253953135262,1.1308945227980738e-11,1.1306889845802435e-11
255,7.236457519554202e-08,0.0015750402113169212,8.039090503853105e-08,2.5303534035787643e-07,9.174831906586601e-08,0.9984241857682922,1.6333470748046988e-07,1.1314654389998039e-07
256,9.94825540932911e-08,0.0007543023965685187,1.1731389113116492e-07,1.1966910620596433e-06,1.8444448511119342e-07,0.9992436884512099,2.922331052556749e-07,1.1898712389008009e-07
257,6.907363426529515e-08,0.00020852242443306245,7.657469499160408e-08,1.8214747452672587e-07,8.701821150920331e-08,0.9997907449128637,9.84793047991272e-08,2.1936938316201077e-07
258,1.0112688043961601e-11,0.6225202399683565,1.0119134039077375e-11,0.36213205869623216,1.011616278708328e-11,0.015347701284824341,1.0127497951612503e-11,1.011154088210537e-11
259,1.2757135771609113e-07,0.9983255077909312,1.760786067068552e-07,6.182203568672451e-07,1.9251340312769644e-07,0.0016729258584714385,3.262549882506033e-07,1.257118847333108e-07
260,1.597210622581394e-07,0.0001339488470281258,2.3254331980650002e-07,9.70148165708631e-07,2.7445033974735346e-07,0.9998638825962799,3.7450700145010093e-07,1.5718680294605667e-07
261,6.749579697848387e-08,0.0002407915277765209,7.180722274344466e-08,0.0010890408802824447,0.00036370037483618906,0.9980202187786107,5.629649780193201e-05,0.00022981263767250305
262,3.897456448606055e-07,1.940730309805391e-05,9.183602752193459e-07,1.0959004640783808e-06,1.5281385675359405e-06,0.9999731120913677,3.1281483010222155e-06,4.2031228145623344e-07
263,3.6125200728512776e-07,5.543802914921744e-06,7.423121352302566e-07,1.083950876679706e-06,1.8295788641730298e-06,0.9999816694213466,8.37305266315247e-06,3.966291920225099e-07
264,1.2803260864789282e-05,2.6316023333940235e-05,2.405981160778765e-06,2.793278165219957e-05,4.276451618590702e-06,0.9999129775777436,1.3057179289903811e-05,2.3074433618292046e-07
265,4.823188497150693e-07,1.144221049479337e-05,1.8356849357484569e-06,4.1869215058615243e-07,1.2094135425430324e-06,0.9999795669005992,4.610731635729587e-06,4.340477917233875e-07
266,5.111928881490216e-07,4.48781587975827e-06,5.286387698044322e-07,5.466828258698835e-07,7.927893927108363e-07,0.999988078903431,4.606275733747735e-06,4.4770107902367114e-07
267,1.6463623487593521e-06,7.244727069329138e-06,7.789997879711928e-07,3.1618904265430293e-07,4.196740904173085e-06,0.9999823689921479,2.4036178833754147e-06,1.044370815982333e-06
268,4.3679304585164866e-07,5.9965053579285895e-06,9.125458300802111e-07,3.871561173478897e-07,1.728691649908058e-06,0.9999868768600189,3.070358550706827e-06,5.910894293724452e-07
269,4.773085954248208e-07,3.5223926903511865e-06,4.5579726450125707e-07,3.44322656809696e-07,1.1657804183466777e-06,0.9999837898216509,9.20038057808558e-06,1.0441961456896665e-06
270,3.3377305599649774e-06,4.1876392555422156e-06,4.0648717913177836e-06,1.0614961995830738e-06,2.9630533359032195e-06,0.999964379593736,1.457058065515168e-05,5.435034466613259e-06
271,4.3733877965815274e-07,3.922395874405343e-06,4.265973730724492e-06,1.2784455782236276e-06,2.0487263525935213e-06,0.9999714385037285,1.243390739119105e-05,4.174708564855608e-06
272,4.997195918644067e-07,3.5274382184465742e-06,1.8492722075881971e-06,7.43912971650692e-07,1.3231025588761542e-06,0.9999807625366857,8.977390633751265e-06,2.3166271321995857e-06
273,9.999523493659513e-07,4.5919515674100465e-06,2.634183782205034e-06,5.43227469848857e-07,3.0460021960694902e-06,0.9999729324975911,1.3232843678769653e-05,2.019341365262385e-06
274,4.862317957875977e-07,3.6275094142457493e-06,5.020433598988497e-06,7.471017868359835e-07,1.5501416253982091e-06,0.9999755663428992,1.1104087049493464e-05,1.8981518300579917e-06
275,4.905349925630125e-07,3.826578378696957e-06,5.533016320207994e-06,1.298435977805653e-06,1.4712873037333942e-06,0.9999610446790581,2.210569508946773e-05,4.229772879383866e-06
276,4.849285151670301e-07,4.116516758921744e-06,7.844928668011146e-06,8.037397278823104e-07,1.1710156325822465e-06,0.9999682300859303,1.5260509688332775e-05,2.088275078886768e-06
277,4.969318828091807e-07,4.380202462097618e-06,6.858700076384315e-06,8.704367690101845e-07,1.6257732147072306e-06,0.9999717251894381,1.2238323799286199e-05,1.8044423576794598e-06
278,4.262224644221268e-07,4.091045412593078e-06,1.0755978876582391e-05,7.986784126519475e-07,1.2489272550403e-06,0.999971681551519,8.774102773069973e-06,2.223493286564982e-06
279,4.313357928683413e-07,4.196038178484803e-06,5.512063927965438e-06,1.0873137763684862e-06,1.4666618763903065e-06,0.9999687959259257,1.578646848652849e-05,2.7241920357309807e-06
280,4.860640257899072e-07,4.085611854503775e-06,1.017126810065164e-05,9.448859392130309e-07,1.5196628577686029e-06,0.9999617655075477,1.8519860127258958e-05,2.507139547213372e-06
281,7.520919848316817e-07,6.406999198722259e-06,2.5815308961383857e-05,6.512854055644416e-07,9.243393559267713e-06,0.9999246845391864,2.359937002057501e-05,8.847011683353388e-06
282,2.9167037486828294e-07,5.209822615933026e-06,3.1921741112726086e-06,4.1343085210755146e-07,6.625646893597002e-07,0.9999863324756386,3.2625806611972803e-06,6.352810566160739e-07
283,6.856624693057653e-07,2.37332513656749e-06,2.1578559464028462e-05,1.153921209809209e-06,6.729834646197942e-06,0.9999294201733882,3.316414031923167e-05,4.894383366720757e-06
284,2.005251518072696e-06,0.7540621762500666,0.0004154548937689254,9.351320307211965e-06,4.6125575012809967e-05,0.24414523911524463,0.0012908346058349372,2.8812988246894336e-05
285,1.888024878172811e-06,1.0477754949541062e-06,6.742699731623333e-05,1.8505779806591516e-05,9.068212741091808e-06,0.9998826923241043,1.2395371616167716e-05,6.975514042520384e-06
286,3.9736373412033003e-07,7.414325219877699e-07,5.823281289107794e-06,5.088714662683233e-07,3.07726528903741e-06,0.9999776508684405,9.990447265796903e-06,1.810469993304572e-06
287,4.202240357610424e-07,5.717050286373249e-07,3.0652982713181675e-06,1.7051636958307402e-06,2.714554087671918e-06,0.9999807847671247,9.36337927518788e-06,1.374908480892557e-06
288,2.4610791288331096e-06,1.9178449942768337e-06,9.97240377532542e-06,6.542179726172593e-07,7.289304348502909e-06,0.9999643155220834,1.1266662521940589e-05,2.1229651751309448e-06
289,6.011071176929232e-07,9.132791743064851e-07,1.5799392093746123e-06,6.385621685100344e-07,3.3571535994916803e-06,0.999981156574667,1.0241992506996727e-05,1.5113915567272258e-06
290,6.253646445168745e-07,4.5644845483361647e-07,2.32148072222439e-06,1.5965433711021282e-06,3.8131563823354155e-06,0.9999790252281906,1.0775495424796215e-05,1.3862828095923644e-06
291,2.214871608716318e-06,9.360943619639916e-07,3.2313642955741188e-06,4.802114558035964e-07,6.626247057104981e-06,0.9999710072380963,1.2757528220363949e-05,2.7464449042766705e-06
292,2.1961651373598224e-06,3.7225613867432943e-07,4.163922557122036e-06,9.05322251597997e-07,8.532161653423336e-06,0.9999673887600464,1.4392046671576103e-05,2.049365543898453e-06
293,5.778316441129704e-07,4.1673048051496664e-07,2.9171420041413985e-06,3.5762210857436194e-06,7.131503711208771e-06,0.99996967094247,1.4403742414997725e-05,1.3058861892484179e-06
294,6.001135750176635e-07,4.1299772841466114e-07,4.0971909899334385e-06,8.887652373869963e-07,6.186556113068049e-06,0.9999704467605797,1.583223741571901e-05,1.5353783608520218e-06
295,5.258215864047966e-07,3.5603461336204777e-07,3.4753939686158327e-06,6.925362874848718e-07,4.913749440519036e-06,0.9999764041330477,1.240530095079728e-05,1.2270301051058388e-06
296,8.662599119944465e-07,4.5692559390716567e-07,4.488403342418286e-06,8.315524401336065e-07,7.854420105148836e-06,0.9999730862175307,1.095694498085648e-05,1.4592760950386465e-06
297,1.008503730686527e-06,4.6271333157516185e-07,4.577817609681211e-06,1.4739171325405553e-06,8.91872161744499e-06,0.9999702251931741,1.1729508898528351e-05,1.6036245054136323e-06
298,1.4775157260252356e-06,5.130451669912549e-07,4.117021009686124e-06,7.17033383534482e-07,9.13540769790721e-06,0.9999707459653261,1.1949357049468276e-05,1.3446546403478085e-06
299,1.173470877915813e-06,3.823647862442177e-07,3.1215264320055276e-06,8.77997362912813e-07,7.904948951916281e-06,0.9999737096673479,1.0733810209209147e-05,2.096214031958428e-06
