oos_period,model_1,model_2,model_3,model_4,model_5,model_6,model_7,model_8
150,2.724854600989412e-06,0.26865891701403166,1.5385466626129262e-05,1.6632846581727803e-07,0.21476909279666312,0.07282225096118122,0.19886791626280445,0.2448635463156265
151,0.00017420223224864258,0.2921059695667322,6.070271498328533e-06,9.61008899938806e-09,0.20268174025647093,0.17161444842632145,0.04675477399011275,0.2866627856465267
152,2.0770018077394466e-05,0.19391518900996949,5.454597335388449e-06,5.864797214833392e-10,0.26390805547448687,0.13996486606158234,0.050958703256371723,0.3512269609956972
153,0.00012973821179267708,0.17797882192064463,4.61226795065283e-05,1.2035260666514611e-07,0.22645716957975634,0.15962966966204606,0.046113673443115615,0.38964468415053155
154,0.0003634710920885855,0.18842859728196382,5.552218029825811e-05,1.8726266593683727e-09,0.2541471252659319,0.15513734273945332,0.07202799388857457,0.329839945679063
155,0.0010014406095819979,0.22078823995382177,0.00015829074786062171,3.4817700669858184e-08,0.3604017327786448,0.17255803595969813,0.13734852950172616,0.10774369563096588
156,0.020381028791364,0.21448506167854206,0.00010974651758813499,0.003750357360445499,0.3115308852404723,0.332790038738975,0.10007859146159932,0.016874290211013696
157,0.012469124519844487,0.227111886042675,5.612406186474803e-05,2.911808821657422e-08,0.33992987147615084,0.17156416915536543,0.124462378204857,0.12440641742115431
158,0.00763828630935971,0.22250688456382187,0.00010899426383710653,3.6365704083716165e-08,0.31846824329019185,0.20823985993891012,0.11065084857277507,0.1323868466954002
159,0.016412384290081298,0.13699245336430377,0.0001370889625032022,3.1044214895905986e-08,0.3028240161342958,0.24554223773360756,0.1426431296163045,0.15544865885468911
160,0.04636287142529224,0.16625599440684966,0.00018975300802873973,2.3336996870962908e-05,0.26691718203698706,0.2744610398298538,0.08099247049787993,0.16479735179823762
161,0.38670956466042267,0.12956074471426252,9.833261204251298e-05,5.42232297105473e-08,0.17299842740229673,0.10283232930473378,0.032310035780164635,0.1754905113028475
162,0.007072677784094383,0.1928641775156255,0.0005233287052362216,2.249292787487656e-05,0.2874972370264391,0.33641677948884613,0.12271171230964553,0.05289159424223829
163,0.003926554843454605,0.10648960424518002,0.0008510468806894418,4.0889667387040655e-08,0.15633190814630427,0.45039529824884267,0.15038385807103413,0.13162168867482738
164,0.0032664825809103,0.04093306204272145,0.0017725634822371788,2.92119650997808e-06,0.18788270938694673,0.4405209904577649,0.15353310440818083,0.1720881664447287
165,0.0006934100198893849,0.004190531035812389,0.9349110094805881,0.0038798695116816833,0.02850670411273865,0.01115794801889628,0.006827490310668065,0.009833037509725369
166,0.010733008679214432,0.13105529119403617,6.96810705246082e-05,1.0654693209341987e-06,0.2571866390083783,0.27471023937113587,0.1293424129743964,0.19690166223299335
167,0.9891828095955616,0.0019095558470490145,9.913837900448286e-07,1.1898034597859995e-07,0.0029866775667178563,0.002677318334404914,0.0012632632608024904,0.001979265031328232
168,0.00011488517097122025,0.14273230017315064,0.00038253251505365043,0.0002144364477792811,0.21830856100754847,0.3310063143656984,0.13263807428660326,0.17460289603319498
169,0.00010218138435828334,0.1570109477527549,0.0005017798120519482,0.00039848513635361613,0.2295541955581027,0.24962152406063134,0.13588779891724231,0.226923087378505
170,0.0001897496248174408,0.07970249803020994,0.001224407711895059,0.0012102009970060904,0.13920469945839242,0.30634308042964586,0.1803225397001218,0.29180282404791136
171,5.300776149747408e-06,6.778116569768508e-14,0.00010861871849593156,3.260788302485043e-05,0.5791178532266128,0.30749770481448385,0.03423347052604588,0.07900444405511926
172,0.9999277520145096,3.3446102747755094e-08,1.6737598993293098e-06,1.2305262437119054e-05,1.418186391159173e-05,3.431290293869613e-05,2.974085570995498e-06,6.766664630011972e-06
173,2.14092584386267e-07,0.02757055170208765,0.004029683123296247,0.18348114680773986,0.2603256958147161,0.24366252518013948,0.03407940928646142,0.24685077399297498
174,1.521624951308848e-07,0.008526720225048738,0.01315280120348708,0.020099760038549012,0.31826473213537826,0.35402756966445176,0.03436929444347204,0.25155897012711814
175,2.189291725134087e-07,0.01637635601069797,0.007157154448246078,0.00019767863168360003,0.30074564769489365,0.34325606610592274,0.07984379839006832,0.2524230797893153
176,1.238828571876718e-06,0.015062171907608958,0.01470151301298845,0.005340799842968026,0.2947431314296649,0.3783574146786554,0.04147949983293295,0.25031423046660944
177,3.148327286280369e-07,0.015770493342700826,0.005425637912808183,0.0076486461094117724,0.277226833165712,0.38115012393732034,0.042992524062291024,0.2697854266370272
178,3.5959046466195714e-07,0.02499121102691,0.004138387647642611,0.023870986908532964,0.29532727682599574,0.2989067588053965,0.043696463456173305,0.30906855573888425
179,1.1011490196827136e-06,0.030203008563373494,0.00039965878540619126,0.04297516048467909,0.2650640059224183,0.33773477885722236,0.05991817612098699,0.263704110116894
180,4.965254997362127e-06,0.03422936157108993,0.009674771169091243,0.25851741190289185,0.05570112082551022,0.3994660097879074,0.012965851625540424,0.2294405078629716
181,2.7432819384319615e-05,0.0005235239403329576,0.017261953939690048,0.06399747241878519,0.3438610441909684,0.13797958820706732,0.06433836123512929,0.3720106232486425
182,0.00011294650153882504,0.0009398248059060563,0.0037607200692734346,0.29876533213875983,0.25614926542139943,0.0674477888504338,0.06764711580333435,0.3051770064093543
183,0.0003574464232303175,0.0018461854541481173,0.0019904745146093277,0.34013057727560697,0.2365854628878677,0.07622137694961816,0.07995921845599668,0.26290925803892273
184,0.0013408831576053272,0.0008079047147244141,8.745889260414983e-06,0.4271782123090051,0.2614926477449833,0.12173495762246751,0.016321270597201606,0.17111537796475218
185,7.465680845671932e-05,0.0017899214227854521,4.193371030620667e-08,0.04063751328435625,0.39261672914493995,0.16596910506354204,0.01654521039669526,0.38236682194551386
186,0.0005715740446505837,0.0003069059629590131,0.00045746450360243496,0.5222352621818884,0.19403610984004535,0.04329394697048553,0.029114120237759125,0.2099846162586096
187,0.0020560422751102095,8.521584337992814e-05,1.8786278116880008e-08,0.6606074993086022,0.20743554703716696,0.002000712663553959,0.01325068619964871,0.11456427788626006
188,9.286072039378883e-05,0.0017154290429238273,0.00016541579335191734,0.1450328080489896,0.4666731912020923,0.053805655589578394,0.032443773046542085,0.30007086655612825
189,0.0014062700949117218,0.002434477279904315,0.00033404609760389757,0.3525051709581832,0.29598594563164876,0.0501720562435149,0.04824365303350654,0.24891838066072666
190,9.164358797489097e-14,1.8828158897366242e-15,0.9999999998858101,1.1407109265648162e-10,1.332681276226874e-14,8.353600015061646e-15,5.784491288475581e-16,3.0612564081243537e-15
191,4.88003083165267e-05,0.00019517376055908726,9.313997237005727e-10,0.9323612475926788,0.020829956490372302,0.007383896685917967,0.018616420056789682,0.020564504173965912
192,0.0011254612929141475,0.0016071390979855217,4.2423944861562755e-09,0.6390838995699176,0.18506388218384143,0.0007527559308206286,0.03147255467009182,0.14089430301203448
193,0.002020766484494176,0.00588786121687761,1.1693036754225477e-08,0.6506666883224033,0.16726214343221438,1.181262486974129e-06,0.03681087655929036,0.13735047102919642
194,0.001993120070236008,0.08687473067242757,1.2146317838324904e-08,0.9023368530635524,0.0021060479596282876,3.1741194633479677e-06,0.004244947877988887,0.002441114090385709
195,0.01146206503144781,2.9498473598802114e-05,1.5144722480874225e-07,0.6184535171540789,0.1620657475814517,0.00030255281652365033,0.051740013586659805,0.15594645390901452
196,0.008924335752264053,1.697686692842478e-05,5.8416024927934883e-08,0.7792356200089177,0.09096508189478768,7.592894892711663e-06,0.03168897170537859,0.08916136246080594
197,0.0006233179029283765,1.2893166904139857e-06,2.437200728929118e-10,0.07703669933752046,0.48114480273349314,3.6110943569702354e-33,0.28813282888801117,0.15306106157763635
198,0.02564917480699904,2.9003685195933988e-05,4.932436800852414e-07,0.6957633068533533,0.10626171332778597,4.6498288436926815e-08,0.06725351933549345,0.1050427422492038
199,0.03692659023182309,1.0455223560075403e-06,1.922202572294586e-06,0.5715531149190972,0.18001283408172591,2.3709664808398958e-07,0.06088516117305832,0.15061909477271906
200,0.05637189042631467,1.4593152378262523e-06,3.4578850874793526e-06,0.6153117742493268,0.14796895702509594,1.1006626856606645e-06,0.05918625689218874,0.12115510354406289
201,0.12563031717645246,2.8717759175157786e-12,3.223716902791221e-05,0.4889819803980183,0.16264259755209162,3.9076872627702965e-06,0.11655709172873611,0.10615186828553896
202,0.12976152563655716,8.543778701547605e-09,1.2707598008776899e-05,0.048992158879545604,0.3927390056470424,7.657533762086611e-06,0.0952511648198167,0.3332357713414887
203,0.2022989406066322,7.81917290648302e-08,6.9981564459147656e-06,0.2826814436482472,0.2375216951435208,1.1429218865510318e-07,0.09677115391943698,0.18071957604179908
204,0.33620419996348305,1.9467877574866476e-07,2.018891878436425e-05,0.25951731163223085,0.17952561705177542,3.553192553204377e-06,0.07516545746818463,0.1495634770942128
205,0.07468611044585106,2.3242416045339086e-07,8.657540071334956e-05,0.4351244821065417,0.2298956730291023,1.2931473435071822e-05,0.1047844910392088,0.1554095040809873
206,0.1425576514397845,2.8512792206620705e-07,0.00020264192503704207,0.3893611470494953,0.18028900035507137,1.203273000081265e-06,0.1420627748609386,0.14552529596875108
207,0.10099202544517667,1.093000161677999e-06,0.00041936024513248486,0.2549137452529454,0.25097373283175867,6.997787636385311e-06,0.15095887661766633,0.2417341688195222
208,0.03619257576024668,2.3406422928385675e-06,0.0015929351588446102,0.27559241900368836,0.25428555276428866,1.6074142962156066e-05,0.20705473250898904,0.22526337001868768
209,0.08747144737968832,4.1158565331857825e-07,0.0013088795933001115,0.14859110437076212,0.2913259321761247,2.9727026444448216e-05,0.22651514701782358,0.2447573508502035
210,0.02693933868719044,2.6996803890818434e-07,0.0016783588587621675,0.27129339299137495,0.24373833983687526,4.085656367517924e-05,0.2255376148977775,0.23077182819630557
211,0.05385698653393413,7.768560155341093e-06,0.00729227928844119,0.23622101710789697,0.24137226953362959,0.00012061750216293772,0.25196252164115424,0.20916653983262565
212,0.1071243957055595,9.584585283050023e-08,0.006830815947336707,0.09754337129331495,0.284536565984508,0.00015170350640425343,0.25352654466393687,0.25028650705308697
213,0.26710186785387147,3.2155374341694206e-06,0.003321313055232313,0.1740108712358046,0.1558099451349881,0.0007629971740617153,0.24171058322494138,0.15727920678366628
214,0.04318014367634052,4.895703021693044e-08,0.00272075855945856,0.20028172888714657,0.24853684312707353,1.1794878360570109e-05,0.21559004844020987,0.28967863347438016
215,0.08503160425930388,5.030023091833725e-08,0.6448338684459262,0.027485452771535464,0.1121363276267095,1.7371992411065083e-05,0.07887929217102803,0.05161603243285503
216,0.11506421800386142,5.27656886920809e-05,0.0005088890874770885,0.19135176662050468,0.2335503716526416,9.923931686686658e-05,0.30108431151070536,0.15828843811925086
217,0.08428202768038023,1.4668012149388557e-08,0.016199916306071472,0.006787646032310786,0.006186625617369949,0.8762551312212369,0.005130176857869366,0.005158461616749173
218,0.1021341299630766,1.7154530598567702e-06,0.00043445845452037607,0.20868645005594774,0.2594718060531237,2.9326746787337856e-06,0.26765211140227413,0.1616163959433189
219,0.04423780954005982,3.4174075547672306e-08,0.0004901025703811078,0.21207522254357378,0.24247404343771659,1.0076045095400431e-05,0.326090680766721,0.17462203092237688
220,0.06345643367938526,4.256644135323263e-07,0.005171195532944579,0.3293620686508923,0.21207839734556158,2.2486140139335545e-05,0.22082093454469737,0.16908805844196614
221,0.10792390317558222,3.3582097262271753e-06,0.0015478192163681215,0.19106941164494484,0.2765326169066452,0.000295790885960182,0.24969101508060693,0.17293608488016635
222,0.013368419320483622,7.455772722350785e-06,0.01157316159059782,0.31091315094388694,0.22325928621852284,4.968790029551795e-05,0.2883014978258886,0.15252734042760227
223,0.009422856750075112,5.629062961770134e-06,0.7288642878754312,0.04138640377442454,0.05708421854167077,7.4189296670435e-05,0.12201974260673054,0.04114267209203567
224,0.055214615548198565,6.136912592188063e-05,0.001025940226796737,0.27269053644144203,0.2351109620744768,0.12344108162715532,0.1850544707608424,0.12740102419516638
225,0.07120347428950778,0.0002914216893540178,0.025060677627672872,0.23383948299102536,0.25676743785666506,0.0013944969393978647,0.2031322476200933,0.2083107609862836
226,0.01606275932594808,4.7531623859872625e-05,0.00017607270326499929,0.3851739131859721,0.3064053239726407,5.054489080632831e-05,0.21657184112764508,0.07551201316986283
227,0.01354349645519653,6.567138800838392e-05,0.0007358173786374,0.524641063811792,0.2224147652940388,5.7265887250496375e-05,0.18073025748356245,0.0578116623015141
228,0.030485622043199143,0.012799027296026524,0.0014577421983242723,0.28426013058419636,0.3155208007417002,0.0005862862531763992,0.24382604199953406,0.111064348883843
229,0.044351189314618,0.001173123880088366,0.0013609131321929433,0.2450742807858033,0.23168891296486932,0.0001634625428324834,0.342417788462752,0.13377032891684365
230,4.177910336988608e-06,4.209029935262183e-09,0.014769409041811538,0.06440010889096164,0.9208107443074838,6.016568726041228e-07,1.0871215953773865e-07,1.4845271343922977e-05
231,0.0048615004313367184,8.499421818363291e-05,2.724792909668202e-05,0.4961826349352274,0.49816361799986936,0.0004275408029222481,0.0002488316733370237,3.6320100269713133e-06
232,0.03164940906388245,0.000821106235853211,0.004196030451215657,0.5429417296593292,0.37636799337207644,0.010263883367088996,0.024208952489763288,0.009550895360790804
233,0.001826250060108472,4.921790633635397e-05,0.9818868169461104,0.00990404936074205,0.0036750011690857747,0.0021696775606124354,0.00047387575256329506,1.5111244441376408e-05
234,0.05301627645412797,0.0018765210546645517,9.47490738310007e-07,0.2611467372264047,0.20636335529819064,0.42805832093863755,0.048366339817283256,0.0011715017199531994
235,0.054506561094365955,0.010169684656088139,8.707293938213388e-07,0.5714393060761874,0.3487201021912314,0.0011532695926746773,0.013903590759077673,0.00010661490098088765
236,0.07059994732502234,0.00929228407104198,3.2584963961913548e-06,0.485785923639951,0.405350713162283,0.004967655597231218,0.0238648860171024,0.00013533169097184914
237,0.028157229740973257,0.02367683556253673,3.834310380051433e-06,0.49684357868388923,0.4043028393403342,0.016093622403722745,0.030689148650146318,0.00023291130801745858
238,0.022691603766771446,0.13151752268719438,4.7762734891268425e-06,0.4857837949149912,0.3201387644041157,0.008351486538723007,0.0312608325110716,0.00025121890364360216
239,0.02973876509797278,0.03311188248340511,1.6055049667761504e-06,0.6846405076082778,0.20574585411528518,0.03844374631320933,0.008317173868894119,4.6500798902196146e-07
240,0.03995764894473058,0.12463272960466636,7.523377350992351e-06,0.6572440949967453,0.12266851143913352,0.03781702414495769,0.017649190190466933,2.32773019486502e-05
241,0.029020682147552733,0.2136940139352017,1.8166338007165082e-05,0.5680623492418935,0.11982129500067835,0.04031908536025837,0.028985148071226395,7.925990518178289e-05
242,4.444578677231482e-13,0.0004032037635969299,1.4617846298892268e-12,8.707876013628562e-05,0.12021103021671367,8.658432852906944e-06,0.8792900288244531,3.40905125313443e-13
243,1.70804067477806e-06,0.28759278477119105,2.5440414861336072e-06,0.5154829333897284,0.12778842413311006,0.04580623895169443,0.023199146179745486,0.00012622049236972515
244,2.8883718539869658e-06,0.30346853859575557,4.071155171523028e-06,0.4272276721923544,0.1571714056431846,0.08138966315618967,0.030728707683115707,7.053202374539917e-06
245,5.681870048213325e-06,0.4224506241100802,5.3217839811486685e-06,0.37058831918963764,0.1107567091062266,0.06383239027843825,0.03235912398790858,1.8296736793810998e-06
246,6.648712609311197e-07,0.712279160721384,0.000547012801131512,0.20938452792430112,0.0209950954025618,0.030016973228906316,0.0252928975586983,0.0014836674917560518
247,1.5174634969842836e-08,0.555729414634593,1.421357636343063e-07,0.27791327888410344,0.05930100111289421,0.0799134371555016,0.027141720442861828,9.904596471970634e-07
248,4.2083247201453396e-08,0.5642889213050665,2.853692529544541e-07,0.2534042413239554,0.02111530625116944,0.13573010231341823,0.02545964617848202,1.455175408351236e-06
249,7.174915595761925e-08,0.6358329061485025,7.426314232396285e-08,0.14110070830379073,0.037465997598454905,0.17942217253852488,0.0061756133099550225,2.4560884736443266e-06
250,2.0387429432575127e-07,0.6477576074564251,1.8333975615555999e-06,0.1300705009036352,0.031811892456483346,0.18249276716421062,0.00785974882153166,5.4459258582341e-06
251,1.0871259644976939e-07,0.8542809369030674,2.2392405517056522e-08,0.04141998820808391,0.004033613061398068,0.08180949809866345,0.006894347348351142,0.011561485275434142
252,3.1981653926867113e-12,0.0020329695861690303,4.0425064148781055e-13,0.9407916582615932,5.1982198292491433e-20,4.623468593719854e-05,0.05712913746269825,2.3250496526812168e-18
253,2.661542032472083e-07,0.8201607049258708,2.10233179457036e-07,0.07205268965781825,4.2868975922593874e-05,0.10186795635317945,0.0058727864937172525,2.517206108980505e-06
254,7.968071956801805e-06,0.3047372324836012,8.103451334616573e-07,0.20025866113162777,0.0005102067206647089,0.47838482962655715,0.01609814462165698,2.1469988019755792e-06
255,1.7775422942653465e-08,0.4902588831852924,7.688424835761124e-06,0.14850325453133478,0.00018580893551019409,0.3475383863075817,0.012659088781389785,0.0008468720586323662
256,1.3390691225372107e-08,0.1746202507762909,5.05386475286474e-06,0.5024398250596898,9.847585719317666e-05,0.32282181433170565,1.394770076654059e-05,6.190189099673379e-07
257,8.496952563601785e-08,0.21558135716762458,1.1592211071404526e-05,0.05658942168171801,0.0002749328895872141,0.5976431317144777,0.00042257394853540884,0.12947690541746001
258,2.1784010502553445e-07,0.4471266596935962,2.55275540322948e-05,0.5363338109299439,2.8348862860667543e-05,0.009632277302502788,0.006853157808878877,8.080305666427131e-12
259,8.023838408035018e-07,0.3641764968903758,4.9990871687703926e-05,0.14999555674542925,0.0001460735248137723,0.4802293819481412,0.00540139309104073,3.0454467077734024e-07
260,2.5387302672253787e-06,0.2237129800278524,0.00014731825792409757,0.1765284530386605,0.00041911869440776654,0.5958352501425735,0.003352644934366012,1.6961739484216722e-06
261,1.2753374491908473e-11,1.6423666833682393e-13,8.913060685003884e-11,0.999999463883896,2.129517266306813e-08,5.145517220254631e-07,2.9441646929941947e-12,1.6421698163597503e-10
262,6.775621520753368e-07,0.2177430394173312,5.912309450866768e-05,0.00012398683912817385,0.0004972097145111601,0.7785285160290824,0.003045173016106013,2.2743271804025832e-06
263,1.0793504184707855e-06,0.030887601433983412,0.0001103039116081985,0.0002184146034362293,0.0015474621888254944,0.9583457885940423,0.008881645168820828,7.704748865101163e-06
264,2.7122221123282474e-05,0.006091896386653602,2.419231864004062e-06,0.0027133473981620112,0.00015661288239323293,0.9847506166734956,0.006252182736303288,5.802470004867329e-06
265,8.602355737985578e-06,0.04296365503554756,0.0009199276315352701,1.0460476700556928e-06,0.00017327591746493822,0.9476417828671653,0.008289509018800973,2.2011260778515527e-06
266,1.065776070645132e-05,0.018209473262482373,5.54220288394956e-06,4.820391050389021e-06,8.512586496347026e-05,0.9771263395957945,0.004549337362907295,8.703559211563077e-06
267,1.4308777711765097e-05,0.0014323766057469114,3.5329782817887044e-05,6.324481411132752e-08,0.0007336434943387051,0.9973773658066173,0.00038862611979758243,1.82861681558089e-05
268,7.244020682104002e-07,0.001339205029381407,8.639973612009563e-06,1.2953629612388399e-07,8.899323587872281e-05,0.9981721811702461,0.00038610655667098187,4.02009584647974e-06
269,4.786446001287767e-06,0.0010096950797325683,1.153678592824045e-06,1.2366662749396787e-07,3.9039745416210735e-05,0.9981342790453008,0.0007841035580718337,2.6818780256966506e-05
270,1.5146419975420323e-06,3.85942619842823e-05,3.9372322074719584e-05,6.108102276176698e-07,2.742909940369821e-05,0.9992695033626929,0.0005467741234642652,7.620137815495266e-05
271,5.071614429547815e-12,9.632203923840676e-05,0.0003040556624447855,2.788866364557058e-06,4.146385660705175e-05,0.996860604343897,0.0018284113423584472,0.0008663538840181179
272,1.7982677766230172e-08,0.00013225755949369223,3.6620579489367975e-05,2.2914854397971594e-06,1.422743702097448e-05,0.9992541836785397,0.0004863127910472133,7.408848629151434e-05
273,2.433933405252152e-07,0.00025664772641650863,4.8910771396340106e-05,2.1160627706704615e-06,5.3426860505540514e-05,0.9972250055729875,0.0024047416562768603,8.907956306007301e-06
274,3.9137368835796274e-08,0.0002044675861245267,0.0004218928821231231,3.367799676376077e-07,2.9278840821632236e-05,0.9981728655759741,0.0011290411251406061,4.207807247963568e-05
275,1.318323747210323e-09,0.0002750267127753432,0.0011489468710147782,4.763954974686861e-06,2.1124545726985194e-05,0.9860301908672399,0.012022178009407487,0.0004977677205370172
276,6.7542487827009216e-09,0.00020365481853633588,0.0005414776787051812,1.116902170796444e-06,5.343059033670925e-06,0.99795596095587,0.001252858020563871,3.9581810871393705e-05
277,1.9974366665843942e-08,0.00048324166235201436,0.0008746109112909141,9.039074272504528e-06,3.303943542400562e-05,0.9963269277181277,0.0021470864629543405,0.0001260347612119133
278,1.2819812908769327e-08,0.0007429105200053365,0.005803618505016215,1.0072869194251844e-06,3.107564505483267e-05,0.990341960646228,0.0029311362680599193,0.00014827830890338917
279,1.5176735597898268e-09,0.0004498616140856158,0.0013334627238291838,6.7730354885497e-06,3.56898294174679e-05,0.9937646149240941,0.003935079008307728,0.0004745173471038186
280,1.2758907056652074e-09,0.00028512168571440095,0.0013079051444536815,4.344983732050608e-06,1.9495454221245488e-05,0.9957136305877674,0.0025455600542075864,0.00012394081401301241
281,5.586622382658482e-08,0.000815624986710542,0.005762760241772606,1.6131312434140593e-05,0.00022748765344821423,0.9850027218154968,0.008059819351517264,0.00011539877239674503
282,2.5426912196525446e-08,0.003988199217706581,0.004172528779837106,1.3820385135290626e-06,5.509948525690909e-05,0.9894189450878366,0.002351743773118984,1.2076190817983928e-05
283,3.8193632077314307e-07,0.00011737802968503964,0.004554670550669415,4.31343275756106e-05,0.0004464511239558839,0.9843425537498015,0.010158076878133561,0.00033735340385823644
284,1.048111444885924e-07,0.8754778076686521,0.0008573612917094248,3.576827998363765e-07,0.00014008093109452855,0.12141653253834,0.0021037819569183764,3.973119341252626e-06
285,1.0000800503318902e-06,7.04631296016861e-08,0.5808464803217492,0.006185699592100946,0.000558265350706433,0.41163333408889463,0.0006497372491263066,0.00012541285424269894
286,2.3989526378723608e-06,5.601988106956654e-06,0.010391820333766856,4.602161339130917e-07,0.0009977256421531374,0.9741819662158094,0.01404744011779221,0.00037258653359960076
287,3.2022629639897354e-06,6.189190407410039e-06,0.0016845473140255358,0.00015626736365053124,0.0012510433855970223,0.9787783942704962,0.017763601930665028,0.00035675428219435906
288,0.0001752891522272428,0.0011523589595767707,0.05820997221989913,1.7328925429187178e-07,0.0057123412623184214,0.9084833818044797,0.024083137231575315,0.0021833460806689954
289,3.2379714211219543e-06,5.459052846594873e-05,0.0005623577461826425,1.081560034401272e-05,0.0025067564371817185,0.9590097278280241,0.03739665851260038,0.0004558553757801875
290,1.2851653615909893e-05,2.766662779988063e-06,0.0010545506103519164,0.00028376564925143024,0.0030738156882745196,0.9707569784416,0.024486131724525108,0.0003291395696012543
291,0.00038869624137093735,8.005863880532713e-05,0.0054790072448675856,1.7883919927103482e-05,0.020351122787417016,0.8843010144655467,0.08126391027660353,0.008118306425461831
292,0.00017635692737527907,5.824775363287258e-08,0.006935385449562323,0.00010888934254761749,0.01776751680892446,0.9199032305247894,0.05455334204385621,0.0005552206551911985
293,8.1905231289823e-06,1.40840327230153e-06,0.0015739620375184067,0.0012156094214874535,0.010417521147673527,0.9379671317582017,0.04866501814468335,0.000151158564034266
294,1.0557130946358148e-05,1.7193088420980152e-07,0.0020425160629944624,1.596970371867102e-05,0.008103984476797069,0.9284511131335192,0.06118691596149421,0.00018877159964589775
295,3.7596268426819127e-05,2.432201667809005e-07,0.004573258848346693,1.195665916782091e-05,0.012995286108841216,0.8649027264770243,0.11709830686500462,0.00038062555302177653
296,9.849164881801936e-05,1.6938047230449108e-06,0.004482190478054404,6.253760953865654e-05,0.022396193250219572,0.9376744402654276,0.03475203584283111,0.0005324171003875431
297,0.0003127750028377264,6.593684902476339e-07,0.006796504591482551,0.0006253955243261951,0.033324785700549336,0.9120977533043617,0.04559202603924394,0.0012501004687083463
298,0.0014111941078672806,1.4907625589429905e-05,0.008399794835279844,0.00037623477472461267,0.05358421777078546,0.8573189604640722,0.07719404318607909,0.0017006472356021255
299,0.0008429499228927409,4.787659142621941e-07,0.007192114114248624,0.00022793680220867108,0.056739194436622405,0.851553255944258,0.07994727767380559,0.003496792340049733
