oos_period,model_1,model_2,model_3,model_4,model_5,model_6,model_7,model_8
200,0.07836540068908869,0.06196858709279588,0.06108108147107032,0.39841017855125005,0.12332832224797413,0.0612929117918445,0.10583936658870179,0.1097141515672747
201,0.07917880435604681,0.06120529709742064,0.06148325652144393,0.3995792668069089,0.12132445664849477,0.0620296831002293,0.10614430394345219,0.10905493152600342
202,0.0805872887095078,0.062075008181029005,0.06356434852979131,0.3987597911434522,0.1196067927980032,0.06111822780899181,0.10556034712363643,0.10872819570558816
203,0.07979008678787211,0.061752977740811364,0.06474705235154644,0.4036255956854881,0.11209166620574981,0.061635219539659995,0.10583341720452917,0.110523984484343
204,0.08090900843194011,0.061297336692720285,0.0668460890915721,0.4004455218138379,0.11280207569453121,0.06311526086935985,0.1051578781775626,0.1094268292284759
205,0.08284638283711859,0.06122616005362982,0.06689643172675193,0.3997756240341629,0.113379560777161,0.0632315772514052,0.10339818804557087,0.10924607527419969
206,0.08412822423075979,0.061331968571878975,0.06849242961137922,0.40077146891180215,0.11023740526324873,0.0626472105887818,0.1031664180459638,0.10922487477618556
207,0.08528721938893144,0.06138082366704382,0.06777526306946967,0.4012312815721771,0.10979542995437282,0.06260648241768656,0.10332208774702148,0.10860141218329708
208,0.0864967255736867,0.06135909300313448,0.06578109777342821,0.4010267576765599,0.11101728576270485,0.0624058919794682,0.10392099834885107,0.10799214988216664
209,0.08615824063086429,0.06117145101812901,0.06562150112152364,0.3992607154647437,0.11540160410070274,0.06227021399487976,0.10371331889227713,0.10640295477687974
210,0.08468800082125116,0.06115726770858072,0.06417438353101475,0.39912722549252444,0.11808785820177438,0.06232557486946492,0.10413942422647739,0.10630026514891226
211,0.08516848025028595,0.06147245409923917,0.06672625499414797,0.397005795495064,0.12012768770707644,0.06093186577135055,0.1034715835033841,0.1050958781794518
212,0.08482146563847619,0.062024541784496935,0.06794457877257705,0.3975790577184489,0.11654762549200241,0.0609927748825852,0.10480231592780931,0.10528763978360398
213,0.08388405886133905,0.06094387285884344,0.06922184026076758,0.39711880337734995,0.11757585340933487,0.061379219462630884,0.10496703924767167,0.10490931252206255
214,0.0844973737979907,0.06109347853537652,0.0698384200782112,0.3965736109841821,0.1184119360622194,0.06088594616706935,0.10378439414442328,0.10491484023052744
215,0.08556014250423216,0.06069785343149668,0.07038847068587957,0.3948033264140864,0.12114578997632632,0.060704389074857174,0.10349651933971105,0.10320350857341064
216,0.08566004203249998,0.06142490841737045,0.07083849235278755,0.3943015314736373,0.12349079701402696,0.06064453771907396,0.10131633160887939,0.10232335938172446
217,0.08923599680140663,0.06266189672756363,0.07250551984290787,0.4021634338503786,0.12287648487979032,0.06147986484660273,0.10266846916934176,0.08640833388200848
218,0.09385385558194578,0.06378456027595518,0.07295268744874128,0.4136532227158059,0.11179637943523986,0.06270065491346377,0.09384653906471382,0.08741210056413445
219,0.09224487090393933,0.06362305291752594,0.07368345382298523,0.41551541195051916,0.10928924068601627,0.06289851251967753,0.09441495901433501,0.08833049818500152
220,0.0942028087462404,0.06436786828187933,0.07101150919846805,0.41431724361079225,0.11014302557126711,0.06277120713266897,0.09462569982745561,0.08856063763122834
221,0.09387965569284723,0.06446314046213261,0.07128166118719502,0.41474898274660904,0.10927741277335423,0.06281707941544254,0.09479614200412116,0.08873592571829826
222,0.09458553190128158,0.06409675817223211,0.07133137095376454,0.4125898902160835,0.11243161713305681,0.06258767583545886,0.09401679462128185,0.08836036116684086
223,0.09388183005911084,0.06398433117999508,0.07200433016390984,0.4172982968858506,0.09797679801241768,0.06308794404316154,0.10218264055372393,0.08958382910183055
224,0.09044365784215921,0.06321938544672177,0.07302954820024547,0.4173162253474107,0.10015796779688023,0.06308984894314959,0.10236974018956922,0.09037362623386373
225,0.10292323196404916,0.06324112124519378,0.07195691149461485,0.41787201178322975,0.10046914411303215,0.06314890125196812,0.08956552805306356,0.09082315009484858
226,0.1158430760307588,0.06164303376201453,0.06991487241429689,0.40123781350878446,0.11462097930501158,0.06138151768530835,0.09080247956096123,0.08455622773286417
227,0.10963611650870891,0.06174126701475149,0.07106582846895143,0.40462368955060224,0.11724395572884347,0.06185421498810654,0.09071840525479369,0.0831165224852423
228,0.11429034213962531,0.06020303721903776,0.06935704681037479,0.38608393167651744,0.1478995262097957,0.05977141774062999,0.08154942531492927,0.08084527288908967
229,0.11636063304656401,0.060113171472651133,0.06837394786780211,0.3845169206844053,0.15010148563928943,0.059604922822718065,0.0806562964656411,0.08027262200092887
230,0.12262106439827143,0.05951239391526275,0.06842316259626717,0.38364606037894355,0.14831251302493956,0.05976661949177331,0.07726689969891802,0.0804512864956241
231,0.11584265511082521,0.059606825381990636,0.06907927539384807,0.38453482712461773,0.1554148294467347,0.059964033279336366,0.0756246668269115,0.07993288743573579
232,0.07711370662410282,0.06353757190876197,0.07518934257322792,0.42153008855317464,0.1362276513289208,0.06393607402134796,0.07622686697654044,0.08623869801392343
233,0.0752269382869902,0.06380153449625331,0.0762988079462038,0.424014442317801,0.139362702586782,0.06427536245433892,0.07538188576076879,0.08163832615086193
234,0.0771180960143182,0.06375951573200347,0.0795458995257827,0.4236189715954504,0.14236925679082887,0.06418623912087386,0.07414968601012313,0.0752523352106195
235,0.08012983046316785,0.06284059983617248,0.0852048992397944,0.41497035140292,0.15277866334446816,0.06313897576736578,0.06776376617084967,0.07317291377526174
236,0.07375323453678573,0.06293374609838337,0.08934355592064816,0.4158470221035373,0.158436311520569,0.06328742922436617,0.06444822893702239,0.0719504716586879
237,0.07496491671305477,0.06506907704384489,0.09173113476722015,0.41317697738932524,0.1569851287781001,0.06265005384761581,0.06574478189675392,0.0696779295640851
238,0.0737658466945667,0.06723731759577593,0.09346170452787061,0.4102796347101945,0.16099297877916338,0.06234221118794249,0.06410987899993759,0.06781042750454874
239,0.06236906856609987,0.07081075175490889,0.10173607990278365,0.39754880154295,0.17635153846520937,0.060989560163938444,0.0636988397235676,0.0664953598805421
240,0.06306233237824856,0.07442176068984797,0.09514639093449527,0.39640239765170837,0.17885447510990882,0.060867754750494,0.06427794779366258,0.06696694069163439
241,0.06362176656337254,0.07904815872018757,0.09242070415090643,0.3957080303816529,0.18196757821201198,0.06079397822805063,0.06348076734806492,0.06295901639575287
242,0.06284001392207883,0.07731731194820113,0.0962761582301178,0.3931221179763746,0.18262984361475534,0.06178703481194016,0.0655082944615424,0.060519225034989806
243,0.061836740603255884,0.0806432911659237,0.06245804577900543,0.2253310871444117,0.38187260753604757,0.06593260402027612,0.06260165920037461,0.059323964550705065
244,0.06430397149424505,0.08578469776683673,0.06179603395016475,0.2215162234071405,0.3761291377744553,0.06849338575357682,0.06326282896504501,0.05871372088853586
245,0.06297651527762946,0.08457341277909496,0.06530776310269554,0.21314986534529298,0.3730557229042273,0.07595194087922924,0.0665976091532564,0.05838717055857415
246,0.0650434993288191,0.09358713022330274,0.06774633606428229,0.38926170230201856,0.17150197824953578,0.08496831790419902,0.0677819800582531,0.06010905586958948
247,0.06638394852532384,0.09505544975502098,0.0654207192952752,0.39030092483417367,0.1645816778301998,0.09185094132039752,0.06618686517597797,0.060219473263630946
248,0.06515176990203045,0.09939585180866375,0.06519513469926604,0.38666137984955334,0.1636980823840968,0.09398573763081236,0.06607927211656213,0.05983277160901505
249,0.06506294030391671,0.11075109815546445,0.06627483466954634,0.3928281522249046,0.1387554436165554,0.09772897326915117,0.06811056658656521,0.06048799117389611
250,0.05952667560258037,0.10560051120305193,0.06587962899812798,0.38378047625957995,0.13688702123810334,0.1173786293000339,0.07083066486199169,0.060116392536530894
251,0.060619784738578486,0.10635478259758249,0.06545162188357673,0.385902832711245,0.12762655588235858,0.12247270307106992,0.07181954314001915,0.05975217597556978
252,0.059381047503302614,0.12000041851045155,0.062393314857379825,0.2208395598630953,0.0640527379210326,0.34937014652330795,0.06809219675332863,0.055870578068101466
253,0.06833511606651238,0.20727484357059334,0.09396526944610567,0.07006440175534201,0.06808023625968525,0.3670878125931383,0.06743924025652047,0.05775308005210255
254,0.05775703288650161,0.2010737407386466,0.10048412806042016,0.061038970195278895,0.07839690308547717,0.3671250154023681,0.07622569268745481,0.057898516943852604
255,0.05840756582008406,0.19304642244152273,0.10359424029744169,0.06021188780189959,0.07440072263475177,0.37324767830667344,0.07856035205924708,0.05853113063837959
256,0.05822493898704853,0.1963439327696042,0.10141442638164375,0.05904055678202433,0.07257587690725784,0.37152883752516264,0.08109709496320948,0.059774335684049204
257,0.058036983592285915,0.19506381917522286,0.10105121927923363,0.06005379524599132,0.07342984244792751,0.3697598455744556,0.08095342432169773,0.06165107036318547
258,0.05785076480022582,0.20004895973274445,0.10209784042347432,0.0602483313521722,0.07112649701065941,0.36800719811977245,0.0787010159114224,0.06191939264952893
259,0.05658928243026593,0.22378369810391055,0.09936136712446332,0.05882905969457183,0.0639930331581276,0.3561344228730911,0.0793914173865853,0.061917719228984314
260,0.061532432207027796,0.12892585504025522,0.1298456076217507,0.06507586721566203,0.06873340359197265,0.4026581854779088,0.07992191964068605,0.06330672920473658
261,0.06344925189148305,0.12591989148292446,0.11507037626089016,0.06817931437605705,0.0748336797333063,0.40969824746341144,0.08056879999894022,0.06228043879298746
262,0.06278997755303169,0.12805227683623643,0.10654878615017042,0.06240008467869702,0.08650831663778341,0.40734030005129773,0.08433035121233388,0.06202990688044942
263,0.06812916108099647,0.13176257449630677,0.10129200717414913,0.06415487789213895,0.0763637078917596,0.41174467199757225,0.08405512806733483,0.062497871399742055
264,0.070488758653011,0.07798653783165382,0.11098258347897698,0.06837076740420625,0.08345453073287169,0.4344648084012403,0.08934012760540815,0.06491188589263178
265,0.07374175797756613,0.07655291755043796,0.12489923043553705,0.06419037426942466,0.09242857043063836,0.42497372328236505,0.07930996797321509,0.06390345808081577
266,0.0784293990515749,0.07799693804924954,0.08674831347971339,0.06646784219310217,0.09421993261290817,0.44566760331939437,0.08436778844485837,0.0661021828491991
267,0.0817149844496113,0.08009818447370204,0.07787207454406679,0.06661763810824207,0.08973034413038278,0.4460130648908403,0.09181482126071633,0.06613888814243832
268,0.08681470288108106,0.0828220323477959,0.07342083243657492,0.06556486959398278,0.08855072872925661,0.4406105373810005,0.0959893258820629,0.06622697074824534
269,0.0846032656890474,0.07960127127756049,0.07273495530715698,0.06609782970690489,0.09539775046934562,0.43363742379956477,0.10310352747171607,0.06482397627870376
270,0.07307205126857783,0.08314461317508677,0.08042152683790017,0.06510420852186007,0.10252463087010545,0.41971058860076155,0.11267813068687729,0.0633442500388309
271,0.07376491671661113,0.08656888170950025,0.07640802498597085,0.0657577135946621,0.10993655893945822,0.42603219822260385,0.09751578477004191,0.06401592106115166
272,0.07524822777531918,0.08859769470333004,0.07361221098741275,0.0660147031648672,0.11405984360104154,0.42862135996457035,0.08955494030722333,0.06429101949623561
273,0.07768755056551796,0.07737098931891195,0.07371329024016457,0.06601540519832809,0.11816819469590166,0.42962089523150765,0.09302645463132032,0.06439722011834768
274,0.0822430755027974,0.07811104369528943,0.07587194869082817,0.06730973723455132,0.08940823998234455,0.44131190958461375,0.1001046550630228,0.06563939024655263
275,0.08432491770179505,0.07325047715221515,0.07492168043749924,0.06676288807227898,0.09679602216029679,0.4387367223259301,0.09984151540555739,0.06536577674442733
276,0.08616474658333682,0.07103039710408315,0.0709472698538662,0.06635583647029857,0.10189559643705903,0.43505150385757213,0.10358042741010991,0.06497422228367412
277,0.08710564357868725,0.07022695962808635,0.07002000294999457,0.06633558959666883,0.10009976103730578,0.43436756375854996,0.10694292580245963,0.06490155364824764
278,0.07516391054964962,0.07297567259295917,0.0726410081821718,0.06442306486672435,0.10874636667118043,0.42986413999792106,0.11087117236601547,0.06531466477337808
279,0.07619497120837791,0.0735778976832538,0.07408365828287246,0.06387922983744701,0.10665102631073736,0.4247456925877366,0.11512616759090695,0.06574135649866791
280,0.07627965973138141,0.07466533241483157,0.07588316890413568,0.06376856259619912,0.10222715047762941,0.42370411855246226,0.11807965153635215,0.06539235578700835
281,0.07748865856785844,0.07517251996455022,0.07395581257677664,0.06360145876649573,0.10371952902057706,0.42213137662584205,0.11848674234063533,0.06544390213726452
282,0.07715472726171922,0.07727259645562572,0.0727319705636373,0.06339561755558917,0.10282140446072861,0.4201940475820157,0.1207154470686923,0.0657141890519919
283,0.08000290077198659,0.07535851042769204,0.07415412916742534,0.06299466413246581,0.10300564797473905,0.4164203683055606,0.12418053311696552,0.06388324610316497
284,0.08323591699482218,0.07637911692007435,0.07366781109907408,0.06290098607397086,0.10534220338975833,0.4155386924609023,0.11940111205604959,0.0635341610053483
285,0.07940326385705065,0.07738262872358198,0.07405590762191645,0.06317780942004157,0.10656851319347728,0.4138167948241301,0.1228770479097382,0.06271803445006384
286,0.07901767599951756,0.07784789914554582,0.07424693954566645,0.06261261697895819,0.10126715611391432,0.4128187828497047,0.1295769336889119,0.06261199567778111
287,0.08128364938663918,0.07477286915760226,0.0755101825257618,0.06243423721016184,0.10171364313328705,0.4111457619779938,0.13045781393206918,0.0626818426764849
288,0.07467111876399611,0.07533009224994182,0.07879056538581276,0.06230380680063908,0.1066464350747696,0.4099181816530737,0.1295575180860606,0.06278228198570626
289,0.07442764292710895,0.07545532130606396,0.07791200998904131,0.06224265369745967,0.1067755041204927,0.40934262303491453,0.13109986622541187,0.06274437869950708
290,0.08159402082418109,0.07435154398458535,0.07013200274186315,0.06148763312885928,0.10945708718966167,0.4022365470951461,0.13833470760170094,0.06240645743400226
291,0.0810573549922351,0.07620804247514747,0.07023613098084576,0.06150199760318606,0.11066874316415194,0.4023717421476335,0.13564168058586662,0.06231430805093348
292,0.08007449510163728,0.07784427422570397,0.07115932325218864,0.06256761391660398,0.10662049134662185,0.3993888216764986,0.14115991817761775,0.06118506230312798
293,0.0834113450406204,0.07166090460866517,0.07378949693680498,0.06333339047238877,0.11002982388711006,0.4022644011414976,0.13402004529162892,0.06149059262128412
294,0.07933766955470012,0.0722956121924274,0.07489827091807774,0.06385657701407244,0.11357856921625495,0.40413631146006845,0.13020750655176655,0.06168948309263228
295,0.08217360093580332,0.07014380585981338,0.07500910236593955,0.06391048547549143,0.11267882555234152,0.40314706850590415,0.13135273527595434,0.06158437602875233
296,0.08491086852230455,0.06768991356456573,0.07726491577122493,0.06416997918070558,0.11527010110290543,0.40464934722445317,0.12430088149124248,0.06174399314259815
297,0.08595496051824766,0.06792646121597908,0.07767234582033218,0.06331586904583446,0.115915094402672,0.4033634885962229,0.12424440973736306,0.06160737066334868
298,0.08151066209483598,0.06891107317343895,0.07960444950999043,0.06355633773174929,0.1287582106059867,0.4062797599855845,0.10946228239994578,0.06191722449846836
299,0.08236489177385725,0.07003238059008438,0.07945414738874076,0.06310383860024536,0.13031022359399266,0.40443662114739826,0.10857650590877028,0.06172139099691107
300,0.08515116594449347,0.07113460430451157,0.08021882127256427,0.06427279577848971,0.12025692096076482,0.4085124222483229,0.1082988246269689,0.06215444486388431
301,0.08899282042266594,0.07133875219019797,0.07490475017321604,0.06450203345468523,0.12341237353546894,0.4077165164353609,0.1070628739171479,0.062069879871257096
302,0.09012026232549902,0.06885742159590982,0.07422731303663456,0.06467597163794918,0.12527915030639772,0.40608311748350945,0.10886043238147727,0.06189633123262289
303,0.08946256389559831,0.06927503176107482,0.07486953456905217,0.06486770642953889,0.12717000034138595,0.4035643083609667,0.10916214687903035,0.061628707763352705
304,0.08805380108482089,0.06847471397373117,0.07542456095444776,0.06496506195814193,0.12951605422276116,0.40175217491028936,0.11037746431158947,0.061436168584218236
305,0.08764847055993645,0.06956273797710132,0.07330701750471313,0.06442743843238623,0.13279989457073627,0.40121456766205094,0.10966082547898276,0.06137904781409291
306,0.08920886274649452,0.06964982911556084,0.07172360939869235,0.06468533071846752,0.12984460165366998,0.4030258999005748,0.11029036460210387,0.06157150186443607
307,0.0899365531252635,0.06848811101790747,0.07373012486082238,0.06414286497578842,0.13026699408787024,0.401516868578192,0.11050731606772306,0.06141116728643291
308,0.09013033603371823,0.0692140303583888,0.07281593741916377,0.06455331960954204,0.13296148240988978,0.4013400789319665,0.10759243185080954,0.06139238338652144
309,0.09638767800217644,0.07320649218319907,0.07627425579055155,0.061458981410337905,0.13985394761887826,0.39751533594093136,0.09431730461020148,0.06098600444372395
310,0.09955807270900507,0.06826901756321371,0.08020922965899621,0.061075367678231525,0.13895803472377236,0.39626263101965803,0.09481474210128443,0.06085290454583867
311,0.0992839431337386,0.06824418936203287,0.0799919787684777,0.0606864396767629,0.1417647325423119,0.39469590284012146,0.09452575664489098,0.060807057031663614
312,0.1021883511189796,0.06802588467701594,0.07888732245271254,0.06143583740601364,0.14247002323952312,0.39201520236215126,0.09457576349262535,0.06040161525097858
313,0.10404705445415745,0.06909506954871884,0.08025691648138471,0.06046167289795158,0.13748020513620304,0.3925804508042501,0.09430540701357723,0.06177322366375707
314,0.10668695923280241,0.06931682697839427,0.08052278298081837,0.06046438306259327,0.13333012846249864,0.39260595823617184,0.09460279777801468,0.062470163268706566
315,0.10802793332330986,0.06845849486777839,0.07881594968963303,0.060170403632405604,0.13749081694148962,0.3898390930108763,0.09497092395604464,0.062226384578462544
316,0.10983030587934892,0.06879375066719375,0.07963928052512105,0.06033627671083507,0.1354836628418107,0.3914002513960947,0.09196862439380293,0.06254784758579286
317,0.12136018759099328,0.06611817600845912,0.08487466577347312,0.060432046853745154,0.12839186052161872,0.3923016174470131,0.0831706216195831,0.06335082418511445
318,0.12664446282669778,0.0666449558106765,0.08350493147563796,0.06062934519941988,0.12151152878721896,0.3941585430533636,0.08330361981980684,0.0636026130271785
319,0.13256077152047924,0.06702566019456421,0.07547743542128116,0.0603295092263317,0.12122696118902036,0.39133655742429824,0.08808588332188995,0.06395722170213518
320,0.135372193107043,0.06864295636457156,0.07686688142480944,0.06028417558129027,0.11908785621461199,0.39090988782390845,0.08561866863360283,0.06321738085016242
321,0.14185395415845983,0.06334912632042966,0.07782844494694736,0.059920138728649056,0.12151388453372727,0.38748365862257933,0.0846954240960941,0.0633553685931133
322,0.14681940372685004,0.06351584788065419,0.0662545459615966,0.05987091673448235,0.12614394243673885,0.387020392795128,0.08523786268204842,0.0651370877825016
323,0.33650758583622936,0.056907059493543154,0.06068171469202996,0.05450393099509936,0.11605576085061488,0.23716897625434352,0.07736930039389545,0.06080567148424421
324,0.33789134958466,0.05694607802636302,0.06127506098442353,0.054650955893370115,0.11604318472440978,0.23461216734799578,0.07676905454595667,0.06181214889282105
325,0.34023546536716676,0.05685683706159352,0.06201143325114575,0.05490001819526147,0.11688088629244586,0.2316577788431153,0.07492406231544581,0.06253351867382544
326,0.3424119334803849,0.057073055481106284,0.0625407611859376,0.055131267932290895,0.11674319741749173,0.22846775418269738,0.07378649468244942,0.06384553563764174
327,0.3812051834165297,0.06120570135410255,0.06714994829172886,0.05925305073800629,0.12385128438618745,0.15880487124147777,0.07873831495969405,0.06979164561227334
328,0.3870865523856548,0.062008484264870364,0.06807349224714372,0.05987794619097582,0.12422278311948884,0.14908022765382187,0.07880296786908483,0.0708475462689597
329,0.3958358305211109,0.06188248925253665,0.06980521005407712,0.06080755699286803,0.12405142598039327,0.13715130333815626,0.07622953190670519,0.07423665195415265
330,0.40557224604333403,0.06299887424946429,0.07153799903079484,0.06184205114210424,0.1149790528499267,0.1311115397487615,0.07591790282789199,0.07604033410772233
331,0.4096098363913684,0.0634236090631884,0.07199402557546886,0.06227104511658289,0.11539145208324052,0.12341087921499752,0.07607594148031652,0.07782321107483689
332,0.4135012717225468,0.0638324961264131,0.07218308999582132,0.06268451012037125,0.11592804664134242,0.11532812258755952,0.07678440233872962,0.07975806046721595
333,0.41230909793958564,0.06313897152682775,0.0723943794991355,0.06255784165608097,0.12013676770119822,0.11389238633928882,0.07591642201087062,0.07965413332701243
334,0.4096932243773915,0.06227990509009785,0.07364560851417125,0.06510009051143434,0.1228166536477814,0.1107589169353718,0.07485818665223777,0.08084741427151423
335,0.41042801420354064,0.062357976509126195,0.07458366085260656,0.06627245007693519,0.12354676987932897,0.10645960042912501,0.07367173056530639,0.0826797974840311
336,0.4110547781544051,0.062424570178905556,0.07519005131740729,0.06616183296331644,0.1249611128213552,0.10519818663270028,0.07188286435554739,0.08312660357636273
337,0.41940032947738615,0.06331128500697226,0.075688060647927,0.06722062242360556,0.11387696665294851,0.10172794911438926,0.07290234835400282,0.08587243832276845
338,0.4240528419685852,0.06380561445916219,0.07508595762049838,0.06861042301101718,0.10864488680618391,0.09882121435076449,0.0728004642111965,0.0881785975725922
339,0.424816553502085,0.06388675880958404,0.0749296882539115,0.06854654912353522,0.11088704813950062,0.09607192518654693,0.07036677521949057,0.09049470176534614
340,0.42283599158263624,0.06367632410562624,0.0749624723270168,0.06848450927365542,0.11472397082652416,0.0941174876164633,0.06996827993906046,0.09123096432901738
341,0.421368022031648,0.0635203523408626,0.07162591321135313,0.06868711417132783,0.11832732469480321,0.09421662141618596,0.06869404622587548,0.09356060590794378
342,0.39653546122951855,0.06088189275563635,0.06763944983222091,0.06622931047447557,0.10621656088072823,0.08842940558771506,0.06599917101848347,0.14806874822122187
343,0.39613748852383623,0.0608396081556576,0.06713835449146112,0.06641111394574344,0.10289609096338914,0.0860572157655547,0.0660114519250699,0.1545086762292878
344,0.23662891974184994,0.056080186084070824,0.060979261241721455,0.06273262541795983,0.09383981804090186,0.07813872783146165,0.06025753379195619,0.3513429278500783
345,0.40704964132887395,0.06199902439119284,0.06755630918385867,0.06841722895652945,0.0967223570064648,0.07952389992961059,0.06628151748011966,0.15245002172335
346,0.24946796126212942,0.05592721052224661,0.06115069320243295,0.061283247505571174,0.08924859664338004,0.07293649684212673,0.060082636165674386,0.3499031578564386
347,0.24795617294836253,0.05594278819593376,0.061182202711096374,0.061590534710848834,0.09088118893480522,0.07229795609451457,0.06009938514859158,0.35004977125584713
348,0.24716980530490834,0.05593833072231157,0.06123764831627012,0.061849106137644695,0.09134002831215988,0.07212213385131717,0.06033512879245562,0.35000781856293245
349,0.24599886499091042,0.05607575071331681,0.061005109883968664,0.06204251728622051,0.09150235204460976,0.07166701751854579,0.060407204378269734,0.3513011831841582
350,0.24377416973117988,0.05618828494761242,0.06120528278012524,0.06206528207939195,0.09235999862080516,0.07153150635420276,0.06051514656797755,0.35236032891870506
351,0.22293739831897097,0.05756951115136386,0.06262845441092393,0.06387575243549563,0.0941063199797199,0.0721509290822242,0.06137152966728848,0.36536010495401283
352,0.21606518769154506,0.057154181727009964,0.06564354326583718,0.06614149270751514,0.09915914727944354,0.0750126067376028,0.05937271845448196,0.3614511221365644
353,0.17820394852190888,0.06015522205445878,0.06971009591590455,0.0701614755227747,0.09460370488118505,0.07484190593085382,0.06262743960153734,0.38969620757137674
354,0.18252135792294436,0.058416236373818556,0.06784036860305143,0.06837936694502797,0.11620797832510575,0.07232750489196565,0.06097790341979392,0.3733292835182923
355,0.17960577479598888,0.05849355470862348,0.06814683004454097,0.06884399894336486,0.11814241843582245,0.07226917404324736,0.060441263535485276,0.3740569854929268
356,0.19425878630457788,0.05827127983093498,0.06790690351966443,0.06908102240104158,0.10607972335560321,0.07200713348141226,0.06043016446267157,0.37196498664409405
357,0.19223113621544072,0.05840707874522131,0.06811435092201576,0.06930198496649953,0.10616158177642421,0.07201416763871783,0.06052660566300942,0.37324309407267114
358,0.19166540114188202,0.058451232614681464,0.06835370921789752,0.06960256453144474,0.10564145745346591,0.0718370245417794,0.06078995059596446,0.3736586599028844
359,0.19278510116248176,0.058395360995068334,0.06799106528114476,0.06932386565053571,0.10637440807015001,0.07119636718053088,0.060801022294739555,0.373132809365349
360,0.19711051597198168,0.05846074785433279,0.06821697512168311,0.06832559537589021,0.10208859594268652,0.0711354473632387,0.060913907270584475,0.3737482150996027
361,0.19830828962304334,0.05845682562916315,0.06800177392080556,0.06847274945549663,0.10142221041860518,0.07067060163490461,0.06095624927879906,0.3737113000391825
362,0.20072596787462532,0.057693945811797244,0.06934096184464442,0.07001005436774474,0.10447829584838131,0.07240427473232683,0.05881524482121184,0.3665312546992682
363,0.19958520630712284,0.05689636722370427,0.06800139551172558,0.07477829551243034,0.10272847482633664,0.08105981058550603,0.05792581733948705,0.3590246326936872
364,0.2069134069137574,0.05590531088774807,0.066771079121044,0.07116854696978964,0.11296251009916353,0.07969257009917576,0.05688953225992811,0.3496970436493936
365,0.19537509634521166,0.05651221604559049,0.06754654495804142,0.07252894246976514,0.11526970431707273,0.07997827105787937,0.05738013261264645,0.3554090921937927
366,0.1995866612951548,0.056241155181688235,0.0676661177400265,0.07304549429778379,0.11419856007608349,0.07882568611121553,0.057578394176276096,0.35285793112177155
367,0.20219144228801678,0.056124262109874805,0.06775518855481501,0.07309939766693685,0.1137612859050685,0.07784035043881334,0.057470312002358796,0.3517577610341159
368,0.20063457132807463,0.05632439203719012,0.06818024624137298,0.07049384849813647,0.11368912430954624,0.07938096266472153,0.057655518100345034,0.3536413368206129
369,0.18802263386891,0.05702134073476644,0.06907092076111543,0.07187391809809614,0.11559574418305762,0.07994035868597785,0.058274229693804386,0.36020085397427226
370,0.18514925094971457,0.056955011128756415,0.06914246084177982,0.07187696449603959,0.11289894629652075,0.08600193376412803,0.058398857193588845,0.35957657532947207
371,0.18105344280383706,0.05725718976957723,0.06962026241679645,0.07222922244509217,0.11318445739308619,0.08537600775508387,0.058858807820506155,0.3624206095960209
372,0.1777468483644566,0.05752035539927572,0.07009142059356659,0.0726214232408507,0.11296108901723613,0.0848043648691853,0.059357035934010476,0.36489746258141853
373,0.1756405122966414,0.05780881676820353,0.07051216550670263,0.07347697758292969,0.11123498044254891,0.08406839665771139,0.05964575763275877,0.36761239311250377
374,0.17751830603546442,0.057840074680868506,0.07058832784005369,0.07371501494833915,0.10984375806880364,0.08322998543671041,0.0593579477580565,0.36790658523170366
375,0.16204842050544493,0.05886333252646308,0.07188952501831349,0.07568447011564702,0.1107506041011765,0.08282762028580598,0.060398780139261254,0.37753724730788774
376,0.15949357740480594,0.059043918646066104,0.07233093750156297,0.07680625495998422,0.11036565669216479,0.08278281488012593,0.059939958540550266,0.37923688137473976
377,0.15791189410700354,0.059340404196207355,0.07275416426336691,0.07778903931906533,0.10947821930371472,0.08094430650530982,0.05975463869396892,0.3820273336113633
378,0.15082736523137433,0.060254451720405076,0.07405303364082509,0.07961740147358673,0.10501638607720894,0.07887234208122572,0.06072888593626761,0.3906301338391066
379,0.14781408159730383,0.06051422492430532,0.07576017753353083,0.08106234982648279,0.10375109018119227,0.07706759772141518,0.060955418881572215,0.3930750593341976
380,0.14278726564669147,0.06110138647365785,0.07856798463894622,0.08192021281747783,0.09870868596973587,0.07703175408544682,0.06128142578524374,0.39860128458280025
381,0.1363716308886284,0.06161459502787848,0.08043375526208198,0.08428347217935998,0.09597532935970915,0.07575860788586221,0.06213112563450778,0.4034314837619721
382,0.14454312216609932,0.062094794643061064,0.09259214175175773,0.08552563108429086,0.07939651249811736,0.07526739512635387,0.06118568839782733,0.3993947143324925
383,0.12795333636598719,0.06288033515430685,0.09530245844641619,0.09106054221062737,0.07930390233176449,0.07609568129267977,0.061841037578359945,0.40556270661985827
384,0.10235295490404579,0.063262759394944,0.10819015126266922,0.0933257496704844,0.08001897679338463,0.0771246045333891,0.06264023534497618,0.41308456809610666
385,0.10609601163104682,0.06240290809207541,0.10458377741885073,0.09783054047726816,0.08113969290031638,0.07650439108716556,0.06222895781178365,0.4092137205814932
386,0.09182744148817987,0.061959602300620344,0.1153957275240003,0.10816619886196106,0.07677181521756875,0.07715723452259221,0.06204337019688604,0.4066786098881914
387,0.09052037062272643,0.06193512255977061,0.12227252790296392,0.10655069801914606,0.07636541408057397,0.07672257645837549,0.061670993989036936,0.40396229636740655
388,0.07762282553355221,0.06175027144087869,0.13215604081039994,0.11040433063595322,0.07888033294297132,0.0764851601554446,0.06138936524029727,0.4013116732405027
389,0.07610177162079304,0.06188361477069554,0.14235470776150336,0.10443836773106593,0.07877711056849993,0.07812462790454924,0.0609685683272835,0.39735123131560945
390,0.07391603482600222,0.06053903911560925,0.16155345616924804,0.09994304675898166,0.08038933152092208,0.07984999772991351,0.05957488472287285,0.38423420915645035
391,0.07205121268604739,0.05987558650670507,0.16152577311715466,0.10393622687829696,0.08390323246660114,0.08226850736157125,0.05886706687413333,0.37757239410949023
392,0.07131318839797116,0.059629286329210336,0.17675955982824632,0.0945979539159538,0.07853385879845798,0.08749611647687756,0.058408986532801174,0.3732610497204817
393,0.07105195267212219,0.05967821555714107,0.17720637239264578,0.09624209190446263,0.07815616054560595,0.08674931611753689,0.058336554484622896,0.37257933632586254
394,0.07008049086065612,0.059687194823251764,0.1728641632162249,0.10684180107051577,0.07748936432940048,0.08499124150550218,0.05806089068534255,0.36998485350910626
395,0.06944628474683215,0.06015299129357957,0.18660816222162266,0.08990143105876877,0.07793625038220565,0.09072943347309277,0.057790014666702125,0.3674354321571964
396,0.0691283792077742,0.0598925769613993,0.19130401759545418,0.08709720614243834,0.07792271351051869,0.09170699475449881,0.05757128757669255,0.3653768242512239
397,0.06859663562178517,0.05992325937542806,0.1948618942590784,0.08294421139956133,0.07740907196662758,0.09545530138435802,0.05736589628182905,0.3634437297113323
398,0.06827007775183946,0.05983335967324483,0.1953294654684003,0.08326836130502904,0.07589581331503482,0.0978090691153063,0.057249127159940516,0.3623447262112048
399,0.06753347013394675,0.05967230957167992,0.1999061636962234,0.07398757308093422,0.08246101405565388,0.10165869081098017,0.056786854446666035,0.3579939242039156
