oos_period,model_1,model_2,model_3,model_4,model_5,model_6,model_7,model_8
150,0.00977267099320366,0.49217912022842775,0.07547268194227261,5.997546602438069e-19,0.2725178285972655,0.040685814866053986,0.10937188337177647,0.0
151,0.004360236002994199,0.469297862261899,0.11496392232523552,0.029738672445432015,0.2508471319321053,0.041300883831697624,0.08949129119963625,1.8795628012329625e-18
152,0.0029494484153071397,0.46179825911428796,0.12122902727576457,0.03341265320735788,0.25400982160691427,0.04149116119353109,0.08510962918583709,5.2939559203340827e-23
153,1.618761228779154e-17,0.4529176302648598,0.11495303287814061,0.02816421021519299,0.25450065592027565,0.0401167813686839,0.10934768935184687,5.5162712704442515e-17
154,5.287002137625258e-18,0.4568239406743114,0.11254309463022488,0.02698804367530836,0.25561096073481826,0.03835340296745555,0.10968055731688153,1.596015944605145e-17
155,0.0,0.5045469735530452,0.1009707058059778,0.030687664130126018,0.24432765042609342,0.02583525690009895,0.09363174918365857,0.0
156,7.087291684499698e-20,0.5184145927176957,0.09231382557816505,0.04518904738595409,0.23402525908457475,0.025878516591954576,0.08417875864065566,0.0
157,0.003612950157739636,0.5405346258479703,0.08469297512069546,0.03984163288594815,0.2464860591028531,0.018534806619415783,0.06629695026437761,0.0
158,0.003865588292068005,0.5425447047912569,0.08023745843560841,0.037018407248479386,0.25203157056075587,0.018025611623038923,0.0662766590477924,8.628512875434114e-18
159,0.00517658711641723,0.5229349264649598,0.08908671776821352,0.037674156813865926,0.2548365457429871,0.01868234454080396,0.07160872155175232,0.0
160,0.005206064216491442,0.5466884832985476,0.08222953837762981,0.030075078058949507,0.2548531693607952,0.02166896010832977,0.059278706578256575,2.583794596257854e-17
161,0.0,0.614003077190792,0.07307241238875949,0.0316970470681146,0.25241110664687444,0.004565390682231648,0.024250966022227753,0.0
162,0.002332726516461514,0.6086940624384429,0.06639024425498476,0.025548751542968436,0.26297878500658983,0.005456742130779334,0.02859868810877319,1.294810380092152e-17
163,0.0024108364255615937,0.6116713002194273,0.05764125066941046,0.032679647069883945,0.1999286732901496,0.014173474868716321,0.08077080702739572,0.0007240104284549758
164,4.905621802309898e-19,0.5615498792914771,0.06590676438389112,0.038424356334721785,0.19765031951418077,0.023334523574173732,0.10227397234740195,0.010860184553153478
165,2.2113340332921476e-18,0.5923075906753816,0.041523495718280276,0.02903339939216137,0.17648791565752842,0.017442454048570838,0.12189193344031003,0.021313211066767368
166,5.829734300623286e-18,0.5945642630404702,0.03795780125889962,0.027005591887274128,0.18327531287774032,0.01406548056685943,0.12395439765890492,0.01917715270885142
167,0.0,0.5922118467415158,0.036762673962048596,0.027151067821403405,0.1794254958817562,0.014439658493087242,0.13005744703114036,0.01995181006804829
168,0.002904768944827063,0.581651867638856,0.02916105161500928,0.02237128573060862,0.1465286335868018,0.0217520365021057,0.16066091672425675,0.03496943925653466
169,0.002447206512311747,0.5865775509791483,0.02788233963126338,0.02194165250997389,0.14642402256566292,0.02123826762119258,0.15954120445502193,0.033947755724425197
170,0.0021352227607344893,0.5069861720703082,0.040861056696590695,0.02680510335847977,0.14528433174096372,0.025961010807438782,0.21043167505592325,0.041535427508561075
171,0.01527749558973113,0.3043644428160989,0.05495750530829132,0.022215094603342263,0.2666309761134912,0.05438303898525379,0.22710654119284274,0.0550649053899485
172,2.7545750992805965e-18,0.2609357654962136,0.047693584534107096,0.02989483580518257,0.31664581089334226,0.11208964568209036,0.13862140683230617,0.0941189507557579
173,0.0,0.27098879289460576,0.053105424013567236,0.035209902286142215,0.34019508103130536,0.1108317841129017,0.10600878705343453,0.08366022860704304
174,0.0,0.23952679434499968,0.06489406073185998,0.030713738959573703,0.3218159476986584,0.12455110335472576,0.11923306297889735,0.09926529193028505
175,1.6620661059734796e-18,0.23308918553477348,0.06279285788058042,0.03453652634905471,0.3241473711495388,0.14001572359259393,0.11162267913224494,0.09379565636021371
176,8.075994182493659e-19,0.2441925839685961,0.06552152745203563,0.03690793962701823,0.3229000830944621,0.13872322131392037,0.11054417696319406,0.08121046757977349
177,0.007045237099240753,0.22268325813129813,0.06320503830442074,0.03192840667264039,0.3920413513285929,0.10811269046015407,0.0933170039714581,0.08166701403119488
178,0.009367173051109184,0.2065684981247073,0.06689821205963724,0.029320924782433637,0.401951123865088,0.10235987320536769,0.10435989653114729,0.07917429837950955
179,0.010096992839943286,0.2058721915011373,0.0673546675692004,0.03161325293616815,0.39461878875588907,0.12016389401942733,0.08695673051106187,0.08332348186617254
180,0.008837249165990251,0.1649190874681213,0.06851689498938554,0.035766098180127465,0.3727000056020516,0.152559474478363,0.08373029197784838,0.1129708981371124
181,0.0143371601387765,0.14333479488974651,0.06381237873505605,0.03773737308159181,0.3922856624341042,0.16877583703036478,0.10125546244446622,0.07846133124489395
182,0.012853257848465862,0.15182809602458827,0.06521762877795373,0.03923441289670071,0.3804472445090799,0.16980962221139048,0.10562373506675853,0.07498600266406248
183,0.004255311996668577,0.13572801435476278,0.060787854281915764,0.036346005873160024,0.4558299545481739,0.18590205973432694,0.07783126682172743,0.043319532388264484
184,0.018877960412306903,0.1120307858354266,0.04750720179869157,0.034868433115424646,0.4880293303033962,0.18759016018564312,0.031959118705176495,0.07913700964293437
185,0.01932547646409877,0.11302622622327668,0.045206779294814786,0.03614321289488457,0.48491785703226264,0.1889605326577942,0.0347188281608595,0.07770108727100879
186,0.019702389901848937,0.11224003143487674,0.04476221004058935,0.03520869097704262,0.48080530421111334,0.18694061748594532,0.03669758926348923,0.08364316668409445
187,0.02409099381812425,0.09461537567761424,0.03920849458647089,0.03789636709280146,0.4427970739724668,0.1847165635869324,0.056160723945542695,0.1205144073190472
188,0.019291351864879444,0.0994863257542047,0.037999736745787265,0.03914576393885079,0.4308778425387639,0.19186124517712874,0.05962732096228948,0.12171041301709558
189,0.03617381972032153,0.09459719893584785,0.04013045748386123,0.039674118543093495,0.40030737759791,0.23121424438706034,0.045782980447694833,0.11211980288321065
190,0.010666991432681718,0.07649978503685506,0.013401007035734628,0.02982337496942243,0.5807424958385968,0.1860153557152466,0.0,0.10285098997046269
191,0.02144934511677567,0.04573016571101946,0.00818382210797795,0.015456142089650285,0.6931614566977354,0.1205770997618761,2.0288425110021915e-17,0.09544196851396507
192,0.022921339350922762,0.05532272954539369,0.007632363197406388,0.01714855260238112,0.7158563175346636,0.09814269102954756,0.0,0.08297600673868465
193,0.022259141400438016,0.05760522369543338,0.00823942233641998,0.014837029025961167,0.7479454760547066,0.084441764374958,1.1089289170993206e-17,0.06467194311108282
194,0.021610347034989884,0.00827570383150277,0.0031971388860921072,0.024746594604551315,0.6992486972003805,0.10273485303110494,0.0,0.14018666541037852
195,0.02296864675094434,0.002305248880434549,2.0491315180837127e-18,0.027451837705526554,0.740991671015569,0.07704902628245314,0.0,0.1292335693640723
196,0.018443982352671827,0.0010907353730003014,0.0013186169302649594,0.024496059710314856,0.7600659195247547,0.0602110386187281,2.7064078729160755e-17,0.13437364748926522
197,0.024202617011288948,9.66512238419473e-18,0.0,0.020172649254195783,0.7922308032179842,0.038238506360504,2.505098287140862e-18,0.1251554241550268
198,0.026977402656845298,1.3058702656077873e-17,3.0658357525838748e-18,0.02076253660461286,0.7871260930338265,0.03705100412334822,0.0,0.12808296358036717
199,0.02830789195110238,3.1807992993498487e-17,0.0,0.020408786780177622,0.7850557253302084,0.03958905368262001,2.780414766117022e-17,0.12663854225489143
200,0.020387045633740598,0.0,1.2690035857514423e-17,0.021579683176733526,0.8029910256402573,0.042624916465923625,0.0,0.112417329082345
201,0.022411310013203185,4.194718913035913e-17,3.5599206586286535e-18,0.036436745507779734,0.7733339908394574,0.03889195703871733,0.0,0.12892599659984214
202,0.017833313041567454,0.0,0.0,0.030952554717261212,0.8189742504018951,0.038549348478803085,1.4120674505425505e-17,0.09369053335947318
203,0.01990139530754481,3.6718871645992294e-17,1.1016755357439728e-17,0.05485637083491109,0.7990280568456702,0.049262365003385926,0.0,0.07695181200748774
204,0.029060197875215694,0.0,0.0,0.061605140632415595,0.8003677744769733,0.046034703856143146,0.0,0.06293218315825228
205,0.030096011307652038,3.9000047178231614e-17,0.0,0.059117927160594844,0.8113169522814155,0.04703459976764471,2.1546616323342415e-18,0.05243450948169282
206,0.03239214008845652,3.406884182410313e-17,0.0,0.052978067735002535,0.8082884958677614,0.041983527471919045,4.864556416228581e-17,0.06435776883586042
207,0.03051060406552281,0.0,0.0,0.04868995265014952,0.8121389839745047,0.03574609673541483,1.967615184822409e-17,0.07291436257340805
208,0.033320502828524244,0.0,0.0,0.049548681337537974,0.8027458230458377,0.03357573237144194,7.199832991213556e-18,0.080809260415658
209,0.025221317939764572,0.0,0.006896513840610524,0.04248122042744234,0.8060742262547637,0.03866594744872008,8.979833025197285e-18,0.08066077408769874
210,0.020553946601552433,3.142894574960257e-17,0.015527733721260225,0.042253571151169005,0.8010076665082907,0.024216063213373863,0.0,0.0964410188033538
211,0.02748448868097025,0.0,0.009389859004897328,0.019444027563198567,0.8361635271282181,0.02924248291887123,2.547503257806818e-17,0.0782756147028445
212,0.02842824548649249,2.9823361710859143e-17,0.0016390251337178921,0.016676999945941837,0.8268629901719754,0.025243511168195603,4.685548036189688e-19,0.10114922809267678
213,0.02794002725710339,0.0,0.0,0.025527702736305606,0.8389890270545951,0.030289594871530212,0.0,0.07725364807946568
214,0.027086793296714234,0.0,0.00023620144564343796,0.029484405874100037,0.8390187193812659,0.029049927555685327,0.0,0.07512395244559118
215,0.03524107347249398,0.005527060575141759,0.0,0.025149611409387315,0.8385531555512067,0.04037970192996999,1.1672325771389396e-17,0.0551493970608001
216,0.0340926388467349,0.007420424610437999,0.0,4.613576705452745e-18,0.8005581401518106,0.04082832827938021,0.0,0.11710046811063612
217,0.03583768435216755,0.007346991963455507,0.0005610992784831695,4.894519543076556e-18,0.7890944732748221,0.03965337154093683,4.10307313298661e-18,0.1275063795891348
218,0.03543485536540349,0.011511996143522293,3.103108510985476e-18,0.0,0.7636594538607353,0.039329061774499484,0.0,0.1500646328548394
219,0.030530358203616673,0.014519221521141908,0.0006042088879995605,0.0016467288428380798,0.7366724308589554,0.03696021418161846,7.339672836849181e-18,0.17906683750282992
220,0.030277080801068737,0.01323532614684129,0.004295121037000816,0.008388200485897166,0.7568002877837917,0.039678643493497354,0.0,0.14732534025090296
221,0.031559537369456346,0.019972019087648674,0.004293582251119448,0.0021959591874606173,0.7642926541830698,0.03472521399224281,0.01734075671263859,0.12562027721536365
222,0.03265895842292006,0.020835547517707654,0.00273571778278886,3.1244165440464865e-19,0.7519203880893331,0.034666267178242643,0.015735314232213832,0.14144780677579374
223,0.015193965196043503,0.017603488443306937,0.006670955733329444,0.0,0.8159939023240352,0.03179609043796845,0.0050155356538745645,0.10772606221044186
224,0.016739541581458458,0.019175987475614574,0.0066932592634824555,0.0,0.8224205634032263,0.03296507690315983,0.0007001305770342208,0.10130544079502399
225,0.012270024562563991,0.017485919033428256,0.012927221924082124,0.02040095890462031,0.8531817517918965,0.0388653618061074,0.009528930359519128,0.0353398316167823
226,0.015260945095969994,0.01654778721656638,0.01409771791611144,0.023261004979853363,0.8719963657636904,0.04174870641446185,0.010609198274881135,0.0064782743374653205
227,0.02398256389652897,0.01803357388335502,0.012076477678498232,0.017384957252435565,0.8513119493401095,0.04382641166499707,0.014385562097199057,0.018998504185876574
228,0.029580343092023953,0.014391810785324586,0.010517063531870667,0.02388688613922007,0.801193759210432,0.047526167567809224,0.03398963243160238,0.038914337240717044
229,0.03259265409008402,0.011395788293443468,0.013501577398091573,0.029775577244078547,0.8020550332420571,0.047469884904667685,0.03444590941755625,0.02876357540902131
230,0.035584858240851426,0.013447474346611005,0.012832563439625747,0.022954639453257188,0.8180193246808151,0.04886857847959551,0.038771236998836035,0.009521324359407812
231,0.03482110803086335,0.0199650668037814,0.012580683448730394,0.026137775757071255,0.7480151359217883,0.0451254306932168,0.06481912453112022,0.04853567481242824
232,0.060238813953308205,0.025716597325197793,0.013013159570033921,0.040111118304806605,0.693537741811616,0.043765450211274655,0.07033186887808021,0.053285249944682644
233,0.076220037056483,0.02950724578741752,0.00849705077276137,0.007985490085997884,0.6957332423284827,0.04543561909602699,0.0937394524385429,0.042881862433287676
234,0.08386632445901604,0.034393842203395635,0.010931268563581393,0.046801899396732634,0.6407115786058966,0.03775980479383412,0.09196504437712125,0.05357023759942236
235,0.08986414847344713,0.03197726743714919,0.009560381347263955,0.04811743533323682,0.6788660722052102,0.03677876286164514,0.08254779290529228,0.022288139435755198
236,0.10116552813429441,0.03499614279191557,0.008115819372616163,0.04690645712232954,0.6785888597248764,0.03747868367556263,0.08053390573786053,0.012214603439544629
237,0.09346485406995883,0.03239612958481781,0.011724195879423497,0.05694160713265719,0.6784688356604157,0.03665054444075464,0.07419724457384548,0.016156588657126703
238,0.08813986983314888,0.032963013696214655,0.009060009598069812,0.06829548697761219,0.6602657910563923,0.036780897246917375,0.07175585892788787,0.03273907266275692
239,0.10314501384276359,0.03836789944277586,1.0066457182515258e-19,0.11684597418372224,0.4947707893212733,0.029534424388884824,0.1681495163922524,0.0491863824273278
240,0.12302532419804499,0.03959951788511556,0.00033947714217396816,0.1324197099761082,0.4544860417142925,0.030839027494422713,0.1809934813444671,0.03829742024437492
241,0.1195209625094078,0.03763616015434647,0.0,0.11958240483551268,0.4713133505773371,0.02820153581673152,0.20049138894404234,0.02325419716162212
242,0.07118831188369211,0.02074674796128382,0.0,0.08938467946029419,0.5569774985032779,0.02794698556953337,0.20709741255500183,0.026658364065916845
243,0.07246516306841366,0.0233551450248491,0.0,0.07016483032330965,0.5584283016030678,0.03000655511089135,0.22093732213581202,0.024642682732656424
244,0.07249627566012776,0.02812405032002873,0.0,0.0676777001941012,0.5273078966096707,0.027201112653666083,0.25030309141311324,0.02688987314829218
245,0.09419500621942632,0.03420924408932753,8.690472012036725e-18,0.17370711576499512,0.42930469911540126,0.023210878057129625,0.23109630793353675,0.014276748819183338
246,0.07296910325108151,0.035732068093934956,0.0003596501622574197,0.22968965954649262,0.4151634188465256,0.025075883897612925,0.22101021620109493,0.0
247,0.07251623416720064,0.02719959120326977,0.0,0.2703809458063616,0.38118679259879557,0.0158831261532328,0.2312149793757846,0.0016183306943550668
248,0.0808257466554245,0.02388445288301045,4.417700336400385e-18,0.2787621693946518,0.37958551750170577,0.010076517304531513,0.22686559625967584,3.597348926985416e-18
249,0.08002588047813101,0.029155359493815834,8.247314961945559e-18,0.2947765866623493,0.36576692773682556,0.014206864020938874,0.21407612136241552,0.0019922602445238526
250,0.07248606995426218,0.03538974270842366,0.015140423694875,0.29729760846767467,0.3363936890554228,0.016389734011909685,0.20506011266643134,0.02184261944000068
251,0.06747331654018299,0.04497935101243081,0.022779152052758697,0.2974548840103404,0.29538278126672685,0.03521787335320245,0.21744892934473878,0.01926371241861887
252,0.08452576787625572,0.05764023330088149,0.033863098421130534,0.32368343021036766,0.169940910862494,0.04466408263050969,0.24744422724182796,0.038238249455532905
253,0.08322675632849011,0.0575852353410339,0.03468960916948624,0.3243926590323691,0.16547931940943764,0.051819049215755066,0.2449296617600653,0.037877709742362625
254,0.0727331498044845,0.06961292591289862,0.03896023682552333,0.32326674282398005,0.180074720916322,0.04723440795890441,0.22815167378304654,0.03996614197384053
255,0.07338485708292765,0.07141538407535016,0.03863202423465958,0.32592656803288356,0.17901967744199335,0.0454941719514424,0.2225958985122672,0.043531418667476125
256,0.08576107076070175,0.09026685811763688,0.0394103133887419,0.3174123310908616,0.16322549745221884,0.05620007901174725,0.18768408861587532,0.06003976156121651
257,0.07125303986567413,0.08672577900326883,0.04207584997582328,0.34653137247130106,0.14782102712040998,0.08256121945416822,0.17259787232791432,0.05043383978044016
258,0.07039984310593499,0.09515160060705433,0.04322035569721609,0.3227701946620149,0.1518825613057288,0.08576051142100632,0.17506807121110846,0.055746861988936074
259,0.07100711203503071,0.10331866910645193,0.043769364841282264,0.30623822664217637,0.1553917657511329,0.08205282338462144,0.18423578535182908,0.053986252886475225
260,0.06991297258772142,0.1062948984873714,0.04199941693585169,0.3081493849133023,0.15527219160087502,0.08159753565872373,0.1821096082504239,0.0546639915647306
261,0.08907147509304017,0.14842531651845983,0.03954997903647207,0.2145058528585947,0.15678808746550707,0.08303887190856303,0.21855966490258227,0.05006075221578078
262,0.09003815529290776,0.13700109998652787,0.03315161191335335,0.23792575838574512,0.167263779296766,0.07959724475897437,0.21318130585420453,0.04184104451052096
263,0.09126935317928676,0.12699771288456405,0.05740798881786497,0.2225083251659232,0.1602138979395548,0.07474340197484676,0.22177660050679457,0.04508271953016487
264,0.09442914104887373,0.12893503597745293,0.06271170360141648,0.19208481041291878,0.18925217090176427,0.07448612151444106,0.22529133607677027,0.0328096804653625
265,0.09248822687820638,0.13060816278848555,0.06370663374944419,0.19058930734668766,0.18978412791190302,0.07649455213540463,0.2242036185601771,0.03212537062869155
266,0.13900046456666693,0.11338843053165844,0.07618706406390012,0.14369582319936727,0.18126457965569714,0.10725038617140198,0.19091412311798517,0.048299128692322925
267,0.13242826250486286,0.09301940204659652,0.07612595221216491,0.17809006847202705,0.21360873487636864,0.1141101536689827,0.16158971247469617,0.031027713743300954
268,0.12876260398046674,0.09720243002018893,0.0773228207355664,0.17513382743498349,0.21001533969671143,0.11991160189875154,0.16048450611204032,0.031166870120291037
269,0.14449745682866708,0.07774994201950937,0.07444764152343572,0.19955430863547446,0.20893664229812753,0.1095755654585534,0.1561602804933567,0.02907816274187563
270,0.13293475022882856,0.0898182616875382,0.07972845676773777,0.199658766484587,0.19273347323809858,0.1234622356759081,0.15155455843171795,0.03010949748458379
271,0.12773992822536936,0.09034261238447125,0.08057191686878638,0.19828256950039916,0.19519547467605342,0.12359018303988994,0.15355426185281132,0.030723053451219156
272,0.12852963042791649,0.10677734789551216,0.09511954077043026,0.1778284608234064,0.1769554273338016,0.13608519321397455,0.15104127448962906,0.02766312504432937
273,0.12847516354571886,0.11013219882948776,0.0963345721495679,0.17240543136272524,0.17493106190573082,0.13451286432747273,0.15142999461121973,0.031778713267076916
274,0.126677897245139,0.10234628587190553,0.09276306116559545,0.17519526310654213,0.18091782100952114,0.13894924883306045,0.15188176399265468,0.031268658774581556
275,0.12799569671164884,0.09814760165561748,0.09750261010698323,0.17622081196273912,0.18285917081799866,0.13119157642426954,0.15142151835886758,0.03466101396087546
276,0.13011054345948636,0.10491213916474008,0.10206511042783577,0.17160418679219533,0.18073753688276534,0.1318308733337723,0.1448565812389537,0.033883028699251166
277,0.12507882531830664,0.09126100442707784,0.10932701057694466,0.1545852775375595,0.16801508455502864,0.17333993503880296,0.13713015204050558,0.041262710504774085
278,0.12917387330380498,0.08406668535994145,0.10728215252615166,0.15418207195398284,0.1621342057007019,0.17585389701406298,0.13821503168549318,0.049092082454861075
279,0.11796933535756464,0.07119909870750463,0.10632700268204012,0.15731736600409,0.15725332246473814,0.19712590574145059,0.1339654774608121,0.058842491580799704
280,0.11834380225525361,0.07216304571410191,0.1055851249869362,0.15981837130862087,0.15888388772547377,0.19438185996716456,0.13249178709523773,0.05833212094621124
281,0.12220468015095436,0.05598264137808194,0.11001991303520876,0.15325446149163688,0.16154500182495932,0.21343029818773765,0.12235797342257643,0.06120503050784464
282,0.12234674311536127,0.059942737245356724,0.10915316647914786,0.15541307919666456,0.16213274879861275,0.2082654668363574,0.12157247132051201,0.061173587006987225
283,0.12158284668296393,0.06153178367799839,0.11272891768035058,0.14956586037637407,0.1597602597853442,0.2120247349861744,0.1257316909036092,0.05707390590618501
284,0.11323123194348929,0.069462753994316,0.11037037447791082,0.1400195090994285,0.1460636271988285,0.2459522925039172,0.11732785086094366,0.057572359920165975
285,0.10613105107341032,0.0748470871037305,0.1090114761202036,0.1306916102644662,0.1385146732964908,0.2680036636915276,0.11782934922360326,0.05497108922556762
286,0.10444375141547228,0.07526792517096548,0.10744130381882387,0.1293054699322523,0.13515051981927265,0.27504271919123097,0.11840876078153499,0.05493954986944742
287,0.10068935453989859,0.08552079714202399,0.109984440420587,0.11908270825664019,0.12823834392528705,0.28096941454963503,0.11748615117607952,0.05802878998884853
288,0.0997674773459568,0.06929930913931336,0.099307817965612,0.12880960139459952,0.12919339483899506,0.29578478772317013,0.12631023829612145,0.0515273732952317
289,0.09532851367101697,0.07582682409479204,0.10055099433433298,0.12344198325972092,0.1209423502403245,0.30534775666203307,0.12316970258895661,0.05539187514782288
290,0.08973215568964531,0.08905429027158723,0.1055329352328923,0.11281822665802807,0.10701282493432014,0.30236326905825694,0.14551113003998145,0.04797516811428857
291,0.08548555428782179,0.08587596102374095,0.10822448973602151,0.1053165560638091,0.09525455558453066,0.3082172702054145,0.15483448316345172,0.05679112993420964
292,0.08863564083012723,0.08799606098571461,0.10710803336219406,0.10254195070702224,0.09816481422342506,0.3050779587690248,0.15993855558088058,0.05053698554061135
293,0.08835026245426549,0.0933573294849659,0.12167755263223419,0.09660509883823408,0.09178457841687634,0.29962419277130514,0.16621313173198998,0.04238785366912882
294,0.06389301450993014,0.08515701383971952,0.103392666846065,0.08250497805344943,0.07020359527601121,0.4015739586257036,0.15776636603411717,0.03550840681400386
295,0.05215628361549489,0.08437708465319817,0.09427317938099905,0.07679512111763526,0.058619607995225975,0.4349921801843703,0.1473945249764052,0.05139201807567112
296,0.04853856700905954,0.08303516377521586,0.09629841214793944,0.07720370901098761,0.0568957670071842,0.4294916739331174,0.15350732442375908,0.05502938269173676
297,0.0486984692460072,0.08372073176764475,0.0962968659801372,0.0753934803214857,0.055184711955543114,0.43165534593644544,0.1548711636266344,0.05417923116510216
298,0.05088304239839826,0.0811039596193572,0.10011189115265645,0.07878343405287508,0.06155346249787809,0.42533464908825064,0.15188085672767782,0.050348704461906396
299,0.05367859888011182,0.07982600499571833,0.10063382575842376,0.07206504976970242,0.07951577756978764,0.4745000612239044,0.1017149346271342,0.03806574717421733
