oos_period,model_1,model_2,model_3,model_4,model_5,model_6,model_7,model_8
150,0.009772670993203595,0.49217912022842725,0.07547268194227255,0.0,0.27251782859726587,0.04068581486605412,0.10937188337177661,3.819721545419049e-19
151,0.004360236002994248,0.46929786226189923,0.11496392232523549,0.029738672445431987,0.2508471319321053,0.041300883831697555,0.08949129119963622,0.0
152,0.002949448415307232,0.46179825911428823,0.12122902727576446,0.03341265320735785,0.2540098216069142,0.041491161193530926,0.08510962918583709,1.7999450129135883e-21
153,9.794126944102762e-18,0.45291763026485976,0.11495303287814028,0.02816421021519293,0.25450065592027615,0.04011678136868379,0.10934768935184687,2.5582639096864288e-18
154,0.0,0.45682394067431187,0.112543094630225,0.02698804367530841,0.25561096073481787,0.03835340296745565,0.10968055731688113,0.0
155,0.0,0.5045469735530452,0.10097070580597796,0.030687664130126146,0.24432765042609328,0.02583525690009902,0.09363174918365831,9.764176051925421e-19
156,0.0,0.5184145927176955,0.09231382557816518,0.0451890473859541,0.23402525908457478,0.025878516591954514,0.08417875864065581,0.0
157,0.003612950157739538,0.5405346258479697,0.08469297512069539,0.03984163288594809,0.24648605910285332,0.018534806619415995,0.06629695026437793,0.0
158,0.0038655882920679016,0.5425447047912568,0.08023745843560838,0.03701840724847942,0.2520315705607561,0.018025611623038975,0.06627665904779242,9.695880268091875e-18
159,0.005176587116417415,0.5229349264649603,0.08908671776821334,0.03767415681386582,0.25483654574298725,0.0186823445408037,0.07160872155175194,5.3166987549678377e-17
160,0.005206064216491417,0.5466884832985479,0.08222953837762963,0.030075078058949465,0.2548531693607949,0.02166896010832979,0.05927870657825678,1.6141853936249854e-17
161,2.29095598390938e-18,0.614003077190792,0.0730724123887594,0.03169704706811467,0.252411106646875,0.004565390682231595,0.0242509660222274,8.58641457328163e-18
162,0.002332726516461485,0.6086940624384432,0.06639024425498465,0.02554875154296835,0.26297878500658983,0.0054567421307795475,0.028598688108772957,1.129965774437748e-17
163,0.002410836425561606,0.6116713002194274,0.05764125066941056,0.032679647069883966,0.19992867329014966,0.014173474868716186,0.08077080702739546,0.0007240104284550427
164,5.9996281524692445e-19,0.5615498792914768,0.06590676438389109,0.03842435633472178,0.19765031951418072,0.023334523574173746,0.10227397234740222,0.010860184553153603
165,4.668455530443163e-19,0.592307590675382,0.041523495718280165,0.029033399392161343,0.17648791565752786,0.017442454048570952,0.1218919334403101,0.02131321106676748
166,0.0,0.5945642630404698,0.037957801258899526,0.027005591887273948,0.1832753128777407,0.014065480566859271,0.12395439765890498,0.0191771527088516
167,0.0,0.5922118467415158,0.03676267396204865,0.02715106782140339,0.1794254958817567,0.014439658493087135,0.1300574470311401,0.019951810068048175
168,0.002904768944826934,0.5816518676388553,0.029161051615009086,0.022371285730608665,0.14652863358680207,0.021752036502105887,0.16066091672425703,0.034969439256534764
169,0.0024472065123117056,0.5865775509791484,0.0278823396312633,0.02194165250997397,0.1464240225656619,0.021238267621192665,0.15954120445502265,0.03394775572442546
170,0.002135222760734521,0.5069861720703086,0.040861056696590695,0.02680510335847986,0.14528433174096336,0.0259610108074388,0.21043167505592308,0.04153542750856101
171,0.015277495589731158,0.30436444281609915,0.054957505308291334,0.022215094603342332,0.2666309761134905,0.05438303898525374,0.22710654119284301,0.055064905389948765
172,0.0,0.26093576549621345,0.04769358453410709,0.029894835805182478,0.3166458108933428,0.11208964568209039,0.13862140683230628,0.0941189507557574
173,0.0,0.27098879289460603,0.053105424013567326,0.035209902286142326,0.3401950810313043,0.11083178411290183,0.10600878705343486,0.08366022860704324
174,0.0,0.23952679434500024,0.0648940607318601,0.030713738959573713,0.3218159476986583,0.12455110335472575,0.11923306297889681,0.09926529193028513
175,1.8922367213581125e-17,0.23308918553477348,0.0627928578805805,0.03453652634905474,0.32414737114953796,0.14001572359259398,0.1116226791322452,0.09379565636021404
176,7.888150765381614e-18,0.24419258396859592,0.06552152745203567,0.036907939627018195,0.3229000830944625,0.13872322131392037,0.11054417696319363,0.0812104675797738
177,0.0070452370992406905,0.22268325813129786,0.06320503830442067,0.0319284066726405,0.392041351328592,0.10811269046015423,0.09331700397145837,0.08166701403119546
178,0.009367173051109103,0.20656849812470707,0.06689821205963739,0.029320924782433606,0.4019511238650881,0.10235987320536787,0.10435989653114719,0.07917429837950958
179,0.010096992839943312,0.20587219150113775,0.06735466756920049,0.03161325293616827,0.39461878875588813,0.12016389401942751,0.08695673051106194,0.0833234818661726
180,0.00883724916599008,0.16491908746812137,0.0685168949893854,0.035766098180127576,0.37270000560205085,0.15255947447836324,0.08373029197784895,0.11297089813711239
181,0.014337160138776265,0.1433347948897465,0.06381237873505578,0.037737373081591995,0.3922856624341022,0.1687758370303653,0.10125546244446751,0.07846133124489453
182,0.01285325784846591,0.15182809602458847,0.06521762877795378,0.039234412896700724,0.38044724450908,0.1698096222113907,0.10562373506675808,0.07498600266406218
183,0.004255311996668427,0.13572801435476262,0.06078785428191569,0.03634600587316005,0.45582995454817427,0.18590205973432722,0.07783126682172752,0.04331953238826408
184,0.0188779604123069,0.11203078583542637,0.04750720179869168,0.03486843311542462,0.4880293303033968,0.187590160185643,0.03195911870517611,0.07913700964293452
185,0.01932547646409877,0.11302622622327668,0.045206779294814654,0.03614321289488454,0.4849178570322631,0.18896053265779406,0.034718828160859846,0.07770108727100844
186,0.01970238990184899,0.11224003143487674,0.0447622100405894,0.03520869097704253,0.4808053042111135,0.1869406174859452,0.03669758926348916,0.08364316668409447
187,0.024090993818124278,0.09461537567761436,0.03920849458647084,0.03789636709280139,0.44279707397246715,0.1847165635869322,0.05616072394554284,0.12051440731904697
188,0.01929135186487946,0.09948632575420487,0.03799973674578734,0.03914576393885086,0.43087784253876354,0.19186124517712902,0.05962732096228935,0.12171041301709551
189,0.036173819720321444,0.09459719893584781,0.04013045748386123,0.03967411854309359,0.40030737759790946,0.23121424438706056,0.04578298044769507,0.11211980288321059
190,0.010666991432681816,0.07649978503685524,0.013401007035734686,0.029823374969422476,0.580742495838596,0.18601535571524658,1.888025189771616e-17,0.102850989970463
191,0.021449345116775723,0.045730165711019524,0.00818382210797801,0.015456142089650288,0.693161456697735,0.120577099761876,4.130037359601272e-17,0.09544196851396534
192,0.02292133935092284,0.05532272954539386,0.007632363197406364,0.017148552602381115,0.7158563175346637,0.09814269102954767,1.4223178549452737e-17,0.08297600673868444
193,0.02225914140043806,0.05760522369543338,0.008239422336420034,0.014837029025961124,0.7479454760547067,0.08444176437495757,0.0,0.06467194311108311
194,0.021610347034989763,0.00827570383150276,0.0031971388860920808,0.024746594604551347,0.6992486972003797,0.10273485303110533,0.0,0.14018666541037883
195,0.022968646750944403,0.0023052488804346143,2.850411451295679e-18,0.02745183770552655,0.7409916710155691,0.077049026282453,0.0,0.12923356936407218
196,0.01844398235266789,0.0010907353729930906,0.0013186169302739318,0.02449605971032177,0.7600659195247426,0.06021103861873471,8.355921791140191e-17,0.13437364748926572
197,0.024202617011288896,6.629547559626698e-19,0.0,0.02017264925419577,0.7922308032179851,0.038238506360504076,1.781714612096644e-17,0.12515542415502612
198,0.026977402656845284,2.4929858603056605e-17,0.0,0.020762536604612823,0.7871260930338267,0.03705100412334808,0.0,0.12808296358036708
199,0.02830789195110237,9.223765279116479e-18,0.0,0.02040878678017766,0.7850557253302082,0.03958905368262021,3.151640190140649e-17,0.12663854225489157
200,0.02038704563374052,2.0947760060288343e-17,5.87290293978182e-18,0.021579683176733623,0.8029910256402569,0.04262491646592377,0.0,0.11241732908234521
201,0.022411310013197457,0.0,0.0,0.03643674550777056,0.7733339908394513,0.03889195703872187,7.320337989153797e-17,0.1289259965998587
202,0.01783331304156761,0.0,1.856537401701959e-18,0.030952554717261316,0.8189742504018936,0.03854934847880299,1.7429423425413905e-17,0.09369053335947423
203,0.019901395307544745,8.26266893525647e-17,1.3767918370118944e-17,0.05485637083491115,0.7990280568456701,0.049262365003385884,0.0,0.07695181200748791
204,0.029060197875215608,1.9658681793686993e-17,6.9154946187324135e-18,0.06160514063241563,0.8003677744769736,0.04603470385614308,0.0,0.06293218315825205
205,0.03009601130765206,0.0,2.579009190978117e-17,0.05911792716059485,0.8113169522814156,0.04703459976764465,0.0,0.052434509481692815
206,0.032392140088456436,2.286835432862634e-17,2.5488611046285496e-17,0.052978067735002465,0.8082884958677617,0.04198352747191902,0.0,0.06435776883586018
207,0.03051060406552287,1.2710047010893283e-17,0.0,0.04868995265014956,0.8121389839745045,0.035746096735414845,7.887221403733413e-17,0.07291436257340805
208,0.03332050282852421,0.0,2.345132475457353e-17,0.049548681337538064,0.8027458230458375,0.03357573237144193,0.0,0.08080926041565833
209,0.02522131793976463,7.549657598429233e-18,0.006896513840610515,0.0424812204274424,0.8060742262547637,0.03866594744871994,0.0,0.08066077408769885
210,0.020553946601552422,0.0,0.015527733721260274,0.042253571151169005,0.8010076665082898,0.024216063213373884,4.40821084145389e-17,0.09644101880335457
211,0.0274844886809703,0.0,0.009389859004897314,0.019444027563198598,0.8361635271282183,0.029242482918871267,1.6521523219966415e-17,0.07827561470284415
212,0.028428245486492386,9.571750236649837e-18,0.0016390251337177926,0.016676999945941868,0.8268629901719752,0.0252435111681958,5.1121989957414e-19,0.10114922809267675
213,0.02794002725710456,2.455434694035473e-17,0.0,0.025527702736307688,0.8389890270545928,0.030289594871529168,3.4467358810519105e-18,0.07725364807946562
214,0.027086793296714175,0.0,0.00023620144564336277,0.029484405874100086,0.8390187193812656,0.029049927555685383,4.0645083613001935e-19,0.07512395244559131
215,0.03524107347249403,0.005527060575141749,1.529212107147703e-17,0.025149611409387297,0.8385531555512067,0.04037970192996995,0.0,0.05514939706080022
216,0.03409263884673494,0.007420424610437969,6.885954344696947e-18,0.0,0.8005581401518109,0.04082832827938013,0.0,0.1171004681106359
217,0.03583768435216741,0.007346991963455463,0.0005610992784831259,5.552134298170016e-18,0.7890944732748221,0.03965337154093688,1.2721421163723243e-17,0.12750637958913483
218,0.03543485536540345,0.011511996143522305,3.229311668619103e-19,0.0,0.7636594538607345,0.039329061774499435,0.0,0.15006463285484029
219,0.030530358203616777,0.014519221521141974,0.000604208887999588,0.0016467288428382097,0.7366724308589556,0.036960214181618545,3.744840770210569e-18,0.17906683750282926
220,0.030277080801068557,0.013235326146841237,0.004295121037000772,0.008388200485897184,0.756800287783791,0.03967864349349727,8.748927248083344e-18,0.14732534025090394
221,0.03155953736945633,0.019972019087648667,0.0042935822511194184,0.002195959187460626,0.7642926541830698,0.03472521399224268,0.017340756712638763,0.12562027721536378
222,0.03265895842292006,0.020835547517707713,0.002735717782788924,0.0,0.751920388089332,0.03466626717824271,0.015735314232213915,0.14144780677579463
223,0.015193965196043501,0.01760348844330698,0.0066709557333294285,1.1392699019677356e-17,0.8159939023240342,0.03179609043796855,0.005015535653874814,0.10772606221044251
224,0.016739541581445066,0.019175987475621124,0.0066932592634504975,1.0024365166467353e-17,0.822420563403171,0.03296507690316079,0.0007001305771777292,0.10130544079497378
225,0.012270024562564038,0.017485919033428204,0.012927221924082072,0.02040095890462031,0.853181751791897,0.038865361806107,0.009528930359519284,0.03533983161678207
226,0.015260945095970055,0.01654778721656638,0.014097717916111386,0.02326100497985346,0.8719963657636904,0.04174870641446181,0.01060919827488144,0.006478274337464985
227,0.023982563896528853,0.018033573883355008,0.012076477678498215,0.017384957252435478,0.8513119493401098,0.04382641166499728,0.014385562097198984,0.01899850418587631
228,0.02958034309202412,0.014391810785324583,0.01051706353187065,0.02388688613922011,0.801193759210432,0.047526167567809176,0.03398963243160252,0.038914337240716815
229,0.032592654090084064,0.011395788293443471,0.013501577398091567,0.029775577244078522,0.8020550332420573,0.04746988490466784,0.03444590941755649,0.0287635754090207
230,0.03558485824085145,0.013447474346611055,0.012832563439625784,0.022954639453257073,0.8180193246808152,0.04886857847959567,0.03877123699883573,0.009521324359407916
231,0.03482110803086339,0.019965066803781396,0.01258068344873043,0.026137775757071234,0.7480151359217886,0.045125430693216805,0.06481912453112001,0.04853567481242807
232,0.06023881395330791,0.025716597325197734,0.013013159570033874,0.04011111830480659,0.6935377418116158,0.04376545021127472,0.07033186887808046,0.053285249944682964
233,0.07622003705648299,0.029507245787417525,0.008497050772761389,0.007985490085997832,0.6957332423284829,0.04543561909602701,0.09373945243854287,0.04288186243328742
234,0.08386632445901611,0.03439384220339561,0.010931268563581354,0.04680189939673241,0.6407115786058968,0.03775980479383399,0.09196504437712126,0.05357023759942235
235,0.089864148473447,0.03197726743714913,0.009560381347263936,0.04811743533323666,0.6788660722052102,0.03677876286164509,0.08254779290529232,0.02228813943575548
236,0.10116552813429446,0.03499614279191555,0.00811581937261614,0.0469064571223292,0.6785888597248771,0.03747868367556268,0.0805339057378604,0.012214603439544282
237,0.09346485406995897,0.03239612958481782,0.011724195879423532,0.05694160713265719,0.6784688356604158,0.03665054444075448,0.0741972445738453,0.016156588657126703
238,0.08813986983314882,0.03296301369621461,0.00906000959806982,0.06829548697761255,0.6602657910563917,0.03678089724691739,0.07175585892788808,0.03273907266275687
239,0.10314501384276356,0.03836789944277586,0.0,0.11684597418372192,0.494770789321273,0.029534424388884817,0.16814951639225303,0.04918638242732778
240,0.12302532419804481,0.03959951788511553,0.00033947714217394517,0.13241970997610822,0.45448604171429235,0.030839027494422792,0.1809934813444673,0.03829742024437498
241,0.11952096250940764,0.037636160154346406,2.2452143514169674e-17,0.11958240483551269,0.471313350577337,0.02820153581673151,0.20049138894404245,0.023254197161622293
242,0.07118831188369222,0.020746747961283837,0.0,0.089384679460294,0.5569774985032776,0.027946985569533404,0.20709741255500227,0.02665836406591663
243,0.0724651630684137,0.023355145024849106,0.0,0.07016483032330963,0.5584283016030673,0.030006555110891328,0.22093732213581244,0.024642682732656372
244,0.07249627566012773,0.028124050320028682,2.2960416222080955e-18,0.06767770019410135,0.527307896609671,0.02720111265366606,0.2503030914131131,0.026889873148292096
245,0.0941950062194263,0.03420924408932754,1.42140532704153e-17,0.17370711576499484,0.42930469911540126,0.023210878057129694,0.231096307933537,0.014276748819183354
246,0.07296910325108155,0.03573206809393497,0.0003596501622574285,0.2296896595464924,0.4151634188465257,0.025075883897612984,0.22101021620109498,1.0709275780141825e-17
247,0.07251623416720065,0.027199591203269785,1.328517245591103e-17,0.2703809458063617,0.38118679259879557,0.01588312615323294,0.23121497937578459,0.0016183306943548038
248,0.08082574665542445,0.023884452883010422,1.0634632090977894e-17,0.27876216939465187,0.3795855175017061,0.010076517304531562,0.22686559625967556,0.0
249,0.080025880478131,0.029155359493815865,1.8832586442098458e-19,0.29477658666234896,0.36576692773682545,0.014206864020938946,0.2140761213624159,0.0019922602445238196
250,0.07248606995426224,0.03538974270842364,0.015140423694875015,0.29729760846767517,0.33639368905542294,0.016389734011909723,0.20506011266643076,0.02184261944000056
251,0.06747331654018313,0.044979351012430765,0.022779152052758676,0.29745488401034115,0.295382781266727,0.035217873353202256,0.21744892934473817,0.01926371241861865
252,0.08452576787625553,0.05764023330088142,0.0338630984211305,0.32368343021036794,0.16994091086249413,0.04466408263050975,0.24744422724182785,0.03823824945553279
253,0.08322675632849014,0.05758523534103394,0.03468960916948625,0.32439265903236925,0.1654793194094376,0.05181904921575504,0.2449296617600651,0.03787770974236271
254,0.07273314980448463,0.06961292591289867,0.038960236825523374,0.3232667428239801,0.18007472091632182,0.04723440795890442,0.22815167378304654,0.03996614197384044
255,0.07338485708292748,0.07141538407535011,0.0386320242346595,0.32592656803288306,0.17901967744199354,0.04549417195144258,0.2225958985122676,0.04353141866747614
256,0.08576107076070168,0.09026685811763689,0.03941031338874195,0.31741233109086153,0.1632254974522186,0.05620007901174734,0.18768408861587532,0.06003976156121663
257,0.07125303986567402,0.08672577900326879,0.042075849975823205,0.34653137247130106,0.14782102712041004,0.08256121945416818,0.1725978723279145,0.050433839780440255
258,0.07039984310593507,0.09515160060705437,0.043220355697216134,0.3227701946620149,0.1518825613057287,0.0857605114210061,0.1750680712111086,0.055746861988936115
259,0.07100711203503068,0.10331866910645197,0.04376936484128213,0.3062382266421761,0.15539176575113278,0.0820528233846214,0.18423578535182975,0.05398625288647517
260,0.06991297258772146,0.1062948984873714,0.04199941693585168,0.3081493849133022,0.1552721916008749,0.08159753565872366,0.182109608250424,0.05466399156473066
261,0.08907147509304013,0.1484253165184598,0.03954997903647203,0.21450585285859472,0.15678808746550696,0.083038871908563,0.21855966490258255,0.05006075221578074
262,0.09003815529290621,0.13700109998649287,0.033151611913337056,0.23792575838575558,0.167263779296788,0.07959724475897967,0.21318130585421508,0.04184104451052546
263,0.09126935317928689,0.12699771288456413,0.05740798881786496,0.2225083251659232,0.1602138979395546,0.07474340197484663,0.2217766005067947,0.04508271953016486
264,0.0944291410488738,0.12893503597745287,0.06271170360141642,0.1920848104129188,0.18925217090176433,0.0744861215144411,0.22529133607677035,0.03280968046536222
265,0.09248822687820653,0.13060816278848544,0.0637066337494442,0.1905893073466879,0.1897841279119033,0.07649455213540421,0.22420361856017676,0.03212537062869146
266,0.13900046456666715,0.11338843053165845,0.07618706406390022,0.14369582319936725,0.1812645796556971,0.10725038617140172,0.19091412311798484,0.04829912869232328
267,0.13242826250486311,0.09301940204659648,0.07612595221216485,0.17809006847202724,0.2136087348763689,0.11411015366898239,0.16158971247469608,0.031027713743300822
268,0.12876260398046685,0.09720243002018902,0.07732282073556648,0.1751338274349836,0.21001533969671157,0.11991160189875173,0.16048450611203968,0.031166870120290957
269,0.14449745682866713,0.07774994201950942,0.07444764152343569,0.1995543086354746,0.20893664229812767,0.10957556545855356,0.15616028049335645,0.02907816274187543
270,0.13293475022882847,0.08981826168753801,0.07972845676773764,0.19965876648458725,0.1927334732380989,0.12346223567590796,0.15155455843171817,0.03010949748458352
271,0.12773992822536936,0.09034261238447126,0.08057191686878643,0.19828256950039896,0.19519547467605336,0.12359018303989,0.1535542618528113,0.03072305345121932
272,0.12852963042791637,0.10677734789551219,0.0951195407704302,0.17782846082340634,0.17695542733380146,0.13608519321397455,0.15104127448962937,0.027663125044329502
273,0.12847516354571883,0.11013219882948778,0.0963345721495679,0.1724054313627253,0.17493106190573074,0.134512864327473,0.15142999461121934,0.031778713267077076
274,0.12667789724513914,0.10234628587190563,0.09276306116559548,0.17519526310654213,0.180917821009521,0.13894924883306006,0.15188176399265463,0.03126865877458182
275,0.12799569671164868,0.09814760165561752,0.09750261010698309,0.1762208119627391,0.18285917081799832,0.13119157642426937,0.15142151835886827,0.03466101396087543
276,0.13011054345948644,0.1049121391647401,0.10206511042783577,0.17160418679219536,0.18073753688276545,0.1318308733337721,0.1448565812389538,0.03388302869925098
277,0.12507882531830664,0.09126100442707787,0.10932701057694463,0.15458527753755952,0.16801508455502848,0.17333993503880268,0.13713015204050566,0.04126271050477444
278,0.129173873303805,0.08406668535994158,0.10728215252615167,0.1541820719539827,0.1621342057007017,0.175853897014063,0.13821503168549337,0.04909208245486097
279,0.11796933535756456,0.07119909870750465,0.10632700268204015,0.1573173660040899,0.157253322464738,0.19712590574145072,0.13396547746081203,0.05884249158079995
280,0.1183438022552536,0.07216304571410206,0.10558512498693626,0.15981837130862073,0.15888388772547335,0.19438185996716476,0.13249178709523796,0.05833212094621122
281,0.12220468015095429,0.055982641378081885,0.11001991303520872,0.153254461491637,0.16154500182495946,0.2134302981877375,0.1223579734225765,0.061205030507844586
282,0.12234674311536127,0.059942737245356724,0.10915316647914802,0.15541307919666447,0.1621327487986126,0.20826546683635777,0.12157247132051172,0.061173587006987426
283,0.12158284668296376,0.06153178367799826,0.11272891768035057,0.1495658603763739,0.15976025978534425,0.21202473498617466,0.12573169090360914,0.05707390590618542
284,0.11323123194348941,0.06946275399431603,0.11037037447791083,0.14001950909942856,0.1460636271988285,0.24595229250391695,0.11732785086094366,0.057572359920166065
285,0.10613105107341031,0.07484708710373052,0.10901147612020366,0.13069161026446613,0.1385146732964907,0.2680036636915276,0.11782934922360322,0.054971089225567794
286,0.10444375141547266,0.07526792517096562,0.10744130381882394,0.1293054699322525,0.13515051981927298,0.2750427191912303,0.11840876078153471,0.05493954986944721
287,0.10068935453989857,0.08552079714202392,0.10998444042058693,0.11908270825664034,0.12823834392528727,0.2809694145496349,0.1174861511760795,0.058028789988848535
288,0.09976747734595696,0.06929930913931344,0.09930781796561203,0.1288096013945996,0.12919339483899533,0.2957847877231695,0.12631023829612156,0.05152737329523154
289,0.0953285136710171,0.07582682409479215,0.10055099433433297,0.12344198325972104,0.12094235024032476,0.305347756662033,0.1231697025889565,0.05539187514782243
290,0.08973215568964571,0.08905429027158754,0.10553293523289228,0.11281822665802826,0.10701282493432052,0.30236326905825617,0.1455111300399815,0.047975168114287994
291,0.08548555428782202,0.085875961023741,0.10822448973602145,0.10531655606380932,0.09525455558453132,0.3082172702054142,0.15483448316345116,0.05679112993420955
292,0.08863564083012701,0.08799606098571448,0.10710803336219404,0.10254195070702218,0.09816481422342475,0.3050779587690254,0.1599385555808805,0.050536985540611624
293,0.08835026245426557,0.093357329484966,0.12167755263223427,0.09660509883823418,0.09178457841687634,0.2996241927713049,0.16621313173199007,0.04238785366912864
294,0.06389301450993,0.0851570138397195,0.10339266684606492,0.08250497805344924,0.07020359527601107,0.40157395862570455,0.157766366034117,0.035508406814003655
295,0.05215628361549482,0.08437708465319813,0.09427317938099902,0.07679512111763533,0.058619607995225885,0.43499218018437025,0.14739452497640526,0.051392018075671245
296,0.04853856700905958,0.08303516377521604,0.09629841214793952,0.07720370901098753,0.05689576700718405,0.4294916739331175,0.15350732442375925,0.05502938269173652
297,0.04869846924600714,0.08372073176764477,0.09629686598013716,0.07539348032148568,0.055184711955543135,0.43165534593644544,0.15487116362663458,0.054179231165101996
298,0.05088304239839845,0.08110395961935722,0.10011189115265648,0.07878343405287497,0.061553462497878124,0.42533464908825075,0.15188085672767757,0.050348704461906486
299,0.05367859888011194,0.07982600499571844,0.10063382575842392,0.0720650497697025,0.07951577756978755,0.4745000612239036,0.10171493462713464,0.03806574717421739
