oos_period,15,16,22,23,24,37,39,89,94,95,96
20,0.06790825328241319,0.36125379374849037,0.3298153323866182,0.02564683014201036,0.11885864009158935,0.00392680470066874,0.05965359493625795,0.012883762882681227,0.005157348277217945,0.012606015843799593,0.0022896237082530918
21,0.03789483076951886,0.1824839618575585,0.18460231561712312,0.004260558680366844,0.12074430080120645,5.290381972769519e-09,0.01488481984228949,4.546045105586715e-09,0.4185790289214151,0.03655016821104322,5.4630514239533106e-09
22,0.02566872685713965,0.38261273616491276,0.17897207704175525,0.19645691121769912,0.029668427236845495,4.524610052275861e-09,0.047944108973167976,4.100825517596839e-09,0.1115666620085778,0.027110337612278566,4.262187940269191e-09
23,0.06023384467395146,0.15249721397214241,0.026162542193493052,0.043874688647017726,0.04359821251943517,0.27168250806040223,0.025584571708058484,0.15391858150341897,0.1150322033928013,0.09082622279527616,0.01658941053400308
24,0.2341468144901552,0.24318357456407863,0.002510208221884889,0.01245811729336423,0.018945429968459403,3.0109181991446113e-09,0.06779858384159848,2.5753559403723245e-09,0.4072883056005612,0.013668957787290045,2.6463338843926262e-09
25,0.27060103419494314,0.18728100917129323,0.0015945568345701268,0.010673038490226812,0.009976374866562129,0.005458142111206257,0.08563199408315512,2.5973741240051815e-09,0.41224919369849417,0.014345850538927452,0.0021888034132474658
26,0.1846055437258656,0.10305538752868638,0.0017379769203659714,0.043664870960626545,0.07057033122418949,0.03102936131846895,0.04594784339413993,0.1846759166064507,0.2109447322167818,0.05329502657369122,0.07047300953073328
27,0.32955536058410473,0.08717139186712596,2.101811277111683e-09,0.035060550976100925,0.02768088968513323,0.0007103606264530669,0.05554014934692816,0.04179898092658616,0.3355682526223904,0.05309391582291694,0.03382014544044919
28,0.08823252701299009,0.0342699027848487,2.767472646741741e-09,0.40403339564008967,0.039049140533165994,0.002280766554282231,0.03465114655003602,0.11864616568521136,0.11567600691173142,0.10617496205665065,0.056985983503521236
29,0.11563779418217406,0.04000515173601642,2.9488058070197737e-09,0.28265051012787207,0.048300339714240206,0.017588428811026704,0.0234328046648805,0.23527382409807385,0.14297144495538772,0.08998979175071728,0.0041499070108054065
30,0.09783850085712546,0.004998221311335398,3.641297382306302e-09,0.2731406584241571,0.07178708167795868,0.013134699714567528,0.011530078659113303,0.21109989854022662,0.17448705838531034,0.13946414841281887,0.002519650376089386
31,0.10921048785084082,0.021592173582980854,0.00032468011119756926,0.4042654047578724,0.056958325007632794,0.006779808816568375,0.015271817685525449,0.28858550463203547,5.482067738657639e-09,0.06376277662954306,0.0332490154437356
32,0.015247307892133563,0.0019031607162216199,0.06129047880495498,0.6923201192794409,0.0480894175552064,0.012144120202641152,0.016277387747724362,0.017213721316290613,2.387617976569741e-09,0.04399547151859035,0.09151881257917809
33,0.030769615210555032,0.029477861035316577,0.014502996240161183,0.025636242134351898,0.0476488990898255,0.1967355742594204,0.05232858884298134,0.39364371485874333,0.09347925823628124,0.06024757723792865,0.05552967285443487
34,0.0023705878627159204,5.935776814051692e-09,0.034976375475106895,2.3957641282891543e-05,2.01214674320467e-05,0.0044941682546663095,0.023248855123179042,0.10978585459011003,0.6916430066411722,0.013754660282461417,0.11968240672609654
35,0.0185750532504093,0.004521736096728792,0.09427523909183484,0.002507850766267363,0.0756345246905005,0.008976611311635414,0.14172135922610993,0.15734022825242708,0.19681454754091876,0.004593550289419478,0.2950392994837486
36,0.05343575488483552,0.000528481345374371,0.39062743402420214,0.0005323691623282206,4.805910102039906e-08,0.004295398263565209,0.09322417299160367,4.9885049001419063e-08,0.07896898147625865,0.16436042728489883,0.21402688262278335
37,0.29244346693079215,0.0010158994151899829,0.2727855455798615,4.4992084187542435e-08,4.20490706400404e-08,0.007755839812105692,0.191018633920077,4.0648016867784883e-08,0.05973755609968306,0.13226712448173522,0.042975806071383606
38,0.0029544145455941808,0.010391168707104626,0.141822261619546,9.150546417687849e-05,7.877105419395403e-05,0.29635689227521705,0.46558276264622384,0.005732198732059141,0.04725179998672059,0.029303376056545743,0.0004348489126179267
39,0.0777060125414026,0.1548211163825228,0.05957795506487294,1.914470573754839e-09,0.337523880575144,0.12753627089629843,0.07133036536602892,0.0025025199783725513,0.15526330050310017,0.012456629349766584,0.0012819474280205525
40,0.010313389696386236,8.651274581985793e-07,2.5722015758635857e-07,3.1666332694678296e-07,0.0033199167983819725,0.029689693431253463,0.9445472655208779,0.0001118608327755954,2.7154537573513588e-05,0.010175092825510572,0.0018141873462979336
41,0.006130657905577052,7.555075352715983e-08,4.247708816725826e-08,3.548252479359643e-08,0.0057464247561703945,0.41240679680426323,0.01441626307723412,0.2369920936138295,6.312879074519078e-07,0.30852725818120585,0.01577972086344587
42,0.004145407582713837,6.704425907251656e-08,7.810816019468003e-08,1.6869216606080677e-08,0.007564927434303164,0.30364934797607024,0.0008330537404482589,0.0368890504184296,3.0033174386835895e-08,0.6259107455227558,0.02100727527046876
43,0.10633728115608466,0.036900878236506306,0.017394839055610338,4.707533560186584e-09,0.0684535790402559,0.29383342980399263,0.07605356186904096,0.04784356601475877,0.04224748834427829,0.22631421382569974,0.08462115794623888
44,0.2405303261912064,0.005989934560200388,0.003970551480516244,0.002087060623182906,0.0316427771744946,0.182861088274399,0.0005777903268747183,0.004049066927789205,0.01258598586411854,0.47960622546860443,0.03609919310861355
45,0.4219482408659948,0.004087126129395528,0.1705653110324088,0.027350854962177925,0.054861067310353624,0.23737040100936252,5.058454380510353e-09,0.02360886482030056,0.04335029975872542,0.010746733288817915,0.006111095764008475
46,0.0552595540102144,0.020588629605591928,0.22869284560387984,0.1706360906256158,0.005467906002224428,0.007334258289689526,0.11099334860195778,0.001070663226169597,0.0039056721592368405,0.2577171242362575,0.13833390763916237
47,0.9806754852784809,0.0012990927880593317,0.00042542582162854135,0.0006476773358132726,0.001968815024216117,0.0036087327758024665,2.0098742741170734e-07,6.135158081530693e-07,5.392594127475768e-06,0.0113548036369959,1.376024164039632e-05
48,0.9312918480626892,0.022660035595901913,0.0077358305359901255,0.0004526163947716742,0.012256796865225482,0.007864421631485388,2.230627160412528e-06,2.3072649632405806e-06,0.00016816295803732782,0.017545643176386388,2.0106887388836302e-05
49,0.9751499124229958,0.006900705545525453,0.0022345498532365653,6.083771228167409e-07,0.005913804663963458,0.006474856978706563,2.818934071124747e-07,1.3744177445565271e-07,2.991906109960395e-07,0.0033246887985611396,1.548340956226616e-07
50,0.9868671858298094,0.002170515321785708,0.0009911417714714656,2.1818596374295342e-05,0.006751479579877037,0.002644299957331462,2.453179625667046e-05,4.826974085507962e-06,1.6585880285584104e-06,0.0005193647831634035,3.1768018166022794e-06
51,0.9429711118824806,0.0021156609517422624,0.0003578448491629014,0.000281533478963909,0.04563953341748989,0.00018690991806589462,7.641748686994358e-05,6.603279242997591e-06,1.1460965384792696e-05,0.00831761528141506,3.530848918174531e-05
52,0.17327278060082996,0.6643031871122358,4.658730504938318e-08,0.00469181925066355,0.001853138151675235,0.015918148455690506,0.0008237828981379814,9.304472376611098e-08,3.8866361577542643e-08,0.07435196318896478,0.06478500184341182
53,0.11314331369295347,0.04706574754173777,4.842173733178106e-08,0.030654415417516335,0.003286215992980741,0.06642396036371924,3.576107680867874e-07,0.051334128570447,4.01813590213844e-08,0.5228791301975672,0.1652126420092139
54,0.262866165922356,0.0006051492459744268,2.3341288606416413e-05,0.09478858371835545,0.00036165409895714824,0.0018735635460530838,2.4753152970568352e-06,0.6269238154156422,2.5379888707014745e-07,0.012492526089751514,6.247156011952893e-05
55,0.0491798119766233,3.051497896877368e-05,6.6149987164869815e-06,0.0285253427022849,1.8267233171823127e-05,0.0002835836469179093,1.943045613281523e-06,0.9190284909194535,3.58991598430083e-07,7.493691427518099e-07,0.0029243221375089648
56,0.0719203269693028,3.2552394115671585e-05,2.889309300381357e-07,0.04368940536469778,3.062577381492839e-07,0.0004636219072147558,0.000267688756661918,0.8828250924865659,6.50461451400206e-05,2.0202951287061728e-05,0.000715467836345992
57,0.010124884392582497,3.299502747389651e-06,1.883077830107653e-07,0.009605659747259293,1.509456885908881e-07,0.0020487673997612458,6.796642433899073e-06,0.9622735785220086,4.6320412927541733e-07,1.6374740645530303e-07,0.015936047588199793
58,0.017251580060670922,0.0018991358926102762,0.006261739174237293,0.179412393136283,1.810552117182422e-09,0.010220623358698368,0.0013819965558256792,0.13793958421223776,0.42295435864601694,1.8124579385328673e-09,0.2226785853404097
59,0.01953906042832827,0.0018009916916126817,3.937475123934877e-09,0.20576252034906897,3.140607660947852e-09,0.008568252493845031,0.0005663322812587631,0.23549860540253312,0.2974081953197636,3.152692591930467e-09,0.23085603180281425
60,0.04837376204952996,0.0004817376836108379,6.0180109326026115e-09,0.5733490546425185,5.898130940841742e-09,0.0019490009456626111,6.585879962945503e-09,0.14079990277491403,0.22431883518829204,6.074447744633034e-09,0.010727682139002555
61,0.12234269937196292,1.2547230769972795e-08,8.803184574742753e-09,0.17769588857596605,8.70232924954045e-09,0.013894738128388952,9.819626318706333e-09,0.48801289454651087,0.15702840528373585,8.89179816863223e-09,0.04102532532926622
62,0.07617574835273695,1.1733274963417888e-08,9.332774340224222e-09,4.229122251941334e-08,9.521492229956302e-09,1.4827849147431385e-08,1.0506891782801204e-08,0.8471617832179688,0.04355542891371545,9.591903037029742e-09,0.03310693171017066
63,0.000394211912055914,2.7775723748526655e-06,2.5933072726242894e-07,7.598518750690041e-05,5.766468031932884e-07,3.515745131276795e-05,1.0425426511064373e-06,0.1162330374900225,0.8181487854357068,3.156626030785658e-07,0.06510785076823564
64,0.8089646812396142,5.4988893006245e-08,2.7589687004495965e-08,3.935903374739237e-08,3.0176940376054e-08,7.314298851549336e-08,4.098997064456726e-08,0.09398528260995927,0.09704967837618507,2.883919066648549e-08,6.268753742710253e-08
65,0.8435893928396908,9.352177320035893e-08,2.9911619790287204e-08,1.0153970525130154e-07,3.404875943903735e-08,2.388255629003992e-07,9.342098103717793e-08,0.10256772299023147,0.053842165856101694,3.064623519425736e-08,9.639933916856918e-08
66,0.09102221541185415,0.011283031434583656,5.672733576313202e-09,0.037385840714959095,0.005823023469284498,0.05459820828796033,0.009972115825761576,0.05013841653737239,0.11372256427895429,0.016727970697649086,0.6093266076688874
67,0.01266025565929875,5.696676268300347e-08,4.636052478462598e-08,0.7341056529262086,0.09726124837395926,0.020927396274754838,0.000598350744406119,0.05570816070193004,0.07311905478756882,0.0032110996489469173,0.002408677555639264
68,0.027940461921313667,0.006666741214347357,2.8001093362145218e-08,0.470590878337458,0.12108625888882796,0.041852934712869994,0.005281299104385067,0.12087009402905731,0.13127771417134035,0.006527314814462063,0.06790627480484485
69,0.004855751806864797,0.01475034749609066,1.93510210717584e-05,0.10348200417242963,0.050225434607512325,0.3164514568909888,0.015335666708997067,0.0722911451190606,0.353481920138525,0.00025952352636296114,0.06884739851209642
70,0.010465323155150636,0.02503567197930687,0.00012102646966994682,0.18443172029479596,0.0755807538100372,0.03925519096648374,0.022586119098385326,0.04830959418465382,0.46547613014683226,0.0006621606463770417,0.1280763092483072
71,0.11104951737652406,0.04877559004211918,0.0037030870362347833,0.15924217388817055,0.07744441380669653,0.059501102379641846,0.005853930194574371,0.07523525905411016,0.11904703269211653,0.0007509201612262837,0.3393969733685857
72,0.23577365366382602,0.15463709051573854,0.002532369711001583,0.19983201593027902,0.04143600274465467,0.08356405368460394,2.446655913054897e-08,0.0635949042070532,0.07750637061467881,2.29022415996875e-08,0.14112349155936355
73,0.043883777933841246,0.06335461507567502,0.0028645172758155176,0.2245617877921776,0.21477075533397474,0.04768120806281311,2.7302615058688304e-05,0.03470102348133198,0.11650151725952168,0.0006627543862886493,0.2509907407835018
74,0.0579689998689619,0.06270270791212795,0.00631391988436361,0.21447478161629527,0.19386525154582948,0.14234607323630583,0.0006605699192058039,0.11271385365478537,0.012971576035243033,0.04410204069783036,0.15188022562905165
75,0.05143248154013608,0.0450585196431937,0.004102550295199981,0.2114033993608506,0.15640702506516324,0.10091961394052494,0.0007959280340970174,0.23901050306153815,0.0639015153377512,0.05106670789790616,0.07590175582363898
76,0.039515390525437045,0.05827183876268854,0.0035521062822554714,0.4145973794460361,0.136884691475395,0.11764919341390653,0.00048076109724553797,0.04102901114848306,0.031370577886152703,0.058398689621739726,0.09825036034066026
77,0.020490838422699525,0.07286561277656624,0.0018862194721633815,0.42803421717461465,0.075651209578346,0.0794919828067416,0.00021720832391224198,0.13916331658793737,0.11909796851144824,0.030259060212883868,0.03284236613268687
78,0.02326187984321112,0.04107560895249674,0.001641387658467307,0.4536929322758906,0.0825160239221829,0.07613600294914913,0.00030163107732464675,0.15493167287316026,0.11836086152723199,0.027682529483784336,0.020399469437100973
79,0.1315309814592369,0.0763161511766775,0.020407449357527817,0.16253446422428475,0.18569126883156456,0.1393283656064608,0.01088734621922065,0.03496157881639311,0.11289614138152627,0.05946994729890602,0.06597630562820166
