oos_period,15,16,22,23,24,37,39,89,94,95,96
20,2.1127437050026953e-05,0.04264251455967904,0.0003957497656762367,9.759782793216556e-10,2.4971220134859694e-05,1.7944446789756677e-09,9.699884527780774e-10,1.7878555107226608e-07,0.002091530431300576,0.9548238646812716,5.9378925203789296e-08
21,0.7867101071365808,0.10438322429250146,3.397507945437713e-06,0.10886206162789638,8.278194595260401e-11,3.843756605164146e-11,3.843756605164146e-11,3.843756605164146e-11,3.843756605164146e-11,3.928497721751009e-05,1.924221326007871e-06
22,0.8290211576781344,0.013563234876969312,0.008166562463714975,0.09597632102178323,1.2646925667562627e-09,4.085104538795256e-05,5.637483540435651e-05,1.766871191915084e-10,0.028542798341217118,0.02463269811932181,1.766871191915084e-10
23,0.1497186924615407,0.01897010605035137,0.010005341518309884,2.743521046235206e-09,2.4525748750657584e-10,9.253396062900525e-10,0.007303685509869601,2.4525748750657584e-10,0.270319590855942,0.4423226839984498,0.10135989544616114
24,0.12341496090352296,0.12192820272691035,0.3237126006669014,0.01329539961283264,0.06750076724281237,0.006341085210153469,0.007746936731648673,7.162742697899355e-11,0.1489603193760493,0.12260939190360769,0.0644903355539338
25,0.35811326434567425,0.010774328476666976,1.5984727252607754e-10,0.039084031472835595,7.680415955164228e-05,1.5984727252607754e-10,0.4243013860867769,1.5984727252607754e-10,0.10500558897499737,4.721760307506457e-10,0.06264459553177933
26,0.010773219112992763,1.0607194685660443e-09,1.0607194685660443e-09,0.09651108147445116,1.7529244609739373e-08,1.0607194685660443e-09,0.6161416441699958,1.0607194685660443e-09,0.15466787681486646,0.019532117229164897,0.10237403942640634
27,0.0008793094837619836,3.7338214216616215e-07,6.489168445067194e-09,0.22406909027348096,2.306330450849342e-05,0.0038331200175899787,0.0008381422335467572,6.489168445067194e-09,0.07207180429779102,0.691710584466572,0.006574499562269759
28,0.22044263543883852,0.1301985800219243,0.14358954590450848,0.0680715212856924,0.004487141655644978,0.039116746518792496,0.015993743794095735,8.586715447569998e-11,0.1997379763698378,0.1681082838883822,0.010253825036415908
29,0.07735554338520478,0.045097596845728505,2.2968558113070052e-10,0.016425110391515327,0.11119063856348756,0.2723977691691573,0.03454911701982536,0.08325582016062812,0.08411659320521157,0.2756118107998705,2.2968558113070052e-10
30,0.5342014193167851,0.06818250462988323,0.04058687493918673,0.008134280622834634,0.07244961480805794,0.11082747578649892,0.1113361900900818,0.026532221795175528,0.01926503383220804,0.008349798050016167,0.00013458612927195972
31,0.0014715969009267,0.012845541215844088,0.31043769762775575,0.0009435162292518988,0.006292080890282161,0.013203802592494122,0.5485531937307685,0.10274129589794015,0.0004945384922410969,0.0019140990604054986,0.0011026373620900717
32,0.004743962376691094,0.010576204318504034,0.04036788891416551,0.03447062434044855,0.000500638253622025,0.13302762424742592,0.22219189040225928,0.11534783323421757,0.20433184477169042,0.15715369075379146,0.07728779838718398
33,0.004589280131419813,3.22453446291347e-11,0.07457526997513571,0.006024695934060169,0.0338980100343999,0.016747176717070614,0.20700915629779795,0.003885156286710118,0.32203580073374377,2.0520007703341715e-05,0.33121493384971323
34,0.00033956907727885184,5.2796316472192386e-05,0.47262877224591393,0.00012169866268952581,3.7208122162690845e-05,0.0002724605819887802,0.07008151402532373,0.022195382154927046,0.3750572629197011,5.3723246846448515e-05,0.05915961264669574
35,0.0011730754193184352,0.027972122149536163,0.8827340283603405,0.00101113265074487,5.321619002700231e-07,0.0006309748690314062,0.010695821831233266,6.001970747322965e-07,0.03287747141854686,2.1193612809852927e-05,0.04288304732946361
36,0.01688664265633851,0.3366024466423723,0.28410421777539174,9.320832898086844e-11,2.05458521219699e-05,0.0019962024233731684,7.095076893796811e-05,9.320832898086844e-11,0.35915978045274805,0.0002687914633321766,0.0008904217789672183
37,7.734611474849368e-05,0.07761703102718023,8.153359447320971e-06,1.0682585607546235e-08,0.7810236559921802,0.08990691863156465,7.437525380415417e-05,1.0682585607546235e-08,6.121303644267807e-05,0.05123127453687556,1.0682585607546235e-08
38,0.11979133871117487,6.949226802488336e-06,1.009587487041135e-09,1.337485679422924e-07,0.12942384634562462,0.7474932736310944,0.002629429402040799,1.009587487041135e-09,2.9780941450231026e-06,0.0006520478117872867,1.009587487041135e-09
39,0.9293054354670768,8.039038091377126e-06,9.001829954691228e-10,8.297618720826508e-08,0.05659655833543957,0.007115023643174545,0.0034226740418988547,2.839189811539531e-05,1.0195210759498742e-05,7.342269482014098e-08,0.0035135250663789444
40,0.203723469665352,0.027505908440238272,0.00028776937600866,0.07687035045744392,0.033870554840163845,0.0967354676439672,0.05053419941829967,0.2576874032555811,0.050965783363196585,0.10157416183851027,0.10024493170123855
41,0.00021561061861512742,0.0422537350556329,0.013228044256853776,0.6172274007054658,0.023582999527152416,0.11142591365653597,4.424111326095802e-11,0.16495658797606882,4.453165769775121e-11,0.01268614503423065,0.014423563080671692
42,0.12491086502915716,0.0369236897474617,2.3743699295776796e-10,6.087304114943077e-11,2.0784771934227495e-10,0.00010502295048291815,6.08256590987503e-11,0.029335194371675748,0.7232992198210759,2.5506791252284863e-05,0.08540050072191085
43,0.03622439961665818,0.037914901304185254,0.4307825729826133,0.04091511621597347,6.311331773523275e-05,0.03059351661225162,0.2502223896126074,0.0033745922877742424,0.09562822378195651,0.00012584912508141154,0.07415532514316342
44,0.00024425922731373964,0.0071370253511989,0.37057401248983857,0.11964500127780367,0.11050018061119404,6.198680315214802e-05,0.21053180235872088,7.96097274708133e-05,0.13861517377137306,0.01837549751255248,0.024235450869381774
45,0.022366067653068353,1.672619535726945e-09,0.7985635220552557,0.019280435627113433,2.520189235819582e-09,6.510944319850512e-10,7.900620274753396e-11,0.08981819313234442,0.06997177252129919,9.391346165192587e-10,3.1488748406848346e-09
46,0.03429272230437142,0.0015467347937237633,0.9639095318337328,0.0001845398305037639,2.5132494090812316e-08,9.172162892138112e-06,4.142655758343072e-10,4.106791395898718e-10,4.613190346865671e-07,5.6109417434403166e-05,7.023808681281374e-07
47,0.00016184061775903786,0.014887113903964324,4.725950977658378e-10,2.325980231872729e-05,0.9848131704235134,2.3932415375749863e-07,0.00011324310227400417,4.672212661122436e-10,4.71343487028207e-10,4.837370810612728e-07,6.476777758209795e-07
48,0.04746086856405161,4.709676458331689e-05,4.7457308182505546e-05,0.030631472602939566,0.33206027274565814,1.0786577016612936e-11,0.037818670594934885,0.261900716179651,0.2900334451989264,1.9499058932177436e-11,1.0787059852741383e-11
49,0.1909855936655699,0.020247459088311274,0.2064014945904165,0.061397331269046694,0.037657802374093684,0.00042728863236950486,0.04697671186270155,0.2447004131556619,0.19120589360931756,1.172926319480357e-08,2.324834167387185e-11
50,0.0007565785734667414,0.013237046911776039,0.004447914823173097,0.10325614034647111,0.003903065429227884,5.915487630827652e-09,0.01611629594003519,4.119551225809627e-09,3.3736657672461206e-10,0.13874533526071234,0.7195376123427322
51,0.11151782504552477,0.052198433322891556,2.2227954485863692e-11,0.05345707813591266,0.00537960422965988,0.18877994628108463,0.16262707844505422,4.106177179475915e-11,0.30632024166097566,1.616579697541871e-05,0.11970362701863163
52,0.09579316927049329,0.14939610395369496,1.1790560900241852e-05,0.12963617980128211,1.2255400962019998e-11,0.07901296522777372,0.06794287750315822,0.2592694911568499,1.1324242633430179e-11,0.14702206282162056,0.07191535968064736
53,0.13085322950202818,3.313223145110145e-09,1.4816119464927102e-11,0.11918509627434579,1.57967626409235e-05,1.0817432649114758e-05,0.03449013486314649,0.4657704404760812,7.942889498015952e-06,0.09996258979588794,0.149703948675683
54,0.200113531573369,5.258108783369603e-06,7.64356393322953e-05,0.13469128135630654,6.974179452937208e-06,1.791635855975747e-05,1.7463031359300387e-08,0.5340371821894256,0.13104449245069372,3.5435162345017663e-07,6.556329421805462e-06
55,2.3775450033320948e-05,2.3568161967951025e-08,0.00013321985356138608,0.06851672717293267,0.05227515039358002,1.900857416586933e-10,0.02072402733366064,0.6072336426529306,0.03522477013687426,9.958571525707598e-08,0.21586856366246432
56,0.020791389254582807,0.0007498055851746892,1.0281505922254791e-07,0.03077471519752246,1.071317147149728e-09,2.5217149050465183e-05,0.4072004183114804,0.535773488628129,0.001720980629153951,0.0018005232695444335,0.0011633580889852384
57,0.0003805375361254202,0.03335278131548413,5.216079640651944e-08,0.011408627218367277,8.226718358867388e-10,2.6123807635225154e-05,0.9372024272697764,0.017334916378094114,8.846411187323323e-10,8.231721356931255e-10,0.0002945317832358826
58,0.08413183292222773,0.00015341811188782046,0.18938200298813768,6.872545518792856e-05,1.7040362369843816e-08,0.3690884136425096,4.783974973148747e-05,0.09090177424682885,0.1032439452237563,5.545360444316487e-09,0.16298202507400972
59,0.009858680667680976,0.03829846843751017,0.0231108949465246,0.03662621008724174,3.878591987425785e-11,0.04227070159235823,0.030070612318516758,0.05109813212342856,0.40366626106022696,0.019234099027322808,0.3457659397004033
60,0.001959050023216211,0.000357700696840468,2.5892425822125154e-09,0.019177509770447146,1.600194180521476e-10,0.012491533360014085,1.4314711460604953e-05,0.18393710642021163,0.5820350810591906,0.14912188994965184,0.050905811259705495
61,2.488140272892894e-08,0.00010321667183189237,2.2453341323061015e-07,2.2347000829571253e-06,0.0003645464608318932,0.0006454866311312783,0.011920802033485091,0.038451507129891975,0.9484783061538519,3.0495620335446658e-05,3.1551837416497743e-06
62,7.806036838548736e-09,1.1588801566109105e-08,1.120356374154361e-07,3.435852650390896e-09,0.02128529991292239,1.9929944007644402e-05,1.615291237272838e-07,0.040207381368850596,0.93791612591221,1.3385145632210986e-06,0.0005696279519939671
63,7.964420758470725e-06,7.088497930028232e-06,0.0001812145504555673,6.2188481284865656e-09,0.07520411591145228,1.943490336973241e-06,1.0510638295413048e-08,0.030173061651295043,0.8933218870193157,1.2914566190160917e-10,0.0011027075998238977
64,3.053529873044471e-05,0.2362650092982154,0.7127205224281675,0.001104969502699863,0.00014784854541028563,0.00011342414670368951,0.0400417099003179,0.00270064678667544,0.0025169150211531775,0.0010006281984634758,0.003357790873462722
65,0.0009918475208635813,0.00171841165892152,0.07996623173166782,0.09048727446235931,8.875561565544447e-08,0.7769818046751197,0.03865230767403935,0.007543118992990388,1.0574049381351266e-07,0.003658808676174847,1.1175399755159222e-10
66,0.0033729236192586586,1.849265101545004e-08,2.0705971583406948e-10,6.60496184541902e-08,0.006349678284350006,0.2989767652617146,1.3431957205511964e-09,0.6899235696169214,3.836310399004622e-09,0.0013769730820611971,2.06858950174004e-10
67,1.6666793956746024e-08,1.009634376841347e-06,1.5351789492323934e-08,0.002255318568627283,0.9738983712769077,2.7707242300827983e-07,4.1699831354744454e-05,0.000365394808445917,0.021751059289270284,0.0016800964020682674,6.741097942512361e-06
68,4.2951356123187644e-10,0.40313597228176057,0.4998028585842371,0.00025243975685027334,0.011267599322123874,0.001293102229869849,0.04714709960601647,0.0007578784912823675,0.02361126236078307,0.0019759986545118302,0.010755788283051026
69,5.932882518243755e-09,0.0013621518358143737,0.020298016084193654,3.887428895065684e-05,9.387030405026892e-09,2.141598341588491e-06,0.0026792276116013366,3.80341408344694e-06,0.9286988452980148,5.925069169363238e-09,0.046916918624018034
70,1.6614796957648225e-08,6.254624225391701e-05,0.4730592646347071,0.0001413527485497774,4.4515949566417046e-08,4.555524075005506e-05,3.366104040024492e-05,1.8788197907589466e-08,0.001024634377946625,2.1899482472348116e-08,0.5256328838969654
71,1.696842022883307e-05,0.00010843990134747268,0.0005799159593788912,0.009818205362003826,4.324619550954584e-06,0.0003463275039034188,5.600946177501822e-08,1.3153654976975003e-05,5.086666012341243e-06,1.5913764709647118e-06,0.9891059305266645
72,9.78837909859381e-08,0.0002249420379906124,4.76193990409122e-06,0.9418309230450118,2.331266745745191e-09,0.047687962772865695,1.6452771380804575e-09,0.0008668791899500901,0.008774302539600003,1.6338875122269002e-09,0.0006101249804554177
73,1.3731023092847098e-06,0.0037814163288584267,0.0006581907072292465,0.0015983519065864119,0.42146628442531936,0.5352238582036194,2.6216593518731275e-10,2.346478764301494e-05,0.031181800922368625,0.005924994123420189,0.0001402652304801329
74,1.907484686490305e-08,0.0008217681319514646,0.017486251280178566,0.8985086995014616,0.01121511283044243,4.941957970219232e-06,3.148183354018569e-10,0.07089239155336648,9.767998633366121e-06,0.0010059800810770134,5.5067275253609917e-05
75,4.814725203338701e-08,3.234200910686396e-06,7.395861241191579e-06,0.5368720646373758,0.45268600011669907,1.9932391869297685e-06,1.1639665735562592e-09,0.0005026419586934101,2.8462371358213383e-06,0.009923773272771231,1.1647672688911716e-09
76,1.2580801764330898e-05,0.38007828844413183,0.013744215681671614,0.03925030163624767,0.4572281413025959,0.0001568919028798976,0.08156782158581836,0.0007277468208458178,0.014902300954472196,0.010827034092112994,0.0015046767774593145
77,2.875005311889817e-11,0.2643206888881756,0.016124119627362692,2.3332979306868637e-05,0.227235627855643,0.12548396174267026,0.13255426452436064,9.224071433420732e-11,0.11045336735106434,0.12380463688169277,2.873303384997423e-11
78,0.003756493773741197,0.00010188535135474748,3.116503751941892e-05,0.06032364671007379,0.27859298151444717,0.5205558454368802,0.022960312521923643,0.09911119004776203,0.014560311680374274,6.167786446480981e-06,1.3947701677992909e-10
79,0.03144423160355175,0.00011737979713115353,0.15299088493975718,2.0899814987905447e-05,0.023388699004419897,0.11936849569741399,0.4033470818031464,0.2302583472731677,0.029015531687395166,0.004635538636489673,0.0054129097425391895
