oos_period,15,16,22,23,24,37,39,89,94,95,96
20,0.06690792443398848,0.17476557985682636,0.08032198224755896,0.03988856107762748,0.07055572725941515,0.03989749872265569,0.03988683972363725,0.08453662634102237,0.08367103358540667,0.2728041190483759,0.04676410770348564
21,0.31801026393942905,0.29204346888590155,0.015523283239007382,0.2738897627735527,0.015589012266871415,0.013636363636363648,0.013636363636363648,0.013636363636363648,0.013636363636363648,0.01385564109008542,0.016543113259697883
22,0.38239762647597103,0.0458412141767278,0.0679183252327867,0.12489248407422161,0.05212869866707962,0.047193854741625484,0.07965736669850276,0.04318527086501577,0.05671324318842363,0.05688664501462987,0.04318527086501577
23,0.2059683167276607,0.08573481673114881,0.04562310046486429,0.05838402593268018,0.04335542582793365,0.05678626645944117,0.07619298843122105,0.04335542582793365,0.12614291485546866,0.186273578842408,0.07218313989923984
24,0.24893835041785115,0.06413172435989047,0.23275442254185882,0.023913409556152575,0.041927355701486084,0.022913823892563034,0.039188852806449716,0.01687620156957758,0.12985126908865927,0.10484036736822437,0.07466422269728691
25,0.27564556537088997,0.04424131519099158,0.0257407207057563,0.03880817528734097,0.030746443258132135,0.0257407207057563,0.2106295948423504,0.0257407207057563,0.15664463782993981,0.03311985426269995,0.13294225184038633
26,0.25496029694438566,0.024878341415792333,0.024878341415792333,0.09592363548718191,0.032654023543308174,0.024878341415792333,0.21513099180367318,0.024878341415792333,0.1454844585226339,0.05392613202166674,0.10240709601398108
27,0.10711460885867888,0.04940706682902667,0.04549680889299229,0.1573077109591211,0.05626229688325586,0.0643650219413097,0.06223803224507579,0.04549680889299229,0.12022110684698586,0.23233397687335008,0.059756560777211365
28,0.17163590550658261,0.131195620470256,0.1330081580556342,0.11162304028109597,0.02629919632580014,0.07556456740460742,0.03513946069401142,0.023385942348751167,0.12617108664163026,0.13602107135030364,0.029955950921327117
29,0.09181549451944512,0.05987243479841922,0.043349126543832925,0.04833045114018878,0.09160933977447894,0.22715588593039085,0.09204435345135357,0.0685985318461824,0.08876369637239291,0.14511155907948237,0.043349126543832925
30,0.1649587151972831,0.05745955537469941,0.1942707915857041,0.024094238614707202,0.06693093554761109,0.07708278762873565,0.11683284715405373,0.06700918942203031,0.18497814924163963,0.026472253669871177,0.01991053656366464
31,0.049158171565060985,0.06074605375406975,0.1866947518213345,0.05165644633568402,0.05714947757018665,0.05284094541895021,0.26397098955928977,0.12427659129784722,0.049662811630983884,0.04896993305826112,0.0548738279883319
32,0.018224732246390953,0.020997958470368613,0.04525386791439719,0.04201109183559154,0.08743170458011597,0.11662032720024121,0.1720566206033984,0.1120808200659102,0.15208060201877863,0.1406333351655339,0.09260893989927343
33,0.09702092939421754,0.04724331000361688,0.10144479359653012,0.04997453741441763,0.05110560266634554,0.06288651103758996,0.13562370121703907,0.06992141458816181,0.12301426918198498,0.051310569555915495,0.21045436134418088
34,0.022087583461941427,0.01398348020665105,0.10490185632123471,0.01590025654044372,0.01366501253345652,0.014322629198119913,0.22597566942188413,0.19279645265218234,0.24006234582818936,0.023183296960883948,0.13312141687501294
35,0.05338057266168725,0.06853048544484809,0.34801878792198576,0.10359771533303781,0.046365991561629676,0.08168788992047524,0.05663713623217559,0.04634962352793809,0.07381297659752843,0.046349606754300485,0.07526921404439346
36,0.22010948079690376,0.1088879742194403,0.09439740248616518,0.029373550465207683,0.029377474001753747,0.07416753156402205,0.029388201229612176,0.029373550465207683,0.10926033258291419,0.22297427960113952,0.052690222587633666
37,0.07230206052263358,0.05499726375043401,0.03726895722720653,0.037260758455799986,0.2633877513543099,0.0524387007625385,0.054938594132518455,0.037260758455799986,0.047156934513354454,0.3057274623696047,0.037260758455799986
38,0.26899217674759096,0.042813346049801956,0.03387070496329329,0.039220298258463245,0.14855135290546756,0.26185618264821614,0.057650785710419906,0.03387070496329329,0.03602147505012364,0.04328226774003669,0.03387070496329329
39,0.2154789504013475,0.04244090556483549,0.03512451700152457,0.037760571278393676,0.1665104306682631,0.1740565150301221,0.10030048314049271,0.04562727206875596,0.04354227774243814,0.03513257934607648,0.10402549775775022
40,0.21605000919397924,0.030864563231700406,0.014385531759561147,0.055901175695337625,0.019637436288394983,0.054035119394208256,0.07064649428137543,0.1650407375484259,0.0623660673505787,0.10096593354153953,0.21010693171489886
41,0.21697747278020857,0.07868970800210924,0.10000296211355697,0.2392245351871726,0.027079733094492565,0.06378094257654691,0.013636363636363637,0.1389507431606789,0.013638476874868747,0.05077940536151508,0.05723965721248677
42,0.11307049683708527,0.061760225260533534,0.042592885568133454,0.039000189026454975,0.04199075827520215,0.06773898714116822,0.03899893102435475,0.08252553821261675,0.3282214655257218,0.042411790925476485,0.14168873220325257
43,0.19930692473219858,0.07032915415688601,0.23648863715528123,0.03868535108162376,0.013902758146213346,0.06564601861018508,0.24907998386118005,0.019591940639153194,0.04852687372606428,0.013679857637508112,0.04476250025370629
44,0.013768942506194443,0.02036437866113417,0.20818925406856018,0.2837904338748964,0.06076739046829041,0.014360523642683514,0.2548558626159022,0.013694512309010198,0.08919545368985664,0.01970250197116323,0.021310746192308647
45,0.09179484830068002,0.04980110866216167,0.3357672432911131,0.09902699517550974,0.04834139021270226,0.04112348832843432,0.03958201344609652,0.12343207711778728,0.076742129852578,0.04389140989771169,0.050497295715225224
46,0.16805542461557776,0.062112827066094944,0.3330389734706479,0.1053281537185778,0.053904851294590335,0.058563227431034724,0.04038644655803921,0.03937119340454121,0.04704518794962673,0.04498862105739941,0.04720509343386998
47,0.15106658499508896,0.22587647003893924,0.033572960007906306,0.08286218583062437,0.25798587525526767,0.039938273772604595,0.038202807972485826,0.033571635802724466,0.03357279558438869,0.06707082080237256,0.036279589937597376
48,0.17773277792854356,0.030490120115083563,0.030450521134054043,0.047916503855124984,0.2172901483896702,0.0304269646743873,0.13973102619268704,0.14296952026919432,0.11769355119735513,0.03487159120548731,0.030427275038412555
49,0.1481800615901867,0.031074671670123483,0.1450503434221978,0.14604525789886993,0.03196230693617914,0.15168944596544906,0.03461330846503653,0.18499904970107778,0.09737404590794319,0.015375144806572552,0.01363636363636364
50,0.023815489094139206,0.25828374547679017,0.019465163887407932,0.2849019312483004,0.022224082501851147,0.014969008402261954,0.028694945555863497,0.014539949006307737,0.013636363636363655,0.02222977942957556,0.2972395417611388
51,0.08698825350107234,0.15827502840028063,0.01363636363636364,0.038172431541398925,0.01910040776622234,0.23406036151032,0.16871414287436,0.014088463174194056,0.15703428516465628,0.01672941324195439,0.09320084918917733
52,0.11692100240585356,0.08222238710990674,0.020005003732202632,0.14811800607278242,0.020760210970419336,0.08215566641758112,0.08063758623521045,0.22744592586988932,0.019989908029095508,0.11794946807515252,0.08379483508190642
53,0.2515175955608596,0.013638229900239239,0.013636838366814698,0.1727116947743385,0.015906436395702495,0.027572453977596587,0.08629336543482771,0.2600069837109593,0.013638712432428998,0.05406237979149831,0.09101530965473455
54,0.22369965409096457,0.0136383644433967,0.02201886488653607,0.21203899272489637,0.024406728563556634,0.016356479289608313,0.01555248669713062,0.22683231153846284,0.21753208232486296,0.014285220372198688,0.0136388150683863
55,0.042580440753634784,0.03704056887931639,0.05603282732266903,0.09288747757568976,0.1055142130098428,0.03819365938090439,0.07345207648819507,0.2935877091934039,0.11095885174174658,0.0363227173223583,0.11342945833223902
56,0.062444039155164444,0.050712172976465957,0.04550615812131922,0.07621891352929662,0.03674286531129524,0.051014928044491724,0.14449649779528617,0.2990253307173015,0.057403666549108924,0.07149918375567273,0.10493624404459759
57,0.016486601063192045,0.20730581820382005,0.02883144522157827,0.21495662471929045,0.013636363636363636,0.024345956469170333,0.21453533899960692,0.234179770257759,0.01365885788429873,0.013636549387343502,0.01842667415757701
58,0.24860954437248825,0.017632880168588817,0.1360082793819273,0.02009762689350126,0.01436007351223543,0.2755257404096314,0.013668129473218334,0.07677203181554548,0.060469845842410656,0.013871315594414471,0.12298453253603864
59,0.04260354014308863,0.04826770567971695,0.06510705473550367,0.061576293191536145,0.03980418837024731,0.057109974953284404,0.05300235128171751,0.053144851515641106,0.33864244546256966,0.04898445710723947,0.19175713755945503
60,0.03918159097007763,0.07523881836112199,0.041282168275409314,0.06550944933882687,0.03636639890190546,0.07523240494342234,0.08166645745934203,0.0861738419969958,0.29415340255185607,0.113898935360331,0.0912965318407115
61,0.013732782504642754,0.04883677925966941,0.014592908916489,0.03656337994815394,0.17633357700847554,0.10496151799141352,0.2130167893438618,0.12464906270794146,0.2234495892590422,0.02090065921474768,0.022962953845562514
62,0.01365124267242062,0.013653736217658674,0.014616851831352345,0.013640412590983989,0.2540934162983477,0.04909382498048161,0.015059173027670717,0.08890322529699217,0.26897710628597066,0.23035641426625744,0.03795459653186405
63,0.014675839005710973,0.013669657797305935,0.029484036761722957,0.01391746201181798,0.266571217181689,0.014081539899978431,0.01363793091630332,0.28823182750714443,0.2988317029806126,0.013636363636363643,0.033262422301350875
64,0.014845984458356661,0.24986218073196065,0.10755941715882507,0.017333495226760153,0.03682968442476119,0.015176162467639278,0.035693966805208435,0.025291475220066962,0.2390163658267545,0.04203811841573254,0.21635314926393456
65,0.029614932597080593,0.014659406509147328,0.26961945048373565,0.03563036120936491,0.017990802523882587,0.27897614811810983,0.036200090895625994,0.027650796337866795,0.015545803465393075,0.2604758442234297,0.013636363636363646
66,0.08847992000010464,0.017928994536988357,0.01363651792351306,0.0232546283942016,0.23492307237003576,0.20168718188504142,0.017957655081049927,0.18142359327782134,0.016408254270978622,0.1906638186239016,0.013636363636363637
67,0.04360110242923714,0.04892128857811425,0.04177574915241919,0.10169443955235744,0.36405849287009473,0.04509005208480923,0.054217956465919974,0.06552881159983645,0.11807885324531137,0.07525381077980614,0.04177944324209415
68,0.02948208313229601,0.18457910071241154,0.13792692589028827,0.02978840961956808,0.04901930998259104,0.04933684774426488,0.12610155737160755,0.0606487556057277,0.07076358319398374,0.05729113786755062,0.20506228887971042
69,0.03813059336280069,0.06820967997261568,0.08893013127383965,0.044162480785254046,0.03815136138565936,0.042625340503434105,0.08643202492338456,0.052552789892733556,0.18569116778102646,0.0381305709367835,0.3169838591824684
70,0.03786153056221937,0.08564021541790419,0.16633999342217815,0.09766727359802937,0.05019135168713459,0.06395885518384706,0.04519727360419466,0.03786709331996048,0.06153599797010081,0.04023825501732065,0.31350216021711064
71,0.04604712619329245,0.06065912979629264,0.05707249626252506,0.1184177857476655,0.05502197997280336,0.057388072598898825,0.04524498071957357,0.04950048004530446,0.05636429576743059,0.04525006878619595,0.4090335841100175
72,0.03684658889665741,0.07500062114498295,0.0721097697177484,0.21918895426161775,0.03400586942548509,0.2540038956805296,0.033264953980867484,0.040192450587629755,0.11868504960703548,0.03326393720396901,0.0834379094934771
73,0.03785250995797045,0.05989901436716891,0.04903714070942502,0.07107524501921816,0.1198441568815002,0.3027396154170594,0.037029878548952254,0.04992454208353744,0.15950147040438556,0.06517073855017089,0.04792568806061179
74,0.04628459058746903,0.051076633936494864,0.08077222684983619,0.3314969345799512,0.08411803820902146,0.04271105687433587,0.039252035809627744,0.14435943189680453,0.07508532982813389,0.05986167189531674,0.04498204953300851
75,0.03953602442167272,0.0463124976816825,0.0469645317565712,0.31911444841126846,0.16808107855195553,0.04339317232913901,0.03829520737723336,0.1294580142225958,0.04485635380480814,0.0856932814343943,0.03829539000867884
76,0.013874230495927163,0.23454776960972876,0.06269292877925782,0.252065635930968,0.24484291285185256,0.016454946788890056,0.02155951370168144,0.018993479815586543,0.03398577723840664,0.02066485123201722,0.08031795355568377
77,0.030222407402895064,0.1831193090644814,0.06299192326780365,0.03955959702836184,0.12682213418425947,0.1806540027505163,0.07397073295733143,0.03530073982653245,0.06883449392580629,0.1707381721020954,0.027786487489916595
78,0.017339878776291673,0.25028139060201804,0.016002651599091217,0.11045615870839054,0.1653673981761962,0.27804254377401727,0.01813077207144063,0.08297889298322166,0.032936334823795405,0.014827614849173824,0.013636363636363637
79,0.16889323268453682,0.06754913153316083,0.15196299585590403,0.01917177798507751,0.034109068962220664,0.14375275322723172,0.18289710004744436,0.13264004550254455,0.05770229211960828,0.016052291056258768,0.02526931102601246
