oos_period,15,16,22,23,24,37,39,89,94,95,96
20,0.10534017891569851,0.09983986066301097,0.09299947680130631,0.08173498200155221,0.1067339530217451,0.08441178987196835,0.06786993332681555,0.07066804999214758,0.09486441895608386,0.10826649220158732,0.08727086424808422
21,0.14458482008786885,0.09187759149497778,0.08516389532696925,0.08943171301989374,0.08885807414183301,0.08035041916345322,0.08074807029606221,0.08168629048059523,0.08189338850816269,0.08836031327930177,0.08704542420088224
22,0.12751773471920635,0.08735758854497225,0.0905824136914659,0.09745585573365202,0.09050883125327532,0.08754413874539478,0.08639674432847815,0.08040090965580088,0.08536090257675862,0.08958010146606049,0.07729477928493533
23,0.10615469946352653,0.09076395375061057,0.09009445053604834,0.0896791413383682,0.0876988348253029,0.08811705585728549,0.08530379238356098,0.08534454161080676,0.09139751962698493,0.09322351665984976,0.09222249394765553
24,0.1035707415632389,0.09428118800189014,0.09667527440211612,0.08320002878613086,0.10050058306600555,0.08636324700733586,0.07893938407927546,0.07455496725287382,0.09253980609029476,0.09380635125194996,0.09556842849888862
25,0.10540724302346526,0.08881647259801974,0.08867010384499108,0.08745406940940453,0.09046152722620888,0.08229229802738929,0.09509051184378794,0.08679976897226913,0.09214140198031007,0.08999947433867544,0.09286712873547857
26,0.095231737052922,0.08394238481155976,0.09003843641434736,0.09386594662692803,0.09122272306504055,0.0878982096511522,0.09207320321026709,0.08790216893779586,0.09277038609233815,0.0927569165198951,0.09229788761775408
27,0.09461743977048058,0.08613782466848527,0.0839328025035678,0.09446836200553783,0.09050420900135812,0.09006990002735346,0.09052621421151459,0.08876020777640455,0.0929458047025193,0.09511719397527856,0.0929200413574999
28,0.09202446521560699,0.0936262907992271,0.08952638958173705,0.09014169683533957,0.0887815615969705,0.09130520596995413,0.08823416315802925,0.09063450842775395,0.09236503260828854,0.09097182182056512,0.09238886398652785
29,0.09410860601988902,0.08972231659165439,0.08820987049022577,0.08736750738076102,0.0933695620945423,0.09300225700641432,0.09199728491778102,0.09125446179412447,0.09134187703447699,0.09459566081872783,0.08503059585140299
30,0.30625947778009777,0.06897986025715368,0.0749531313064826,0.06619582202726051,0.06395091076619132,0.07833798003557334,0.08005894245719068,0.07271698774281257,0.009103169568649587,0.12901609256062846,0.050427625497959545
31,0.07746792171667062,0.08826483791713816,0.11477954319366936,0.06574647819407939,0.0906678456113266,0.07835891411989163,0.1255202774672549,0.09680793227740798,0.08207714073396723,0.0940319802942983,0.08627712847429578
32,0.09168105913191868,0.026294853351720486,0.11936984904304725,0.0695753452731542,0.0842934382193121,0.06344166338699599,0.16055027369434394,0.06772960179032146,0.09291984013634623,0.08744730934264543,0.13669676663019423
33,0.0013798579155870857,7.01670593971903e-05,0.09588604651679698,0.0002792357790237926,0.0002566231171730241,0.00015896456799748446,0.004295041127131527,0.0012192302406968955,0.011221891939783343,0.00048552804028945807,0.8847474136961232
34,0.05032656785237746,0.05205855111782661,0.22621600542829826,0.06285755017910345,0.055505627536026385,0.0774102561218404,0.11425439949456866,0.058797187635266125,0.1648293277637039,0.036818173213215115,0.10092635365777376
35,0.019373307322384188,0.08359565843786496,0.35814669253337944,0.08675533981246743,0.012909689132860407,0.0886725085327243,0.06843645027632823,0.015794189157196617,0.11568494274739026,0.011559691058511231,0.13907153098889297
36,0.04693786767237692,0.13354815356231378,0.17542112637543056,0.004690995301646762,0.06436527689898781,0.145103954628814,0.07077871935255019,0.013873375134536617,0.14556792438114388,0.049934967222217894,0.14977763946998157
37,0.06453688907430807,0.09227990522057354,0.053916235868985564,0.06477749250345062,0.18212012386447532,0.12358214801331477,0.10092756017562467,0.08266264280467818,0.10377724886787168,0.10145323726905238,0.029966516337665238
38,0.18466780685738624,0.05162295495581767,0.011277719207412879,0.03466256777608917,0.2208634568433787,0.11297619818611873,0.14224767042471664,0.061852629048592546,0.04799696807329662,0.11347912494221989,0.018352903684971056
39,0.10637487102573555,0.04636659542458917,0.008704171861950251,0.0122704468030661,0.1656928342791316,0.1551396112091102,0.1339902401143049,0.09370754379266866,0.061389793358998426,0.0970808765064447,0.11928301562400054
40,0.06878046486842743,0.06204505904981259,0.07397077277754847,0.06387112309783889,0.08934002864760415,0.1268095667038113,0.09032014738972666,0.14930902679545624,0.05555160494840425,0.12569158902473784,0.09431061669663218
41,0.07705296987691003,0.09521365326625388,0.07635928796385943,0.1403978892339216,0.08722654631896219,0.12548995501526636,0.027755159764383933,0.122469788386377,0.06126240299699709,0.0932985004666939,0.09347384671037459
42,0.10744352550883403,0.09479344161771432,0.05480741378224253,0.049382814059954365,0.06565984279974568,0.09328795604159194,0.0499236141176318,0.09353805279954944,0.20516724438482722,0.0780294695807212,0.1079666253071876
43,0.09628443276944187,0.09031955298081777,0.13147469869970826,0.08306454330261517,0.08342009917753616,0.06711960460961161,0.12881876070906728,0.0528408754057069,0.09006006032961338,0.08845862293569733,0.08813874908018436
44,0.08320990275480204,0.08534402006050776,0.1597063813911331,0.09408699479548165,0.1620662540407071,0.06793428262657046,0.04941447500449806,0.05439335145248734,0.0667636185500533,0.08788691203905084,0.08919380728470827
45,0.1254658200845006,0.04880431621856591,0.30084869953989557,0.08062571633766442,0.052650643148632666,0.07138064066182126,0.014747023210039551,0.09952263607417655,0.09688854656300754,0.04845193877156917,0.060614019390126984
46,0.13963415877919771,0.11494014247593914,0.33608064840962787,0.0917541831291742,0.03484612473031254,0.06533168129254983,0.008410942380346422,0.004865949506238326,0.05522317468339775,0.08893045345203984,0.05998254116117636
47,0.07008705268479132,0.16277183743189777,0.010614417876983447,0.07124138321668748,0.37061740192449777,0.032788962432600335,0.16591274922210975,0.004740615828153461,0.008323711431858446,0.06630294483030438,0.03659892312011599
48,0.04766589173833125,0.05370413407693591,0.06990976570920106,0.06202874998747068,0.18885825655050725,0.016625328420994446,0.1633592168569768,0.23959390837345973,0.10440482745970932,0.02890674034281401,0.024943180483599545
49,0.10363876080452449,0.07741413842398866,0.10768456171168911,0.08011897153554422,0.0764588153256421,0.12485737868913947,0.0745623721152295,0.16787354585620337,0.106974376075004,0.049858509383970184,0.03055857007906498
50,0.08914735707895449,0.09773206033974993,0.08823838274664833,0.1135192299410995,0.0943799461240477,0.07027437082930324,0.10015863430086315,0.04784987089096791,0.034206386489192844,0.08561722490099039,0.17887653635818238
51,0.09611875518173908,0.10935935790280005,0.023783575447376266,0.09252751276649467,0.09641185930497498,0.11826464895197322,0.10070058180550225,0.036797988397697635,0.13447793597478727,0.08750570036423598,0.10405208390241855
52,0.05722378745558329,0.18935681685400943,0.04570677314956331,0.11145646498112094,0.02457005159926456,0.1052892960741178,0.05662251857337861,0.16938309465648527,0.018859380168761163,0.11374308324557104,0.10778873324214461
53,0.10788905917075606,0.03672224783498063,0.023145060995575634,0.1167577992300611,0.05549494858357009,0.09927212907182133,0.04413494622533347,0.22232202888712807,0.03440754866839292,0.12057714995442523,0.13927708137795553
54,0.0989846568226316,0.03976547626602908,0.11431859925006276,0.09596947361526181,0.030506974478314606,0.041077591803750486,0.038621199243347885,0.36709685341082,0.11424698034738973,0.029259544115037756,0.03015265064735436
55,0.054171746850288305,0.05017775438567199,0.06840239086164786,0.10170662686758081,0.07833421701360171,0.059732330415372584,0.07918229627434153,0.21478935682141267,0.11294962674218988,0.019986548388852693,0.16056710537904
56,0.08539287978742487,0.07117260469547555,0.03061217166816205,0.11087878651806606,0.023503833047372098,0.05257230418824106,0.1173727254668727,0.16362103896228766,0.08978539693334245,0.0680011292768626,0.18708712945589284
57,0.07104754699477167,0.26092079009001984,0.055042411077760776,0.07348713925954915,0.04122687291179513,0.09400677405042838,0.1347581955954098,0.10263463428326638,0.05686510003386438,0.04683520137488333,0.06317533432825137
58,0.06337008359178731,0.11237906617002591,0.10988685038035664,0.09246702187402218,0.05794296386463549,0.12920537968097562,0.05196200112124031,0.10335400221098187,0.11829039250772488,0.05506131777641949,0.10608092082183034
59,0.05726873497219114,0.09100943125383366,0.07813680185907275,0.0944686853315901,0.03877742751791289,0.08620132031221353,0.10942374609358814,0.09879576134853171,0.13897802735736497,0.06502073631246838,0.14191932764123266
60,0.05645755735433635,0.07387778744242333,0.013207031955346418,0.09922985588761214,0.007057009364414215,0.09793626801117826,0.0439466172278531,0.1671653110762448,0.27758657360898775,0.07476083511517684,0.08877515295642678
61,0.0503085043371935,0.09356596182053144,0.02798185536114654,0.04655386248407038,0.11630884286969805,0.09545180240570164,0.142605541931341,0.13400330952187034,0.18008363846038783,0.05362352003426299,0.0595131607737964
62,0.04008173588888273,0.032245879259316906,0.03129697733112378,0.043010348849714455,0.41276343175704455,0.04343810250495032,0.06247169883510615,0.11591362106834707,0.10454869955727802,0.05109552528222488,0.06313397966601102
63,0.05362810176426563,0.07446197241556496,0.10747598783118228,0.04943040561939842,0.12021773369384288,0.04497512016676118,0.056635284579768304,0.1260644819370574,0.16913069688131066,0.04492304400925172,0.15305717110159656
64,0.07745075570519458,0.1163488572521615,0.1417179289934787,0.052123236597765084,0.05069676236284854,0.1077503510294838,0.10017772430646872,0.07863752846213375,0.07447503537463175,0.1393382755964254,0.06128354431940816
65,0.08879885238680758,0.07754489065368171,0.13184015501805715,0.1117830525707877,0.048494637882829913,0.13871762096012155,0.11225800942282167,0.10009438977183266,0.05412453269647866,0.11079005008090322,0.0255538085556781
66,0.13446681651013787,0.07393798892149063,0.03808973497283569,0.08617714676832997,0.1764738220760873,0.11233243760123644,0.06716977673626799,0.1001277700027939,0.07709966257646057,0.11924850016180727,0.014876343672552557
67,0.047024779475987995,0.05690814069909075,0.07013106518675932,0.10670605831224328,0.1832583809276163,0.06784700970350445,0.07006476706880393,0.07353930897814544,0.14419977619733357,0.10646864246213444,0.07385207098838062
68,0.03621834676548464,0.06318083036900722,0.08153046081336326,0.04054098783383131,0.050572608692234275,0.047699071077821224,0.06873000460147008,0.061524564106570166,0.06405996203298911,0.048244477193421315,0.43769868651380744
69,0.03199167143732021,0.08427429301083197,0.16491917547290236,0.07654912924113508,0.03161647818138533,0.0442847098845056,0.10889714139256874,0.05241334689830313,0.20816318704811576,0.010609701659049998,0.1862811657738818
70,0.050344003452322976,0.07682974702118492,0.13642039517184124,0.1257203985432047,0.053869454680402516,0.08183656994302463,0.07815691972643996,0.039092277784267715,0.1305953009259228,0.0593101400567673,0.1678247926946212
71,0.05718124152859721,0.06454792998718434,0.05979579029433402,0.10401249141047735,0.050989337194370515,0.0734030161357906,0.026993685979717744,0.22839437685012418,0.0547983971008668,0.06127309675351983,0.21861063676501744
72,0.06326468894986444,0.0967722221235705,0.08322937566202378,0.13240812022451565,0.052808746886185524,0.17316503509669268,0.04005073531734003,0.1366042865320196,0.08476468997394712,0.03443824086808384,0.10249385836575677
73,0.06175479272931454,0.08727980785152038,0.07982641419300764,0.10020287325446162,0.1163111964285822,0.17176683866566184,0.05658286064287914,0.07380364998717118,0.10340782613394944,0.07814395386755915,0.07091978624589293
74,0.05943839075615822,0.08485050712667934,0.1161258814268176,0.16878044174911203,0.13130610697696454,0.07277383017196892,0.04782792120236164,0.12638593081030583,0.050047392819948855,0.08005669187271479,0.062406905086968216
75,0.05385854022735806,0.08143291969711089,0.0828233682721506,0.1846606410740147,0.1537437260545093,0.0658364723763041,0.0598602673592398,0.10296501089867463,0.07149964302658184,0.1076087124577012,0.035710698556354885
76,0.05882827405668094,0.1321370603083394,0.1035461326764175,0.10848972284608903,0.09914387527828476,0.05639970385550328,0.08202194593364723,0.06454451669967617,0.09794311757923409,0.08304686504868876,0.11389878571743897
77,0.058767984880525356,0.19064730387435144,0.10640359181769517,0.08436395547125625,0.09651015597234426,0.09991631807838192,0.07904070431627376,0.06975749047520703,0.08606422277477763,0.08018623005996456,0.048342042279222536
78,0.07843596671758576,0.0974786340089308,0.08520990543660055,0.11470450255236334,0.10769340610622091,0.11662683535595243,0.08115778174213613,0.11512783639435464,0.08942765722230255,0.07319644035484509,0.04094103410870785
79,0.08467580293518215,0.07551419559808412,0.10471381853556241,0.07865100775933011,0.08959588110265156,0.10147477370195988,0.09660495713550363,0.10436074798499967,0.09143011835983533,0.08438153226782481,0.08859716461906628
