oos_period,15,16,22,23,24,37,39,89,94,95,96
20,0.28596396474389596,0.08552959475280723,0.09852344770408418,0.042994518416029026,0.06071922644978253,0.042972519283775615,0.04296791389892368,0.028351403504334943,0.11880124549039923,0.14675280740993285,0.04642335834603465
21,0.45795351406832296,0.1465001754742171,0.10371836118200352,0.055217197288187386,2.291057235660013e-11,1.4472899011720698e-11,1.4472899011720698e-11,0.1001302695184542,0.13647748431952492,2.9980808857761542e-06,1.6547811827771594e-11
22,0.6950279762995503,0.023134992076646894,0.060203406978291144,0.11059097684573282,0.0075260242126869254,0.004102239825932019,0.007129853386947564,0.005329717757404638,0.03519287560469593,0.051761936938655786,7.345602206936334e-11
23,0.12169389681942998,0.006296562061662989,0.006356215163809997,0.04540977121402811,0.00502491119060727,0.012523888214342312,0.017893008666799166,0.003850931848045689,0.34182759502399934,0.41310158508254846,0.026021634714726738
24,0.06601864152265623,0.08774349278753034,0.1400173014670252,0.009889785386286145,0.329796275879874,0.005521032089783662,0.007293582804473895,5.8108900503843704e-11,0.11591391315092604,0.11043706394342923,0.12736891090990643
25,0.21770527287966793,0.0607678773910136,3.6411330387839317e-10,0.06780682751610824,0.0001313086076696634,1.5617236364972066e-10,0.217979967681692,6.279750300266864e-11,0.22905348714199852,4.5223230230639255e-10,0.20655525774653455
26,0.05352472715065825,0.037152535840409465,0.012550613837310428,0.21894280216216702,0.05594934805432368,0.006196688148632374,0.18663115553595863,0.006196688148632374,0.1431279803930415,0.13178368994468317,0.14794377078418308
27,0.19100974781111318,0.024083299969254807,0.057810807475088356,0.13390247965163615,0.07766021493444757,0.051540094936767346,0.06801963309464863,0.0996364185442575,0.14021930767977614,0.0917731056820403,0.06434489022097005
28,0.054925558572769775,0.18255962732909337,0.015832803154485868,0.06907863164053224,0.02465317152169492,0.09382802046666279,0.016051904518002494,0.06764139518033838,0.15168164076302004,0.21136650029598014,0.11238074655741997
29,0.08775631527261885,0.04384032727300794,0.056773747161752125,0.04843068104523012,0.13279462721694346,0.1167328570418291,0.08059809580128155,0.13574104461620798,0.05883063180991967,0.21327273166435293,0.025228941096856316
30,0.40318232593400244,0.07610564434030155,0.04462057665859458,0.022430888472124055,0.08726451928262109,0.13437946306402435,0.19722168302278328,0.010893888353510782,0.010063313261789822,0.013755881915057229,8.181569519071577e-05
31,9.934552276600181e-05,0.0012239930067824663,0.194117383776123,5.659277831823411e-10,0.0005811921611946581,0.00029527890297609434,0.7126068707802867,0.0497965064673782,0.006833566970385516,0.0002540164832925753,0.03419184536288689
32,1.9541864724978503e-05,1.0394797102992127e-08,0.0037206683366593717,1.939384204883584e-07,1.0264403134687227e-07,1.039479741519354e-08,0.006135199770259266,0.003206947460524057,1.0811525933932312e-08,1.3149168665371543e-08,0.9869173012350914
33,0.04666215048566809,8.873343806591347e-12,0.23141446559958578,0.0014873394309871278,0.008572489353704476,0.008030388116644804,0.05210444682244598,0.0050257395295505184,0.17867581145041764,2.2648849557036598e-06,0.46802490431716653
34,0.006908918195918989,0.003958306894375564,0.867391520852843,0.00012253783577130962,9.608656328061029e-07,0.004190668075294252,0.021037078105289056,0.007554586277180354,0.026243665821598372,2.797037656109269e-06,0.06258896003843999
35,0.007887807873433529,0.05529621938595083,0.30589125288436825,0.1385282096210312,4.324949960658452e-06,0.119073989134172,0.13412741504936704,0.07952382583007461,0.060206911583618135,0.00483555661889033,0.0946244870691335
36,0.1810508838505469,0.2765156399303463,0.18431890278556146,5.752101024446122e-12,1.332953957136201e-05,0.026472886186311655,5.09378839830075e-05,5.751954320050905e-12,0.23967299829562722,0.03963186788236319,0.05227255363418484
37,0.0002054775719717121,0.10678216979496173,0.019794114516418996,1.2112262090533955e-05,0.3348208063502369,0.03280056028264681,0.055070171869039154,0.29236593664802424,0.07254700708812277,0.038551230564767766,0.04705041305171931
38,0.0596870380409065,0.10674111451905585,2.2882435327481317e-12,1.5283300706951502e-12,0.037716324775405576,0.4010095341909111,0.18539549284168913,0.06431892882314869,0.1067411145210427,0.03839045228271778,1.3061532186752313e-12
39,0.03833239082565201,9.445412773775244e-05,6.810032883572006e-12,1.1507380258156132e-11,0.20909893447650535,0.10334515876547878,0.00019074297484591892,0.13185984124187658,0.09951485809136693,0.4064584421288287,0.011105177349390712
40,0.21328857653568375,0.009850811942311322,0.0003666762023294482,0.05740004574377474,0.022847932171371196,0.08878246305897922,0.0878382199683271,0.2572537953975468,0.026209400372027153,0.1023089122493285,0.1338531663583208
41,0.00021561061861512685,0.04225373505563285,0.0132280442568538,0.617227400705465,0.02358299952715248,0.11142591365653622,4.424111326095794e-11,0.16495658797606932,4.453165769775113e-11,0.012686145034230791,0.01442356308067174
42,0.12491086502915714,0.036923689747461505,2.3743699295776966e-10,6.087304114943104e-11,2.0784771934227658e-10,0.00010502295048291863,6.082565909875056e-11,0.029335194371675494,0.7232992198210767,2.550679125228486e-05,0.08540050072191056
43,0.03620099913315966,0.037877882823153235,0.43078950092816004,0.04088993515450594,6.31184345301374e-05,0.030584349364766155,0.25033207667741514,0.003373504060000832,0.09561360688544171,0.0001258541969101618,0.07414917234195711
44,0.0002442477692801236,0.007156298651051631,0.3705651156544432,0.11964449692220695,0.11050056645460755,6.198464487204091e-05,0.21052755087087724,7.960728263721227e-05,0.13861093363762367,0.018374745588745127,0.024234452523655373
45,0.022366067653068176,1.6726195357269502e-09,0.7985635220552556,0.019280435627113433,2.5201892358195835e-09,6.510944319850512e-10,7.900620274753423e-11,0.08981819313234482,0.06997177252129905,9.391346165192597e-10,3.1488748406848362e-09
46,0.03429272229292491,0.001546734793105034,0.9639095318454168,0.00018453983079020912,2.5132494106995245e-08,9.172162903721508e-06,4.1426557596949253e-10,4.1067913972273874e-10,4.6131903513181664e-07,5.610941751665475e-05,7.023808688077981e-07
47,0.00016184061775903754,0.014887113903964307,4.725950977658382e-10,2.3259802318727276e-05,0.9848131704235134,2.3932415375749863e-07,0.00011324310227400414,4.67221266112244e-10,4.713434870282075e-10,4.837370810612732e-07,6.476777758209783e-07
48,0.04746086856405203,4.7096764583317094e-05,4.7457308182505445e-05,0.03063147260293941,0.33206027274565725,1.0786577016612983e-11,0.037818670594934975,0.2619007161796523,0.2900334451989256,1.9499058932177513e-11,1.078705985274143e-11
49,0.1909855936655704,0.020247459088311267,0.20640149459041585,0.06139733126904683,0.037657802374093746,0.0004272886323695042,0.04697671186270162,0.2447004131556622,0.19120589360931717,1.1729263194803547e-08,2.324834167387184e-11
50,0.0007565785734667388,0.013237046911776027,0.0044479148231730825,0.10325614034647075,0.003903065429227872,5.91548763082765e-09,0.016116295940035132,4.1195512258096645e-09,3.3736657672461206e-10,0.13874533526071195,0.719537612342733
51,0.11151782504552475,0.052198433322891646,2.2227954485863683e-11,0.053457078135912585,0.005379604229659897,0.1887799462810846,0.16262707844505425,4.106177179475913e-11,0.3063202416609756,1.6165796975418676e-05,0.11970362701863152
52,0.09579316927049338,0.1493961039536948,1.1790560900241852e-05,0.12963617980128211,1.2255400962020002e-11,0.07901296522777372,0.06794287750315825,0.25926949115684983,1.132424263343018e-11,0.14702206282162056,0.07191535968064734
53,0.13085322950203207,3.3132231451102054e-09,1.4816119464927377e-11,0.1191850962743512,1.5796762640923834e-05,1.0817432649115027e-05,0.03449013486314854,0.4657704404760791,7.942889498016142e-06,0.0999625897958781,0.14970394867568354
54,0.20011353157336959,5.258108783369575e-06,7.64356393322945e-05,0.13469128135630684,6.974179452937147e-06,1.7916358559757236e-05,1.746303135930021e-08,0.5340371821894243,0.1310444924506943,3.5435162345017276e-07,6.556329421805442e-06
55,2.377545003332102e-05,2.3568161967951064e-08,0.00013321985356138624,0.06851672717293295,0.05227515039358004,1.9008574165869204e-10,0.020724027333660733,0.6072336426529295,0.03522477013687413,9.95857152570751e-08,0.21586856366246504
56,0.020791389254582748,0.0007498055851746918,1.0281505922254803e-07,0.030774715197522683,1.0713171471497287e-09,2.5217149050465288e-05,0.40720041831148257,0.5357734886281268,0.001720980629153959,0.0018005232695444435,0.0011633580889852495
57,0.0003805375361254109,0.033352781315483526,5.216079640651751e-08,0.011408627218367506,8.226718358867236e-10,2.6123807635224998e-05,0.9372024272697772,0.017334916378093736,8.846411187323152e-10,8.231721356931104e-10,0.0002945317832358889
58,0.08413183292222799,0.0001534181118878213,0.18938200298813843,6.872545518792875e-05,1.7040362369843826e-08,0.3690884136425106,4.783974973148764e-05,0.09090177424682885,0.10324394522375384,5.5453604443165124e-09,0.16298202507401027
59,0.00985868066768104,0.03829846843751042,0.023110894946524786,0.03662621008724195,3.878591987425786e-11,0.04227070159235846,0.030070612318516935,0.05109813212342883,0.4036662610602232,0.01923409902732295,0.3457659397004056
60,0.0019590500232161924,0.00035770069684046925,2.5892425822125327e-09,0.019177509770446983,1.6001941805214817e-10,0.012491533360014073,1.4314711460604774e-05,0.18393710642021113,0.5820350810591909,0.14912188994965234,0.05090581125970548
61,2.4881402728929068e-08,0.000103216671831892,2.2453341323060912e-07,2.2347000829571206e-06,0.0003645464608318928,0.0006454866311312746,0.011920802033485086,0.038451507129891684,0.9484783061538522,3.049562033544653e-05,3.1551837416497696e-06
62,7.806036838548932e-09,1.1588801566109317e-08,1.1203563741543978e-07,3.4358526503909912e-09,0.021285299912922467,1.992994400764477e-05,1.615291237272876e-07,0.04020738136885166,0.9379161259122089,1.3385145632211177e-06,0.00056962795199398
63,7.964420758470644e-06,7.088497930028152e-06,0.00018121455045556662,6.218848128486503e-09,0.07520411591145218,1.9434903369732296e-06,1.0510638295412947e-08,0.03017306165129494,0.8933218870193158,1.2914566190160907e-10,0.0011027075998238957
64,3.053529873044481e-05,0.2362650092982157,0.7127205224281671,0.0011049695026998675,0.00014784854541028701,0.00011342414670368952,0.04004170990031799,0.002700646786675455,0.002516915021153182,0.0010006281984634737,0.0033577908734627564
65,0.0009918475208635846,0.0017184116589215213,0.07996623173166797,0.09048727446235953,8.875561565544387e-08,0.7769818046751192,0.03865230767403937,0.007543118992990403,1.0574049381351254e-07,0.003658808676174854,1.1175399755159208e-10
66,0.003372923619258662,1.849265101545005e-08,2.0705971583406943e-10,6.604961845419012e-08,0.006349678284350014,0.2989767652617153,1.3431957205511956e-09,0.6899235696169206,3.83631039900462e-09,0.0013769730820611958,2.0685895017400398e-10
67,1.6666793956746008e-08,1.0096343768413464e-06,1.535178949232392e-08,0.0022553185686272795,0.9738983712769078,2.7707242300827994e-07,4.169983135474441e-05,0.0003653948084459167,0.021751059289270253,0.0016800964020682661,6.741097942512351e-06
68,4.295135612318768e-10,0.40313597228175996,0.49980285858423756,0.0002524397568502731,0.011267599322123869,0.001293102229869847,0.047147099606016575,0.0007578784912823765,0.023611262360783127,0.0019759986545118294,0.010755788283051022
69,5.932882518243749e-09,0.001362151835814371,0.02029801608419362,3.887428895065679e-05,9.387030405026904e-09,2.14159834158849e-06,0.0026792276116013288,3.803414083446935e-06,0.9286988452980149,5.925069169363232e-09,0.046916918624018006
70,1.661479695764803e-08,6.254624225391499e-05,0.47305926463471326,0.00014135274854977221,4.451594956641616e-08,4.555524075005368e-05,3.366104040024389e-05,1.8788197907589228e-08,0.0010246343779466629,2.1899482472347795e-08,0.5256328838969592
71,1.6968420228832923e-05,0.00010843990134747174,0.0005799159593788912,0.009818205362003826,4.3246195509545494e-06,0.0003463275039034161,5.6009461775017736e-08,1.3153654976974962e-05,5.086666012341199e-06,1.5913764709647215e-06,0.9891059305266645
72,9.788379098593706e-08,0.0002249420379906114,4.7619399040911865e-06,0.9418309230450117,2.331266745745161e-09,0.04768796277286584,1.6452771380804623e-09,0.0008668791899500911,0.008774302539599979,1.633887512226905e-09,0.0006101249804554179
73,1.373102309284707e-06,0.0037814163288584324,0.0006581907072292474,0.0015983519065864119,0.42146628442531936,0.5352238582036194,2.6216593518731295e-10,2.3464787643014895e-05,0.031181800922368656,0.005924994123420184,0.000140265230480133
74,1.9074846864903097e-08,0.0008217681319514676,0.01748625128017862,0.8985086995014616,0.011215112830442457,4.941957970219248e-06,3.1481833540185673e-10,0.07089239155336657,9.767998633366174e-06,0.0010059800810770171,5.5067275253610066e-05
75,4.814725203338716e-08,3.234200910686411e-06,7.395861241191636e-06,0.5368720646373757,0.45268600011669907,1.9932391869297778e-06,1.163966573556261e-09,0.0005026419586934058,2.846237135821156e-06,0.009923773272771209,1.1647672688911734e-09
76,1.2580801764330948e-05,0.3800782884441319,0.013744215681671631,0.03925030163624769,0.4572281413025957,0.00015689190287989844,0.08156782158581856,0.0007277468208458198,0.014902300954472229,0.01082703409211302,0.0015046767774593121
77,2.8750053118898184e-11,0.2643206888881759,0.016124119627362706,2.3332979306868576e-05,0.22723562785564255,0.12548396174267043,0.13255426452436062,9.224071433420732e-11,0.11045336735106424,0.12380463688169285,2.8733033849974243e-11
78,0.0037564937737411576,0.00010188535135474732,3.116503751941906e-05,0.06032364671007374,0.27859298151444745,0.5205558454368806,0.02296031252192357,0.09911119004776153,0.014560311680374338,6.167786446480969e-06,1.3947701677992934e-10
79,0.03144423160355169,0.00011737979713115274,0.1529908849397573,2.0899814987905474e-05,0.023388699004419918,0.11936849569741396,0.40334708180314655,0.2302583472731676,0.02901553168739508,0.004635538636489666,0.005412909742539337
