oos_period,15,16,22,23,24,37,39,89,94,95,96
20,0.09844822436719108,0.12551985492545126,0.13159885396458468,0.08533752853404603,0.10240721803024326,0.08039131359348888,0.08696692830713322,0.04378195212621886,0.08910935107043501,0.08670645770143283,0.06973231737977488
21,0.07817524489910417,0.11803763536869445,0.1124100576779226,0.08852134238681576,0.09733862607233978,0.08396111688503531,0.09847069796762002,0.037359758236189713,0.11750075566954182,0.09167372079477322,0.07655104404196315
22,0.08998445266872143,0.11215448947793218,0.10204574154570747,0.09776039190987339,0.09630306653222263,0.08654906391447234,0.09376793624193654,0.04850020805203964,0.1038992569162271,0.09424760172699724,0.07478779101387012
23,0.0713071064643399,0.09057113063957144,0.08447416514166967,0.09778096191111557,0.09558851225577909,0.10817775350205483,0.09386734596130698,0.0807652156646227,0.09898074293784546,0.09418033617766093,0.08430672934403337
24,0.10279873830112028,0.1005139188047093,0.09217527243793427,0.0924454355362193,0.0952749378389642,0.08697354608582367,0.08907478090567025,0.06114928509953704,0.10025889400616762,0.09513748391942384,0.08419770706443035
25,0.11286417093162288,0.09371443275006676,0.08397556602948214,0.0923556335951731,0.09464921092809607,0.08881141748894875,0.0901788539889398,0.06092869108652845,0.09770666140202425,0.09580577518076795,0.0890095866183499
26,0.017964047707994486,0.12574467596968084,0.06610772381425671,0.07333539977630617,0.07536885002551609,0.03841103810725678,0.07427842165461666,0.29884731193565495,0.07833886550079378,0.07848986125088078,0.07311380425704285
27,0.04081198169866535,0.6993697961324619,0.02188833837824395,0.02721228596162146,0.03312843759469576,0.0013419732003121033,0.032863080680388505,0.03314440355732032,0.03428499502539828,0.03522497806440146,0.04072972970649107
28,0.08006367572701703,0.0858638326560429,0.07278431337511874,0.107651857917574,0.09157362828787263,0.0902178803907192,0.08895839297250879,0.09476361451195858,0.09413491410717584,0.09820093429853244,0.09578695575547992
29,0.08704818828011963,0.08142522542392389,0.08122853127054015,0.09938816206858134,0.0922206541775214,0.09459485678860605,0.08944766429593569,0.09744793131136911,0.09385702901469106,0.1000985604120234,0.08324319695668816
30,0.0901726126990684,0.07526345108446701,0.08585666091923896,0.09757201149184629,0.09160736113638403,0.09816848068714444,0.09907012432357047,0.09196874366324646,0.09121112873763772,0.09726224490978859,0.08184718034760752
31,0.0994633643591711,0.09283424069035268,0.0807254596488038,0.09293356283849576,0.09102343962938293,0.0911989774060544,0.08601985115574902,0.1046760988211529,0.07560879193476076,0.09375090162840953,0.09176531188766707
32,0.03848797132109829,0.04499775349663575,0.05012407921763731,0.5672571390306949,0.04867102432965928,0.04449350416683527,0.0536423080717724,0.05176652732970646,0.04407611142737302,0.050762643927569226,0.00572093768101824
33,0.0421618460893034,0.046630826081162396,0.055065966101080534,0.05358076297910726,0.05150174332245679,0.5400336652476461,0.0472862108554017,0.06568317820479858,0.0051832020860846165,0.051826620406320585,0.041045978626638134
34,0.08666858348780604,0.059585550620506605,0.061809494193569486,0.06104584313682235,0.057313589501448374,0.06961980972157365,0.10563389432343687,0.12474442683878446,0.1348376300223577,0.09244666471228377,0.14629451344141065
35,0.04118172868546504,0.0215202058968764,0.06697424420016795,0.01938743627781341,0.30329969575213556,0.049112741698764645,0.09773263387059339,0.053577624267375126,0.1271518314734794,0.06098125681727043,0.15908060106005878
36,0.0001861951178132067,0.00032546834107000387,0.0011055160744959235,3.3027127912959354e-08,0.0001512500290376143,0.0005617279676285665,0.0004574158141077644,6.438565553345074e-05,0.0006551366701715083,0.9956976210293377,0.0007952502736763635
37,0.14290852016170746,0.08456825198137718,0.11150589482286832,0.04330992278211662,0.05761569343012887,0.08734852179614849,0.11470773070198087,0.0404657703507175,0.0997492219200529,0.10836253742250924,0.10945793463039255
38,0.0056880302556818075,0.03962086295325881,0.011309214919859494,0.020884277657453296,0.03518098672809816,0.46102381812695614,0.04782124899208733,0.022843737312015767,0.2651390995862573,0.06127337365874317,0.02921534980958874
39,0.20451928514727832,0.042606781086701226,0.03731226445285718,0.025865986617699965,0.13482337203900488,0.052186305501061604,0.08344733939486598,0.0662038532901835,0.23872115674961752,0.06089292211900326,0.05342073360172659
40,0.16344297544906963,0.059286867959720845,0.046667897937003905,0.039312954352679806,0.09234133281079338,0.13372955390358765,0.13090991615072436,0.09034308516370576,0.050741126865485056,0.11627563605266268,0.07694865335456691
41,0.13284754207342234,0.06717453407558543,0.03887693023920891,0.04938976983487182,0.0992118710970558,0.13150988605967506,0.10489213174317062,0.11450610209758856,0.05943102120429883,0.11975226126681372,0.08240795030830876
42,0.13027498854190486,0.07281941798480912,0.04397362136136377,0.050482728671981995,0.09849627481555052,0.1239349177844214,0.08638429187826902,0.11199036875255718,0.07180227797180012,0.11956870251450527,0.09027240972283658
43,0.1290761232146517,0.07424522094434849,0.058364563918122184,0.05500400270964749,0.09045452240693469,0.11627886985408789,0.09252478740261029,0.09592846067770107,0.08043807707798956,0.11542241951375934,0.09226295228014744
44,0.13474224312529062,0.0773142246445849,0.07066427074350815,0.06469442056153347,0.09783621075819685,0.11253055902950726,0.07736691424794237,0.08905732096495442,0.07518718393828143,0.10817844448532997,0.09242820750087057
45,0.16583231999006795,0.0710299794516784,0.11424369983426365,0.07524158633595865,0.09183192979437392,0.10999248207426462,0.043410958086709736,0.08198969135574397,0.07055991639510456,0.0903551655362236,0.08551227114561093
46,2.0835520015379982e-08,2.9414664374723724e-08,4.163552363082503e-06,3.0378466092442622e-06,2.84769843495764e-06,3.818204884808686e-06,3.233959969207523e-07,2.021177133090864e-06,1.5290881807285557e-06,0.9999803899327605,1.818853452195279e-06
47,0.3031669887948536,0.08508866274597492,0.07202716988357323,0.09233943350708017,0.08635574046963196,0.08721176455610206,0.05215893449991129,0.031060397594777064,0.027260636309250845,0.09055521920664686,0.07277505243219803
48,0.1455415787763899,0.09460146292490769,0.09343383150222151,0.09287822724073289,0.1063672484049525,0.09289331070958222,0.07111533513511573,0.05284656891504217,0.08167436305847253,0.09541261073624398,0.0732354625963389
49,0.16319778937752297,0.09225837915709931,0.07646171497928905,0.08172433284456518,0.10529857260375491,0.10034311755137842,0.0775649099373032,0.06711574264966526,0.07710594919859368,0.08958626720164867,0.06934322449917933
50,0.17254903748005568,0.09289908411856668,0.07565856201306784,0.08384981208176084,0.10495080613364109,0.09170312527479745,0.07900459161093132,0.06499704041324812,0.06917421143202165,0.08848024399389352,0.07673348544801595
51,0.20213697634221764,0.08945041550651989,0.05163890205093987,0.07993400818328389,0.10107793828503069,0.08366020523109034,0.07943182006598183,0.0691983261574281,0.07255907858529509,0.09281635274527714,0.07809597684693559
52,0.1800760626610578,0.10402755864148616,0.05614173377623751,0.08784965380104884,0.08862224314198142,0.07776196058093732,0.07948889982107538,0.07499316550102257,0.06701872602520816,0.09829616280338599,0.08572383324655912
53,0.1402593341055475,0.09821174266458846,0.04978541227156319,0.09499085882789353,0.08684344535444162,0.0960028219255202,0.07309213507376551,0.09664082954840658,0.057841795661259736,0.11051510776098634,0.09581651680602717
54,0.13565373374871237,0.08864808246679258,0.06903850259096993,0.09666422417263393,0.07977177312127226,0.09179039591414476,0.06951156936741333,0.13133371296068597,0.05999335945319033,0.09347499263337504,0.08411965357080965
55,0.1248879547962017,0.08325793424698645,0.06438098439586014,0.09902899362725749,0.074454969099162,0.08847731778907125,0.0700623395942905,0.1698593640366469,0.06306105598940726,0.06949908158052784,0.09303000484458852
56,0.13801511405490668,0.07866660340174016,0.0505961957494355,0.09594962702360195,0.06622349489936016,0.07926539048899095,0.0724060512362162,0.17747606293048906,0.07425705117436186,0.07374130366691449,0.09340310537398297
57,0.12597373331399148,0.0913525455821676,0.05560294293999339,0.09643327203684748,0.0581393287339752,0.08244832420805077,0.0783339597041288,0.17044595289895065,0.07331876253687607,0.070029302372503,0.09792187567251563
58,0.12336507794802049,0.09640783471240352,0.06589169959563729,0.1009522514535543,0.05773641810125999,0.09023538732884294,0.07663368839368756,0.12230830147227706,0.09610540515221037,0.06943674544849467,0.10092719039361167
59,0.1185116796027513,0.09567588193420665,0.061071186891095815,0.10132771779537396,0.05203672374678967,0.09071135530755811,0.07813368606650709,0.1400449165054306,0.08871322291467783,0.06856384292765354,0.10520978630795554
60,0.1133573424622361,0.09389638591352005,0.0463966191297995,0.10670692012160418,0.029993902344945946,0.08958987699837782,0.07223592442955531,0.17226961907036817,0.09568623245364334,0.0675372178479077,0.11232995922804194
61,0.1140159205103102,0.097022656333356,0.04802467520271584,0.09712721837876094,0.04489670688988405,0.09566097963865916,0.0800634438802932,0.17611337496024396,0.08025058194673514,0.0625179534235308,0.10430648883551084
62,0.13419855226045924,0.0842495366053528,0.04301103907302639,0.07585072580118682,0.07029938515726118,0.07715298095974013,0.07748237634607606,0.18885276827885603,0.09068079162477755,0.06239026637243358,0.0958315775208302
63,0.0943449304958609,0.08579517619307385,0.04965582630290424,0.07477570731267592,0.07388644842134505,0.07878323641091103,0.07646006780306068,0.15543946674426656,0.15128913559974294,0.05987585593310744,0.09969414878305127
64,0.1262432795127572,0.08824832042569583,0.05536459251296393,0.0756287181919085,0.07206065094378679,0.09025770785324223,0.08009328312820957,0.1451013044234927,0.10815794891647543,0.06797447339120634,0.09086972070026153
65,0.14835826183934164,0.08546521137507261,0.05518637823947397,0.09112067717322887,0.06988107247726313,0.09851061721186201,0.08157592195775204,0.13837157040414366,0.083685829666735,0.06698933441520974,0.08085512523991728
66,0.14896822499969392,0.0825606720355815,0.05337371721853495,0.0971260939662426,0.07900370526296992,0.10117261007318167,0.08014337865265124,0.13880144523156923,0.07272825279919656,0.076051130447179,0.07007076931319922
67,0.08866765810121355,0.07948602363511573,0.0627292095708817,0.10021205884765126,0.08424031399878794,0.09770831838584021,0.08342870655060047,0.1304451779169246,0.11372844625978053,0.07813427034179916,0.0812198163914049
68,0.08954231928123103,0.08107198415703445,0.0633538208288894,0.09309877121209155,0.08302837050805396,0.0962345028647139,0.08363885757617531,0.13851908294101573,0.10223070251436303,0.07602763576356826,0.09325395235286343
69,0.08008034210758717,0.08422587358098853,0.07056888640808637,0.09659869753805161,0.079734150426757,0.09211233785860182,0.0862933675096714,0.13081846470448072,0.12248425119992797,0.060171105649131786,0.09691252301671566
70,0.08341072538067697,0.08457538369706757,0.07420332223203556,0.10964302011414703,0.0784621185267855,0.09629426972160293,0.08576377037428001,0.08941762437128,0.12532768173780895,0.06974839579592869,0.10315368804838673
71,0.08599322258939542,0.08330234858771846,0.07293700142902591,0.09729375648449982,0.07623295695741715,0.08941423696201328,0.07776609851668508,0.12334604162427794,0.10873741036565869,0.06521200887798369,0.11976491760532464
72,0.08864564455443318,0.08678286519679781,0.07388842807806467,0.10699241639978815,0.0756804709709026,0.10167292457363984,0.06797972419876366,0.11566203580262138,0.108499672629672,0.060435064185516155,0.11376075340980052
73,0.08318898606272179,0.08324165326543875,0.07203800138864241,0.10725903406365472,0.08338151505036966,0.10348982010204838,0.07003843818081854,0.11199058191298503,0.11035445673096064,0.06310192205939047,0.11191559118296956
74,0.08493933750496267,0.0861753847212651,0.07578939474650581,0.11702958668609109,0.08521163693527947,0.10218160147011786,0.06503970066887323,0.11173801597901122,0.10016605144630508,0.06382183267516163,0.1079074571664267
75,0.08004441849336334,0.08473112813656535,0.0725497548892264,0.12011439124327142,0.09153357836821835,0.10073076863843158,0.067217015687149,0.11312030678113978,0.1031499277603137,0.06724086205818802,0.09956784794413316
76,0.08571890373566839,0.09028912359851167,0.07410755341019036,0.11424133668085754,0.08952658044637618,0.09310877678792018,0.06829919467660134,0.10926252883840847,0.1026958652342262,0.06756071051133064,0.10518942607990915
77,0.08236064309930712,0.0984135669586514,0.07301400785388869,0.11454555688313642,0.09155893677224745,0.09648209526625476,0.06864729446064739,0.10845613989714877,0.10196582082709571,0.06802900720535977,0.09652693077626258
78,0.09155134916733076,0.09555892357097906,0.07077992961805993,0.114897287508359,0.09276278645000881,0.0966347863970681,0.06897045051464598,0.10899955817476042,0.10077703205181417,0.06752591593303055,0.0915419806139432
79,0.09287927614896693,0.09381562156457655,0.0713692121950393,0.11022475358282019,0.0915053746783035,0.0971028184217368,0.07139618674867905,0.10695680588836907,0.10206348982732555,0.06922457417462415,0.0934618867695588
