oos_period,15,16,22,23,24,37,39,89,94,95,96
20,0.14372303013075485,0.09471494889091166,0.09712175392822428,0.089063174304454,0.09964524544602589,0.06915651107947027,0.06648022738812745,0.013430697019415122,0.11935854227041613,0.1285687472653268,0.07873712227687352
21,0.1419984377179207,0.09751904589525016,0.09180940813917529,0.08017419435020473,0.07750841440444141,0.06739439768432579,0.0641646427139428,0.12978176446699197,0.10087679747928684,0.0800092292333821,0.06876366791507835
22,0.12683649652387266,0.09138740605462274,0.0995419652670746,0.1010873966740839,0.0892624810515617,0.07775406050994056,0.082958262798103,0.06794428191351341,0.09120236955828409,0.0982892707678229,0.07373600888112045
23,0.09401903819152317,0.07939783233427818,0.06719586603943446,0.08426539232520047,0.07870178344498471,0.08183192583174527,0.0665280470599419,0.023065788723130025,0.18202454664663154,0.17489786166004606,0.06807191774308421
24,0.1029858086624625,0.0929504784600006,0.09774940936359347,0.08617335411413736,0.10767200322570257,0.08483543174867245,0.07863654353607963,0.06129685752131021,0.09231570509992638,0.09890395276991612,0.09648045549819873
25,0.09402349676779509,0.0832960847675875,0.08119574433680524,0.08108442850151303,0.22567060570992223,0.07042294200508381,0.08772074878242628,0.022465190599497472,0.0902628500950251,0.0790545353663218,0.08480337306802255
26,0.09520566777617012,0.08491324725457901,0.08988951587594375,0.09419038124081501,0.0918685245538692,0.08635667290505661,0.09210330610704369,0.08447252072184785,0.0933505841419214,0.09350703946835048,0.09414253995440292
27,0.09461195025461988,0.08436387151436447,0.08405995745521828,0.0942064082518824,0.09051213695506814,0.09076580528096244,0.08984993833365207,0.09108926683133099,0.09223437877819808,0.09441205825831277,0.09389422808639047
28,0.09201186979332955,0.09415780921208998,0.08821112880819858,0.08857253867227519,0.08933874028940576,0.0916423113753821,0.08807545761403579,0.08919886270144292,0.09362991644639868,0.09193148613936686,0.09322987894807465
29,0.09394867009431015,0.0889701153424767,0.09004962261789892,0.08479780720493738,0.09485035486084485,0.09308882457462006,0.09190113794756102,0.09463633709042756,0.09118762186163465,0.10014420947533792,0.07642529892995067
30,0.30452278428655494,0.07044234730661363,0.0727351145957069,0.06547904332239683,0.0682560812023945,0.07983512263309599,0.0809985686920988,0.06681936971245389,0.008569054833633988,0.13270691396041795,0.0496355994546327
31,0.07766797122171111,0.09025771141308547,0.10534637965504727,0.06264032250168108,0.0917830560018245,0.08485773725468354,0.12172123213521542,0.09694673196472392,0.08537267637326003,0.09022438358285628,0.0931817978959114
32,0.0880427316632725,0.019572749916940763,0.1130468655215155,0.06728361523012477,0.08705289550375246,0.06617138928801757,0.20334553197582536,0.06721115411440266,0.07976327072331252,0.07588414798541873,0.13262564807741703
33,0.0021277243274726,6.0379829192067736e-05,0.11153925821441424,0.00023672801300349334,0.0002061263726309177,8.204066449382031e-05,0.0036496250011376144,0.0009355292362213861,0.011597668329453638,0.0003373417260674924,0.8692275782859127
34,0.049122701039041615,0.059505799094795565,0.30262956497162563,0.0554001845502199,0.051353278148184876,0.08146117343112881,0.11607291858184626,0.054788686952421166,0.101761306824281,0.036138335173972455,0.09176605123248274
35,0.015163227274329578,0.06662043469318606,0.3973593268968172,0.11497600000013879,0.007599969189711878,0.0910042264268085,0.09370103972478958,0.02362682478544874,0.029686402939621676,0.01481636897770551,0.14544617909144253
36,0.04115914145110739,0.14943796597005973,0.14893626126647155,0.004209375238262741,0.04409042660512849,0.18146533713148477,0.05166034691040766,0.004438043604561338,0.1574844143604767,0.07877340379333811,0.13834528366870152
37,0.05699586019482783,0.07031008362340918,0.026311204716344436,0.044863413304482874,0.17600545170343906,0.09099818705122109,0.1280514272331342,0.2336248199972169,0.08367513399783491,0.06278392099546977,0.02638049718261978
38,0.011294335278608106,0.0019366083686267654,0.00107539099259953,0.0013309387875116566,0.004270386931017923,0.9054357390806901,0.05663926245193187,0.0001425464610815199,0.001300286758603142,0.0163987311983826,0.00017577369094694227
39,0.048281975695878894,0.010810716895971783,0.0014694209581421324,0.002468936355086719,0.07208973257315539,0.08053963250551163,0.06431527699206521,0.5841640160249519,0.014158441137427853,0.07575220119000757,0.04594964967180084
40,0.0686350887924641,0.061446912461310434,0.07230197392397533,0.06373612352694263,0.08603433610734693,0.12768149964281048,0.10225589412979523,0.14415398681557112,0.051845677375990176,0.12377326263868108,0.09813524458511261
41,0.07705296987691009,0.09521365326625385,0.07635928796385939,0.14039788923392155,0.08722654631896223,0.12548995501526647,0.02775515976438394,0.12246978838637705,0.06126240299699708,0.09329850046669397,0.09347384671037456
42,0.10744352550883404,0.09479344161771434,0.05480741378224253,0.049382814059954365,0.0656598427997457,0.09328795604159197,0.0499236141176318,0.09353805279954945,0.2051672443848271,0.07802946958072124,0.10796662530718765
43,0.09559157516095056,0.07830582677789279,0.13052861382702358,0.08246681530892291,0.08281981262285854,0.06663661553863628,0.14645152568054198,0.05246063530342728,0.08941199297099917,0.0878220794345851,0.08750450737416171
44,0.08291413340166212,0.09262879696077275,0.15913870553101864,0.09375256285086694,0.1614901900202421,0.06769281041997874,0.04520519647344174,0.05420001044568889,0.0665263074654578,0.08757451827024842,0.088876768160622
45,0.12546582008450055,0.04880431621856591,0.30084869953989557,0.08062571633766441,0.05265064314863266,0.07138064066182126,0.01474702321003954,0.0995226360741766,0.0968885465630075,0.04845193877156914,0.06061401939012698
46,0.1246738014825363,0.11132855700970143,0.34364371408310984,0.09381899381109378,0.03563029225393766,0.06680188732349136,0.01039730953486882,0.004975451483973966,0.05646590168599402,0.09093171970468805,0.06133237162660498
47,0.07008705268479126,0.16277183743189766,0.01061441787698344,0.07124138321668745,0.3706174019244978,0.03278896243260034,0.16591274922210988,0.004740615828153462,0.00832371143185844,0.06630294483030437,0.036598923120115964
48,0.04766589173833125,0.0537041340769359,0.06990976570920104,0.062028749987470676,0.1888582565505072,0.01662532842099445,0.16335921685697682,0.23959390837345976,0.10440482745970933,0.028906740342814003,0.024943180483599548
49,0.10363876080452449,0.07741413842398867,0.10768456171168907,0.08011897153554423,0.0764588153256421,0.12485737868913947,0.07456237211522952,0.16787354585620337,0.106974376075004,0.049858509383970184,0.030558570079064967
50,0.0891473570789545,0.09773206033974996,0.08823838274664833,0.11351922994109952,0.09437994612404772,0.07027437082930324,0.10015863430086316,0.04784987089096794,0.03420638648919283,0.0856172249009904,0.1788765363581824
51,0.09611875518173908,0.10935935790280006,0.023783575447376266,0.09252751276649467,0.096411859304975,0.11826464895197324,0.10070058180550227,0.03679798839769764,0.13447793597478727,0.08750570036423598,0.10405208390241856
52,0.05722378745558329,0.18935681685400935,0.045706773149563305,0.11145646498112093,0.024570051599264568,0.10528929607411781,0.05662251857337862,0.16938309465648524,0.018859380168761167,0.11374308324557106,0.10778873324214461
53,0.10851121248141568,0.03693401043853839,0.02475776719294203,0.11743109503868748,0.0558149658888606,0.09984459197244323,0.04438945491343331,0.22360407163889376,0.034605963322114595,0.11402663017895913,0.14008023693371174
54,0.09898465682263155,0.039765476266029054,0.11431859925006267,0.09596947361526179,0.03050697447831459,0.04107759180375046,0.03862119924334788,0.3670968534108202,0.11424698034738973,0.029259544115037735,0.030152650647354347
55,0.05417174685028829,0.050177754385671965,0.06840239086164797,0.10170662686758083,0.0783342170136017,0.05973233041537257,0.07918229627434153,0.2147893568214125,0.11294962674218988,0.01998654838885267,0.16056710537904
56,0.08539287978742487,0.07117260469547555,0.030612171668162054,0.11087878651806607,0.0235038330473721,0.05257230418824107,0.11737272546687266,0.1636210389622877,0.08978539693334246,0.06800112927686262,0.18708712945589287
57,0.07104754699477164,0.2609207900900197,0.05504241107776076,0.07348713925954915,0.04122687291179513,0.09400677405042841,0.13475819559540977,0.10263463428326637,0.05686510003386438,0.04683520137488334,0.06317533432825137
58,0.06337008359178732,0.11237906617002595,0.10988685038035666,0.09246702187402218,0.057942963864635495,0.12920537968097562,0.05196200112124033,0.10335400221098197,0.11829039250772473,0.0550613177764195,0.10608092082183035
59,0.057268734972191135,0.09100943125383368,0.07813680185907275,0.0944686853315901,0.038777427517912876,0.08620132031221353,0.10942374609358817,0.09879576134853199,0.13897802735736461,0.0650207363124684,0.14191932764123272
60,0.05645755735433641,0.07387778744242333,0.013207031955346416,0.09922985588761217,0.007057009364414211,0.09793626801117832,0.04394661722785308,0.16716531107624472,0.2775865736089877,0.07476083511517684,0.08877515295642677
61,0.0503085043371935,0.09356596182053144,0.027981855361146533,0.04655386248407039,0.11630884286969806,0.0954518024057016,0.142605541931341,0.13400330952187028,0.18008363846038783,0.053623520034262975,0.05951316077379639
62,0.04008173588888265,0.03224587925931682,0.03129697733112273,0.043010348849714344,0.4127634317570436,0.04343810250495018,0.062471698835105983,0.11591362106835044,0.1045486995572777,0.05109552528222478,0.06313397966601085
63,0.05362810176426563,0.07446197241556496,0.10747598783118228,0.049430405619398425,0.12021773369384285,0.044975120166761175,0.05663528457976828,0.12606448193705733,0.1691306968813108,0.044923044009251706,0.15305717110159656
64,0.07745075570519458,0.1163488572521615,0.1417179289934787,0.05212323659776507,0.05069676236284853,0.10775035102948381,0.10017772430646872,0.07863752846213375,0.07447503537463174,0.1393382755964254,0.06128354431940816
65,0.08879885238680758,0.07754489065368171,0.13184015501805715,0.11178305257078774,0.048494637882829913,0.1387176209601216,0.11225800942282169,0.10009438977183266,0.054124532696478635,0.11079005008090324,0.0255538085556781
66,0.13446681651013792,0.07393798892149059,0.03808973497283565,0.08617714676832991,0.1764738220760873,0.1123324376012364,0.06716977673626795,0.10012777000279387,0.07709966257646056,0.11924850016180723,0.01487634367255253
67,0.047024779475987995,0.05690814069909075,0.07013106518675931,0.10670605831224328,0.1832583809276163,0.06784700970350445,0.07006476706880393,0.07353930897814544,0.14419977619733357,0.10646864246213442,0.07385207098838063
68,0.03621834676548466,0.06318083036900722,0.08153046081336326,0.04054098783383133,0.050572608692234296,0.047699071077821224,0.06873000460147011,0.06152456410657019,0.06405996203298912,0.04824447719342131,0.4376986865138072
69,0.031991671437320214,0.08427429301083197,0.16491917547290244,0.07654912924113508,0.03161647818138534,0.044284709884505606,0.10889714139256876,0.052413346898303105,0.2081631870481157,0.010609701659050003,0.18628116577388182
70,0.050344003452322976,0.07682974702118493,0.1364203951718412,0.1257203985432047,0.05386945468040253,0.08183656994302467,0.07815691972643994,0.039092277784267736,0.1305953009259228,0.05931014005676734,0.1678247926946212
71,0.05718124152859723,0.06454792998718434,0.05979579029433403,0.10401249141047737,0.05098933719437051,0.07340301613579062,0.026993685979717734,0.2283943768501242,0.05479839710086679,0.061273096753519836,0.21861063676501752
72,0.06326468894986442,0.09677222212357049,0.08322937566202375,0.13240812022451565,0.052808746886185524,0.17316503509669268,0.04005073531734003,0.1366042865320196,0.08476468997394712,0.03443824086808384,0.10249385836575677
73,0.06175479272931453,0.08727980785152037,0.07982641419300762,0.1002028732544616,0.1163111964285822,0.17176683866566173,0.056582860642879124,0.07380364998717118,0.10340782613394943,0.07814395386755912,0.07091978624589292
74,0.05943839075615823,0.08485050712667933,0.11612588142681764,0.168780441749112,0.13130610697696457,0.07277383017196891,0.047827921202361644,0.12638593081030583,0.050047392819948855,0.0800566918727148,0.0624069050869682
75,0.05385854022735806,0.08143291969711088,0.0828233682721506,0.1846606410740147,0.1537437260545093,0.0658364723763041,0.059860267359239806,0.10296501089867464,0.07149964302658185,0.10760871245770123,0.035710698556354885
76,0.05882827405668093,0.13213706030833938,0.1035461326764175,0.10848972284608902,0.09914387527828476,0.056399703855503275,0.0820219459336472,0.06454451669967616,0.09794311757923409,0.08304686504868876,0.11389878571743897
77,0.05876798488052537,0.1906473038743515,0.10640359181769517,0.08436395547125625,0.09651015597234429,0.09991631807838193,0.07904070431627377,0.06975749047520702,0.08606422277477763,0.08018623005996457,0.04834204227922254
78,0.07843596671758576,0.09747863400893081,0.08520990543660055,0.11470450255236334,0.10769340610622093,0.11662683535595245,0.08115778174213613,0.11512783639435464,0.08942765722230255,0.0731964403548451,0.040941034108707836
79,0.08467580293518215,0.07551419559808414,0.10471381853556241,0.07865100775933011,0.08959588110265156,0.1014747737019599,0.09660495713550366,0.10436074798499968,0.09143011835983535,0.08438153226782483,0.08859716461906629
