t,model_1,model_2,model_3,model_4,model_5,model_6,model_7,model_8
0,0.0800032880122741,0.2263307243344867,0.04304042436965144,0.11344905753483056,0.3768607089090393,3.5516157652786296e-18,0.08560014997805004,0.07471564686066783
1,0.08030605310113308,0.24326130391208176,0.031283597762852,0.10972977718018133,0.37441253618927867,0.0,0.07325029354384499,0.08775643830962805
2,0.08794440710392573,0.2640796968347793,0.019512887370185163,0.1062153228448429,0.36985830216805354,0.0,0.04578643809884311,0.10660294557837031
3,0.09941054308267777,0.2864127291333738,0.005259674516910373,0.0930311209704637,0.3616478977798812,0.0069985227698552074,0.029927257630262185,0.11731225411557568
4,0.10499511955257276,0.303760061345357,8.077847574943261e-05,0.08144716507064972,0.3562317061594596,0.01639438535683905,0.010387962571398103,0.12670282146697434
5,0.10294029179706791,0.31093034937213443,3.5539914279978795e-18,0.06575407187232724,0.3545372568529281,0.028080288768290957,0.0,0.13775774133625135
6,0.10339199515052522,0.30384694311368415,1.2533970036982973e-18,0.04600095397884639,0.3632479303036639,0.04114332045146872,0.0,0.14236885700081156
7,0.09805442378198277,0.2952686284330877,0.0009373684269596055,0.030752394731889544,0.36876033798010316,0.05179459640609155,1.9093446120072925e-18,0.15443225023888582
8,0.09987063136829061,0.2820876991008078,0.003804475579417222,0.014007599947171821,0.37303911547756186,0.060765854266382424,0.0,0.1664246242593682
9,0.0985782204190513,0.2689175604612289,0.011853612870127768,0.005526300047214891,0.374507513057972,0.06659861872210104,3.549173157929697e-18,0.17401817442130407
10,0.09523796585656795,0.2526543718147215,0.016768107059436797,0.0017443253633713858,0.3725554271372335,0.07279270332946035,0.0011963204348235,0.18705077900338493
11,0.09743897545655279,0.24107247225788836,0.01755143835831639,0.002599301244307418,0.3675630420736602,0.0692561346979758,0.014137355490387889,0.19038128041991115
12,0.10190075414629045,0.23197388350171153,0.020416606710149082,0.002500282345543948,0.35960175731155675,0.072722146478852,0.020107904412949747,0.19077666509194646
13,0.10811186665042433,0.22819442727377837,0.02416587826068085,0.006875139153234585,0.34666441725171304,0.07605867648135593,0.019674638735500998,0.1902549561923119
14,0.1184554977119342,0.22427720097262954,0.028634006271851593,0.007501051163171299,0.33135596549192275,0.0789987584312741,0.01590179983429321,0.19487572012192325
15,0.1266098626038985,0.22110535550710209,0.032086222291376275,0.01172045573321187,0.31235850335800597,0.08012760139765616,0.0168864914047146,0.19910550770303456
16,0.13363915368856935,0.21717622381926227,0.02970570963479293,0.006866365144672084,0.2970657533430854,0.08595415607989508,0.02651453212155394,0.20307810616716884
17,0.1410368018950455,0.21358008933315747,0.029898972466582786,0.003811177102306483,0.2787936246622586,0.08982836172881624,0.035069852079531776,0.20798112073130107
18,0.15050502937390617,0.20809640548685912,0.03378139895599273,0.0011295724116873133,0.2573715489003547,0.09121938820861221,0.046545127387032585,0.2113515292745551
19,0.1597955388734572,0.204291956598283,0.03359546026682419,0.004005798404470681,0.23660740845916844,0.09549245715527294,0.0548057064306546,0.21140567381086892
20,0.16524449411923456,0.1985472174525123,0.036471105975288215,0.007542939432796273,0.21828121567944167,0.10127563297633267,0.06476328010415372,0.20787411425924057
21,0.1681620705825467,0.19644508462537152,0.03803729028682002,0.00817701540009249,0.2046428037642575,0.10579802360251409,0.07296705914916186,0.20577065258823565
22,0.1705830512335226,0.19285107018783493,0.039187810498413536,0.011062721998975894,0.19715707036369118,0.10692967065761128,0.07679377280858492,0.20543483225036563
23,0.1738103646658767,0.18804126590678075,0.04065426184217337,0.013190520998830198,0.19058859699820663,0.1081290567447691,0.0791178993054758,0.2064680335368874
24,0.17439000063279056,0.17968152657376607,0.04352772164276485,0.01639545311971469,0.1864432213675915,0.10930090463572106,0.08329989417032593,0.20696127785632526
25,0.17575421052363585,0.17275041413797207,0.04456413723727586,0.02132679461664552,0.182412546965038,0.1108247984954372,0.08719200674605612,0.2051750912769393
26,0.17610575705012885,0.16497151244412459,0.04572593770864032,0.026562630508511847,0.17935865847857035,0.11177770964162673,0.09023945702998083,0.2052583371374165
27,0.17491075958470162,0.15725796075151519,0.04604553053593654,0.03170461491698844,0.17653607741684993,0.11362475614023639,0.0960800475926175,0.20384025306015438
28,0.17176200996153382,0.14831595607629047,0.0485825999643967,0.03831373057013739,0.17507376729749763,0.11498982764007654,0.10213468530662007,0.20082742318244728
29,0.17060029567755966,0.14125758482487677,0.05104628658852198,0.04354551873366112,0.1718904190006569,0.11701998445572169,0.10750074856280084,0.1971391621552009
30,0.16826080005377161,0.13742820268790723,0.051623442702825074,0.0454736883721116,0.16915695551449372,0.12000611718979493,0.11222533395576337,0.19582545952233235
31,0.16494424247181208,0.13400143445024304,0.05279994839801191,0.04922788295924698,0.16619504115352257,0.12268148272411541,0.11599630525354983,0.19415366258849803
32,0.16196653204642536,0.13019455261325652,0.05347949796282742,0.05196402364131582,0.16396739983864303,0.1252433772971517,0.12022931427202509,0.19295530232735505
33,0.15987268474949956,0.12514349951316442,0.052893423813436626,0.05440260808396436,0.1632112245191779,0.1290878020302588,0.12326587779771457,0.19212287949178364
34,0.15656734537411046,0.12222605977849768,0.053177254853938205,0.05775066918335842,0.16250346276530545,0.13266892553700985,0.12558759150064475,0.18951869100613508
35,0.15341947679325507,0.1196908246260773,0.0544033858414265,0.06116005923103535,0.15991055249294295,0.13771995650963412,0.12758061935981585,0.1861151251448127
36,0.15041115257857926,0.11777496028561171,0.05686386173962749,0.0637062082345521,0.156160115806111,0.14321585504921355,0.12845698019422871,0.1834108661110762
37,0.14876984796572287,0.11719533327775596,0.05819773596139961,0.06391827377465122,0.15346367470237,0.1473912692142422,0.12871996133159036,0.1823439037712678
38,0.14608345967864067,0.11650853134444397,0.058912360496421026,0.06452568964055606,0.15117414982474958,0.1519125342445565,0.12835316697347474,0.1825301077961575
39,0.14362163016553564,0.11625557054007299,0.05808152415220211,0.0640070303684565,0.1483193517944185,0.15618647888456957,0.12965368133895733,0.1838747327547872
40,0.1411963542366555,0.11660954432286218,0.059180739857460335,0.06575608833438072,0.14496524182409995,0.15902217456566325,0.13033242134027562,0.1829374355176024
41,0.13934319580258542,0.11682753312607141,0.06045097018095838,0.06783531334246316,0.14340308696744464,0.16056658332591267,0.1307461700683847,0.1808271471851796
42,0.1369473943755487,0.11833402719175762,0.06112222220962536,0.06849803405040401,0.143437153967013,0.16140796496312015,0.13098025016989065,0.17927295307164043
43,0.1352768889476968,0.11922629783335574,0.06138332066075272,0.06924982919130983,0.14331962258178574,0.16188437617611626,0.1317858907655714,0.17787377384241151
44,0.13390410724872956,0.11977285834886996,0.06112255653206741,0.0706446680657328,0.14325582658731545,0.16132460285951483,0.13291623276238376,0.1770591475943863
45,0.13350906657315353,0.12002357361856668,0.058172688894581,0.06888574020467633,0.1441310416140356,0.1626712309557822,0.13454328008696184,0.17806337805124284
46,0.13285389886496393,0.12140004419670992,0.05598575987664322,0.0687737876450014,0.1442059944087793,0.16198959762814127,0.13659577046977864,0.1781951469089822
47,0.1325306234319789,0.1228605492179049,0.056207870375028904,0.07026571016785567,0.14301476086374912,0.1603827117151941,0.1389047246550911,0.1758330495721972
48,0.13262219426164343,0.12396585185508392,0.056097404336038215,0.07154451225009711,0.14171259140754097,0.15901991322858502,0.14070170416348232,0.1743358284965289
49,0.1329276521579676,0.1249059992796122,0.05528089472371629,0.07264210556433974,0.14050293828520027,0.1582604543574661,0.14249669596429754,0.17298325966640024
50,0.13356558311420624,0.1259136230926753,0.056273087552444666,0.07534324567478243,0.13904690329454564,0.1561403385284926,0.1433935728296988,0.1703236459121543
51,0.13355588378542838,0.1261958453836151,0.05799416956216132,0.07762999447846818,0.1376664112183852,0.15442431204206325,0.14425274975737346,0.16828063377150512
52,0.13376115920339365,0.12654527252807476,0.0602166822255022,0.07959486969856958,0.13687604943303083,0.1523181211389757,0.14505681220866626,0.16563103356278697
53,0.13355577762822415,0.12731704210073974,0.06335072958598953,0.08255011409303611,0.13593724834668,0.1500836714368207,0.14520507748339553,0.1620003393241142
54,0.13338294358444955,0.1278102822959414,0.0665074583750021,0.0849853981626894,0.13521199765637032,0.14855577971122727,0.14472170798849707,0.15882443222482298
55,0.13341899865033655,0.12843756849764987,0.06729890227667983,0.08568631225231796,0.1345811181204373,0.1477011278066233,0.14525635574824675,0.15761961664670834
56,0.1327006559875149,0.12897034205546754,0.06961877662953306,0.08743558030269194,0.1335001372865547,0.14635375378671436,0.14538682114984353,0.15603393280067995
57,0.1323591849449849,0.1294977202339238,0.07217471046779665,0.08870607360799576,0.1322228651115372,0.14531357404886705,0.14518545348426676,0.15454041809962793
58,0.13235699571044282,0.13004740725171327,0.0734065450945316,0.08938308971374537,0.13107659862343116,0.14516216222424444,0.14542041676660147,0.1531467846142898
59,0.1323992078511797,0.13023884695405077,0.07418551049056385,0.08965514451265294,0.13019651304245075,0.14525575290379697,0.14600616627712623,0.15206285796717872
60,0.13276230560994376,0.13033989237104598,0.07433180515698577,0.08963586897490597,0.12959091195074807,0.14542196585352707,0.14680179729380122,0.15111545278804228
61,0.1331753572170272,0.13022280914449297,0.07588823142859985,0.09059094941513123,0.128470146415051,0.14473541235764767,0.14701739845699413,0.14989969556405597
62,0.13382026060024604,0.12999700297187283,0.07823738396047558,0.09237884396556141,0.12747279942698775,0.1433261812416304,0.1467242628740888,0.14804326495813713
63,0.1345639093208855,0.1299994674663939,0.07939155456714372,0.0933788034210432,0.12664180298299224,0.14267924281372732,0.1467254515993216,0.14661976782749245
64,0.1354800875190997,0.13024401620399872,0.07996219632539367,0.09418013153580149,0.12570484239129498,0.14233500313916808,0.1465798588026892,0.14551386408155415
65,0.13621644763588242,0.13015013719794166,0.08052427677660541,0.09505012597303047,0.12496554207758166,0.1419378297793274,0.14673659831808536,0.14441904224054547
66,0.136619184388895,0.12965412726799058,0.08217266753914065,0.09639849877140698,0.12452006337000013,0.14130846597251767,0.1462997913225499,0.14302720136649885
67,0.1371111588855504,0.12931174604350718,0.08327787191245835,0.09755176626055621,0.12403769133428927,0.1407920702929371,0.14603027658534018,0.1418874186843611
68,0.13724199306019266,0.12857843338227393,0.08489850461882034,0.09900968621914323,0.12372198335941374,0.1402111879636138,0.145607277912044,0.14073093348349827
69,0.13736976559032105,0.12791022418091602,0.0862817294572785,0.10037752662567168,0.1233231715439514,0.13960921070022114,0.14527638884565172,0.13985198305498828
70,0.13714790704727867,0.1272222048374302,0.08824741161095535,0.10190070271220139,0.12292775821875321,0.13894090608036722,0.1445880667460495,0.1390250427459645
71,0.13649837348374838,0.1264062700008469,0.09062742525620555,0.10355068898819675,0.12292734109309383,0.1382168298985099,0.14361574181146108,0.13815732946693765
72,0.13601201384937292,0.12551942037011105,0.09242269991725706,0.1048296689059011,0.12290116735120299,0.13757384708089387,0.1431761531163675,0.13756502940789342
73,0.13515282661541705,0.12492209227663578,0.09462331918557347,0.10627338774357266,0.12293777668944347,0.1366732360325819,0.14240929427896723,0.13700806717680836
74,0.1344554183189741,0.12450990756920614,0.09618485447706562,0.1074729587855727,0.1230508631225891,0.13594628430495076,0.14179964568677425,0.13658006773386733
75,0.13355081268886146,0.1240830398493526,0.09884579383700148,0.10918369878432457,0.12331339175515522,0.13473574551434647,0.14053361043852902,0.1357539071314291
76,0.13272386462350225,0.12374640762016408,0.10119782746175608,0.11052531905953182,0.12358330712113084,0.1337220071382505,0.13940962303717902,0.13509164393748532
77,0.13207298515859187,0.12353336363258034,0.10302789780094619,0.11143903556005857,0.12389671280220406,0.13316716506625526,0.13845440687343463,0.13440843310492906
78,0.13127395278021087,0.12354109545842333,0.10535601285966645,0.11270201810918637,0.12417302008008771,0.1324521308571704,0.13708238416291332,0.13341938569134146
79,0.13056230162470933,0.12354863839507733,0.10762154122648433,0.11404763496712542,0.12442826761346852,0.13167463493028408,0.13560799979301363,0.13250898144883716
80,0.13007484661055577,0.12358949394460436,0.10912534456501252,0.11502094718197729,0.12453947361833732,0.131220291714449,0.1345541194086604,0.13187548295540333
81,0.12943597371206889,0.12367800940286233,0.11111255653799654,0.11633975229260453,0.12471814507048347,0.13049327737874372,0.13322892118528631,0.1309933644189542
82,0.12850618133325337,0.12392696470158888,0.11398772479130509,0.11811470561349395,0.12486042247586375,0.1294874805508858,0.13139813438739484,0.12971838614521408
83,0.1278073954318394,0.1241794652515417,0.11623576145803496,0.11951564273099363,0.12488465198871532,0.12865647117515022,0.12998439054142788,0.12873622142129684
84,0.12736904936338436,0.12432993696665329,0.11759386710899894,0.12040036967842092,0.12492247157322034,0.1281715338690662,0.1291069241668162,0.12810584727243968
85,0.12670812058062003,0.12453098480879086,0.11963826501952934,0.1216981992394966,0.1249309070296061,0.12737748325810014,0.127901951117049,0.12721408894580785
86,0.12582094110935818,0.12478825673843182,0.12246397256725629,0.12344547080874621,0.12494696839391574,0.12615837003523714,0.12634707358783762,0.12602894675821685
87,0.12502503435073048,0.12499413721521221,0.12492329730411592,0.12495290444361316,0.12499790500438279,0.12503596296516478,0.1250401985267359,0.1250305601890447
88,0.12396553533570803,0.12522484169337256,0.1281353328946425,0.12691906580443843,0.12509397345793605,0.12350997252288834,0.12338211012996274,0.12376916816005147
89,0.12285169853915842,0.12546140899150396,0.13140407398624288,0.12890729694964267,0.1251926246793797,0.12193093836905883,0.121729307362491,0.12252265112152246
90,0.12167416262688202,0.12566735711731297,0.13468452649801557,0.13088557790017083,0.125313210498917,0.12032890075283495,0.12012436319896214,0.12132190140590449
91,0.12032453248287815,0.12594090161552082,0.13841429112154718,0.133072158204821,0.1255254637245471,0.11853340758100986,0.11828193347801388,0.11990731179066201
92,0.11916674029234894,0.12621432653714196,0.14157249745810496,0.1348434105797456,0.1257200837001467,0.11699538377179146,0.11677291882961524,0.11871463883010516
93,0.11833430778437003,0.1264954976965731,0.14355624610848494,0.13587556269830509,0.12578393126635168,0.1160692021233346,0.11590041956969935,0.11798483275188121
94,0.11773034382412968,0.126783742275524,0.1450937391437537,0.13663799166528257,0.12583598996842335,0.11525247731030504,0.11527242996663516,0.11739328584494639
95,0.11745477339998969,0.1270297459893545,0.14543961520176943,0.1367125994622532,0.12580865773238495,0.11509080165820203,0.115214947800398,0.11724885875464822
96,0.11713149303121051,0.12728109125323372,0.14572438534302362,0.1366682284891229,0.1257723794978504,0.11494763798029692,0.11529366423813955,0.11718112016612227
97,0.1166474044657065,0.12762602687645638,0.14654645515544706,0.13692742431771096,0.12570979718735473,0.11457422451953744,0.11510554700137723,0.11686312047540963
98,0.11628215994905639,0.12794524622538156,0.14697093337924144,0.137019711311992,0.12568949291994672,0.11437950430346612,0.11508553780346972,0.116627414106446
99,0.11588473971822394,0.1281783509564266,0.14737254636804903,0.13711699519189197,0.12575871373179004,0.11428510683563624,0.11507540694773566,0.11632814024924656
100,0.1153875215579539,0.12846914215887797,0.1480043001514835,0.13731404054924495,0.1258652680634426,0.1140553311180797,0.11492808650760192,0.11597630989231542
101,0.11466748406882074,0.12889088150569245,0.14921527964327388,0.137739175677925,0.12598821100077826,0.1137112130711424,0.11449657602976984,0.11529117900159731
102,0.11377637151590829,0.12934983556072627,0.15052287314823304,0.13820347853255593,0.12622388416568733,0.11314634083505712,0.1140775410348678,0.114699675205964
103,0.11271484247403891,0.12982160733569717,0.1519388374287123,0.13867693154147565,0.12645400261547007,0.11262779795988805,0.11374793005726025,0.11401805058645749
104,0.11240457397201051,0.12994751851408928,0.15193182044583295,0.1383120996666253,0.12653182905203958,0.11273648475058712,0.1142071643277753,0.1139285092700399
105,0.11210975966544437,0.13011279425453204,0.15176994207145367,0.1378677479113388,0.12666282666416856,0.11288869138568508,0.11469884798976508,0.11388939005661236
106,0.11159994774869814,0.13044591018771848,0.15208450529132594,0.13781359035653917,0.12677468199953199,0.11267848858164088,0.11496132645350958,0.1136415493800356
107,0.11079251530207046,0.1309869074942507,0.15287419757916296,0.13802103897823906,0.12690446711974904,0.11224319118379786,0.11506792951652388,0.11310975282520601
108,0.10966450174241377,0.1317556207546728,0.15433265810636915,0.13846112967179283,0.12712773756907939,0.11145880459436502,0.11493364618634908,0.11226590137395799
109,0.10840071567319305,0.1327192046086218,0.15597474426919083,0.13891450534540523,0.1272906263503034,0.11057954648856777,0.11485992615549727,0.11126073110822045
110,0.10643671330395746,0.13385420117819222,0.15848172519597373,0.13974469949001014,0.12754794910963418,0.10934729621737474,0.11457997393183449,0.11000744157202304
111,0.1043114552243388,0.13497412176186524,0.16109434916353746,0.1404003887683083,0.12786883992607512,0.10810734499650525,0.1143417336694848,0.10890176648888499
112,0.10204500913850655,0.13641331740330712,0.16373065398236303,0.14088570870723383,0.12823444184748403,0.10674510799025481,0.11408764642316602,0.10785811450668463
113,0.100302333735964,0.1374910239872968,0.16548288133356445,0.14102333937892486,0.1286559858006838,0.10583339419792817,0.11425499810696416,0.10695604345767357
114,0.09850833115649366,0.13846135951996957,0.16720344345033986,0.14103960597783122,0.12905856200865878,0.1051783254769011,0.1144343645740313,0.1061160078347745
115,0.0970780195535521,0.13914113553998808,0.16809698768254727,0.14074593616229183,0.12948215508286212,0.10503748431223506,0.11479163824772956,0.10562664341779388
116,0.09597066144225197,0.13948210403405123,0.16825721420493583,0.14022945542954193,0.12978846653065515,0.10532733796681881,0.1153392509796329,0.10560550941111209
117,0.09428340452003578,0.1402734380563555,0.16971746119770972,0.1398325124486276,0.1303955922960056,0.10471676041905231,0.11551380106577716,0.10526702999543637
118,0.0927569040554177,0.14079417939828046,0.1708377250555973,0.139519551459481,0.13087483699862965,0.10448067813344927,0.1156965281346818,0.10503959676346275
119,0.09121711458262134,0.1415048375405972,0.17223673926223754,0.1393404017328663,0.13143607327534818,0.10390069069793967,0.1157985637427078,0.10456557916468175
120,0.08974294088240956,0.14227566758791838,0.17371339223549487,0.139177762808945,0.13206635315389773,0.1033801807912481,0.11574506608383972,0.10389863645524663
121,0.08825823694044674,0.14308505315856146,0.17522607563129627,0.1391532795374195,0.13282649662566504,0.10251157208563341,0.1156933279562633,0.1032459580637141
122,0.08683607275344064,0.14395531599434294,0.17641651049335091,0.13912446432786857,0.13351039258844816,0.10155152805615533,0.11577229524142274,0.10283342054397047
123,0.08622941834236095,0.14463180396165554,0.17663631822983092,0.1388114151842518,0.1340785744372804,0.10088226576097045,0.11591614405420134,0.10281406002844848
124,0.0855799209539423,0.1451922065055366,0.17682951226779253,0.13862315300614184,0.1346489729531985,0.10025411552181875,0.11616496715300043,0.10270715163756902
125,0.08475651873704317,0.14607628364125233,0.17735779148910316,0.13888702030221756,0.1352854609909698,0.09915945820115565,0.11620713430606526,0.10227033233119294
126,0.08409871440327644,0.14676874301749687,0.17752777200171688,0.1391569230220402,0.13589542283247596,0.09820709312391585,0.11632796324654032,0.10201736835153741
127,0.08262976807476086,0.14769269851624142,0.1779243667985908,0.13964600495520704,0.1366829663074519,0.09719819731739629,0.11663021686758383,0.10159578116176775
128,0.08130057035664498,0.14853447033826653,0.17783071089390898,0.14000765179166563,0.13755915205619837,0.09622424608027322,0.11711631250820104,0.10142688597384106
129,0.08000422946850232,0.14948066475075278,0.17765343778141984,0.1403398114064716,0.13824365590785806,0.09523290614543013,0.11755034727669846,0.1014949472618668
130,0.0783901579163388,0.15055452565826272,0.1773365931010349,0.14064904058900587,0.13896229261112109,0.09465521485687906,0.11766450224961272,0.1017876730167448
131,0.07715893144701738,0.1513939445990289,0.17650609267189785,0.14082806032946915,0.13943622110875417,0.0945739442579212,0.11766689403457886,0.1024359115503325
132,0.07577549679833838,0.1522780654113205,0.17558248481160685,0.1411575480305923,0.14026068508372377,0.09446313166661117,0.11764944179168552,0.10283314640512138
133,0.0743326303114901,0.152722674968604,0.17439064957555875,0.14145398504539036,0.1412754385378776,0.09490517746712054,0.11744499145156025,0.10347445264139833
134,0.07282283612112368,0.1533180418773257,0.17360062362656908,0.14190162523689942,0.14243782841039307,0.09519228409042818,0.11697963837730108,0.10374712225895978
135,0.07151624256861236,0.15376718545546617,0.17258964142011532,0.1422839746723403,0.14369613120211303,0.09551774265199119,0.11635092708874434,0.10427815493961726
136,0.07175367758546776,0.15339019065377674,0.1704508710288822,0.14229381636548072,0.14448381210971853,0.09650456351895288,0.11590115628682787,0.10522191244989318
137,0.07196802767841969,0.15303489523255215,0.16793549438105904,0.1420272062659726,0.14538178539773539,0.09771520766147819,0.1158263784112477,0.10611100497053529
138,0.0722055616975211,0.1525499645312007,0.1654631506368197,0.14174485780012533,0.14637887956366025,0.09891315503281932,0.11590510607529696,0.10683932466155666
139,0.0725497951650823,0.15206175909506606,0.1629833111088947,0.14140291372773447,0.14721644171789638,0.09996230341604,0.11633739304669802,0.10748608272158792
140,0.07214934716564418,0.15158327628949628,0.16104996136116498,0.14129683083008288,0.14819935407259124,0.10092888478911285,0.11663118767563113,0.10816115781527638
141,0.07169470064274729,0.15130420881757356,0.1593963434186547,0.1413307385378358,0.1496440214619346,0.1013667035048933,0.11654792756635199,0.10871535604900871
142,0.0721442767256814,0.15060276999598363,0.15721984591534238,0.14088402393576613,0.1506489285013071,0.10231528133137376,0.1165602155529813,0.10962465804056419
143,0.07239667880932585,0.15001801385486285,0.15556222245086837,0.14062118464462856,0.15175170350483616,0.10342104091792645,0.11608187066882598,0.11014728514772575
144,0.07219547776036457,0.14952768907931985,0.15411669432432687,0.14016216298646642,0.15271725713329334,0.10421129204347347,0.11611356019986642,0.11095586647188911
145,0.0706656707113559,0.14981120186759592,0.153443621792777,0.13990779289612384,0.15453846264384086,0.10437780740172715,0.11605704965817548,0.11119839302740367
146,0.06902106943460457,0.1501281309561873,0.15285989917244025,0.1397518312203062,0.15606715430444745,0.1047377480088899,0.11584869365427977,0.11158547324784453
147,0.06767972793903765,0.1499613554854681,0.15201773028362395,0.1395480033998963,0.15747530697826767,0.10513211423691468,0.11597569190376461,0.11221006977202692
148,0.0672749947617852,0.14945255373494626,0.15107564645075136,0.13944021924379965,0.15792715158368106,0.10559272516900861,0.11649718271022873,0.11273952634479908
149,0.06605347370237509,0.14926753979168259,0.15068880417790276,0.13960103268689225,0.1587200027898199,0.10577846042377233,0.11685997536774927,0.11303071105880576
150,0.06475126478180582,0.14947452360653965,0.1508420234491243,0.1398675391037376,0.1598798563969736,0.10564392652566221,0.11660421493794607,0.11293665119721075
151,0.06284863442181038,0.14933104358547875,0.15088308640870413,0.14052696248988852,0.16120670980465163,0.10575214878147743,0.11644674946179406,0.11300466504519509
152,0.06110503148791053,0.1492064447189717,0.15097827702721647,0.1409919360649933,0.16247954256689542,0.10610293804541442,0.11623322404883138,0.11290260603876665
153,0.059611671886495354,0.1488812707272034,0.15090683142063463,0.14110641979931748,0.16339467686269848,0.10668630009465593,0.1161995858416088,0.11321324336638584
154,0.05855191147613883,0.14829775786959687,0.15117100723095464,0.14106356930333921,0.16444486542092698,0.10728083172927312,0.11607809201186249,0.11311196495690785
155,0.05733282203082166,0.14747926874173978,0.1517522427707622,0.14144524570130923,0.1654190500154478,0.10790189622101184,0.1158013151299714,0.11286815938793603
156,0.05717477134830107,0.1462871067250575,0.15223614653653045,0.14137727466215672,0.1659227620483852,0.108651604737996,0.11574666759018884,0.11260366635038438
157,0.057741637068795586,0.1447869032368361,0.15205671548642932,0.14115236726308625,0.1659240170214761,0.10957094717206473,0.11604294359401268,0.11272446915629918
158,0.05822693469634928,0.1434597597792519,0.15171539913972784,0.14092084533520255,0.1657404474117412,0.11076610357522919,0.11638682951507397,0.11278368054642406
159,0.0577939164156429,0.14217493595032565,0.1515390890304869,0.14126167849095855,0.1664247106109959,0.11176262658154244,0.11634701558699846,0.11269602733204909
160,0.057636124432605594,0.14113627161256143,0.1514366928289593,0.14149642531977813,0.1670544523202603,0.11218612161863403,0.11631489996109666,0.11273901190510452
161,0.05638163530726939,0.14033461626743185,0.15156813213241882,0.14186650439674606,0.16837251994570873,0.11210269263287718,0.11644649649226416,0.11292740282428376
162,0.05341219855949073,0.13953084544624336,0.15234897190072086,0.14314914569464238,0.17038025342597346,0.11176920446325196,0.11625131225131004,0.11315806825736711
163,0.051194897296087526,0.13853948850295558,0.1528260808607269,0.14457408190204274,0.17166408817519271,0.11164993906196985,0.11576295208150873,0.11378847211851593
164,0.04844634872084911,0.13757020868061112,0.15355189653204712,0.1458284529331973,0.17337210911309853,0.11178636899192236,0.11538351291742414,0.1140611021098503
165,0.045898215947494096,0.13669828207415607,0.15366360843280755,0.14670730755477904,0.17510002323584598,0.11200866988578881,0.11510753176211347,0.11481636110601491
166,0.04426528787913012,0.13577030763605968,0.15405451345205728,0.14718139411401815,0.17595093161418013,0.11238199185310332,0.11495454141600434,0.1154410320344469
167,0.0434298045947248,0.13526264228831422,0.1540656774504858,0.14709035449923324,0.1762678687950671,0.11281884946845197,0.11481055915357774,0.11625424374914503
168,0.04293952056188625,0.1347970262662367,0.15434794546668576,0.14695708558548265,0.17607853320568656,0.11319939284398539,0.11465071638487642,0.11702977968416038
169,0.042323705335920336,0.13460582869621837,0.15419551755427993,0.14707370677808773,0.1758461326515672,0.11364923886534391,0.1142078923314821,0.11809797778610043
170,0.04191130884407996,0.1346647949190382,0.15368895212312184,0.14740907239104425,0.17578877629558415,0.11362422579173818,0.11374613958457488,0.11916673004981847
171,0.04212905603298877,0.1346978760109983,0.1531106073931707,0.1479575206401463,0.17574287262320232,0.1129270302562594,0.11328442299450478,0.12015061404772942
172,0.04235884275739444,0.13474206860348567,0.15278053182590245,0.14811725258207342,0.17556319635750964,0.11215128948609697,0.1127868640391087,0.12149995434742868
173,0.04263549677419617,0.13489093845558425,0.15196797030112497,0.14868876188890642,0.17544960387507832,0.11143318758653316,0.11251148025889447,0.1224225608586822
174,0.042864164287145595,0.13494732789175215,0.1512205788890408,0.14914294657333424,0.1753381026637149,0.11085483977931601,0.11224003176113884,0.12339200815355743
175,0.043367154761517736,0.13500253368665713,0.15023284798838363,0.14991662169434783,0.17455498236315725,0.11060974329786237,0.11229906938855976,0.12401704681851428
176,0.044916002234616226,0.13503391398552375,0.14916713766211867,0.15024555035369877,0.17318010747379234,0.11029950421445776,0.11239376954331276,0.12476401453147955
177,0.04683780685476921,0.13475406414061278,0.14820223218356104,0.15055734326667203,0.17174247410795046,0.11024935762840153,0.11246340004887574,0.12519332176815715
178,0.04767731578075481,0.1344051534583962,0.14780385871449112,0.1512775663930643,0.1710257795895378,0.10953457993931393,0.11226920640332227,0.12600653972011944
179,0.049150982609378516,0.1339467377216207,0.14674843792865647,0.151824985696905,0.16966727651392963,0.10903388375928294,0.1126591576791771,0.12696853809004957
180,0.050575004625567174,0.13338246531976547,0.14567517905646943,0.152367384997083,0.1683184415512435,0.10852758147077556,0.11334938017289382,0.12780456280520197
181,0.05307823746921707,0.13268586088701648,0.14473204223932584,0.1524940090217809,0.1666946189299601,0.10800309679138727,0.1138112713471919,0.12850086331312038
182,0.05445736933012134,0.13228223481458865,0.14403162254966412,0.1528698661316749,0.16570929534855383,0.10698368747841619,0.11415917776871572,0.1295067465772652
183,0.0560355701641727,0.131445936786435,0.14328719870704665,0.1530795090367976,0.16506913697360306,0.10585200130197098,0.11446314593808277,0.1307675010908912
184,0.05789152551886478,0.13073914965731262,0.1425155587505995,0.15316786824123654,0.16440989870534548,0.1047394412408355,0.11494258883074235,0.1315939690540633
185,0.05902302273919647,0.13026553030810525,0.14195412545400407,0.15362373809873534,0.1641834868127122,0.1033750392724896,0.11528650126551482,0.1322885560482421
186,0.05984025483990538,0.12964775105543913,0.14166918622250158,0.15398215684570465,0.16407426834425418,0.10189494038614991,0.1158350258546884,0.13305641645035676
187,0.06098239489068716,0.12911351002007207,0.14086952435915348,0.15409155873056013,0.16406644214308314,0.10067401108047516,0.11640086826043175,0.13380169051453703
188,0.06103331086596264,0.12841001609300035,0.14021440427167656,0.15492883948930358,0.16481858604387278,0.09937527767603453,0.11680239210466252,0.13441717345448717
189,0.060455204018278995,0.12728145253998766,0.13970489970922087,0.15598376064617459,0.16581400502827393,0.09820870728361394,0.11743591630651148,0.13511605446693856
190,0.0602461548102624,0.12627754579971304,0.13913926403230722,0.1566889881901782,0.166475211841291,0.09716807186338125,0.11852588682913495,0.135478876632732
191,0.060169627604674196,0.12497979333237388,0.1384112538396317,0.15765778632589492,0.16705648022285707,0.09632306431185562,0.11960341235193646,0.13579858200977618
192,0.05959799577419534,0.12374618459460035,0.13759585341217423,0.15892753514096092,0.16834183166438113,0.09528272815990942,0.12033462989967263,0.1361732413531059
193,0.05848569704044227,0.12250218326895308,0.13666235979888056,0.16036259266224015,0.16984201543619049,0.09424858532060643,0.12124298094156491,0.13665358553012202
194,0.056549151591628044,0.12137395583423158,0.13582858673925247,0.16214875217326474,0.17185988412556408,0.09280261090405331,0.12198927920790445,0.1374477794231014
195,0.054284585539493765,0.11993466747526246,0.13515763140204606,0.1643161415018105,0.17446357507031826,0.09116016918861009,0.12250660295311205,0.13817662686834672
196,0.05238984595836406,0.11871979042650722,0.13390251019960356,0.16638045646616154,0.1771067620916264,0.08964146566918058,0.1231756517727875,0.13868351741476914
197,0.04956106057916257,0.11720502290092866,0.13239513164120062,0.1695650371624383,0.18058638034898242,0.08766608799383202,0.12373010081817909,0.13929117855427625
198,0.04727959517423192,0.11549492030939378,0.13082128562466913,0.17252302876385509,0.18371112484891355,0.08600329944912082,0.12467891114153389,0.13948783468728185
199,0.04526402285537253,0.1140032364303746,0.1294204515261956,0.17484057430147976,0.18642436234942772,0.08477631554447446,0.1256954642397132,0.13957557275196206
200,0.04334694673545887,0.11243412118000314,0.12809038660190403,0.17704436470680476,0.1890614199204954,0.08365719494644934,0.12656709260049542,0.13979847330738904
201,0.04232367187448582,0.11029238866517506,0.12671893317340163,0.17880294124858642,0.1915879364138851,0.0825451870158251,0.12753746623583936,0.14019147537180157
202,0.04157680311505779,0.10850566642712153,0.12468808168045135,0.18086316010857445,0.1940428731094749,0.08184852445850428,0.12816204788630248,0.14031284321351306
203,0.04079582814102423,0.10668856991867245,0.12272489401504796,0.18325016548815598,0.19601753047343737,0.0813832669541843,0.1287714557616666,0.14036828924681102
204,0.03953920844582175,0.10510133567462654,0.12016562253493832,0.1860493623790852,0.1978005979576178,0.08096635205454185,0.12946683941247264,0.14091068153989583
205,0.03858437018867369,0.10344436053974536,0.11754660831683218,0.18908214354728928,0.19956119201565964,0.08064791967107353,0.1301396389960818,0.14099376672364441
206,0.03892370391461183,0.10151145429631604,0.11522829098422674,0.19106401467097625,0.20083049513407186,0.0805515913607793,0.13059769440428678,0.14129275523373122
207,0.03941911716291786,0.09941942891310648,0.11308426331329607,0.19321961734209456,0.2024119870694849,0.08017052086836018,0.131081215714646,0.14119384961509382
208,0.03976823245948653,0.09750317264235422,0.11094205483455458,0.1950122480557405,0.20447263020287862,0.07983966955114584,0.13137606545092625,0.14108592680191354
209,0.039934531542641545,0.09547963322196437,0.10881775088688621,0.19703849075811708,0.20615467303762114,0.07991288220428842,0.13156107188351934,0.14110096646396178
210,0.039243859371355216,0.09360662763019932,0.10655290956484618,0.19950513051987315,0.2084497340002518,0.07946433515092238,0.1315845322180453,0.14159287154350678
211,0.03799381944162855,0.09245492454794468,0.1037603766721324,0.2026394238482485,0.21103894280674293,0.07870475160168822,0.1318353699741551,0.14157239110645972
212,0.037016776260033454,0.09201170812028893,0.10087656538773015,0.20568209661077688,0.21377468430579108,0.07799552435839616,0.1318796788578629,0.14076296609812033
213,0.03610706120531556,0.09153239336260104,0.09768734768155256,0.20907536310151523,0.21664378157994232,0.07707055201189406,0.13224311126872626,0.13964038978745297
214,0.03630635965157855,0.09083555672109911,0.09451338236794032,0.21234001076779402,0.2190505653948397,0.0765741528235373,0.13218642450843157,0.13819354776377943
215,0.036688143389493284,0.09026391566794231,0.09147139085686859,0.21547122573577718,0.2212711079227871,0.0756977033597279,0.13199721606805326,0.13713929699835029
216,0.036649212059121916,0.08972150492258824,0.0882963584655659,0.21866694698546377,0.22340230083259097,0.07544662664733186,0.1320812400665306,0.1357358100198068
217,0.036731131548202386,0.08890136282446627,0.08497352734911776,0.22215525659514862,0.22557108418063507,0.07548128945324785,0.1319604353182595,0.13422591272992254
218,0.03726152620947087,0.0880903826164867,0.08237870589800596,0.22466795462654574,0.22716407111094614,0.07665035813262638,0.13124516135891545,0.13254184004600275
219,0.03699209459140196,0.08701408277912147,0.07959720196472797,0.22761311191586417,0.22924075626685167,0.07763850019809881,0.1303907041980928,0.13151354808484123
220,0.03635660812987958,0.08690347550275973,0.07664195152743668,0.23020285792171827,0.23048263830829638,0.07913453097202719,0.12981413073558934,0.13046380690129272
221,0.035826733904124566,0.08721158867930688,0.07376879561074674,0.2328828060167919,0.23162232042880848,0.08098371817031637,0.12848763002319763,0.12921640716570731
222,0.03512578966231025,0.08774175710633651,0.07114132290137756,0.2352976767902465,0.23325694278597597,0.08289425405384575,0.12655922999878594,0.12798302670012146
223,0.03447866137386174,0.0882134631285421,0.06792627188817672,0.23798757391971098,0.23518540380340722,0.0847464262708162,0.12465817110677947,0.12680402850770559
224,0.03394006658493454,0.0889285447399464,0.0647878669034505,0.24048791876124825,0.23713936973652472,0.08590109225493167,0.12307580550523745,0.12573933551272662
225,0.033184227239033345,0.0899829917901601,0.06086612766731678,0.2427946672288311,0.23976796419059543,0.08699654941395754,0.12173654793561814,0.12467092453348741
226,0.03224763481246026,0.09113648985538308,0.056860508783964966,0.2452751773380153,0.24182738616014465,0.0881149496231297,0.12077691988905376,0.12376093353684822
227,0.03135188132380522,0.09260558838199098,0.0535334530154329,0.24762158905121956,0.2428126524177437,0.08920738247530946,0.12006189666085368,0.12280555667264458
228,0.030297475739268387,0.09426778484272408,0.05073573289084147,0.24953030282316685,0.24347055484635666,0.09024569341176575,0.11995100963380392,0.12150144581107278
229,0.028366476047822314,0.09586983537552463,0.0479084835536614,0.25231726676590105,0.2450540882636672,0.09036504411293585,0.12009212373569296,0.12002668214379454
230,0.02648442382269329,0.09776682832972189,0.04500543153172274,0.25491868626676906,0.24626796701996476,0.0908210818264289,0.12043472877833294,0.11830085242336631
231,0.024566232134259326,0.0999858100755556,0.042307435446561646,0.25665800522890125,0.24751902750112845,0.09074547373155571,0.12126755229549592,0.11695046358554213
232,0.022996726024154576,0.10221289745252785,0.03972620743228103,0.2582756789900614,0.24823793129920993,0.0907933084052007,0.1223986483418259,0.11535860205373857
233,0.021143063221284522,0.10395001185859706,0.036727889800454654,0.2594395627696763,0.2496066910306371,0.09167876958375888,0.12423166703237624,0.11322234470221523
234,0.01919927878846642,0.10621326091330523,0.03322336121412267,0.26130285431370476,0.25070384017707537,0.09254735957641265,0.1256007455196719,0.11120929949624096
235,0.016293847003213194,0.10886131414035559,0.03000514588841966,0.2637953618317229,0.25222619314230227,0.09254405689965485,0.12710983968339776,0.10916424140993373
236,0.012711148303641546,0.11177274113188694,0.02662470394680508,0.26598367089279973,0.25368035840254666,0.09309475846807624,0.12897519479744343,0.10715742405580035
237,0.009365735246547328,0.11414591512679786,0.02322155473436368,0.2684100734282373,0.2550783716835967,0.09384894863016693,0.13050566125689966,0.10542373989239051
238,0.004998307864493363,0.11531326477172033,0.019296036099059624,0.271710858110899,0.2583313405582882,0.09500573701575013,0.13230540023273302,0.10303905534605626
239,0.0010467545238312282,0.1172956010685741,0.01528881444866139,0.2748862559896381,0.26095861276873605,0.09600978919211287,0.1340194971276623,0.1004946748797839
240,0.0,0.11911369753499876,0.00901520883459466,0.2785260679365318,0.26370236943621655,0.09696436304721552,0.13462500268516964,0.09805329052427304
241,5.529663987436721e-18,0.12052350343033139,0.0012693261216096558,0.2835892180994983,0.26744303508536976,0.09793968184359655,0.1349071713074778,0.09432806411111644
242,2.3266024354727514e-18,0.11836420959694152,0.0,0.29146790453114696,0.27337005568049544,0.09674277110744964,0.13310917418895346,0.08694588489401286
243,0.0,0.11565905618996639,5.669253282693415e-19,0.2995336762655992,0.2804949613516371,0.09478131694968821,0.13102324520559824,0.07850774403651088
244,2.2980777874378023e-17,0.11252374944261392,0.0,0.3079398348918135,0.28759057786639547,0.09331378523060936,0.12911301486315224,0.0695190377044155
245,0.0,0.10977358292320198,0.0,0.3159016593339021,0.2945330686207817,0.09318280144274108,0.12605359960218862,0.06055528807618453
246,2.829824767889333e-17,0.10755355425012474,0.0,0.32331797848966876,0.3008244538547326,0.09339341661441987,0.12317433747574451,0.05173625931430941
