oos_period,model_1,model_2,model_3,model_4,model_5,model_6,model_7,model_8
200,0.4406334684531948,0.06571620502744292,0.07800473613311122,0.08937605432137592,0.12645772872806915,0.06558673361064529,0.06865776770302456,0.06556730602313623
201,0.4530062182275541,0.06694136735179083,0.07356767904159128,0.0906496387719075,0.11250555656177184,0.06692271886863431,0.06952491049007598,0.06688191068667422
202,0.46460424115250337,0.06828517239189655,0.07437059652891785,0.07312683805613954,0.11505757761168005,0.06817279243033701,0.06826858120815428,0.06811420062037134
203,0.30651573996376674,0.05868113732441577,0.056529770469227025,0.05640305805679638,0.35291241547017366,0.05630257457933311,0.05640835999258951,0.056246944143697845
204,0.302288023041823,0.06043516596083375,0.05856025393758914,0.0559907727565047,0.35032379333142544,0.058188895011891985,0.05602162468472564,0.058191471275206345
205,0.25920962146015236,0.06293503677107833,0.06049621968859489,0.05841224965346711,0.3732917614444132,0.05969326607034801,0.0639144129650922,0.06204743194685385
206,0.2416716595608613,0.06587752204990789,0.05914361456780541,0.05917139810734356,0.38017519593228843,0.06172788604138311,0.06874113063144703,0.06349159310896321
207,0.22361016435962885,0.07306553205419411,0.05749452940476056,0.0677446506256328,0.36465439439774644,0.05757086440309384,0.09105961673393993,0.06480024802100345
208,0.23988240687938256,0.07415062214243184,0.05952356588629671,0.0648958942116957,0.37195925171423483,0.058270670494636384,0.0658714998901012,0.06544608878122085
209,0.2547331206327727,0.07119571222445795,0.057570074316341105,0.06215085651625128,0.3653654053302744,0.05757173450030268,0.06675932766950675,0.06465376881009312
210,0.2629771863651521,0.07055003494447173,0.0570632919876779,0.06251195269839942,0.36059568929592223,0.05708342519036531,0.06495234184484441,0.06426607767316683
211,0.22137091146214632,0.09037637720098088,0.05768350347705078,0.0633094260812584,0.3664329739016544,0.05770794307112766,0.07870374746467124,0.06441511734111037
212,0.2717411714186471,0.06635364314472092,0.056819187331310306,0.060712466170743634,0.3582982337067109,0.05684321644300435,0.06552125388134211,0.06371082790352077
213,0.21469408653995162,0.08701364192821993,0.05673429761660424,0.057918218155421426,0.3574992716856869,0.05675262878776358,0.10501867277373014,0.06436918251262222
214,0.21722259508907404,0.08975271363140738,0.05698831987409663,0.05996203611264683,0.3598900694032624,0.05703249923236137,0.09521486715137907,0.06393689950577229
215,0.20445790771237393,0.0901075858773653,0.0567089584860689,0.05930855216976608,0.35726078575123665,0.056774910652934864,0.11178847721745663,0.0635928221327977
216,0.22866861849448777,0.08884190911489784,0.05833774323241133,0.061185119700769564,0.3725905245519483,0.05841351944989075,0.06442556093160343,0.06753700452399107
217,0.1893652866411277,0.10002182609727646,0.05853617809987931,0.05922317156732431,0.3744581468223934,0.06453765353678464,0.07496070173418833,0.07889703550102584
218,0.19344203232733437,0.10223500010715166,0.05810324724768766,0.058699006926157746,0.37038350350764854,0.06267599610602125,0.06556819566573246,0.0888930181122663
219,0.18992191473667788,0.10485595702223152,0.058337690378334014,0.05811235870772484,0.3704692584256455,0.06392487116954039,0.0673173284454656,0.08706062111438027
220,0.19173281739795453,0.10805133589924684,0.05819500359639834,0.057799915740946665,0.3675286187383215,0.06459751972590297,0.06418740027302072,0.08790738862820843
221,0.17824799162156718,0.33478755350981493,0.054321177560417835,0.05470314738786072,0.17065988453602593,0.06636274111625151,0.056715667851994556,0.08420183641606735
222,0.1787515402612332,0.33508334430423625,0.05435260533232511,0.05450060694018113,0.16945063498736795,0.06433452823829006,0.05625573871307143,0.08727100122329493
223,0.23400879115666137,0.3481643620080255,0.0557424634633527,0.05650388278157135,0.08879860776070184,0.0686610955836934,0.05705712481059874,0.09106367243539507
224,0.2374354079493844,0.343657516208435,0.05526361105883096,0.056657872296487465,0.07741331551913717,0.0718563679093395,0.055709834440385894,0.10200607461799971
225,0.23347343986267258,0.34530401927737203,0.05543855204822079,0.05668038229190501,0.0716343616595718,0.06970625093838059,0.05617443680870502,0.11158855711317225
226,0.23255526608954427,0.34465637302728047,0.05536973963414856,0.05578366416830904,0.06751549062203413,0.07461072729633302,0.056464074531718644,0.11304466463063181
227,0.23709232073053427,0.3443567460262676,0.0560739841238708,0.056344793810411756,0.06919743528034412,0.07440886751115548,0.05533790426529094,0.10718794825212498
228,0.23546025970077103,0.3549717017761786,0.05792147265562984,0.05671299767736305,0.0715357463282481,0.07219531330089995,0.05646574331371897,0.09473676524719048
229,0.23900639990754363,0.3483911261286297,0.05865649926940446,0.055766557151166914,0.0565964920621317,0.08237249407516938,0.056143840499185714,0.10306659090676847
230,0.40463532244358347,0.10969520847868361,0.06467184928657266,0.061742503009630745,0.06467268722280516,0.0955888145797744,0.06236300592752645,0.1366306090514235
231,0.2740544146327139,0.2818457285227639,0.021883093638670675,0.01875,0.019696769403671082,0.1515620466860455,0.019616451931676583,0.21259149518445838
232,0.15580249733373414,0.11818914303684362,0.07413869767888819,0.058856314887054256,0.061262671367211446,0.09342211009237529,0.06085736666691182,0.3774711989369812
233,0.1696476576326677,0.11846463422547894,0.07008651286045839,0.058041877172880695,0.058047213908390245,0.09305303188445223,0.0628531695120887,0.3698059028035831
234,0.3728706328148117,0.13380180519039597,0.07103158758759517,0.06085707182057182,0.05836750473657374,0.09783173523165452,0.06487328369614259,0.14036637892225454
235,0.36667717601611255,0.13433673162174098,0.06906042860755651,0.05817257401299557,0.05770944995171196,0.08072928995119767,0.06579438335611573,0.167519966482569
236,0.3612500754502382,0.20146527371123898,0.06254228150924564,0.057595555596796036,0.05713282051658781,0.09040506751535274,0.07134612456158265,0.09826280113895801
237,0.11828201590727824,0.37987129923034885,0.06795989474466804,0.05911132554322456,0.060247461907407346,0.15304187915347023,0.07013666232696097,0.09134946118664178
238,0.07061272511019079,0.3802722504827973,0.07604325951655085,0.05915392661379722,0.06009382670709548,0.17165562112897248,0.06340263047206719,0.11876575996852877
239,0.0745831324929041,0.38520729636969836,0.05967827523928045,0.06220322082098144,0.061562199514470936,0.1672928150050974,0.06663376991192008,0.12283929064564725
240,0.0716961467750907,0.38467434411823465,0.05962164906256243,0.06200314287741669,0.06463384690873657,0.16783745106016318,0.06063165513032411,0.12890176406747164
241,0.07052429380604415,0.2072374083564527,0.0570591624124642,0.06367569356372713,0.06241374012351768,0.3605568227055454,0.05814932093700833,0.12038355809524037
242,0.07217577135544574,0.18112121944308743,0.05842181500306231,0.0658090882824579,0.06248829002029646,0.3733817882641158,0.060613949020295474,0.1259880786112389
243,0.06000322576177558,0.13601822771915892,0.05917658584180304,0.06813680747246215,0.06494057615304727,0.38048551380520507,0.07057541404276033,0.16066364920378762
244,0.05829356702040274,0.17089021312832847,0.059982225248829825,0.07378418171578816,0.06072559284691999,0.37217474842731985,0.07069288399958529,0.13345658761282578
245,0.0593310050874313,0.1577954990766724,0.0604473852483606,0.06734607170895475,0.06303352380248488,0.38193887141111804,0.07509011068410533,0.1350175329808727
246,0.05825511789914121,0.37181287434485844,0.06455515116998492,0.0664510232950791,0.05877267688710903,0.13626677665033415,0.07567236074904171,0.1682140190044514
247,0.05744801030355499,0.3641051224900708,0.06488718660772001,0.0666290362581574,0.057436169264570035,0.12404397537537944,0.07680420427341379,0.1886462954271336
248,0.05707377567481478,0.3584384079893404,0.0656708858082812,0.06716391964189597,0.05683408084886743,0.12808482337630375,0.06851973568756678,0.1982143709729298
249,0.05991756280312283,0.1431324223523714,0.06629423188536676,0.0819811014467909,0.059122754626371475,0.15675075278577244,0.058517626890980064,0.3742835472092241
250,0.056623513700210515,0.1344335341408729,0.06522026405336764,0.08217046239936933,0.05674323625664555,0.19048677552210047,0.05786561439604051,0.35645659953139314
251,0.05768489060076561,0.12610462043473508,0.06439723913780417,0.08815210740259641,0.05795343749808764,0.1808794098791154,0.058382265863219415,0.3664460291836763
252,0.05780508087638033,0.13350490080308072,0.068647709110892,0.07675930587195781,0.05908458723477781,0.17538375952046276,0.06123742480475134,0.3675772317776973
253,0.05691972641454955,0.1294722482092646,0.07859705483717963,0.066469131686167,0.05661146170155925,0.1927476042527724,0.06283960394265595,0.35634316895585166
254,0.061772501833729204,0.13672008533982477,0.060794346817413955,0.08134145375087247,0.06105204796921093,0.1315786662537216,0.07279218388185099,0.3939487141533761
255,0.062175015653808056,0.1341047945839897,0.06020198125201515,0.08704676280233066,0.06228805751119729,0.1338655942463665,0.07018149981367948,0.39013629413661316
256,0.062476653259187186,0.17958644222634776,0.06007882042654185,0.08705756142434998,0.06240145895855527,0.08574662435431182,0.0736753059244299,0.3889771334262762
257,0.06202148483620233,0.1643355441937581,0.06085988501405102,0.09472607345192255,0.0630683028978461,0.08151653096325268,0.07744965575082058,0.3960225228921467
258,0.06035641494170656,0.16701970775087394,0.06258756983919299,0.09749934386625972,0.06336407402135594,0.07782556700029584,0.07975753489366509,0.3915897876866499
259,0.06054116622202378,0.17917581459677148,0.0635177740218241,0.06772004428710698,0.06345755516943791,0.08287572286237876,0.0893832995743509,0.3933286232661061
260,0.0618749806020434,0.16061721511622937,0.06776205677295268,0.06324989661740894,0.06843557204937578,0.0923931259102327,0.07978498255958394,0.40588217037217317
261,0.06096275825232491,0.16051078470023109,0.06684221644631526,0.06468465071490279,0.07395467307334475,0.0938209462847971,0.08192742227090845,0.39729654825717564
262,0.05692114015547927,0.1953150111700182,0.06156912827445456,0.07361415809103534,0.07578787453387337,0.10534290497133275,0.07219199124388778,0.3592577915599187
263,0.05853564674545385,0.1269927097715538,0.0646226068359963,0.06323032738433514,0.08140160920843596,0.15785036222018317,0.0729135919944761,0.3744531458395657
264,0.05760484661274404,0.0981961691884359,0.06086484792874139,0.0650909300893355,0.08338703144428856,0.3656926740022968,0.09253105136008499,0.1766324493740728
265,0.05870607522108018,0.10869998840503375,0.06234957355133837,0.0687511953805948,0.0956253296980393,0.3760571785513428,0.13874568420838326,0.09106497498418752
266,0.0579534321547038,0.07355754531256199,0.06231518807113001,0.06987848927756324,0.09085353626946449,0.3689734791030945,0.18246262205333635,0.0940057077581456
267,0.05840184226933175,0.07711927271471172,0.0609236098715062,0.06663645502328853,0.09202954650952111,0.3731938095937106,0.1890257799547527,0.08266968406317735
268,0.057547660679504516,0.07217986177238377,0.05920941600808213,0.06457041791472148,0.10101320529806791,0.19630034362945847,0.36515445345416014,0.08402464124362158
269,0.05934449048551108,0.07934264039278435,0.05981188844659398,0.057033065986496025,0.08798264362139084,0.20223188726983704,0.3603112092846685,0.09394217451271826
270,0.06252127113153978,0.07888920426175877,0.06025515943106742,0.058999962386778286,0.08962254528192529,0.37882317540497196,0.16957075890403275,0.10131792319792575
271,0.06799800230704789,0.08129402379252615,0.06020313845996503,0.05891002915316818,0.08066384127927387,0.3779767449709946,0.16744783411707978,0.10550638591994452
272,0.06784174477431432,0.0838869313666416,0.05830223701063395,0.059154718432243396,0.07875733709500399,0.37225634833537835,0.1716424357054539,0.10815824728033054
273,0.06706251306296279,0.08129142904497776,0.05672558535791515,0.057948721335390266,0.07748385595203827,0.19417676136461776,0.3574172739568485,0.1078938599252495
274,0.0687209254201778,0.08235919602166838,0.058237494287838434,0.059231448756095366,0.08227943119119775,0.37164700506200876,0.17434473589028696,0.10317976337072667
275,0.07432446542062153,0.08829779879999101,0.06131439785025555,0.06256772030499123,0.09057499292939725,0.40060609741416997,0.08585752240549697,0.13645700487507642
276,0.0762445968954395,0.07524650723790417,0.06020382187397777,0.061518399572822194,0.08451056056960268,0.3901536176374378,0.1089725683523487,0.14314992786046718
277,0.07159296796052396,0.07580216628312413,0.06021250761437293,0.06024591666830616,0.09545306896800437,0.3902353657823335,0.09599509637282275,0.15046291035051218
278,0.08108280504468877,0.07541620664541404,0.061311307176159686,0.059246516486786124,0.12328766113398482,0.3811436845815166,0.0728543070588057,0.14565751187264422
279,0.08705534822146878,0.07802289245594214,0.06267408755221855,0.06056758008703526,0.12816832799328895,0.39357722434856707,0.07532866086022376,0.11460587848125563
280,0.08961375381183515,0.0789521249965638,0.06211654186812587,0.06019969611373845,0.1418107260789124,0.3901147869528324,0.07463246099084996,0.10255990918714197
281,0.09287825488915388,0.08594279116967726,0.06379619645977236,0.06168289385206581,0.11623126702455039,0.4040742950782665,0.07423716602059853,0.10115713550591529
282,0.1082723751739428,0.06243644287183713,0.0636487730072973,0.060004544801773314,0.09166040297835082,0.3882780687225724,0.07655319554402422,0.14914619690020195
283,0.12856226087629014,0.06458848637438254,0.0638300328161928,0.060995810119881595,0.09078792584719476,0.39760762465770916,0.08308844427141673,0.11053941503693215
284,0.14194825188735535,0.06428062002705741,0.06390701704412137,0.06092888715269394,0.09559281648154172,0.3969777614371194,0.08217014628304113,0.09419449968706974
285,0.162392360719994,0.062369792701093565,0.06293978405095459,0.0596115990007149,0.07854415326480971,0.38457975530084615,0.0868172468808932,0.10274530808069399
286,0.13918706730693575,0.0649878599470167,0.06258642116589178,0.06045988977104925,0.08069202648696,0.3925636684334046,0.08740533242134549,0.11211773446739638
287,0.12149319006757354,0.06401247880315905,0.06378340609873122,0.061557205865464704,0.08883060516585804,0.40289134932202064,0.08113922138535558,0.11629254329183726
288,0.13176872699344208,0.06421733858416191,0.06305522168841111,0.06128809309191692,0.08875522675409916,0.40035852321804155,0.07940109091103012,0.11115577875889716
289,0.13482621177883444,0.0652853952551284,0.06316468174685579,0.061245045890110816,0.08904249626343057,0.39995337308339596,0.07956353953954891,0.10691925644269512
290,0.1429135140308199,0.06508458487925042,0.06325970427382589,0.06111212561509411,0.09322872836957857,0.3987023587302974,0.07511526114989191,0.10058372295124182
291,0.14261453203183105,0.06281018719789788,0.06428437380990586,0.061092417893961484,0.0947367579848871,0.398516874296108,0.07640968689364523,0.09953516989176343
292,0.10757325559422373,0.06388796789502801,0.06656966800510548,0.06218605287244182,0.08555344538678585,0.40880990938768774,0.08115598200787087,0.1242637188508565
293,0.12071462796638728,0.06823823493100435,0.06439999705797482,0.06355359111311513,0.0877870109280322,0.4216808575352012,0.08644550202072815,0.08718017844755693
294,0.08927858846434211,0.06454839720516514,0.06277841528701651,0.06553685400396127,0.10840686396885112,0.414385085054273,0.08635480656598271,0.108710989450408
295,0.09095474224702581,0.06510710461209411,0.06250941141558072,0.06641920475139673,0.10511106090990417,0.4118532839113479,0.08349557295740813,0.11454961919524238
296,0.09752491948899485,0.06524188719159477,0.06288320527398779,0.06473459956140483,0.11671517492286529,0.4153713437551792,0.08130505254267816,0.09622381726329521
297,0.10216138538502746,0.0648637537916845,0.06222258422644851,0.0649984979894324,0.13359840824375555,0.40915373389598597,0.08890082011893022,0.07410081634873522
298,0.11189708750228365,0.0664338088456687,0.06326966292581561,0.06748244413537116,0.10599317267684985,0.4190085922429704,0.09222092556821364,0.0736943061028271
299,0.10960677262708104,0.06661899857740362,0.06327884357718515,0.06694504982969982,0.12413294551992698,0.4190949983735072,0.07065742847157461,0.07966496302362153
300,0.11003065827249595,0.06769188472776633,0.06313971544368868,0.0667977486689381,0.12441886753189553,0.41778555711707,0.07098819205903809,0.07914737617910714
301,0.12025447398641975,0.07127111048866122,0.06330389148141093,0.06986244354679354,0.1177193637954753,0.4193307433544557,0.07263832050827593,0.06561965283850762
302,0.11129874106673404,0.07495167830486503,0.063399775319267,0.0683577010451707,0.1235287785477351,0.420233179475454,0.0715557917226434,0.06667435451813077
303,0.10684532519091607,0.07735575130650423,0.06410018935376335,0.06991379739693089,0.1130242948238466,0.42682531156483156,0.07505341304551603,0.06688191731769129
304,0.12963158524404036,0.08263428476057698,0.06091520867173408,0.06386072998470571,0.11861296238314993,0.3968490227927913,0.08062609005685085,0.06687011610615091
305,0.11014075383807549,0.0880297761968677,0.06157846679753344,0.06539642548534087,0.12716879020417976,0.40309145221207937,0.07623528019595717,0.0683590550699664
306,0.115293975815019,0.07647082643280602,0.060823023221744724,0.06379256054256,0.141674771659508,0.39598139502818563,0.07672650412458216,0.06923694317559444
307,0.11907994528423292,0.07470470946357335,0.06179449028431437,0.06178836866436168,0.11863824638976808,0.40506699919399236,0.08894519454025099,0.06998204617950611
308,0.1501033904101766,0.07749228780273285,0.06110037745567199,0.06260590189083012,0.09416985021592959,0.3985917878180892,0.09068576255810766,0.06525064184846202
309,0.15133650050428893,0.07814232505222665,0.06152295561357877,0.061035983569729384,0.1026204305797162,0.39798572771510016,0.08120276717517216,0.06615330979018773
310,0.1563312444693096,0.07260578990277708,0.06399062004303646,0.06074613858628991,0.09614078582403139,0.39525777492978736,0.08794677539569712,0.06698087084907113
311,0.16000152166341156,0.07263860546189993,0.06219770991387958,0.06053247339686007,0.0948217314858412,0.39324680844103593,0.089550196590791,0.06701095304628066
312,0.16449548323946295,0.07356268564808481,0.06222507393370674,0.06008972667877189,0.09598656354191859,0.38907978050608827,0.08946436968665629,0.06509631676531054
313,0.19168781584651678,0.07384729062286692,0.05986117634697926,0.05797021570641848,0.09214522345155791,0.3691314419427621,0.09326062708811572,0.062096208994782805
314,0.20332920871093002,0.0747670313696735,0.05729098588746715,0.05834096510552219,0.08559909022093477,0.3627386907055732,0.09741662585596389,0.060517402143935195
315,0.23710540089841486,0.06758121789292831,0.05765698059470643,0.054790808276867144,0.08430642443377197,0.33920760731169075,0.10026022724004933,0.05909133335157127
316,0.3938946245532248,0.07530236065886965,0.06305079000555547,0.060601303858780146,0.09794842132228547,0.14076553398689004,0.10288398554091102,0.0655529800734834
317,0.395763010484468,0.07877483070249708,0.06784678175356111,0.06079981986397474,0.092535942880622,0.13333099742916457,0.10866345611915122,0.062285160766561216
318,0.39611242489740267,0.07373766972261794,0.06697640150641145,0.060836945145349035,0.08174286534068038,0.12396037873475388,0.13419938163055156,0.06243393302223307
319,0.4034114230761575,0.07698968509847526,0.06273529368863315,0.06161246370184174,0.08282888279113916,0.12118865509024661,0.12764595968168838,0.06358763687181829
320,0.4064658426638634,0.07663426025432325,0.06723643204833464,0.06295559567917919,0.08165430394095115,0.11971136981420749,0.12340519981610541,0.061936995783035485
321,0.40813178014745455,0.07892752255193596,0.06745466111583455,0.0641065655112894,0.08422030127630861,0.1046947605966231,0.13035040715988677,0.06211400164066705
322,0.1809924790587774,0.0766128265526362,0.05884691427639139,0.061482102440373186,0.08210851298025386,0.12119753657178683,0.3615906242890678,0.05716900383071345
323,0.1703285367336771,0.08399927201255185,0.06488367475906014,0.05895101099718519,0.08580532817579918,0.09775309917095784,0.37836245644409594,0.05991662170667269
324,0.11358638113767755,0.10617354424254097,0.068733886138855,0.06101623361427859,0.10250525750440952,0.08752733760631412,0.3977998457814455,0.0626575139744788
325,0.17645680994380414,0.08792144300026307,0.06852424551821684,0.05922131818309433,0.09020174001469013,0.07630485461053871,0.380906524076182,0.06046306465321074
326,0.16867548138007799,0.09161511755701587,0.06123390284544173,0.05888003715762698,0.10005647183905511,0.0814449472180426,0.37769446736590095,0.06039957463683883
327,0.37815866367810436,0.07891254838924815,0.05892935801579859,0.06711664856115089,0.1572800756718018,0.08493879855482184,0.10911226862389012,0.06555163850518435
328,0.37818171653466565,0.08182143491609555,0.058931807381808234,0.06261084709427345,0.1607793172647476,0.07564701847660335,0.11567684907752039,0.06635100925428586
329,0.3756503073346408,0.08129226927148221,0.05866284515430559,0.06358171996971825,0.1705631505110091,0.07168909796991609,0.11346361146589803,0.06509699832303004
330,0.3758688810422243,0.07916398230286258,0.058686068610736344,0.063322479013454,0.16803093430973068,0.07294177437989396,0.11516617126954944,0.06681970907154863
331,0.3732401201436327,0.08017013732355811,0.058406762765260974,0.06309688228957097,0.1727425950252349,0.06939675271566113,0.11604529198552822,0.066901457751553
332,0.38134159791216116,0.07496954059144516,0.05926754477816713,0.06463837182530806,0.161628591171614,0.0713784409494196,0.1213738715550341,0.06540204121685088
333,0.38679710737294015,0.08614655256362681,0.0598471926583749,0.07214100288696146,0.18187106717480936,0.07798089559135332,0.06592670095773293,0.0692894807942011
334,0.4054418555328236,0.13772638109435992,0.06182819715036251,0.06817525004102162,0.0787512795013156,0.09889678807325389,0.0678520411921433,0.08132820741471951
335,0.418616873708831,0.12190229152648381,0.0632280428315633,0.07286545546691468,0.08462812661396339,0.08069275299963599,0.06954060849524803,0.08852584835735995
336,0.4098407795133608,0.13203946325592014,0.06229558282329459,0.07247963956931866,0.08971133962960341,0.06924263724329956,0.07108076266314937,0.09330979530205352
337,0.41755402012471166,0.10192519823093431,0.0631151146382506,0.08364489882423778,0.0800634891762918,0.0761412298144709,0.06866125104267742,0.10889479814842544
338,0.40768182846788426,0.11602689148614162,0.062066194274712695,0.07676040236152137,0.08227788078027456,0.07511667552717459,0.06772552756284886,0.11234459953944208
339,0.4011009018361267,0.12466709213179894,0.06136697082008846,0.08772531195710231,0.07549555457316125,0.07288543854837433,0.06733587905341672,0.10942285107993131
340,0.389366307105272,0.1506793962390827,0.060120170129935147,0.08152070174704742,0.07536571547730322,0.0728433093833971,0.06623624000240705,0.1038681599155554
341,0.3819809303064063,0.15159170222393514,0.05933547384505567,0.06831410946314784,0.08527461321529906,0.07392821150701608,0.06555094353512306,0.11402401590401691
342,0.38319377946286964,0.16011959429388817,0.0594643390679299,0.07012307328249201,0.0856564817341273,0.07065742924075731,0.06585459778038195,0.10493070513755366
343,0.3668932575311303,0.12650926659260447,0.05773240861268259,0.06709667843485506,0.10113729305672942,0.06234840665421766,0.077016202263937,0.14126648685384358
344,0.376274080212035,0.15100527635650735,0.05872912102252872,0.06848791172016297,0.08472607581813865,0.06354344179043216,0.07660733626475599,0.12062675681543907
345,0.37585322216913397,0.17607223513336742,0.05868440485547049,0.0697921902210186,0.07021004610308097,0.06369131402394174,0.07287379179103697,0.11282279570294988
346,0.3794061285410762,0.12773070815541465,0.05906190115748935,0.0643272080427547,0.07592545632754187,0.06538742203742877,0.08084823441797911,0.14731294132031525
347,0.38440107162082754,0.13385925004189866,0.05959261385971292,0.06483314962665504,0.07530587066131726,0.06815237003120922,0.07988054598598111,0.13397512817239823
348,0.3812344137971502,0.1376923113404692,0.0592561564659472,0.06448462343874357,0.07478260014241109,0.06551139242139782,0.0816447006144627,0.13539380177941826
349,0.1209383811699554,0.21433537054759927,0.0548425141463741,0.05969554778174732,0.06984179223254113,0.061932918517826306,0.07871922481455314,0.33969425078940324
350,0.13812349367958537,0.1461723222878438,0.05808039632764715,0.06307834134158058,0.0703842772390827,0.06669780964072884,0.08729492345861722,0.37016843602491434
351,0.19501813825505276,0.11923916904119643,0.05588842260718328,0.059992165698314205,0.06814284646705272,0.06647017565875099,0.08571098714601864,0.34953809512643086
352,0.1703375135728533,0.12431899910686886,0.057265520773253496,0.06176236948342041,0.07073445640925444,0.06677951499532461,0.0863026066166391,0.3624990190423858
353,0.204340117613565,0.10066692521995232,0.05637806481395997,0.061535168911971236,0.06629012214308233,0.06871797917705565,0.0879251297537315,0.354146492366682
354,0.36740710916437946,0.10217884751115393,0.05778700534871532,0.06267689492690773,0.06908534449849398,0.06963542754455328,0.09596418351966833,0.175265187486128
355,0.3758082184687297,0.10747247179697965,0.05867962321230253,0.06364019196112326,0.07045646676847112,0.07091498546365377,0.10116972857832668,0.15185831375041328
356,0.37664692032059266,0.11275952357654945,0.05876873528406298,0.06375819674889137,0.07083297533573661,0.07179432157726132,0.13366491097024547,0.11177441618666002
357,0.12080056707527145,0.10956113818915357,0.056047316493685134,0.061112778896704856,0.06658666121153921,0.06803333068160579,0.3510335669993896,0.16682464045265047
358,0.19918674054775296,0.0938678979500968,0.05536219491053295,0.06044394715089248,0.06740624279765421,0.06742873865010535,0.34458536386383953,0.1117188741291257
359,0.36755421894409757,0.09305981051646428,0.057802635762810375,0.0630527815438877,0.07164859230133636,0.07161897694380058,0.10798050339124549,0.16728248059635772
360,0.366608773446057,0.09732027405758331,0.05770218217864356,0.06313847298704296,0.07135907258554525,0.06889438435466974,0.1042909823287207,0.1706858580617375
361,0.11923453127042653,0.09784548362120629,0.057450112568146666,0.06156068147526856,0.07526082900772121,0.06902889076210424,0.15538311771256963,0.36423635358255685
362,0.12014963321505737,0.09679467484184145,0.05787786033789628,0.061867386371697794,0.07696501526215546,0.06970987666091466,0.14837333836553093,0.3682622149449061
363,0.12075340126592714,0.10012059296269937,0.05866622148275943,0.062693739021669,0.07954454378999512,0.06752788386715348,0.13501153306617839,0.3756820845436181
364,0.06125962319947279,0.11038457929712776,0.05799588497267404,0.06179022646451017,0.09937646154503955,0.07038369519024253,0.16943649429400112,0.3693730350369321
365,0.06343243277673943,0.11041864848807378,0.05887712895586817,0.06254425375886764,0.11016391300429743,0.07654138617032524,0.1403551407905984,0.3776670960552298
366,0.06178534288605518,0.11114294999457035,0.05922923962459369,0.06266880939628469,0.11425038422192418,0.07883869543451122,0.1311034996223553,0.3809810788197054
367,0.06255836464507794,0.11313411113966525,0.059843791783285735,0.06321318313507783,0.10125468507533697,0.08053360372848226,0.13269716135626716,0.3867650991368069
368,0.06198286777741708,0.12299705124797596,0.05931977113335184,0.06292620249573848,0.14521961733766375,0.07999209248396225,0.08572925744528515,0.38183314007860547
369,0.06133216986855386,0.12818823884650948,0.059142798917774096,0.0630905255022321,0.1454623929042453,0.07886779182612992,0.08374856290844604,0.38016751922610914
370,0.0625196417092125,0.1276217367438213,0.05946525729698071,0.060429594941323515,0.14385424468367136,0.07994272196469057,0.08296438104165794,0.38320242161864204
371,0.06341822749119658,0.10377598934218048,0.059964327804316125,0.06136411786444169,0.1558506216001612,0.0814467752373375,0.08628038485503814,0.3878995558053283
372,0.06521269936636932,0.10681370091352091,0.06125500640285817,0.061660450821582294,0.12842538955064875,0.08320009184293164,0.09338554201636506,0.40004711908572393
373,0.06434712503419213,0.12258750429841879,0.060772208399166874,0.0609371809603876,0.13114805827385784,0.08545903961637998,0.07924574554308493,0.3955031378745118
374,0.06300496743565348,0.15517727657992,0.05949031522636762,0.0596005404719428,0.1111663459581471,0.09107226189054766,0.0770500314833731,0.3834382609540482
375,0.06364264024779774,0.15801271968177247,0.059779072401492,0.059723709585952196,0.10330371778017318,0.09767694287178641,0.0722262836808878,0.38563491375013825
376,0.06476080825136267,0.18936202251709522,0.06014305562345801,0.06000831582985417,0.07473318828799222,0.08796013492978257,0.07471891380888661,0.3883135607515686
377,0.0637854292379126,0.19715562719165794,0.0598580786999466,0.059670786434995515,0.07209300916997324,0.08449367360359025,0.07780658215608376,0.3851368135058401
378,0.06836568524841921,0.147651029264511,0.06407282516397086,0.06148769185652737,0.08517238101169215,0.10081011733590076,0.0702031702928388,0.4022370998261399
379,0.06406988743755154,0.14331724662743026,0.06625439323413639,0.06157256227789303,0.08644533423456822,0.10994718987465849,0.0653575060512395,0.40303588026252263
380,0.062056119862097955,0.15041726683601708,0.06883972834279468,0.059939367451269536,0.08773057644542887,0.11897930358912014,0.06437300263779373,0.38766463483547803
381,0.060010593440958,0.15127861761056832,0.06995756417435468,0.05926247361750346,0.0825440022502325,0.1295011369810102,0.06615174258416374,0.381293869341209
382,0.05753843908165617,0.15694659829802998,0.0687328558677719,0.05779738280729396,0.07320865925562085,0.156699915850713,0.06400848689391504,0.3650676619449992
383,0.05778861655024034,0.15299550905263945,0.06681246379848951,0.056989392017542,0.07189716389506907,0.1684114678340435,0.06520522668687483,0.3599001601651012
384,0.059931399679737075,0.10307101759226892,0.06437183377395103,0.05912614897970957,0.07252653156790917,0.17577626002505092,0.08518599445469514,0.3800108139266782
385,0.05986816370536121,0.09022360704119638,0.0662297151747241,0.059655128748235815,0.07504160721390145,0.18870297362517316,0.07528935744918852,0.3849894470422194
386,0.06194586132884297,0.08940767821817591,0.06632697017910215,0.06001667609895664,0.07938931970209522,0.1792073213718789,0.07531392746370925,0.388392245637239
387,0.06228599342555375,0.09182709454331495,0.06539691483607978,0.05979868582567385,0.08273928656239987,0.18075050470825677,0.07086094762179061,0.3863405724769304
388,0.06198787475501051,0.08660472990105879,0.06650317448810471,0.059573484776492096,0.09004904093988113,0.18203754068893574,0.06902312126000316,0.38422103319051387
389,0.06175467129314019,0.07004928453297887,0.07294287304229628,0.05905697000558641,0.09833849415360137,0.18962916790677894,0.0688688213659812,0.3793597176996367
390,0.06216597731641073,0.06314147474116494,0.06990729905784293,0.05875115862576196,0.09976580056607648,0.19541472828547565,0.07437206845891953,0.3764814929483478
391,0.07029323380787869,0.06504166159861108,0.07192717726330977,0.06188480053860104,0.12293990935967287,0.12854040076061968,0.07339822336682642,0.40597459330448044
392,0.07222224061240085,0.06922518024922121,0.06294835019190144,0.061779620293038934,0.12091147281246518,0.1314186034062209,0.07650987085320868,0.40498466158154284
393,0.06830056970322587,0.07260380346256083,0.06146363072127448,0.06350391532719507,0.11988716277589072,0.13190658443671688,0.08032369149055289,0.40201064208258336
394,0.0683548067804094,0.07534256394349255,0.06052405389203321,0.06316534423204692,0.12138877550663328,0.1369575728840966,0.08109931671862244,0.39316756604266556
395,0.06884049387485404,0.06851590041041761,0.05986143643807771,0.06338362152251929,0.1250709629962162,0.14339215821946638,0.08400426006242336,0.38693116647602543
396,0.06953653584385992,0.07002129481044246,0.0609289319948519,0.0649831581923436,0.12350374643646085,0.12640665579992189,0.08764149344116032,0.3969781834809591
397,0.021958905815494763,0.021994780955413983,0.01875000000000001,0.019954587104910902,0.29678045742290865,0.2955210208655623,0.028701396384308436,0.29633885145140104
398,0.06813634858547493,0.06861555567489691,0.057523246329013754,0.06160863174726892,0.1922863748108841,0.08782231680166983,0.09908285471889747,0.3649246713318941
399,0.07330715705740208,0.05722146889319923,0.0579065498262396,0.06300839561308762,0.36208441311246325,0.08693193221916405,0.11239926995811833,0.1871408133203258
