oos_period,model_1,model_2,model_3,model_4,model_5,model_6,model_7,model_8
150,0.03797367606459985,0.19362207985093674,0.24180338112554223,4.87446285320681e-18,0.10763629683810975,0.1826376769784196,0.005677147213123017,0.23064974192826868
151,0.0631375365074701,0.23362918223555648,0.17155874549131192,4.0896074182376814e-18,0.10909674250024975,0.19153694025243362,0.0,0.23104085301197824
152,0.13392935602710676,0.18862843510894886,0.14377618214229645,0.0,0.110715758931032,0.14247934252791733,0.022724705921437643,0.2577462193402608
153,0.0,0.23456670748575453,0.12371936857415783,2.3751208904007313e-17,0.09808481578458723,0.22130279086435442,0.03765519154815257,0.2846711257419932
154,0.02437427991264145,0.13552002417455009,0.09286683617632537,0.008458823678945857,0.14943007870343875,0.20310934137248843,0.058204790557397836,0.3280358254232122
155,0.0706209279842839,0.1757560178071572,0.09812722517182458,0.07072713354083254,0.16692758545831543,0.13752249076453832,0.044891071504309425,0.2354275477677386
156,0.04766345215277482,0.20168676776200017,0.1117825094294475,0.07677239844897726,0.17660860021497396,0.1363822871422806,0.02890318013102252,0.22020080471752315
157,0.04351454094821369,0.21624832337437896,0.07063234231708244,0.07980046104284023,0.17324851201461436,0.1706008298131649,0.02078052474563241,0.22517446574307295
158,0.044598575621752734,0.2146250679284409,0.10763936953698487,0.10354632926485693,0.17385354380398127,0.15313093731735306,0.010502944423534923,0.19210323210209523
159,0.02891549402922158,0.24638381347996652,0.024716453111516302,0.013320919296822156,0.1603831096453291,0.20003973664311436,0.04014455976135097,0.28609591403167894
160,0.05960682727399049,0.21208397063302634,0.10895683429125161,0.05924986925236815,0.16967110489788728,0.11321975095755456,0.03904582381648226,0.23816581887643917
161,0.0557364335749904,0.20417286886781383,0.10594273407029858,0.058806696589981514,0.17074054066408093,0.12530351763283878,0.04883005455071869,0.23046715404827725
162,0.05088379335235178,0.19369630199320978,0.11293111708200072,0.054915092989971014,0.15759850722106147,0.1272206168137316,0.05940267859435061,0.243351891952323
163,0.05316137419659342,0.18961360419649997,0.1383769083995212,0.04134019409506088,0.15097190688281728,0.14312312614832995,0.06873236921142038,0.21468051686875692
164,0.05093007415923276,0.1620161008059039,0.12360889239079488,0.01983881572112323,0.19838353217547267,0.155225847271809,0.07577296671035685,0.21422377076430663
165,0.02936983950792666,0.14138899484318715,0.16354578869193595,0.03582406116195877,0.22573292981262466,0.16830467889380285,0.0713743861304936,0.1644593209570703
166,0.034555941821233255,0.1524397269165357,0.14865883168590358,0.032103484863108434,0.22466880765442232,0.154222285071151,0.10292275663809611,0.15042816534854958
167,0.025317052505523952,0.14946038965454791,0.15180209649399012,0.03437995112110603,0.2323101952138061,0.1513346915220949,0.0986567861118974,0.15673883737603336
168,0.011138505205488558,0.1602921299656148,0.15414966343209088,0.04826787808262181,0.22708525574956995,0.14781945998940263,0.09873399269132582,0.15251311488288552
169,0.0,0.1522782285023453,0.16770049193371808,0.08298840347662821,0.23557548313733423,0.16949765516848192,0.07979711291054416,0.11216262486994805
170,0.00407754098193394,0.16255146823848593,0.1473056206954039,0.07730810858327423,0.23855288357487905,0.16804937528950786,0.09645064638790485,0.10570435624761017
171,0.0,0.15835144994067052,0.1643948373855492,0.050831302412094104,0.23337932764544592,0.17112603141826874,0.08940150426742252,0.1325155469295489
172,0.0,0.18785266523797514,0.13116918798699892,1.3692758613369791e-18,0.21521035596268498,0.18463485971156296,0.09787149697115423,0.18326143412862383
173,6.03070005954016e-18,0.2473602523822011,0.10067151101679434,0.0020861436429348954,0.23867273103972889,0.18400127030425317,0.10825901429343426,0.1189490773196532
174,0.0,0.22429497653048844,0.12191042683717128,0.00016612087503929644,0.17588041181908382,0.22782008682596944,0.1363763755996815,0.11355160151156621
175,0.0043741153656700615,0.18234079615921586,0.16240286001407434,1.9595842536912623e-18,0.24616203751336285,0.13179734158817627,0.10720507570979532,0.16571777364870527
176,0.007467403978540851,0.21234261934858314,0.14187152598656091,0.0,0.24587974405793012,0.1466450201092418,0.10308584418671625,0.14270784233142686
177,0.056613948045179566,0.22865755289079961,0.15418852015457782,1.873151158868948e-17,0.25108732397422057,0.12753215757831163,0.08380277914021737,0.09811771821569325
178,0.06170800119756544,0.20864169808610297,0.1620096269005362,0.0,0.24932106825042866,0.1477143973868133,0.06966594427690369,0.10093926390064964
179,0.04298062030299149,0.27308216159253573,0.13726458575473502,0.0,0.27257573631616544,0.11524582510141647,0.0879818746752777,0.07086919625587818
180,0.060613188202786,0.22071417042095817,0.14742418383661185,0.0,0.24642729350236425,0.14507208854443382,0.10686603438215712,0.0728830411096888
181,0.06224721756871566,0.20817462213603527,0.1576169746417454,3.7311801326514615e-19,0.2193682177871887,0.16781026544876923,0.10652648966188602,0.07825621275465965
182,0.07136838334836111,0.20675559302695382,0.1392562753105815,0.0,0.1933815180749566,0.17513258452479652,0.1318523668478551,0.08225327886549538
183,0.06464336291707186,0.19645768594114513,0.15454390576629637,4.4356733167499193e-20,0.1979361751288048,0.1686625914616651,0.13874319828624096,0.07901308049777574
184,0.054231025058438076,0.20157318357182685,0.13473330564966932,0.006792438102801613,0.20054954972469524,0.18683168750254525,0.13589262078395525,0.07939618960506838
185,0.05555255391585259,0.18124276111211937,0.12435126606316037,0.0014018161630827827,0.20456555851434347,0.1901585043138066,0.14466551692935323,0.09806202298728149
186,0.044536394088394965,0.17754267491338802,0.09689318303995254,4.5160712467703225e-18,0.19671936584562194,0.18782477706122425,0.19451707770387547,0.1019665273465427
187,0.049505809281700404,0.20669510696905735,0.10735882733597993,0.0,0.2228629095326992,0.190459687290442,0.1525020211540379,0.07061563843508316
188,0.05225949809686049,0.2112789341353588,0.10567042060685293,9.102957205014455e-20,0.2198565515787129,0.18620534134012223,0.1448587714199717,0.07987048282112083
189,0.05813649396758312,0.21276452477746025,0.11162904643706571,3.1973376176449724e-18,0.22304187126073738,0.17793634930163693,0.1516809394857834,0.06481077476873316
190,0.061826371414042215,0.20339434476668464,0.10965064035698997,0.0,0.2294656354329829,0.17120877554516917,0.16341938245762944,0.06103485002550162
191,0.023609609298515494,0.20414842626398777,0.12291827009045961,0.0,0.23075319018751797,0.17179537479536935,0.19751436260006794,0.04926076676308182
192,0.023716039364829748,0.20990237476328122,0.09025165761342353,3.7364476187921936e-18,0.22640394913594286,0.16711961166461803,0.21201027064226372,0.0705960968146409
193,0.0,0.21005861461379308,1.0295489093698921e-17,0.0,0.2792818110519864,0.18558732657471683,0.18359105359347588,0.1414811941650278
194,0.01683441182945767,0.219752701260756,0.06683063472108143,0.0,0.25241621211308835,0.18279539692091595,0.16044843805421286,0.10092220509948767
195,0.0,0.10657791624425955,0.05216627981829717,0.0,0.3063320626302684,0.17803426552450904,0.19972037640748155,0.15716909937418427
196,9.486245425946622e-18,0.13138268596117025,0.03090947438595617,0.0,0.3279549438824399,0.16750547045645742,0.1776989057937901,0.16454851951918617
197,8.82651388101812e-18,0.14012137414879686,0.036075649898120975,0.0,0.29521510449420035,0.1765897454627701,0.20604131194604372,0.14595681404906796
198,0.00307154123437009,0.14856410670339842,0.057626196468623575,0.01575537209397888,0.3073642269910745,0.169365321809462,0.19475692858356883,0.10349630611452364
199,0.0,0.10725118212673339,0.019833520905221388,0.043350784591642155,0.29145518290537215,0.14765244617563167,0.25735158386282647,0.13310529943157273
200,4.466952395488949e-18,0.10951135390841202,0.025360945342602095,0.04675518314125611,0.2836162851282404,0.1650905770401126,0.2269408691510057,0.14272478628737098
201,0.0,0.1001256819141356,0.023451922336141982,0.058164100234940515,0.2724455083313032,0.17272857614533388,0.24336884759894475,0.1297153634382001
202,0.0218137886940042,0.14081986344703742,0.07325332751659666,0.06067850140368396,0.23930508972694137,0.13525470567529332,0.22183264882019166,0.10704207471525135
203,0.00933748633790347,0.1475762744312751,0.05881566060683851,0.08066633938339113,0.26324645028726246,0.12202932424045014,0.2481549029693735,0.07017356174250568
204,0.026414780824597986,0.1580032546509739,0.0872527698096856,0.06092840868400029,0.23763797802055786,0.13974857276120894,0.21434177542602095,0.07567245982195445
205,0.04443205697769282,0.13551192043668778,0.11602057000902034,0.016963972367542962,0.22359813758841635,0.15156076171348623,0.22094481197907972,0.09096776892707367
206,0.07119880071195454,0.10494388812286139,0.08673465224906605,0.0,0.22600844765131403,0.14162076358028847,0.2661573239745586,0.10333612370895684
207,0.041340461649571815,0.10844420492595476,0.09924854548139603,0.0,0.2491656018938162,0.13896589659336903,0.25697602506618283,0.10585926438870931
208,0.08785693053255797,0.08545331023907368,0.07484096124829442,3.008555149525859e-19,0.20637064290264207,0.14358260091060127,0.2780839456426765,0.12381160852315404
209,0.026941611592701593,0.06576774156409941,0.04180027312473258,0.0,0.304063972874841,0.14432013564165724,0.292901584987581,0.1242046802133871
210,0.03832149258297357,0.06278875338535786,0.06833259964603197,2.916580606343935e-17,0.29538605246043337,0.13007609936951547,0.26818259613185336,0.13691240642283423
211,0.10258815084443236,0.04725212527934324,0.07234335830345387,9.973204148978573e-18,0.25443179999510546,0.1357662175255317,0.2525141549856269,0.1351041930655064
212,0.08738981194794262,0.07342227671002244,0.05182653473343046,2.4708771634550883e-17,0.2699648011144986,0.15074273314630157,0.2520895751530445,0.11456426719375976
213,0.10033864149418993,0.09920603470927696,0.0601316679770876,6.953055235987181e-18,0.23710301302889675,0.1247521657898135,0.2342614092622292,0.14420706773750586
214,0.1386359235689381,0.08060807700036669,0.06611329755997462,0.0,0.2235835183466716,0.10923918969699602,0.24169810684395854,0.1401218869820942
215,0.07296821147511563,0.12712834597177106,0.08226796466769579,0.0,0.2151152627645891,0.13919905125332088,0.2513597343565492,0.11196142950995834
216,0.09961894509598171,0.09411023251284867,0.06635334266984863,1.9058241313202698e-21,0.21964573777943092,0.1184713047344659,0.24407657047801645,0.1577238667284076
217,0.09600138347343817,0.12205881218195497,0.11266548442658085,0.015932744707969435,0.1899961854591203,0.13528699587013987,0.24218366663742663,0.08587472724236977
218,0.16367747112089337,0.08057453014575379,0.06990017338114175,8.768855646882171e-18,0.18085835661333413,0.12855855203665237,0.2926444788184768,0.0837864378827476
219,0.11441968878782231,0.10271132814240778,0.1001283210925674,0.002847509050549441,0.1965672583393364,0.13114379780022195,0.27154746043146694,0.08063463635462778
220,0.09503144952669182,0.08935136165637192,0.0954309075485373,1.0672615135393511e-19,0.20826455974406494,0.13059912643720498,0.2876127526446606,0.09370984244146838
221,0.20936952125708214,7.498041528205975e-18,0.02106741465722868,0.0,0.25928692815540716,0.12068267267917762,0.3070400807672093,0.08255338248289504
222,0.19049819859633804,0.02876483730428375,0.041235902880032885,0.0027620998813100025,0.2507353128914249,0.11652414339420646,0.2754342500948228,0.09404525495658113
223,0.2055905333316879,0.029703590457725536,0.05320667144508311,0.0,0.19506383773274893,0.13236729864516425,0.28609850312468554,0.09796956526190477
224,0.17831396702091196,0.03624661393710741,0.05378634273641493,0.020901728639939086,0.22621698974492307,0.14475465102462723,0.2696667358024071,0.07011297109266937
225,0.15670988861277999,0.018074185683085605,0.018655059400336526,0.013357881510039188,0.271748576374789,0.15931776762816363,0.29109866412114604,0.07103797666865995
226,0.16695640984582136,0.02773467629492387,0.02913225314600456,0.0034212168777898212,0.2585174330707382,0.18846243839929386,0.2665048929861865,0.05927067937824174
227,0.14675715403883538,0.033700758668403843,0.037987359156528046,0.042077181456078715,0.2730185801013747,0.20369303189098648,0.22868415343889661,0.034081781247896126
228,0.09667506960778516,0.014617048713767945,0.02778029920309979,0.030171382353452195,0.3405306735415477,0.2610806280808794,0.22914489849846767,5.3795856573454855e-18
229,0.09028830846129864,0.07424243121898917,0.05129513897503931,0.12076631658529255,0.2591353345820123,0.1516682044266469,0.23005832562523076,0.02254594012449024
230,0.14649401016108252,0.025027036052650643,2.2968362452783777e-17,0.04258839934732052,0.3696341650592042,0.199525082023138,0.216731307355604,1.6747048765863875e-17
231,0.08400673165617734,0.08275891432116642,0.03778045825718664,0.11871612006560935,0.2657449526976965,0.16708368626627673,0.24390913673488693,4.1422028703062e-18
232,0.13934016844513059,0.025102302301605556,1.0772565023169418e-16,0.0,0.3579438588271371,0.21065436920986796,0.2669593012152586,1.0738260188805654e-17
233,0.12993864364454263,0.037954269093395325,0.0,0.013148395003468398,0.3644557156720781,0.20139565542198817,0.25310732116352735,4.0991947724094055e-17
234,0.21635418962728384,0.06951837587860889,0.0,0.0,0.3480564461597507,0.15680317556340628,0.2092678127699502,2.936387942419865e-17
235,0.19402248645117592,0.09162116654127658,0.004560485009093429,0.005144904826977205,0.3093817761924853,0.14322940986820068,0.25203977110979064,3.2304513119266625e-18
236,0.2568934551774546,0.08432222664030764,0.007005345208918186,0.029449296096842544,0.25664482187114196,0.15688188066677122,0.20880297433756384,4.969732883949143e-17
237,0.0,0.058230299451335565,0.012593015350114908,0.04121014980805707,0.4631333249453964,0.16498388011386794,0.2598493303302281,0.0
238,1.0096473533252564e-17,0.06532870502374258,6.411531464219493e-17,0.01410868519160638,0.4633269329847975,0.21066224577862794,0.24657343102022544,6.251659388077197e-17
239,6.21740947933772e-17,0.14433331800616273,0.0,0.0,0.3712558642745559,0.28276163306397273,0.20164918465430845,1.6843938408814222e-18
240,0.0,0.04971924108541278,0.02977736358028742,0.06809286712067412,0.3295356325285523,0.30848357541276156,0.2143913202713116,6.489038697189968e-17
241,0.0,0.051039288682210276,0.0,0.02709422696652565,0.44645965620574835,0.2615859435873855,0.21382088455713003,7.107100485550474e-17
242,1.0299476670078172e-18,0.0794982991168166,0.0,0.08458718951396746,0.478465269396157,0.17999340098891206,0.17745584098314676,2.4486477494577997e-17
243,4.249798217994531e-18,0.0806255215477525,9.610276634502623e-18,0.07247656658561097,0.38903817422337,0.17165155990670433,0.2862081777355621,1.1100637623541747e-18
244,0.006910542670510346,0.12719058633976488,0.061285996052599136,0.08404928030398981,0.20585321104662402,0.23372340884159695,0.2809869747439148,4.2587016642890713e-17
245,0.005949156025925199,0.09227247587632365,0.022112890660908865,0.0,0.3851073657335889,0.1149248010537755,0.37963331064847766,0.0
246,0.031159457239698023,0.035518602297097385,0.032059432029145664,0.05633680000497135,0.27892131929647274,0.22442739474089107,0.34157699439072364,3.464686746003169e-17
247,0.09047066750485003,0.05468194290759921,0.011003592632072064,0.1270903191873473,0.293766821520105,0.13600949259004205,0.28697716365698417,2.8687311857579955e-17
248,0.08138126091219121,0.09270390489519924,0.0601708696492559,0.06673026691658031,0.27256289143679613,0.11475493860922374,0.31169586757975354,1.5713917009429652e-17
249,0.0825807741230083,0.07328492433793642,0.06052674846858679,0.0313494278664266,0.23240702913330133,0.2131067922695722,0.3067443038001683,2.4930670577730553e-17
250,0.07822085908275049,0.10727926608695049,0.037643060009869236,2.051913491919849e-17,0.4030055067439485,0.0,0.316114142577659,0.05773716549782218
251,0.12224181495920709,0.13982601063641525,0.10874642220995705,0.006598553542699206,0.22327999584658664,0.05617577648901802,0.31493075532818776,0.028200670986928997
252,0.035110057321079385,0.20716160030764363,0.04305342397863405,0.00837411968485521,0.1501236810001211,0.07125226068094428,0.3159235570935512,0.16900129993217117
253,0.03903647601686698,0.1991226891821694,0.04147715979552256,0.0008264345063791218,0.13227383996036887,0.10356049396581656,0.33023185925917653,0.15347104731269992
254,0.06712848534432393,0.17127423439156025,0.0822241960961342,0.06751671528264845,0.137054458987391,0.06820683406937317,0.3243391745382229,0.08225590128934608
255,0.013661457656442444,0.2065037882447049,0.013663359948750673,2.263612060336309e-17,0.3064237425139544,4.216757867612735e-18,0.2815305630268988,0.1782170886082486
256,0.06449641012678181,0.20753887944630836,0.06204814930774868,0.07415375940928384,0.060916883903872995,0.1002985885483431,0.27447675678926825,0.15607057246739284
257,0.08799394928783844,0.20637448384642773,0.08673534866171008,0.11884716618608764,0.08538110301759148,0.10294291615506501,0.18078696538114086,0.1309380674631387
258,0.11499944889140516,0.15959927020886117,0.10649992120030956,0.12827733580289674,0.11465566290139925,0.11455200608787096,0.15084407348792297,0.11057228141833415
259,0.10555347550347695,0.251434503160268,0.06999415820580845,0.06736730790456877,0.07309958911252476,0.10208160573441,0.222716764009798,0.10775259636814499
260,0.0,0.2437712909745631,5.881826169214433e-18,0.03813608107044879,1.2018543169362198e-17,0.06692755547883289,0.4092237930030907,0.2419412794720645
261,0.006006488981295632,0.1482282992208578,0.0,0.055002259322209486,2.3558527361960294e-17,0.15512511107878682,0.42206328786081876,0.21357455353503138
262,0.02206958773215537,0.1685100205112445,2.3415567180009966e-18,0.11994880735601356,0.0,0.16652695629467493,0.32428112632689277,0.1986635017780189
263,0.0,0.16254093206366677,0.0010217088515352198,0.0762410796665904,4.585810683881892e-19,0.20627616797015802,0.38327256124384507,0.17064755020320457
264,0.002954908546212936,0.21007578169896804,0.02505648165959952,0.052967690196993135,0.024902591868163057,0.1376695735832664,0.360242085593258,0.18613088685253895
265,0.08840970696989076,0.15601320626712115,0.09047014050689225,0.12430172613359335,0.07379344094133607,0.15107829075957088,0.23345754957292253,0.08247593884767293
266,0.0892877277466445,0.13372425977445915,0.08021980349698693,0.09296722115442699,0.07664440110450367,0.166803731051708,0.24958253659000296,0.11077031908026781
267,2.056539153604845e-17,0.1990474021204987,0.015218614489430068,0.18716194597359453,0.0,0.20032453836382935,0.2808524878245244,0.11739501122712287
268,0.015490302423770523,0.1277627460667734,0.018637835315172227,0.054387243384132325,0.0025553938143757574,0.3063674478955412,0.36153828509986663,0.11326074599936782
269,0.010211954411556248,0.16754231589118254,0.014175724497117294,0.0812795591715682,0.012416309468830385,0.2337247859585024,0.27796167420958845,0.2026876763906543
270,0.09119231965395994,0.0949492352886711,0.09747402012246019,0.1095766545971179,0.09861289972602201,0.16599245641397806,0.23845797880001285,0.10374443539677793
271,0.09246119656729129,0.10018388988879018,0.10317400202231919,0.11164726137523566,0.09666577231258637,0.19700189412476307,0.20214986133316618,0.09671612237484807
272,0.07185078166590782,0.08441557381500922,0.07267687564054541,0.13558993102122882,0.06744114324298718,0.22307390697505877,0.2733678611118805,0.07158392652638212
273,0.08061539131079482,0.045910483271860654,0.07421191243197958,0.06601122705233274,0.1648622024278617,0.21542516535327483,0.24724554565901125,0.10571807249188442
274,0.0910581938007556,0.10505195971880522,0.10463504029081361,0.1266220992190748,0.09026693492582438,0.1913306662819663,0.1925421593553389,0.09849294640642116
275,0.0759459953559258,0.10325567572026337,0.1122275240645362,0.17821943232817067,0.08061024586955601,0.1654284191777821,0.18679926727951404,0.09751344020325187
276,0.09457417309041224,0.1048464141708008,0.11149142897249277,0.11280496482598745,0.09917193797100844,0.11984250842319465,0.24580208671593656,0.11146648582916695
277,0.11643236604204951,0.12467040054073816,0.12444352936724817,0.13699213252907505,0.11919253278813854,0.1200665362848393,0.13988282912197042,0.11831967332494081
278,0.05761391050812989,0.17635743570929655,0.12781863647995736,0.10698335213117151,0.05167278682135963,0.11714666250272866,0.230452276729717,0.13195493911663933
279,0.18203051286523417,0.08457697168071159,0.10642146812812614,0.10333108360662281,0.07989336651665696,0.07327339309781636,0.2492466791019531,0.1212265250018788
280,0.0673125959068205,0.10138299505000058,0.10274365790165606,0.12297866794001713,0.06396080226532609,0.04425965141064022,0.32420746830609287,0.17315416121844648
281,0.09973921266649555,0.10761861425434341,0.14583922003349464,0.08473023984429465,0.05417650627094019,0.04090856480638316,0.3171296740601249,0.14985796806292342
282,0.09493816597764856,0.1234918747677397,0.12889271393579013,0.10591725055650422,0.10576574976467064,0.09473969665137989,0.21941656448123972,0.12683798386402706
283,0.11484349117671841,0.11998055711870434,0.13362595048540712,0.13403120826712686,0.11465548214603327,0.11744943223710566,0.1366774120941882,0.12873646647371603
284,0.09432536375017067,0.09290450062821655,0.10624782097043246,0.0917053686403875,0.13744509608258867,0.1056088967680638,0.25417926411635194,0.1175836890427884
285,0.13930694475780628,0.08642016664124194,0.13200169178309135,0.14005946164940258,0.10216915553283226,0.12566808257709033,0.1395859917660731,0.134788505291462
286,0.08299516080770296,0.1266033908238574,0.15662407762631683,0.10441791282433895,0.14186945417638758,0.12333949041744553,0.1306660071597035,0.1334845061632472
287,0.11807396899870834,0.11723873701945169,0.13289335834048038,0.13553454826318423,0.11811550351442442,0.1213231631439283,0.13663141600302353,0.1201893047157991
288,0.1322498134626189,0.11312856431492928,0.1440134135170133,0.11880033206010003,0.12659683082398357,0.11409475268653793,0.13023547822177778,0.12088081491203916
289,0.1420682210750162,0.10360545123587359,0.1524167307700875,0.09119648349888612,0.15316563131664687,0.11254333009683978,0.1230255105574826,0.12197864144816728
290,0.12082207497979991,0.11612676900647216,0.1300426446361732,0.13517114440198932,0.11952036238322264,0.11920613787017473,0.1364008082708637,0.1227100584503043
291,0.12213502123225609,0.11696247561342149,0.12850488414694475,0.13501883427541042,0.12022487249414188,0.12007711749953813,0.13531140004434472,0.1217653946929424
292,0.12233939522124657,0.11688908924051776,0.12852632412758044,0.13476995167258135,0.12016752522137002,0.12023978368640159,0.1353016119290695,0.1217663189002327
293,0.12245195658758617,0.11810378324252245,0.13172007654753554,0.1293513762285502,0.12944957794733958,0.12056038960359794,0.12797543750799123,0.12038740233387682
294,0.11816903169577501,0.11893299386722453,0.12249175820833028,0.13622194864911014,0.12562595235652696,0.11199692550809172,0.13557305081409513,0.13098833889984624
295,0.10816370336283886,0.15689470807398068,0.0962508508480862,0.11255200971852562,0.1873033334161271,0.08036626823274319,0.12778183509998448,0.13068729124671383
296,0.09332921034187938,0.15660295267624427,0.09851977694954851,0.1091154341654116,0.19879276563003928,0.08581617471468236,0.1271142174561072,0.13070946806508715
297,0.09484554464266373,0.14723925323800402,0.10007254248523022,0.09996554829202657,0.20397097848063314,0.08892780138127601,0.13206432545763874,0.13291400602152756
298,0.10603435116089162,0.15214047298440148,0.09709589002505326,0.10753421495893699,0.19203642197292034,0.0872662624163336,0.12207836877917691,0.13581401770128584
299,0.020392640262413043,0.25913073731650876,0.08196029117960418,0.06128870235230784,0.08564952568728909,0.07254027519108684,0.21094190224835957,0.20809592576143068
