oos_period,model_1,model_2,model_3,model_4,model_5,model_6,model_7,model_8
150,5.1492750268943e-05,0.012340297046494727,0.8497957040711838,3.591786086645365e-06,0.0003300761478439009,0.1357675204808631,0.0008056857896385231,0.0009056319276203805
151,2.140704555923085e-05,0.5558757950317814,0.026862855386332565,2.4206418187742297e-06,0.0006901712167301847,0.41536587899332644,9.994773629229289e-05,0.0010815239481590266
152,0.3825996637652291,0.14585228196741368,0.031685674655624,2.163234695565698e-07,0.11712783310160896,0.19440806061183985,0.04510754057664407,0.0832187289981709
153,1.0728332747036088e-05,0.0007272505406249847,0.017874463741558034,2.6293176178220783e-06,0.0037626126644178326,0.17072014387338652,0.04626718304602658,0.7606349884836211
154,0.008431539630726261,0.0364024799813498,0.02177199656367249,0.040713847662108255,0.03970172774990494,0.34063270352192787,0.12257525758497018,0.38977044730534016
155,0.030671178576371468,0.040152270553787506,3.609041657155088e-07,0.12389030781834826,0.02783141484800085,0.23921563282954783,0.30283798501391607,0.2354008494558622
156,4.295565416794053e-06,0.16861647441431313,1.2608667685054798e-06,0.000175285143680016,0.01893672438950634,0.6775526262019645,0.13469294586643732,2.038755191338108e-05
157,9.924742302768737e-06,3.02771855428065e-05,2.0176126650993198e-06,0.08474741666641777,6.701701795259e-05,0.8024968097581594,0.04988660439246172,0.06275993262449786
158,1.2713027059710222e-06,0.06321407664729897,5.396580086803416e-07,0.2083469796729944,0.06431245404535023,0.602378246744113,0.02551688750677966,0.03622954442274917
159,7.377707193795347e-05,0.014845830017150468,5.286568635583918e-06,0.0018686433926817449,0.00047796811679234815,0.735136182891651,0.19954518450781417,0.04804712743333671
160,0.01421866359139112,0.108755578054434,0.004402588348048102,0.5349544329594892,0.013455035912398088,0.03261954460598471,0.168028696156294,0.12356546037196071
161,0.10091461063645482,0.09774610590805709,3.8496374230451983e-07,0.5564011608389305,0.07949362285288505,0.03372395394765844,0.04144528937280454,0.09027487147946724
162,4.420648617570568e-05,0.005546405907765903,4.279821216264129e-06,0.9193060442633457,0.05212037088011639,0.020859764721368582,0.0019163048782525375,0.00020262304175886942
163,0.08055476618828429,0.1813383239739225,0.024097127333494284,0.22961120983039246,0.1147201928093787,0.18735353789001344,0.08709910376462547,0.09522573820988897
164,2.2708234223456644e-08,0.009713780674978172,1.1774382075483089e-08,0.011175168696207343,0.9449992332143445,0.020035762997106944,0.014076003129845143,1.6804901568469925e-08
165,0.11884672757613975,2.7948170423651844e-07,1.7474800883670915e-07,0.4019095866457614,0.12232881706833999,0.08760428447347916,0.18918673053712576,0.08012339946944082
166,0.2662582614396302,0.08239008441885806,2.1437047560432294e-06,0.01857873098319873,1.0027876462648213e-06,0.015098132974469443,0.6176647500872234,6.893604217851329e-06
167,0.04307834594241861,0.004853330146253394,3.994693627849886e-06,0.1927793486419196,0.0002954151781165317,0.00028816995883906746,0.7586614190718319,3.9976366993033854e-05
168,0.1049006652919348,0.037060653694632004,1.8117921826574426e-07,0.40175668741556997,0.12393233664606301,0.12277191870279908,0.20710636491063283,0.00247119215915005
169,0.3423240915779643,0.07241671146509117,0.10121820172304466,0.14334805446683097,0.03419387847640691,0.0869371726787416,0.16025120159504155,0.05931068801687884
170,0.03594846980803701,0.9257258898672583,4.1764925747157145e-08,0.007000999950077916,0.006842866940016508,0.019821076959339906,0.004660610415098862,4.4295245641012805e-08
171,0.0007064454247511216,0.8477975845188018,0.00510110586675722,0.028777815765831185,0.11184249755120748,0.00012153299588762904,0.0014451877114959818,0.004207830165267576
172,9.196761158884782e-09,0.9920508653741942,9.245145968507245e-09,9.14990282824544e-09,9.564603638885866e-09,3.621540685380821e-05,0.004259671774320028,0.003653210288218356
173,1.1850755856133027e-07,0.9995309495307758,1.589504330172819e-07,1.4017023220131086e-07,2.0220913939742384e-05,3.0961772079979226e-07,0.00044793168945494907,1.7061988491486256e-07
174,5.448276769574936e-07,2.589994553628543e-05,1.8775082650714536e-06,7.352273856130931e-07,1.834937735903724e-06,2.0138569311957334e-05,0.9999481787107805,7.902733078113269e-07
175,9.521811990755334e-06,6.408739818686245e-05,2.601791870167557e-05,4.957443647881662e-07,5.124479014579899e-05,1.7771822354334043e-06,0.9998238464405118,2.300871386277061e-05
176,5.425155309644904e-06,3.296854300393102e-05,2.7692855253012852e-05,1.045380014354169e-06,2.1009172422833865e-05,6.462184023280585e-07,0.9999057254106527,5.487264941225633e-06
177,1.3607106438920004e-07,0.9983137357774237,1.2982520093685245e-07,8.04824417551819e-08,1.3915460936961952e-07,7.331240832277902e-08,0.0016856078294223246,9.754742915872412e-08
178,0.0011630396554820016,0.05666293212822421,0.507004112603249,5.115466127154329e-08,0.42902293625117016,0.00021930085954088228,0.0002055616481332532,0.005722065699539339
179,1.6347197868109027e-07,0.9966829303761874,2.9669227992578827e-07,1.149917673344548e-07,3.9082793312161025e-07,1.1296845029446152e-07,0.003315810881870392,1.7978953280049804e-07
180,2.2138600009899334e-09,0.0006070155210334525,2.9765767540076515e-09,1.219011405090079e-09,0.15946295280048337,1.1030023055429225e-09,0.8399300225970768,1.5689558564304877e-09
181,3.4850507356225984e-06,4.501070527992116e-05,2.540124296508794e-05,5.186568168353919e-07,1.0146238099400523e-05,7.467188724864209e-07,0.9999118279673116,2.863419919048152e-06
182,0.00019458249699267667,0.00010468416682134739,0.0003000881487195114,2.38215827751589e-08,0.00026230861619071027,0.003642261159762866,0.9953734086780808,0.00012264291184925293
183,0.005794550073487694,0.0008136979999207659,0.5705823042567766,3.4329482744996405e-05,0.41749845012618253,0.00023638708967380783,0.005011747853489947,2.853311772365304e-05
184,8.751531750770317e-08,7.088775116645111e-08,0.5838932042166769,6.23316413916733e-08,0.4157669142362429,7.975274809920835e-08,0.0003394417922645777,1.3926735753623909e-07
185,8.454171987626346e-08,7.339201345080967e-08,0.9997458992737828,6.758328612370488e-08,1.507394665346878e-07,6.208175517862956e-08,0.00025354233667077973,1.200513053286765e-07
186,1.1725734315118311e-05,2.4640241600016095e-07,2.6345504728305872e-05,1.5221204173548766e-06,1.6721271955475495e-05,1.2402120365608733e-05,0.9999031661052332,2.7870740568857597e-05
187,4.361693437775871e-06,1.0462039579726396e-06,1.3595913470477154e-05,9.882365788894719e-07,3.358126002325871e-05,6.031671066460056e-07,0.9999441308202585,1.69270516647989e-06
188,1.5519126475497898e-07,9.162201088904259e-08,5.596498265249423e-07,9.333745730261409e-08,0.9981099710254453,1.0362559515921225e-07,0.0018888970042391443,1.28544160987877e-07
189,4.1989377953213154e-07,1.5284567202939092e-07,2.5530915613818425e-07,1.4462853873055293e-07,0.9970979848519028,1.9883537353694474e-07,0.0029005521658869325,2.914696903486969e-07
190,1.1696327954302559e-05,1.2454827613963344e-06,3.0706790521035975e-06,1.1055548009598071e-06,0.00010170109807464006,6.796606231803875e-07,0.9998550846689932,2.5416527740254866e-05
191,8.343939335599143e-06,1.721828803446527e-06,0.000357071944899417,2.342023649009877e-06,5.532919351334783e-05,2.6187089110017663e-06,0.9995721280806565,4.442802315953241e-07
192,7.119208608925158e-07,5.910191400741964e-06,5.907886056538499e-06,6.886017084086077e-06,5.498871082991916e-05,5.0838142485421286e-06,0.9999111326275286,9.37883199058618e-06
193,1.669091115387239e-07,2.48680681871142e-07,1.132914151033417e-07,2.8304088949534965e-07,0.9976050475785894,2.3438912069067954e-07,0.0023933444281293887,5.61682062554362e-07
194,4.223912741250675e-06,0.0007970496756139081,1.57680775710793e-08,2.1614005152540802e-05,0.9862467253904726,4.198753219933451e-08,0.012930046977182304,2.822832275506119e-07
195,1.118279303475255e-07,9.596509768108067e-08,8.952711753535794e-08,1.6693703303450952e-07,0.9994867404773793,1.659348691797528e-07,0.0005123761946952515,2.53135877650505e-07
196,6.448943124437576e-08,5.999428782011997e-08,5.9017434616339624e-08,0.0004414033644325195,0.9959554517035197,7.219794408536085e-08,0.0035795930642086122,2.329616874148956e-05
197,1.7862195248106904e-06,1.3086633591386303e-06,5.153734523823613e-07,2.779984753221318e-06,0.9998374480079784,9.481243736083789e-06,0.00012192004160201567,2.4760465593992824e-05
198,5.875665842991788e-05,0.00014130659662299155,2.4092240597547263e-07,5.712366498865395e-05,0.9995388634017204,6.435271515709114e-05,0.000139125154052158,2.308866228410938e-07
199,2.1286485545566978e-05,3.011650416709111e-06,8.154521506096019e-07,7.301390009829932e-05,0.9993005842128752,8.126979498190313e-06,0.0005628848697222065,3.0276449693327917e-05
200,1.2182373947102666e-07,1.1208880382864016e-07,8.541930899861411e-08,0.6925781968843189,0.042739651874646276,1.251245912973785e-07,0.1934424303154517,0.07123927646913965
201,6.804469921122405e-06,2.3318251238765877e-06,8.140852922149349e-07,5.6644082818912605e-05,0.7170302976370477,1.4252998598207509e-05,0.28286629964864485,2.2555252553202743e-05
202,1.6226627719407073e-05,5.278435815662168e-06,9.949866731894583e-06,3.5505097644168006e-05,0.2579916414979267,6.0461323070959826e-05,0.15700103217040373,0.5848799049806874
203,4.2422977031445474e-08,4.240889377068374e-08,4.240196181062328e-08,0.01506464074619128,0.11665510607044552,4.240355704222792e-08,0.8682800411421757,4.2403797809930494e-08
204,1.7100393072565212e-07,9.83223046833272e-08,7.993662306710026e-08,0.99938113162481,0.0006181438656821936,8.293862614862876e-08,2.0715320387669982e-07,8.515481915716988e-08
205,0.0003477426145523977,0.00010488121138869397,0.00032093238907122756,0.00041597315927444344,0.9986462876889578,2.1068858656890503e-05,0.00011989933313150598,2.3214744967104106e-05
206,0.0006910738819454144,1.1192857986851882e-06,1.6404797028367863e-05,4.523456530145828e-05,0.9989175396593861,4.049392385763923e-05,0.00027442948426018406,1.3704402421980055e-05
207,0.00020601590685082586,0.0001515279483383994,0.00011570515539243514,6.921466883584381e-05,0.999276211650711,1.706632568111151e-05,0.00014080771172593636,2.3450632464363644e-05
208,0.9999563272873073,5.224308750530373e-07,9.16619522197729e-07,2.3488958412587704e-06,2.5455818935717223e-05,1.6876334206419013e-06,1.0996276883219856e-05,1.7450372146770295e-06
209,6.327088225423776e-05,7.906194027069262e-07,1.5243270610726623e-06,9.502051480399118e-06,0.999839996717122,2.267674361039211e-05,5.6972678516621255e-05,5.265980552566513e-06
210,3.6092087560035285e-05,6.599948261913903e-07,2.6995157380011785e-06,1.8791302628386495e-06,0.9999314086054673,2.5174269954055158e-06,1.7866805947370376e-05,6.8764332027706e-06
211,0.0003774228581899987,1.089524820220946e-06,4.159851097617563e-06,7.40077112144713e-06,0.9994908417287766,1.0527070060332587e-05,5.433726335470111e-05,5.422093257907367e-05
212,0.9998006897893396,7.713612128635175e-07,1.954344958234998e-06,3.7084267513701357e-06,0.0001291786113380155,4.184337299444956e-05,1.544048586695347e-05,6.413607538562863e-06
213,0.9999029561148273,2.194829426586579e-06,2.6577582846942774e-06,4.769328665642898e-07,6.445605341531484e-05,4.146030136233464e-06,1.4384740563279372e-05,8.727540480113538e-06
214,0.0006431553131320211,1.1664099461810317e-06,5.792266356152797e-06,1.0836692804809267e-06,0.9991919843417979,9.809964981404024e-06,4.354460018403947e-05,0.0001034634343219995
215,0.968671395955128,2.6123320548384454e-08,0.027041971309868455,2.603743419968986e-08,0.00042430100028022206,0.0010104130740222325,0.0028478745001531214,3.991999793274447e-06
216,5.203570174219661e-05,7.325175501047572e-07,8.401157180180648e-07,6.221988695226576e-07,0.9998670353348045,1.0323354453606407e-05,5.383300508287749e-06,6.302747635377185e-05
217,0.9998623128205378,1.7183438621436312e-06,2.2716408410938553e-05,8.033160586125487e-06,2.9161438814072966e-05,1.0872765657630274e-05,6.46260929299421e-05,5.589692013577683e-07
218,0.9998699258415086,1.6492664774725926e-06,7.117372254559115e-07,1.0773142529125563e-06,1.7625652497200705e-05,8.215779515191892e-06,9.89284135103473e-05,1.8659950128389964e-06
219,0.9999565516404538,1.4961604521193201e-06,1.9881636304355302e-06,1.2616868168476053e-06,1.706222472961223e-05,7.666258277684932e-06,1.3269687951963647e-05,7.041776875687367e-07
220,0.041558112961936254,0.9555455678621078,2.658244827119398e-05,7.754817519330276e-06,0.0012109369969527113,0.001449426422062089,0.00019829340043522826,3.3250907155048664e-06
221,0.8616263198252427,3.1891662862817644e-06,0.00038418295069709657,2.2444475949267733e-05,0.10397187754055048,0.003954108032921575,0.029969513645767006,6.836436258559894e-05
222,0.8889565921719608,3.1035623301209065e-06,2.4766233521591058e-05,1.8471694993129757e-05,0.10094823419349913,0.008261139820510162,0.0014424032938545595,0.00034528902933049705
223,0.80065538495845,3.1599099817541635e-06,0.0013679548141105162,0.00017457090806831523,0.032529995010678235,0.15126504325282655,0.013797814046180974,0.00020607709970367887
224,0.8154639386633288,4.646496797163814e-06,3.189529314643039e-05,7.838431530266438e-05,0.0031731536552960598,0.16547893823207702,0.01558149359523692,0.00018754974881496207
225,0.15643435657215599,1.5645684952938588e-06,5.088372602816496e-06,5.792962001804298e-06,0.3600575363199237,0.1934808034677866,0.2899792350794926,3.5622657541180954e-05
226,0.21458389179655718,3.913500834731427e-06,8.775261865439806e-05,2.254929417945799e-05,0.013661812015132786,0.7348605681020284,0.03566303265520023,0.0011164800174129595
227,0.11884319461366552,3.974228187611993e-06,0.00011009361698384367,2.285776246882764e-05,0.04004532370353779,0.8382121768188243,0.0005233174671705443,0.002239061789161476
228,0.005172071760874764,4.893197311895574e-06,0.00018265198800159607,2.8217168270049435e-05,0.14074291724279075,0.8427257104592024,0.010906365591434807,0.00023717259211371893
229,0.03421102660396838,0.017180189239447065,0.7729715403314925,0.007381692718278403,0.06675675073501361,0.07469732110147936,0.01011574694644112,0.016685732323879487
230,0.3117974959886438,0.00018761666422889112,3.8068176988651562e-06,0.001046707974560912,0.6331206225502655,0.05046300743441508,0.003327721924140241,5.302064604665473e-05
231,0.00273727859336022,1.996667885062077e-05,0.9718478677360328,8.086954530112607e-06,0.01624972367149197,0.008939706989702794,0.0001949577081687916,2.411667862529916e-06
232,0.06825832801473043,0.0011751336997829643,4.441417003813303e-06,9.224534335143583e-05,0.7828286621215,0.13727553357484626,0.010261077631842402,0.00010457819694261298
233,0.17100395674062027,0.049704644298301015,6.730083806482403e-07,0.012273766264001479,0.4653634460039405,0.2035507321118881,0.09810120575225183,1.5758206162326192e-06
234,0.3225078616189355,6.537831667715003e-05,2.2771816505136955e-06,1.2637591962157149e-05,0.6078595676421787,0.06937911048053887,0.00016933117166436252,3.835996392727952e-06
235,0.8544959065104503,0.040512681486957816,3.5495919400686976e-06,5.912953284164237e-05,0.08508717639307439,0.018680795944375914,0.0011057083608329217,5.505217952688944e-05
236,0.2967999861600071,0.3119033472652602,1.7662636259848076e-07,0.0011831864179732083,0.10090667082320309,0.23575801609252944,0.03216910592985596,0.021279510684808434
237,1.0440816964664708e-06,1.0802436606211323e-05,4.907169398132566e-07,0.055260379960376776,0.2741482364342635,0.4820417576098963,0.18850791182399543,2.937693622558429e-05
238,9.007957703411342e-05,0.002685030993425515,5.705660940995947e-06,0.001237056308776897,0.8319115813168149,0.16092031520003405,0.002904049119956413,0.00024618182301711306
239,2.5197162975315697e-05,0.0516490191798505,3.820641983500744e-06,0.0002459504470033157,0.06213007735728537,0.8825673014820186,0.002866702086173667,0.000511931642709758
240,5.884767414159561e-05,2.802531974517806e-05,2.555185729552429e-06,0.0009454895453350598,0.13688863193266698,0.8560007351452664,0.005299002893251527,0.0007767123038636831
241,2.593404621979422e-05,0.0006526847470111484,3.6844359475214037e-06,0.004396937408082435,0.10905894176961962,0.8830124099575665,0.002699259950254363,0.00015014768529856323
242,7.259670812317513e-07,0.061606058281791456,1.0009747477102486e-06,0.12130348537012983,0.7190150113027268,0.07139657650362148,0.026671425743704565,5.715856197014351e-06
243,1.1541261936215396e-07,0.013224227833563718,1.1257375643026158e-07,0.25830719268873154,0.401085510505157,0.15615622744498162,0.09556781914775206,0.07565879439343835
244,4.7642046687827356e-07,0.21806183986601083,6.850575642226889e-07,0.026923878806610253,0.05947051314501136,0.601213779502109,0.094326455396088,2.37180613947004e-06
245,0.029798975937197106,0.22821484311016346,1.9770566666915284e-07,0.010866461333716486,0.18794008063128828,0.17847885268953023,0.11543873791023283,0.24926185068220497
246,7.636779551546541e-07,2.0125014659373304e-06,5.56170208711604e-07,0.007621686674415572,0.0928414702548423,0.606528610924031,0.13940120569545075,0.15360369410163047
247,0.040227609495164476,0.07830484829275028,1.756646607373443e-07,0.2153599935838439,0.20071708657097714,0.16308843499972978,0.10524532843384493,0.19705652295902873
248,2.518826126988282e-06,0.0033223650072096125,1.0734301418398463e-05,0.10673978183537172,0.501244677216571,0.007121310666541827,0.38030672859149317,0.0012518835552674029
249,0.12603736179744868,0.04910056461709924,0.005378486538171148,0.02647394168474313,0.11762792728019625,0.4129065572574082,0.21594856668673934,0.046526594138193884
250,0.0005893053909907906,0.012628536122537722,0.000771866917502424,0.010262527580012703,0.062357298070077186,0.0010550501558893998,0.6489354915533476,0.26339992420964226
251,4.1314603672474304e-05,0.01864272029777923,4.742330236080249e-06,0.001389725524747995,0.0003644607096679987,0.0015562287692082505,0.9455817635620002,0.03241904420268781
252,1.2204787395227979e-05,0.27522204976565356,5.835926728655496e-06,0.011166182422264862,0.0017571512910137047,0.0002824196723331338,0.0770288759994195,0.6345252801351913
253,6.461946603108888e-05,0.3678667221732371,4.1668069699675164e-06,0.0036906785657042996,0.0005413475635573755,0.03243230151286385,0.0697752219102472,0.5256249420013891
254,0.1256742891503671,0.21841316130126312,0.007885698451355833,0.20648639419424009,0.046269362884643325,0.1047034874385807,0.10572091170827093,0.18484669487127883
255,0.0010191945869619623,0.09593082459060417,0.08992938876945124,0.03346063693120229,0.283574016038175,0.06937439197475741,0.13800294614120134,0.28870860096764656
256,4.039866488279392e-05,0.5296160496528255,3.85628860953253e-06,0.000605489413303376,1.5067991398984796e-05,0.009955764431893343,0.05502004727921044,0.4047433262778761
257,0.00027456701742467203,0.7587569719648531,0.00031649569911208335,0.018883612825138098,0.0005805246177419171,0.005626090734267578,0.10020625154873032,0.11535548559273225
258,0.10331526914427114,0.39126207707401445,2.189180266691664e-07,0.18031590586948387,0.043970686349160557,0.06706387054954345,0.11690083303500041,0.09717113906049935
259,0.1085302723102936,0.5074420579532694,9.640354046517227e-07,1.7443802341161524e-06,2.106178117560498e-06,0.0030887609786020187,0.0736384214591215,0.3072956727049572
260,4.492213358538638e-06,0.026290462009322852,4.636277104990864e-06,7.406495864397067e-05,0.00012380027992644354,0.0016879784924154675,0.20465977863137377,0.767154787137854
261,1.0177022906208129e-05,0.0032789070079109195,6.983720555961775e-06,0.0007590957803334914,0.00013566478263490165,0.03333179670425675,0.2283140871097716,0.7341632878716302
262,3.705588673946881e-05,0.008983627616495378,5.9140048502802485e-06,0.0006872102892394798,1.6650971438380124e-05,0.042522523230235164,0.6435024751544483,0.3042445428465536
263,5.455816102285023e-06,0.011016154597953532,1.8041068537825198e-05,0.0008718338371857185,5.3068915810071564e-05,0.050248863493563764,0.6763542469057195,0.2614323353651272
264,7.966636678014824e-07,0.2241477814608914,0.0025890077719925523,0.000548323350583999,0.011686308088447374,0.06545857294598162,0.547219290220491,0.1483499194979442
265,0.0021271613245668077,0.22492465742864765,0.02038856160431058,0.06889841406268796,0.004319880163876214,0.1609522234691445,0.44386488338221053,0.07452421856455574
266,0.018278486247231565,0.199425868859162,0.003213836178827064,0.0018318629722580125,0.006270713061308128,0.4413082832786521,0.2628312458527828,0.06683970354977829
267,5.075681965730581e-07,0.14031694378086115,5.435455630846423e-07,0.05009077561264094,8.809775316667147e-07,0.21036227472057767,0.314644623790513,0.28458345000411595
268,1.1962599167395588e-05,0.01595482081741138,0.00011709375884742969,5.664884227167196e-06,0.0010169799550336226,0.2228243195429548,0.7503622283947734,0.00970693004758472
269,0.02262730537209222,0.1658260239410374,1.7134532370929195e-07,0.1025276607995513,0.026393031089494187,0.191186571066625,0.21924989725578162,0.27218933913009447
270,0.011500720150890984,0.002546033697116742,0.06705925317920938,0.04454350904276201,0.027666644146263963,0.345012867813738,0.4175045321908772,0.08416643977914177
271,3.301703615416564e-06,1.8774688622036614e-06,0.031083288918643096,2.714446640590253e-06,0.0173351548928995,0.4920750277119494,0.4311679042399065,0.028330730617483257
272,0.014532750350456586,3.0331777521791265e-06,0.001914238016415092,0.003426086486971371,0.0025237121053209486,0.4597110771982109,0.48230698963981855,0.03558211302505443
273,1.0212161869025423e-06,3.813182619270784e-07,0.08728094469648802,4.209170483240362e-07,0.19373279001400787,0.23408540037401587,0.2623058381306041,0.22259320333338697
274,0.00600349376996303,0.00661004346219951,0.019130844219623737,0.03710654593190211,7.909388987222909e-07,0.5746582875578254,0.3351432972610421,0.021346696858545372
275,1.2847232756472593e-07,0.026412973420020594,0.1820572719657574,0.20877230494915805,1.3129666093804237e-07,0.26932468396390524,0.29141866696084917,0.02201383897132107
276,0.0018115515843712046,0.0012563011756628092,0.01269641536790847,2.3968492366923588e-06,0.004775602271453106,0.07002984118939436,0.8292522491244384,0.080175642437535
277,0.11314315484935263,0.2260757196172706,1.796099066175138e-07,0.307444970954652,1.5504789403947627e-07,0.02007383733751063,0.10389989217531448,0.22936209040809896
278,0.004219088288925672,0.3084752641861886,0.016719276526999997,5.848581963711368e-07,0.008629952496013569,0.004751754083307589,0.3516653183393387,0.3055387612210293
279,0.6878298332440049,0.0005398719236617036,0.006282264448593202,4.406899355993946e-06,0.0013378871939776459,0.0006427704504823186,0.26377821894940073,0.039584746890523444
280,0.01722120541256315,0.03019267560024806,0.059036823664660454,0.0800745140853494,0.03650099482907678,0.026407501387119142,0.4772127380726231,0.2733535469483599
281,0.10376568575310684,0.006365985177464116,0.1596343301618372,0.0023500958774012527,0.005820638150636388,0.016813962366386326,0.5618283066605771,0.14342099585259072
282,0.04444633270908032,0.1115630904708082,0.08827254247821208,5.183578180340168e-07,0.0430995707561319,0.03636978768262206,0.6053590806929621,0.07088907685236541
283,0.759164909349849,2.6658812014448126e-06,0.0819294876110888,1.936678175526428e-06,8.668871071059796e-06,1.8745514120655698e-06,0.08493024472876617,0.07396021232843591
284,0.0660213821366497,3.8245222871522734e-07,0.053371379598146584,2.5868595053616494e-07,0.2417528026997569,0.19577576774171995,0.3538903594545713,0.08918766723097632
285,0.5652895055344137,1.432719122294499e-06,0.1304185693467271,4.645582315198596e-07,0.004043399948888779,0.12137510835610164,1.4044175535187864e-06,0.17887011511896134
286,1.2169730718849415e-06,0.037968095701244084,0.5314586537255294,9.87704882173155e-07,0.20744055113612592,0.045780706174309065,0.03588275614161313,0.14146703244322423
287,4.759195052664385e-06,0.00011694781169297752,0.02043939635792345,0.8999844576710329,0.07777904752498974,0.000932874928785251,7.475056697323568e-05,0.0006677659435498255
288,0.3922299509825171,0.0570039201564588,0.24538270511409624,3.3886205346029135e-07,0.13846835088624562,0.069752152086197,0.03244956999684377,0.064713011915588
289,0.25786973447042666,3.0028551499116894e-06,0.18309495878233203,5.382979135627864e-07,0.43402777120201025,2.375409824796919e-06,1.5188650571089064e-06,0.12500010011728566
290,1.6371566430022242e-06,0.05291523635019901,0.7112085104820541,5.657635055443437e-07,0.08176480146010999,0.03043125032453866,0.012994505951277725,0.11068349251167209
291,6.813072580849612e-06,0.020828004288994457,0.8640862529074566,1.3401444174939311e-06,0.08811377393257414,0.026834140551170848,7.055642487681336e-05,5.91186779289851e-05
292,0.011350733548757258,0.08471837472324173,0.1548501335562783,1.1929756834886548e-06,0.6751980681008194,0.05403082583292037,0.008770799526190153,0.011079871736109224
293,0.0023775044956183705,0.030767178227125155,0.048661539759409685,5.577362947326215e-06,0.9113916124697374,0.006530769379398995,3.50011971616998e-05,0.00023081710860130457
294,0.33848439894799914,0.2031432304080218,0.17182605202549803,0.01749529863491971,0.1253047164029702,0.09757060905382274,0.036498312741458976,0.009677381785309325
295,0.015061149807031675,0.23011289724843365,0.0029687668840156774,0.0024851909483923104,0.6696677020965897,0.001105654380550295,0.019838816272279392,0.058759822362707353
296,0.00044219574018789035,0.12187643424714595,8.783100960415979e-05,4.724345364739609e-06,0.8660528876951241,1.289887062616081e-05,0.0017326618561375288,0.009790366235809518
297,0.0012651190793288695,0.1877078360340584,0.0019797472299993312,2.16120043803429e-06,0.7731496280694887,0.001521921684602989,0.008223186910964405,0.02615039979111933
298,0.0011775309589164523,0.16023209073512654,4.736371798751092e-05,3.278224495702542e-06,0.8181394960812761,2.0453377931444368e-05,0.0036951008394038027,0.01668468606486253
299,3.064345245432257e-06,0.4593810004912388,0.011299888169063894,1.1055241335773356e-06,0.013459895271382763,0.006547446556693328,0.1309372010651887,0.37837039857705346
