oos_period,model_1,model_2,model_3,model_4,model_5,model_6,model_7,model_8
150,0.0621362530512509,0.11449971306709993,0.37084297105384756,0.058152065638936504,0.06412623767848528,0.19298827334379642,0.06802039047326963,0.06923409569331361
151,0.05811892821705057,0.3319065388477015,0.15625291661264842,0.05401506975256829,0.07310811166811101,0.1920918863974494,0.06246995119461282,0.07203659730985802
152,0.2771990541765298,0.12564587923600792,0.04121680046829738,0.018750000000000003,0.255599843876038,0.15438712614591887,0.050095648948362895,0.0771056471488451
153,0.056422369364842496,0.09095789709517385,0.09421084007544227,0.054615120293702676,0.07038769756395004,0.19346172265287523,0.10239027960151773,0.33755407335249576
154,0.06050899200547533,0.06864135246377759,0.06312600996817427,0.07080157229651898,0.06990324124108269,0.2103847565207794,0.10088176582464192,0.35575230967954985
155,0.03542384807242179,0.04170859984342632,0.018750000000000013,0.15072166959080066,0.03194933339646357,0.1800001571750003,0.270491061560593,0.2709553303612944
156,0.05810326986107168,0.16668049570163007,0.055061435824150545,0.07968321673159501,0.07365221811317149,0.3417546927940139,0.1552912431994618,0.06977342777490557
157,0.06478982778245007,0.07224672656391709,0.06083051507435688,0.09800976848694957,0.08062555730414664,0.39605190990511413,0.09907870951432474,0.12836698536874075
158,0.06241629859631502,0.08297416352210474,0.05813724965699482,0.1380787026716189,0.08987164862316327,0.3707035335258882,0.08420749215751874,0.11361091124639638
159,0.06470096721555652,0.0830181306210994,0.059161063862506635,0.07107743001392088,0.07338096859595394,0.3803394245882976,0.15087973708348087,0.11744227801918411
160,0.06713429998001039,0.08751976874681561,0.05939120801053776,0.37412685538960744,0.07051144568497504,0.09637512912282123,0.13807459588152396,0.10686669718370856
161,0.1483471671438572,0.09333871084797775,0.05548439058117396,0.3457354508423517,0.09184604032144691,0.07256348560167646,0.09661870551386767,0.09606604914764838
162,0.06437767403159882,0.09798559332520795,0.06020467020447917,0.3901616019245098,0.11587405689344793,0.10891347455805328,0.09385413015979889,0.06862879890290402
163,0.04160130918860691,0.07165197838393339,0.025588900749042666,0.1377957623881655,0.10294070538153115,0.19470037884614383,0.22827845178213818,0.19744251328043827
164,0.022229347298169562,0.2796792095198164,0.018750000000000003,0.08644961241253943,0.2972242839764129,0.16325931733138055,0.11225795099528145,0.02015027846639974
165,0.08915585376711797,0.020095622436417132,0.018750000000000003,0.2073538844955062,0.255167280254647,0.08191499605326535,0.25859046944504455,0.0689718935480018
166,0.16723264996661663,0.08956856856343673,0.059915889366561795,0.09922933288818143,0.058266949890146864,0.08839262188050098,0.37192423532240887,0.06546975212214665
167,0.09877564166911326,0.08967518290797231,0.0600772347865079,0.16360779849350912,0.06695266723259452,0.06837793482770345,0.38896220975536855,0.0635713303272309
168,0.10356023796756036,0.04108165096234067,0.018750000000000003,0.2373421771725899,0.249905919048123,0.09293933486411274,0.2354507889872832,0.020969890997990268
169,0.2768275705656662,0.07651457363617072,0.12264728041921893,0.13615267667911343,0.05871629735004218,0.09406214061010965,0.16431669299986323,0.07076276773981562
170,0.16129172296049693,0.18369418523599285,0.018750000000000003,0.17575598752526123,0.09990817174788659,0.1512988608340073,0.18954522638005972,0.019755845316295557
171,0.02313645175738659,0.16413214972293008,0.12280340260359632,0.2201083216026843,0.22614248833027026,0.025857004545613016,0.10585058775290032,0.11196959368461923
172,0.019296878019610043,0.228591868636147,0.0198099200111867,0.018750000000000003,0.024724524796037418,0.2300967473391538,0.2272501060663925,0.23147995513147263
173,0.056609107832993055,0.35632101489875806,0.06614021240322147,0.06310701452939427,0.08760629125004764,0.10266429160433535,0.20004453678004025,0.06750753070120995
174,0.06093608576339284,0.11640861141373257,0.07299825600124649,0.06378274147789749,0.07082497806985533,0.1535882345594378,0.3970455130672268,0.06441557964721073
175,0.08062431094564733,0.09333493739595458,0.08753502805585307,0.06332134287315427,0.09434829662740789,0.07870796481418929,0.4194949917473343,0.08263312754045915
176,0.08014793178639297,0.09672569004499507,0.0862521926599318,0.06536395830619075,0.10002999796698912,0.0642501677405685,0.4282368728527396,0.07899318864219229
177,0.0741535010605432,0.31918495745671194,0.07466717208176742,0.05566368387923042,0.08162312834400198,0.05266340172977485,0.2794139529605292,0.06263020248744101
178,0.2470777566514096,0.08283653553670209,0.2598090848112319,0.018750000000000003,0.17894838585411868,0.03994132265561489,0.11818448635489281,0.05445242813602995
179,0.055493488402163074,0.3323326464080655,0.07548480096297215,0.0544894653977011,0.08131464422602612,0.05406034368085575,0.2827174115343423,0.06410719938787407
180,0.023958267199293892,0.2792078575674135,0.027676795009305113,0.019578102127271853,0.296526642483277,0.018750000000000003,0.3129580341075417,0.021344301505897008
181,0.07899915479534954,0.08328236378060425,0.0993887547442827,0.06441449463150342,0.10048874723872632,0.06559204370740757,0.42978347888498813,0.07805096221713805
182,0.07100891014529427,0.04195512984582793,0.11294987847040242,0.018750000000000006,0.10831763147085968,0.28299071915746354,0.31054247503327204,0.053485255876880126
183,0.2096790267546298,0.036880215173600975,0.1688944003284583,0.027048318917043863,0.24294397843344012,0.17536393001864606,0.10829148373026753,0.030898646643913327
184,0.05949600535532121,0.05712229902731362,0.19092481892965835,0.0530439546454561,0.3227666330470868,0.05981625333782853,0.17976560360891644,0.07706443204841894
185,0.06562077020734933,0.060575415160319473,0.3278012953681205,0.05698460701634494,0.09320215020939153,0.05357888763286281,0.2595483742853266,0.08268850012028482
186,0.08044076050679103,0.0645707926158268,0.06968968378381633,0.06747481908974048,0.13115986866029164,0.06421752856621323,0.42472991621157696,0.09771663056574353
187,0.08362445368062318,0.06989512619034136,0.08884336326288676,0.06771557618365348,0.14089979557130516,0.06285034112163182,0.4150620340859466,0.07110930990361164
188,0.07397840775083435,0.056117236301756086,0.07818756885207065,0.056570046850208125,0.3516916357812337,0.05930932500545406,0.2558429912639507,0.06830278819449248
189,0.07603116053556329,0.057264078543064846,0.06328522212736155,0.05634882103422526,0.3538712567927418,0.061987058564135646,0.2592076095185669,0.07200479288434057
190,0.08395525666285075,0.06638985029757563,0.07455253431014315,0.06670480832502752,0.1531717580543768,0.06302199820754656,0.4166776301886773,0.07552616395380221
191,0.06258588516817779,0.08057069247442603,0.0925578046774923,0.08747905591544756,0.12278001917440552,0.06379966866946933,0.4122524129189836,0.07797446100159787
192,0.0666340882892632,0.06871692258865642,0.06810561366642331,0.07410976696601806,0.12814002308883576,0.06568279127988191,0.44170391336990356,0.0869068807510178
193,0.05856263055214156,0.07024454040271387,0.05632915762350205,0.06909325174193755,0.3536861893976664,0.06142263475923028,0.23740810613997457,0.0932534893828337
194,0.06355258283948252,0.09353046406190108,0.0571000973183326,0.09339842565340403,0.360942094898603,0.061220896976223564,0.19770973171720838,0.07254570653484488
195,0.06335445077294599,0.05846289915850716,0.057349399033743635,0.07552653430094296,0.36328846149405775,0.06872346469617951,0.21720691363982148,0.0960878769038015
196,0.06178726039564213,0.058058382703148094,0.057464228556712675,0.11167001435356319,0.36436921002149236,0.06965421505015716,0.17823101954787518,0.09876566937140925
197,0.0634944482961337,0.06108029915298153,0.057922083341048786,0.06695995291080002,0.36867843144516493,0.07938934784698545,0.20358672856763843,0.09888870843924713
198,0.08624804709920585,0.15279898883150575,0.05666933000237492,0.08465168014369719,0.35137378559672183,0.08362586366345334,0.12854884127065674,0.05608346339238447
199,0.07899811568446721,0.06367219997833064,0.06111184747494638,0.09616458821832219,0.3986997409406718,0.06875642570511149,0.14769921280101467,0.08489786919713563
200,0.020691866509012266,0.021272140179951212,0.018750000000000006,0.2835824699900791,0.3016425719170511,0.020230527108405963,0.23714651146854943,0.09668391282695087
201,0.06307376826489791,0.05658735437034354,0.054193063282927216,0.0965101963218033,0.2622514518985914,0.06281441288448103,0.33358177207460915,0.07098798090234644
202,0.06703573844826217,0.05990278859537527,0.06218803440471551,0.07233097733633448,0.16160710869756434,0.07203360131249391,0.14092048900585738,0.3639812621993968
203,0.02775187666630808,0.021728558275602494,0.018750000000000013,0.2960339617557392,0.30713838318564146,0.019506541877573055,0.28982522829847984,0.019265449940655755
204,0.08890662248289638,0.06253619234633565,0.055066540244596444,0.34180273171384884,0.2381602130046604,0.05606320293920254,0.10080941684331461,0.05665508042514508
205,0.16457652124266678,0.07360607089241566,0.13947237928892947,0.14247763908305813,0.26877463237314825,0.054395734562399614,0.1023495408541052,0.05434748170327689
206,0.1670081084343591,0.05901209106964957,0.06220722158992517,0.07082873700768845,0.3789373285904796,0.07475253891917744,0.12386959155380887,0.06338438283491181
207,0.1492991747964682,0.09939905651322578,0.09424195888826667,0.07763424256303542,0.33997498492705097,0.05838447740728619,0.11765981863217903,0.0634062862724877
208,0.3655835219963992,0.05759324921211742,0.059091538962969085,0.06645925251423174,0.19397279038558038,0.06289821780596781,0.13050130733668397,0.06390012178605034
209,0.12726941571713032,0.0597001578121714,0.06187935113977766,0.07328808270525788,0.38541325258180875,0.09399202656209772,0.1301262407013238,0.06833147278043253
210,0.15669240097667114,0.058895028066347596,0.0687640318265412,0.06516039594644397,0.3778355582715067,0.06584334073313182,0.12521119045178375,0.08159805372757374
211,0.19652269341621217,0.057594560977248035,0.060591388434141455,0.06387374532000717,0.36559586802115795,0.06726723227404344,0.0964628231431636,0.09209168841402622
212,0.35573235712528045,0.05654656294456104,0.058872768836011044,0.06232730156731594,0.20453598112079233,0.10636710848677686,0.08661055942957001,0.06900736048969233
213,0.3671336543573159,0.06728851964178478,0.06493180548860746,0.05775795077546481,0.19109367347476502,0.06774637023722552,0.1001886777620758,0.08385934826276083
214,0.21394289762251154,0.0558465433543012,0.06517476260449862,0.05568116669805034,0.34758745127576796,0.068559605703191,0.08479856642164135,0.10840900632003807
215,0.3003400272013777,0.01888467663851444,0.28443209504981853,0.018750000000000006,0.0649546399204539,0.08039188141872419,0.20924004900639498,0.023006630764716377
216,0.14049849328414835,0.058593875899183474,0.059354160063105045,0.057666112928714305,0.3662692981526052,0.08351535109990929,0.08086793662339817,0.15323477194893623
217,0.39210733265616726,0.0618393576669254,0.08589994575838986,0.06673185779787491,0.1087743683858585,0.08327912329895339,0.14095661050407637,0.0604114039317544
218,0.39549381408447865,0.06509969251171803,0.060771217746475856,0.06207587408369008,0.11669304214654555,0.09064325642786508,0.14387110545394816,0.06535199754527858
219,0.40876309142799666,0.06668136613713029,0.07010066411128646,0.06472043355269884,0.11391321571779822,0.09674442760148302,0.1168957229873818,0.06218107846422465
220,0.22067571743749767,0.3556656599094554,0.06442963787553677,0.056729369483009405,0.08189014455837909,0.08791263560422054,0.07598620819708336,0.05671062693481785
221,0.363065003505374,0.05732565662244599,0.06594421925101097,0.060848762489329494,0.15367460758061902,0.09949775888007201,0.1346039001043696,0.06504009156677892
222,0.3516944771517117,0.05611753819736937,0.059998021650192475,0.05959754491544659,0.21978296443912973,0.10312093000453212,0.08383252592078672,0.06585599772083127
223,0.3843275619275745,0.05958480344202781,0.07083165003462681,0.06352342292557679,0.10701308851872267,0.1533831130745254,0.09677122832609904,0.06456513175084704
224,0.3704112870382758,0.0581061992478168,0.06091257216323865,0.06276016647413772,0.0978052299020246,0.17538690280178915,0.10987060461219503,0.06474703776052229
225,0.20653092263735612,0.018750000000000006,0.01993425438783931,0.02003767747414044,0.2635249376308143,0.1803614314651698,0.26800047180252995,0.022860304602150168
226,0.2121124863616975,0.05521481821876242,0.061656230775035806,0.05807492500888902,0.10087653672592864,0.3431982891177639,0.10131530050354781,0.06755141328837501
227,0.1745788403721161,0.057905158636707824,0.06687934024968938,0.0613830824209673,0.12641028080635391,0.3685191401101913,0.07296593923901414,0.0713582181649601
228,0.10432696241018652,0.05920885559743813,0.07088355885578779,0.06256001592598912,0.17605965008741545,0.38078922915235885,0.08348255129629652,0.06268917667452763
229,0.09845350181970557,0.06922016644787027,0.38577164393354524,0.06661829109915579,0.12134874510822755,0.1153215856837658,0.07310255557895003,0.0701635103287798
230,0.2060184194292878,0.05785127838293001,0.05506032191866233,0.06574805568207051,0.34174420629329244,0.13574655120564824,0.07631401645302013,0.06151715063508856
231,0.10515385856604083,0.06341850109849519,0.39152650492560354,0.061358486400479105,0.11338888313734855,0.1178484569434086,0.0869556177802788,0.060349691148345375
232,0.11949248594571683,0.06906591372990967,0.05855284086732568,0.06612192049086932,0.3746149728689475,0.1547751432827629,0.09431568470295773,0.06306103811151037
233,0.15183711786504814,0.07568730874457703,0.05229722937850779,0.061773737203735996,0.31573865277207025,0.15919212123763318,0.1278107648676816,0.05566306793074606
234,0.2961151849885969,0.02427889022395026,0.018750000000000006,0.02012851151530829,0.2984966164289037,0.29743846263920254,0.025670101676304003,0.019122232527734363
235,0.3806185442070356,0.08904070867008285,0.059190720321997535,0.0654802624080401,0.13231946214545262,0.13076475749076083,0.07875064668482283,0.0638348980718077
236,0.3009854522729134,0.2607793944755007,0.018750000000000006,0.021353797691798727,0.09346430534679359,0.21475168861108068,0.052921651032322686,0.0369937105695903
237,0.020565219585990016,0.023595955091987173,0.01875000000000001,0.05327941883664063,0.29942722035357927,0.275495607025745,0.28285451858027033,0.02603206052578758
238,0.06226586483255977,0.07142190263463156,0.05887400173212738,0.07323233858746943,0.3776376633611989,0.21180558055436632,0.07803903887414776,0.06672360942349882
239,0.061951791665384705,0.12470673913123818,0.05998250734866307,0.0722877387945446,0.13954257772202358,0.38807065739918195,0.08012288442047474,0.07333510351848917
240,0.062490910868928086,0.06627587832824508,0.05995782460422807,0.07641445395394679,0.17344473834906335,0.3878383492162642,0.0904205655536311,0.08315727912569337
241,0.0625840864646106,0.07526218953594706,0.059461566054025174,0.07970091911429439,0.18480172243858844,0.3831676805084723,0.08531849018625111,0.06970334569781089
242,0.05834435293023118,0.0929795483398936,0.05905139193110134,0.11636659519618586,0.3726527379858442,0.14308165684781446,0.08479826367327994,0.0727254530956494
243,0.01887561368170522,0.03710665113193313,0.018750000000000006,0.1947668095522635,0.26491713733352473,0.27677156719194096,0.11919281268350997,0.0696194084251225
244,0.018750000000000003,0.28623257440286465,0.019295894749451783,0.06863076539453006,0.118428763789388,0.3082201062618288,0.1573675860569426,0.023074309344993993
245,0.055159529689379004,0.22911459443695179,0.036895205633982374,0.048202054123447254,0.17077845507567183,0.15671496088464135,0.1137570346056497,0.18937816555027662
246,0.05338601275502951,0.06104128361848016,0.0518186992340883,0.08072342212872971,0.16141308266034932,0.31123483072814756,0.11590526522200939,0.16447740365316607
247,0.04770033847461081,0.07016443636553141,0.01875,0.1576123964108148,0.14836961454195338,0.22129113417515323,0.09652970635160586,0.23958237368033047
248,0.05289237852099154,0.06421276313238565,0.05507907050938718,0.1672345012821847,0.18957679136249214,0.08376076169897431,0.32134003418079465,0.0659036993127898
249,0.15294389060375682,0.046215233138036355,0.021628113472656783,0.033493834141906674,0.23346619420544895,0.281587856872525,0.18536441433914078,0.04530046322652861
250,0.06196103009679542,0.07905409689543685,0.05664449941497758,0.08032218046746857,0.14649689598220492,0.062022493451704845,0.3477813607539134,0.16571744293749843
251,0.0654845836534161,0.1144226156747721,0.061654608480195994,0.07387903602747287,0.0714524801795848,0.07640075104843816,0.4038080798136094,0.13289784512251057
252,0.05797782126715975,0.17071548049793442,0.05742066948721792,0.0961559274908137,0.07958874949768346,0.07135550114457877,0.10282660838197284,0.3639592422326392
253,0.06163383992430736,0.33052512726369715,0.05386829477176783,0.07363192478291032,0.06591998979508669,0.09808559292481314,0.10415365942581062,0.21218157111160685
254,0.11498791511442155,0.1548861332730827,0.04918573985771027,0.16754343362650018,0.06253463375455542,0.09468238904396124,0.09053062220578581,0.26564913312398286
255,0.044033311971734476,0.09032465558569631,0.11010825934715072,0.05597114793187576,0.2317542841878384,0.0714904128092145,0.16135721541030637,0.2349607127561834
256,0.05675381203633133,0.3379267150778158,0.05465471347701794,0.07220783252425574,0.0570699859209264,0.09910350722449573,0.11204161328937767,0.2102418204497794
257,0.059915015490407654,0.3802780475045244,0.06102824002268599,0.09151069229302074,0.06259625675770321,0.08236840939571786,0.12729473904142288,0.1350085994945174
258,0.12189925662200735,0.30098749516366186,0.05072991835424659,0.18365104605216323,0.06708899950812625,0.07575528149414376,0.10069298472087763,0.09919501808477331
259,0.14248503370156665,0.31248861149725493,0.05231973986202215,0.05325731571753919,0.05656355622581895,0.07989804674652237,0.16417186643764875,0.13881582981162707
260,0.05690003849390377,0.14433361975076933,0.05691182645424844,0.0638666722588066,0.06315082624971763,0.09177229461863105,0.16400553634894657,0.35905918582497665
261,0.05794695384040331,0.08017240389394277,0.05776614366828276,0.07003388661607497,0.06271342604219822,0.11635366805759835,0.18780275394472068,0.3672107639367789
262,0.057772720346396224,0.0978292142807981,0.056189052826193464,0.07802069871533411,0.057060442744425385,0.11452623621753055,0.35236755601123265,0.18623407885808954
263,0.05752748398568548,0.08826014397788082,0.058489121186911845,0.0744550565777916,0.060127163344454136,0.1319529014701127,0.36496455515939275,0.16422357429777065
264,0.05285236577264876,0.16101933808122493,0.05735356905432716,0.05649800072035511,0.06843467033408743,0.1112340755974766,0.32096345133351584,0.17164452910636427
265,0.0554924171021299,0.1449079568891863,0.05764826420480804,0.12694178331951136,0.05518332826125313,0.13630668787482572,0.31502604429006165,0.10849351805822391
266,0.06790310689730587,0.13618167674720769,0.059942865420508015,0.058163861708824004,0.06288618324233404,0.3635868056327902,0.16206779714473762,0.08926770320629243
267,0.018750000000000006,0.24475736820373523,0.018843915441628598,0.08661277454445539,0.019801644805278316,0.1302198280658107,0.21128660007597128,0.26972786886312056
268,0.05918802564231771,0.08619727943476461,0.0663899673967681,0.05866708336416287,0.066269671803769,0.19373924651705757,0.3756901963685917,0.09385852947256842
269,0.025574724571858942,0.2883826733653283,0.01875,0.0976488550560449,0.02582509147774678,0.08508295400572043,0.2545885806179506,0.20414712090535014
270,0.06222473295647258,0.057139394066670186,0.07954022075192274,0.06959785730822282,0.0682339541804135,0.35473095284905065,0.21614010052854649,0.09239278735870111
271,0.06252257803984682,0.060717605464076445,0.07559157555695979,0.06240838185199497,0.06745966248447673,0.3949892283871074,0.20178636047775617,0.07452460773778172
272,0.07431313635477467,0.05987330993201388,0.06168946988489437,0.06580575755410481,0.06257389726679582,0.38704291721760414,0.21084170516370046,0.07785980662611183
273,0.023402098235462646,0.018750000000000003,0.13889873996676472,0.0191968802643287,0.26985883644672853,0.18705355458199807,0.15784925347736783,0.18499063702734947
274,0.06269135752296577,0.06306366195034062,0.07354979593295617,0.08393450011535987,0.05792020390916709,0.21879518145356744,0.3686607452232551,0.07138455389238786
275,0.018750000000000003,0.0417087714839204,0.12694728067560201,0.27548051666474815,0.01885728561200837,0.26717072184722684,0.2167292019817654,0.03435622173472886
276,0.0683462427519636,0.0671271803087719,0.09090466188726054,0.0632936414066167,0.0709155300140835,0.11862835496235868,0.41923427284145387,0.10155011582749116
277,0.13183277172964278,0.15274630502279737,0.019731560756311495,0.3023051459621999,0.01875,0.04000948117695919,0.1752695167300063,0.15935521862208293
278,0.022439136610502442,0.28400126394374825,0.032599712188467016,0.018750000000000006,0.02431195652674909,0.028574337085159905,0.2915824226110348,0.2977411710343386
279,0.37750781539077766,0.06236452457853257,0.0758057398495506,0.05886020537633929,0.06644649665274172,0.0661966348494535,0.1984099700647154,0.09440861323788918
280,0.06658014812482282,0.06940074250162716,0.08779056245121128,0.09033180415491537,0.0758615597794999,0.06914836640960896,0.3758102899485825,0.16507652662973202
281,0.11286271601355793,0.06421683841779305,0.13467359234267046,0.057000625520237026,0.06772543188973963,0.061318933740087185,0.3418898092714746,0.1603120528044401
282,0.08391948039490346,0.10136211232804493,0.11481787205829105,0.05934550835895251,0.08325513391251162,0.07700416932027294,0.382075384490609,0.09822033913641438
283,0.3929989550803963,0.06266113870622185,0.1075042226109747,0.06315558736018667,0.07152355479629866,0.06130644698759468,0.13525614946493567,0.10559394499339153
284,0.10134083895273993,0.01953844567394816,0.11063916475863915,0.01875000000000001,0.20309213867065298,0.2619633114229121,0.16488335208915128,0.11979274843195628
285,0.300413611526158,0.02076250390139337,0.16058600767398515,0.018750000000000006,0.037045592703631613,0.1494590072371401,0.021854578118777324,0.29112869883891446
286,0.018916666989686515,0.0725107128611732,0.2841551801016744,0.018750000000000003,0.25312779974809285,0.05889721679143281,0.03221093886793112,0.26143148464000926
287,0.05719611802400026,0.06273780497182196,0.16183477306663455,0.361845816696473,0.13651493370562973,0.07605951946599973,0.06992786565505708,0.0738831684143837
288,0.27931388474486113,0.06490140602498304,0.1623271708695179,0.018750000000000013,0.10466296551833584,0.25899095421649,0.04698161145203519,0.06407200717377697
289,0.18917332055248284,0.06246782560151631,0.18747829344740005,0.04743594964063273,0.26998543891386934,0.05606741074274117,0.05166704346574534,0.13572471763561225
290,0.06297903784317563,0.09069115008423079,0.37207531473359673,0.05828300138097116,0.11477730715577247,0.07903989510899243,0.07072251218522814,0.1514317815080327
291,0.020373396007751874,0.09800591501453344,0.30579003141248445,0.01875000000000001,0.221594504850569,0.2886671828821075,0.025283668547004444,0.021535301285549306
292,0.07131957936751464,0.10706809206384532,0.14276140956604133,0.059851219270421675,0.3868350052329313,0.09096926480755288,0.07229412609273603,0.06890130359895685
293,0.07855619065884176,0.11512759835465529,0.13300341879369637,0.060305600974655704,0.3911115385849948,0.094249419863004,0.06238790340986554,0.06525832936028644
294,0.22178046454199862,0.12272256034713308,0.15806947751769457,0.15310906130676558,0.10640787278455345,0.1388178498334194,0.05322711747028519,0.045865596198150144
295,0.08585492084945119,0.17520265215248232,0.06318069418075892,0.05956219873773967,0.3666735823282144,0.05916129371735204,0.07974100627383426,0.11062365176016715
296,0.07185724603920166,0.17711103410510384,0.06775167064294275,0.05925462753959422,0.3812200239020633,0.060557179819768325,0.078904271395958,0.10334394655536795
297,0.0684600503767117,0.17448427642931735,0.06727398662608676,0.05913160880646619,0.3800622006552039,0.06435407620742993,0.0831117140242005,0.1031220868745836
298,0.09692920433861164,0.17130936831252006,0.06391227096139313,0.057305878893339414,0.36287886017260623,0.061205511307779646,0.07695617423149112,0.10950273178225874
299,0.05717800473589627,0.3287018337224941,0.07330600577883789,0.05367456973445419,0.09906211652010237,0.06242924801956425,0.1279995122634072,0.19764870922524366
