oos_period,model_1,model_2,model_3,model_4,model_5,model_6,model_7,model_8
150,0.07111824641058029,0.14946858587205242,0.3262417336281788,0.0,0.11699647526283731,0.11185966964568908,0.004408836260874064,0.21990645291878794
151,0.07962588967520176,0.2810873284255751,0.13763543107786488,0.025578827972725645,0.09728892759963269,0.16040255960552027,0.0,0.21838103564247965
152,0.09016053728104519,0.1789693775759758,0.14636860654891137,0.03738031544668445,0.14627417188567549,0.11495457508465175,0.04099041392109571,0.24490200225496017
153,0.07421540306589955,0.15771119178184653,0.14273297204934923,0.03549327554154022,0.15077282451668125,0.12461084845656491,0.03920636042145015,0.27525712416566805
154,0.048086575308663254,0.1402329587643228,0.10275810656930195,0.02028754571339678,0.14998666367357996,0.18512692359549482,0.040160851316095994,0.3133603750581444
155,0.06788620852452561,0.17435670709090414,0.09642874802158019,0.07035302874709881,0.16462135249153229,0.1397610518643304,0.048065842937478086,0.2385270603215504
156,0.024137630055869202,0.20378910421876864,0.09756595103633792,0.045007134636168136,0.15328123834155094,0.2601787992632487,0.011695672083037326,0.20434447036401918
157,0.03504256966371821,0.18756156155902462,0.08951458987121162,0.05925856297124229,0.14425084266781132,0.28024838285602743,0.0,0.20412349040996447
158,0.0222742751390384,0.19763267359289574,0.10565296535085174,0.09717707580022047,0.1576650912119121,0.2304480345239957,3.9138216119029875e-19,0.1891498843800858
159,0.0324672873305709,0.196436727617137,0.08504389988809836,0.022879927093904802,0.14935266346111095,0.2631117708299834,0.020172921138033324,0.2305348026401613
160,0.059606827273989894,0.21208397063302628,0.1089568342912517,0.059249869252368005,0.16967110489788742,0.11321975095755464,0.039045823816482285,0.23816581887643976
161,0.055736433568938044,0.2041728688666482,0.1059427340733754,0.058806696593192015,0.1707405406643146,0.125303517632216,0.04883005455136754,0.23046715404894808
162,0.050883793352639414,0.19369630199299018,0.11293111708191088,0.054915092990002023,0.15759850722216867,0.12722061681399396,0.059402678593680196,0.24335189195161464
163,0.05316137419661161,0.18961360419650386,0.13837690839951156,0.041340194095059415,0.1509719068828079,0.14312312614834216,0.06873236921140774,0.21468051686875583
164,0.050930074159232876,0.16201610080590376,0.12360889239079495,0.019838815721123216,0.19838353217547294,0.1552258472718091,0.07577296671035663,0.21422377076430651
165,0.02936983950792662,0.1413889948431871,0.16354578869193603,0.03582406116195863,0.22573292981262474,0.16830467889380288,0.07137438613049366,0.16445932095707022
166,0.03455594182123335,0.15243972691653576,0.14865883168590374,0.032103484863108336,0.22466880765442235,0.15422228507115093,0.10292275663809608,0.15042816534854944
167,0.025317052505524306,0.1494603896545479,0.15180209649398996,0.03437995112110598,0.232310195213806,0.1513346915220947,0.09865678611189753,0.15673883737603342
168,0.011138505205488456,0.1602921299656148,0.154149663432091,0.048267878082621736,0.22708525574956998,0.14781945998940285,0.09873399269132589,0.15251311488288527
169,0.0,0.15227822850234532,0.1677004919337181,0.08298840347662825,0.2355754831373343,0.16949765516848198,0.07979711291054412,0.11216262486994791
170,1.9903615958245474e-18,0.18962210773124072,0.14842503134717416,0.07616592713341956,0.23041049450326367,0.15614695598820416,0.08838235410444478,0.11084712919125304
171,2.1996172159234244e-19,0.18984626696976042,0.1488320118650259,0.054349099399062774,0.2298486442818494,0.16200241944910068,0.08719472462221599,0.12792683341198494
172,2.391604697021929e-19,0.1932051001012336,0.1567655493066764,0.05348795355876182,0.2248062968411942,0.1705079649348136,0.08753545059197437,0.11369168466434587
173,4.492070556685079e-21,0.19803806805947746,0.15484024188458465,0.05311503767130616,0.22247255078747136,0.16795902631394505,0.08691474721365786,0.11666032806855743
174,0.0,0.14416936354979043,0.1854895704934971,0.035600614058053745,0.21196938174951718,0.16074804488047412,0.12050058724817321,0.1415224380194941
175,0.0010705526604795127,0.1812871009104968,0.15909713263882758,1.0631851674806936e-18,0.23780107659398345,0.13254956608646148,0.1267260613582985,0.16146850975045254
176,0.0024747586567785782,0.20719376506825696,0.139165101210748,8.857847045902987e-18,0.23531931084711225,0.14776922713635587,0.12787481033396492,0.1402030267457834
177,0.06002277967126583,0.252032464747048,0.138180406247899,1.1310616233132572e-17,0.24593135928716658,0.1373307228322832,0.06778744147402856,0.09871482573930866
178,0.061708001197564755,0.2086416980861029,0.162009626900536,2.59530895038458e-18,0.2493210682504285,0.1477143973868141,0.0696659442769043,0.10093926390064929
179,0.08025479607911609,0.33638218918036006,0.10087044516811072,0.0031262676203867657,0.1930951146610907,0.12113723282932294,0.0736770681657327,0.09145688629487993
180,0.06029147462698548,0.19874462315030503,0.15096730413262835,2.9858176088480244e-18,0.2245850384982467,0.15625365782940426,0.12474927210859281,0.08440862965283731
181,0.05308782285994943,0.20389719285412633,0.1497382736546393,3.5631499717400574e-18,0.21004935423676818,0.16862262980418724,0.13687840318659533,0.07772632340273417
182,0.06260954209608041,0.2034418115197349,0.13235345489750977,0.0,0.1808635876803866,0.1730770511483935,0.1677382748045992,0.07991627785229559
183,0.06464336291707194,0.1964576859411451,0.15454390576629634,0.0,0.19793617512880474,0.16866259146166512,0.13874319828624085,0.07901308049777588
184,0.05423102505843794,0.2015731835718268,0.13473330564966912,0.006792438102801654,0.20054954972469521,0.18683168750254547,0.13589262078395536,0.07939618960506835
185,0.055552553915852565,0.18124276111211937,0.12435126606316037,0.0014018161630828608,0.20456555851434347,0.19015850431380651,0.14466551692935328,0.09806202298728142
186,0.04933867551071523,0.18803151966109383,0.09983051848736763,0.0,0.19588328425145576,0.19314828473093174,0.18831070957987375,0.08545700777756199
187,0.04609863089605934,0.20176832436843198,0.10353512186614104,0.0,0.20266444865834404,0.18880986228674915,0.1880154465837369,0.06910816533953763
188,0.05225949809686046,0.21127893413535875,0.10567042060685299,1.17816989007035e-18,0.21985655157871287,0.18620534134012223,0.1448587714199719,0.07987048282112068
189,0.05906778407329836,0.2150878873094446,0.1124931364433104,1.404168868309412e-18,0.21944914734383972,0.18010672237710443,0.14872814770515902,0.06506717474684347
190,0.06636805701411413,0.2025293935718392,0.11435026840954893,2.5415752977931897e-18,0.19098504558198856,0.17914222279441575,0.1891213360922981,0.05750367653479527
191,0.05382756014481599,0.20283798642459594,0.11951557990241427,5.813226821669852e-19,0.18392777417943373,0.1812870253938086,0.19637101116003952,0.062233062793891916
192,0.06104142354480708,0.2080943582365132,0.11023985331635984,0.0,0.1817988623848143,0.17472649052795158,0.19893085359999949,0.06516815838855443
193,0.058563802025611345,0.21414164028068186,0.0959711969774198,0.0002936857793093591,0.20884242384436721,0.18252028823417832,0.1499579498603641,0.08970901299706786
194,0.04899049887999064,0.17682130065819474,0.1091727116070586,0.0,0.20160487749698755,0.20041091242247694,0.1560283485223867,0.10697135041190473
195,0.003232807656541247,0.13835191031208335,0.09457684469011829,1.0440184000711242e-17,0.28296590165929036,0.17783013489810637,0.17643723602227024,0.12660516476059003
196,1.9765110449418868e-20,0.1558185374847975,0.07608400175114541,5.185451298686965e-18,0.29135490408992426,0.17890822066094983,0.17541690558046452,0.12241743043171843
197,0.004944692269214285,0.17459209325577946,0.10026824011745995,0.0,0.2876318954440907,0.17577957736998912,0.16481095302650656,0.09197254851596005
198,0.014546531991467276,0.14325356492489263,0.07928013691639171,0.014073276004702125,0.27894352193651084,0.16781543934165905,0.18914085325818641,0.11294667562518992
199,3.3013349538717824e-18,0.15505153106383418,0.07386963942467435,0.022394393837261595,0.29728915507693915,0.16351855742222554,0.18489728425232488,0.10297943892174033
200,0.022219575094691014,0.1392901611353523,0.08894399196824308,0.03456772490573014,0.22739876600788989,0.17730400389934817,0.19963633287337582,0.11063944411436952
201,0.006475284738968069,0.1340837939348102,0.07864615330764341,0.027888846075006916,0.2626555729819901,0.17431122925738984,0.2096038582978023,0.10633526140538906
202,0.0,0.1090886493775925,0.03417763903386996,0.027434356604215986,0.2829460066416493,0.11961819067966022,0.2454400247705273,0.18129513289148466
203,0.019852897145370037,0.15685409486532662,0.0774323375192406,0.049137120542467445,0.2322331883763142,0.13090832412619754,0.25169223753839853,0.08188979988568504
204,0.02780132697398164,0.16176308167452502,0.09220549122403968,0.05295503954915179,0.23097107799597807,0.14225074561766532,0.21366439896388723,0.07838883799977124
205,0.03119000181382008,0.13379989886225693,0.11220104253584275,0.013923636258761526,0.2546014282935688,0.1512881086955722,0.2145268191097076,0.08846906442947008
206,0.03751523711186155,0.1295863968364886,0.10200243523659129,7.358598729264374e-21,0.23207904769164406,0.14633929762571493,0.24697003486921504,0.1055075506274843
207,0.03682612426534833,0.11263909185683237,0.11377446392405563,6.669855064028911e-19,0.21920291538570782,0.14742839772102356,0.25655211218375945,0.1135768946622728
208,0.03353547709497417,0.11528206065473731,0.1006385015530612,2.9163344373936394e-18,0.2133250719922357,0.149741320429244,0.26306014272036304,0.12441742555438445
209,0.021817250436968486,0.11107088671891087,0.09219386451740745,0.0,0.2512889647102263,0.1425114940267092,0.2563015037835715,0.1248160358052062
210,0.006429850006129524,0.10857814504832655,0.09132582537626141,6.073226231807258e-19,0.29959023689209036,0.14667395209467599,0.22912585199686233,0.11827613858465358
211,0.015573567350401815,0.09987846050673324,0.0971572494335852,0.0,0.2870898991009008,0.145148882914671,0.23917385267662894,0.11597808801607896
212,0.0541194414916068,0.1203866858012166,0.09767032389366488,1.7685435824998814e-17,0.2235455373361484,0.13757244334952887,0.24561326616612522,0.12109230196070919
213,0.052712213933734174,0.1233817728117518,0.08414837959257138,9.188322244229842e-18,0.23071372696590703,0.1337386711432594,0.23835074958752223,0.1369544859642539
214,0.04861433391524082,0.12430271252314883,0.09100205082259646,2.887720605644234e-19,0.25565621924389803,0.12581637075685528,0.24581424089603965,0.10879407184122093
215,0.06317178069755151,0.1324444271454044,0.08291758958531106,0.0005032414773657833,0.2190813341087769,0.13956424854225577,0.24957890240656294,0.11273847603577161
216,0.05509985301068335,0.12191465044594758,0.09819415031252522,0.021712037901900447,0.26441995281625924,0.12282438151464309,0.2355026614709032,0.08033231252613775
217,0.08941207373120226,0.12494269491225579,0.11234297226194508,0.01960420640555774,0.19191139136139226,0.13457953678673498,0.23932433591449062,0.08788278862542132
218,0.12262776019409609,0.10275333039297965,0.10008385531346732,0.005562433232157553,0.19040515201806313,0.1277955398706951,0.2662708668536077,0.08450106212393342
219,0.12596854664372076,0.10304519874352422,0.10045813538745355,0.0029376242152764176,0.18901356528137098,0.12947093862486556,0.2664976422623437,0.08260834884044481
220,0.09503144952669099,0.08935136165637177,0.0954309075485372,4.632211430292322e-21,0.2082645597440653,0.13059912643720512,0.28761275264466124,0.09370984244146836
221,0.18786849745854392,0.04193194774995569,0.06912839249317002,0.016074955659635,0.2079911691250225,0.1104820467356928,0.2665709382962834,0.09995205248069655
222,0.20120457109689033,0.0427375920756429,0.07201536738143566,0.01080244547057665,0.18714211729620378,0.1125985742306338,0.27130407561069,0.1021952568369268
223,0.2084163380581609,0.04269765514036309,0.06095225245110983,0.00968382899122607,0.1806666643338558,0.11583699737203218,0.2696490072274727,0.11209725642477934
224,0.17468801058235242,0.05009643019849891,0.06910843197611236,0.02962347390156071,0.21240822989165425,0.12670897622294927,0.2572184757443425,0.08014797148152951
225,0.11436812446478414,0.035246631086653504,0.029326235855186372,0.010264758377432348,0.3114373518692418,0.14651494978574797,0.30445914021594794,0.04838280834400583
226,0.12363765943052041,0.062383419516023615,0.07323617971123937,0.042672109043558275,0.23363292598773822,0.14354903234017224,0.2457012476589737,0.07518742631077419
227,0.08044852203409358,0.06446953225123311,0.0808935192164837,0.07896933893344535,0.24294384241598746,0.14540840807418218,0.24894795504455494,0.05791888202901965
228,0.07907157174712795,0.06232327239416711,0.08101245040064853,0.09496517208408564,0.2521839880846924,0.1456897757199844,0.23112474681113493,0.053629022757159084
229,0.09028830846129876,0.07424243121898923,0.051295138975039414,0.12076631658529258,0.25913533458201216,0.15166820442664694,0.2300583256252306,0.02254594012449006
230,0.10521827794063274,0.060307625455681774,0.01677676204897982,0.06209639772812547,0.4317775690728648,0.11108893711960881,0.2127344306331066,7.092082560248356e-20
231,0.08400673165617698,0.08275891432116644,0.037780458257186636,0.11871612006560973,0.26574495269769643,0.1670836862662773,0.24390913673488646,5.920345516453669e-18
232,0.02942748895789605,0.06431041375960204,0.004884931225497327,0.07844746828026174,0.46826940665944844,0.1377277686862554,0.21693252243003883,0.0
233,0.07219395206368659,0.051119186960285695,1.6405545880641697e-17,0.043375982265042794,0.4408320462280843,0.1610459860534852,0.23143284642841536,0.0
234,0.1408173334301817,0.0698606256338693,0.04747820551477886,0.014766127753064299,0.4235738824585797,0.07961561912271269,0.22388820608581345,0.0
235,0.18557331076034447,0.09130216314291544,0.05631744732905025,0.04825458982675703,0.25913116158904026,0.11370389572835549,0.2457174316225369,3.0854498592687117e-18
236,0.21608298018952216,0.16592643795930057,0.011461756079662771,0.0,0.23139993102144937,0.17166160848147916,0.20346728626758595,7.151530937396427e-17
237,2.4422498561065768e-17,0.040146868213423725,0.004755499212354747,0.009945747382117034,0.3633649854622319,0.27253632815938694,0.3092505715694857,0.0
238,0.022262815961586867,0.06643024757942398,0.026973478636252105,0.0,0.5393776625648543,0.08795917400358653,0.2569966212532961,3.2791787595700566e-17
239,0.04436233881966077,0.09357497729904568,0.09084775972085461,0.08418035882666938,0.2661165962514385,0.18925143994597474,0.2316665291353563,0.0
240,0.011495021913140693,0.064601317822515,0.06244196214943707,0.08536774368905874,0.24036535871440967,0.3418463962453235,0.19388219946511534,0.0
241,0.032198585114688226,0.06130245109418207,0.05270806288625945,0.08393515567279734,0.2460372581748498,0.3394465081615013,0.18437197889472182,0.0
242,0.06014414542287085,0.0673031129393128,0.04134294313665491,0.030641247489593577,0.49539376579475475,0.09214268708109748,0.21303209813471552,2.71747227720221e-17
243,0.020534934995956437,0.03405782080623237,0.04143953403727041,0.1280022229983956,0.4045543974691666,0.155265288810944,0.21614580088103447,4.7655873557492194e-17
244,0.029492942967205785,0.14241844405511586,0.08285857047324574,0.06492827777734991,0.2037970776492494,0.2232379649678364,0.2532667221089969,0.0
245,2.429958428045847e-17,0.17701231818979035,0.008065822918617176,7.495951262599721e-17,0.3278380066740484,0.160822404683442,0.30716890853154905,0.01909253900155296
246,0.07752870540414081,0.0649763248801548,0.10280694703798383,0.0417353538463481,0.21620736612981617,0.22072303767842577,0.27602226502213045,0.0
247,0.07952493010388591,0.03395076294590431,9.478828075358176e-20,0.18625571221479503,0.29825520139592443,0.1489204431167075,0.2254395358547092,0.027653414367073567
248,0.10945630411951221,0.0719240716790621,0.06452387056710455,2.642276927309785e-17,0.35702906051800615,0.048567629922125585,0.34849906319318946,0.0
249,0.12796948294266108,0.06419069411972723,0.046122132402858444,0.0,0.25586952567512194,0.18411874820568053,0.32172941665295074,0.0
250,0.08724038817162579,0.10028166542462509,0.06428414013621642,0.0,0.15987655775692758,0.027110830140440544,0.4409896491103866,0.12021676925877792
251,0.12138318509538133,0.13708233300120082,0.1087860356617123,0.0007647856256237695,0.2200883738436462,0.051540706588106174,0.331448964782274,0.028905615401055375
252,0.09495935396148779,0.16065547748517747,0.09458756859164823,6.882142696434307e-20,0.1418583593811596,0.05862048138092168,0.2668909479519984,0.1824278112466067
253,0.09271156615533382,0.16970343755578204,0.09984651125047565,0.0,0.15533561968343249,0.057745811970566274,0.2812496708979281,0.14340738248548157
254,0.10033938827479587,0.16644366628269455,0.07677734433573714,0.07721433813217071,0.13049206532147764,0.05702887303892466,0.3184369736255503,0.07326735098764914
255,0.04290118125985511,0.14297993282713897,0.10694510371277786,0.021070848946161326,0.23090396393352075,0.030799793328790626,0.2667773861076269,0.15762178988312842
256,0.0895333256281991,0.2253728641526077,0.08889622012000337,0.08435413613450078,0.09787243820681424,0.07082101527560378,0.19679592508441804,0.1463540753968529
257,0.11347169710006422,0.17970597836631708,0.11239045087406299,0.11720696456094283,0.11470598940348921,0.10977542657265604,0.14864273050272014,0.10410076261874744
258,0.12615475729548895,0.12874660103903243,0.11970623242062674,0.1250288307024392,0.12251624002344497,0.12253124973427508,0.15132581486014762,0.1039902739235449
259,0.1091130759772046,0.22676218389390343,0.0871776965089692,0.08571668653751491,0.09478538982649098,0.07656441230284967,0.20543513465887836,0.11444542029318874
260,0.08969217221025813,0.11728131315566322,0.0657907740049644,0.09434968320910683,0.030313612997325625,0.06227905288273508,0.2830624245837907,0.257230966955156
261,0.07721703564096058,0.125130972330352,0.0387287365455905,0.07570359281098696,0.0,0.03722025455117958,0.3454495212742472,0.3005498868456831
262,0.07627049673874839,0.08365058487835061,0.06542108781969806,0.07665478401983247,0.06138587426373834,0.08652997621579542,0.3689880801371814,0.18109911592565553
263,0.07575704552729198,0.08421918239347731,0.0647346143649766,0.07841421394168324,0.06099124072845682,0.08946934351088628,0.38290570016713926,0.16350865936508843
264,0.07095326094087047,0.16979794880983992,0.067389686793746,0.07866429920512723,0.06598210057485217,0.09644265236535704,0.32962806776040326,0.1211419835488038
265,0.06810585857734482,0.1657624562499045,0.07910249851494448,0.11159958663023636,0.06251530300811628,0.1373760159646968,0.28680423193920734,0.0887340491145495
266,0.06970193798017382,0.15242868716162172,0.07096648464402983,0.08280726861884713,0.06799554145583915,0.2622008270903341,0.20237209750736987,0.09152715554078436
267,2.0348780150412964e-17,0.13475017739487918,0.0,0.025619576419172122,9.795760949461645e-17,0.1937881567373972,0.39484656435023224,0.2509955250973191
268,0.09690621408190517,0.10667685241648597,0.09826052541590986,0.11260900458154019,0.09590728518765533,0.14368165327482446,0.2510005999991875,0.09495786504149148
269,6.627151692277498e-17,0.15757294804524288,2.022308902536134e-17,0.07014705400416513,2.016020901432769e-16,0.18972691352300877,0.3133878362242989,0.26916524820228405
270,0.0753570202670571,0.07327377957644662,0.09407747849271715,0.10228501858298307,0.07800374515406863,0.2208661888160297,0.26139915115235024,0.09473761795734753
271,0.067859104161376,0.07132543554846739,0.07999587603293133,0.08367869690873035,0.07336540113114927,0.28342593119277326,0.26645220919103935,0.07389734583253305
272,0.07281448505864277,0.07131798192874321,0.06769877166206581,0.08590666015641575,0.06937039212785692,0.26871111933133235,0.2865457217368799,0.07763486799706329
273,0.03932818980458387,0.043858873163704896,0.08242271887689187,0.08433439256989672,0.14515596486743038,0.21282184022153133,0.2630003406013423,0.1290776798936186
274,0.06662588933685082,0.07105157543859729,0.07656465127707374,0.1011636186518664,0.06857185133615205,0.3184396181952762,0.22600970587855684,0.07157308988462649
275,0.11331726341801406,0.1201903774991723,0.12328838041738299,0.14250918470599394,0.11951093098192224,0.12242235724802554,0.1449815901888477,0.11377991553964122
276,0.0989106042919397,0.10525753008450682,0.10352752983910654,0.12057849602197711,0.096981582196329,0.10807621474471528,0.2608377317095046,0.10583031111092091
277,0.1075948789308497,0.16947869604076998,0.07544314780052676,0.21277461541208817,0.06403992769028063,0.07548786737677099,0.13366866938317956,0.16151219736453423
278,0.0691818825208629,0.2055761368378995,0.07914239875871047,0.08635230713944146,0.06524124273091436,0.06196684640393822,0.24104339658919519,0.19149578901803793
279,0.09988715653704497,0.12062208130141266,0.13046209160981617,0.1492598161813477,0.09768642904206924,0.1029577480254433,0.17555553799998702,0.1235691393018788
280,0.07701508565836987,0.08881257493139136,0.0972961819281706,0.11284218658999437,0.07511986605060697,0.07674120525422753,0.2899402992235576,0.18223260036268163
281,0.11277104547405015,0.10265224528831815,0.13772908012046065,0.11345360240145894,0.0933473103854045,0.09695318520720346,0.2131325079705799,0.1299610231515242
282,0.1037421067561237,0.1191307223536322,0.1269522663540756,0.11354153845051299,0.09830466652466707,0.09952312252302924,0.2200503651173767,0.11875521191958245
283,0.11484349117773918,0.11998055711805863,0.13362595048487316,0.13403120826807743,0.11465548214627107,0.11744943223655198,0.13667741209485573,0.12873646647257278
284,0.09637557359429377,0.06477535636764749,0.09421037003183516,0.08565541451744534,0.16493883835033904,0.14704746765910154,0.23293474432791084,0.11406223515042686
285,0.11075539954241737,0.11687485291734612,0.1290483809341503,0.1375694442823279,0.12026540891962546,0.12267791969936351,0.13569188240788263,0.1271167112958866
286,0.11240703751388717,0.11576295696727094,0.13034725290647897,0.13786723977464427,0.12111978033773084,0.12121961119715569,0.13629648389397267,0.1249796374078593
287,0.11807396899815178,0.11723873702050298,0.13289335833998303,0.13553454826457445,0.11811550351368709,0.12132316314326677,0.13663141600218362,0.1201893047166504
288,0.11778035381683019,0.11726492467266147,0.1333022875711801,0.13560888093746187,0.11862754138874992,0.12086359082184926,0.1366618685404201,0.11989055224984715
289,0.12031704372572025,0.11510838407328378,0.13147820180587796,0.13557951554363265,0.11958408423986791,0.11856290254378797,0.1370457856623895,0.12232408240443984
290,0.12082207498044005,0.1161267690057526,0.13004264463717075,0.13517114440098774,0.11952036238370446,0.11920613787016077,0.13640080827111026,0.12271005844967328
291,0.12213502123201486,0.11696247561371582,0.12850488414658134,0.13501883427577518,0.1202248724940121,0.1200771174994685,0.1353114000442492,0.12176539469318284
292,0.12233939522144041,0.11688908924004247,0.1285263241282574,0.1347699516722556,0.12016752522247458,0.12023978368612279,0.1353016119289811,0.12176631889942553
293,0.12269361700521589,0.11688534743904871,0.1306062682031788,0.1329676268275462,0.12457484287788545,0.11967581712780129,0.1305032884624479,0.12209319205587575
294,0.11816903169577493,0.11893299386722447,0.12249175820833026,0.13622194864911016,0.125625952356527,0.11199692550809173,0.13557305081409518,0.1309883388998462
295,0.11093037008407361,0.13131595578404306,0.11423022742121869,0.13560509562963158,0.14761167469681935,0.10552773403895221,0.12800888669844604,0.1267700556458154
296,0.11133107213803241,0.12574103158907174,0.11927573504387455,0.13744538937127407,0.1317510408898819,0.11269814016921278,0.13257865607025365,0.1291789347273989
297,0.1073501249066007,0.12785947444453935,0.11512202091274537,0.13329215774003134,0.15248855247149315,0.10844192927176736,0.12873697106274942,0.1267087691890733
298,0.11327499499629888,0.12123081926669357,0.1224668186215872,0.14316065895321842,0.12763874240462844,0.11327057833529544,0.12863279873243896,0.13032458868883912
299,0.06425522242436639,0.26968566167792035,0.0785330081182185,0.088066144007555,0.071229331620356,0.06881452751023977,0.1287408162663067,0.2306752883740372
