oos_period,model_1,model_2,model_3,model_4,model_5,model_6,model_7,model_8
200,0.058412310850937794,0.27056447251247173,0.20770606242694928,0.05681042304466535,0.07702306157514008,0.08252068610674805,0.09771056861905116,0.14925241486303661
201,0.2463267341765266,0.20996278881837954,0.09501095549987465,0.145377382088235,0.0,0.08285130545985674,0.2204708339561274,9.19906897474812e-18
202,0.09593774195132976,0.21371429946984286,0.1823546192919295,0.1500108881989874,1.2019066649281478e-17,0.10526286286027833,0.1896090967616441,0.06311049146498784
203,0.18091977832439027,0.2335209372444375,0.21207185785971724,0.17635094599673629,4.452399776401074e-18,0.12639038532490615,0.04638978607543844,0.024356309173374106
204,0.16580005403972087,0.17711384914818326,0.26294724074745973,0.14888025997260235,0.013265695526818744,0.14316941628609142,0.0793266020153405,0.009496882262783082
205,0.18230766223143557,0.23503198638097905,0.10394185708742308,0.117428708040647,7.398832794258914e-19,0.09924809880217948,0.259146979059557,0.0028947083967787762
206,0.23751963644567708,0.13362979750125667,0.11719688955285673,0.10632531382150484,0.03173945345213458,0.12291794088978812,0.10483122141458576,0.1458397469211961
207,0.021945689479952745,0.24464217465160973,2.4626191885123835e-17,0.04995102583667993,0.17780997952282493,0.09677517280284245,0.4088759577050901,3.600228839006078e-17
208,0.16986532984216124,0.26988102842757017,0.004752503487437166,0.01360348663076619,0.12866139888812578,0.06317842414846173,0.3370079606886546,0.013049867885823052
209,0.0342677659363194,0.3531649172005012,0.07212132388418456,0.23777719358943641,0.07001032884662685,0.07907097953445982,0.15358749100747168,2.4052162281751846e-18
210,0.2532756981410268,0.19658555443013145,0.0,0.1515329218148503,0.20200080747003735,1.729684953427894e-17,0.19660501814295397,0.0
211,1.3114974329455148e-17,0.2663988694815121,0.12452554517179067,0.027228876170257533,0.0925908915467668,0.09942972848838583,0.31520776958411695,0.0746183195561702
212,0.2474245827363837,0.26391406065217055,2.2391660067779858e-17,0.0,0.20916256881156006,0.009880607813851769,0.23693655832946836,0.03268162165556556
213,0.14984836905859625,0.24571805311963948,6.725099034533397e-19,0.1247772409449578,0.06680669144535598,0.0999029660636827,0.27289397933467746,0.04005270003209026
214,0.32763856760573323,0.22593056645673384,0.0,0.0,0.13704876405218108,0.00672233360637358,0.21023283377899846,0.09242693449897989
215,0.20985481901998035,0.2777142489738054,0.0,0.00015100361971874182,0.19547414805873267,0.02902844560120041,0.18919285346120537,0.09858448126435713
216,0.09004504807615832,0.33438100686811023,0.08053354909020444,0.0,0.09181422257729054,0.134008738439221,0.21414141007953236,0.05507602486848305
217,0.231052329172274,0.17245290401669414,7.5477260750456e-17,0.1561576021992689,0.0,0.10564454124795125,0.2597428848037432,0.07494973855906834
218,0.10427173016441915,0.3544027161507762,0.0,5.884486819541895e-17,0.08402355249550233,0.20172252464546012,0.1255197307281026,0.13005974581473936
219,0.2928820619123976,0.2546229073958455,2.913352616721511e-17,0.02562950033651962,0.19815066818136395,0.07409215207025087,0.15462271010262246,3.138920137553066e-17
220,0.16453249536844508,0.37456886954636953,1.7615347157336045e-17,0.0,0.17877330326796123,0.10743263768537385,0.17469269413085034,2.7196427991295474e-17
221,0.1601206193638346,0.3786564260260367,1.0218723093538594e-17,0.0,0.13536038025158115,0.11912462724993442,0.20673794710761317,6.925129618507422e-18
222,0.27887251459626283,0.15604591383332195,0.129756636184194,1.1922809295760006e-17,0.24029037741153245,1.400158696699759e-17,0.07367971943707835,0.12135483853661035
223,0.08770124454163489,0.18527760556405026,0.0997194784895587,0.06970384489505986,0.25168331150408224,0.012505442898994024,0.21490817268715195,0.07850089941846804
224,0.007692001528030156,0.2932780348711086,0.08919337197361285,6.090696286344362e-18,0.2790083734995128,0.06442358033998355,0.266404637786752,1.0118337950534533e-18
225,0.32205302416944087,7.054842126467446e-17,0.18630661527961745,0.0,0.11686872704375205,0.0,0.16294360806436156,0.21182802544182797
226,0.35817440103144804,0.2409099906504956,1.686842291653611e-17,0.0748086486541532,0.16212271765137934,0.0,0.06273922283555505,0.10124501917596887
227,0.41158376925734186,0.18176173355554162,0.02480894853079441,0.0363117100404218,0.12522756240295022,0.005681763133867893,0.15619355186868386,0.058430961209398294
228,0.3742196444410689,0.05684786380127437,0.16036712704591852,0.0,0.17353588010667428,1.8336728060820366e-17,0.17087027748321296,0.0641592071208509
229,0.2691462158641276,0.2532099139921245,0.0,0.0667787799930755,0.1938047625558044,0.044015760652185945,0.13440603725642705,0.03863852968525495
230,0.445191226746388,0.0,0.23459943794097587,2.998178995922004e-17,0.0,0.0,0.26890970785563734,0.0512996274559987
231,0.2983450597169348,0.21718286716500096,0.019924035451009608,0.012741561740744122,0.18207694149945014,0.0807903765272663,0.18893915789859403,1.5818346281546141e-18
232,0.34853948022515424,0.0,0.21611161684299138,9.976221703853163e-18,0.24764451730832152,0.0,0.026017522347214394,0.1616868632753185
233,0.4030690163316299,0.290534401015832,0.008613653811640334,0.0,0.06588706647524616,0.15698121325566325,0.01921653125992749,0.05569811784906093
234,0.4083915836271123,0.057598065419566725,0.08127073621943495,0.0,0.17664207079500113,0.08901177005650182,0.041822859696587375,0.14526291418479564
235,0.23887745374888755,0.0,0.05806304395037665,1.7148049668248153e-17,0.2615558164933098,4.8678004096810696e-17,0.17184576001888563,0.26965792578754033
236,0.2918177694066432,0.3093489160996042,1.3031019558343142e-17,4.542875924136684e-18,0.1240540252394286,0.08602987659955944,0.11539050960604964,0.07335890304771495
237,0.3054398050096192,0.2873849210001082,0.04690557130196517,0.0023084190287356358,0.07050643434936,0.1361371177486782,0.14903636819757488,0.0022813633629586165
238,0.2637385440125783,0.24036059948913327,0.030552383014591455,0.026394028244374545,0.03212148133119237,0.12739154902844385,0.14384577679133276,0.13559563808735337
239,0.09597565307743647,0.4366822704983891,3.0253634595729195e-17,3.2987327553871306e-17,0.02592186025374693,0.176825724882448,0.12278203489653174,0.14181245639044748
240,0.037910107420257515,0.36077646231934624,0.0,3.4463123645782845e-18,0.24593604410987602,0.23055750654491122,0.044940671894333345,0.07987920771027553
241,0.0,0.48507944048134866,7.638822065917034e-17,0.0,0.04227143367474617,0.28297767493022674,8.776144031041651e-18,0.18967145091267837
242,0.09831239019181771,0.2932952323147728,0.0,2.787504431885533e-16,0.056524780705823015,0.0,0.3241346517160636,0.22773294507052255
243,1.588431711069084e-17,0.13649161891039888,0.0,0.1261907811981044,0.04932206058834326,0.2851258879627218,3.8299973405258985e-16,0.4028696513394312
244,4.6548931407963906e-17,0.5116578456723507,0.0,0.0,0.042940447001846405,0.15790155462565017,0.2225811263833378,0.06491902631581493
245,0.11480599382112296,0.4030429888536697,0.0,2.344148858447355e-16,0.0,0.020519913460844492,0.41951822011437445,0.042112883748988195
246,0.13030472186105388,0.34111521470375955,2.7410515568713787e-18,0.0,0.08852103283558496,0.25743366611635626,0.13964542085589063,0.04297994362635476
247,0.24492876066499944,0.05114996924945972,0.03938736764106504,6.988855612898441e-17,0.18661048342408507,0.20205746352814108,0.1395824457889898,0.13628350970225975
248,0.20386810011929218,0.23135482121864323,0.036588735230999425,9.474669011238263e-18,0.0774620303836287,0.2130688082467103,0.15366678266909536,0.08399072213063073
249,0.1368638241130704,0.252439696420727,5.0699686453447475e-18,0.0758934506133425,0.14225546780056095,0.19602044782964895,0.09922310185465964,0.0973040113669905
250,0.0,0.31515896443910285,0.0,5.391517902143269e-17,0.023033714077343687,0.25580907052134944,0.1449159932933452,0.2610822576678587
251,0.0,0.0784396671108427,0.0,1.7739718890147613e-16,0.2299311282397067,0.17995663905790127,0.089453958844996,0.42221860674555295
252,0.0917184215863178,0.24512060501810007,0.09317073647450526,0.23483296498387607,8.338245272322197e-19,0.05872941594997091,0.13885179910905446,0.1375760568771753
253,0.048630342985904705,0.5008671664698643,1.220811646217457e-16,0.0,0.0,0.0,0.15121260885087298,0.29928988169235793
254,5.670217131763266e-17,0.38669776103919057,1.7013514683869755e-17,0.11684536088426196,1.273353313344267e-17,0.2645945117598046,1.4200053433732463e-17,0.2318623663157427
255,0.03289589434229771,0.1980840577489129,0.0,0.0,0.23909137303728362,0.1460409365857102,0.10688105644271426,0.2770066818420814
256,0.12829470594115897,0.27801697145618004,0.01798462725342233,0.08157877115917658,0.06466614441461875,0.16171267316838747,0.10598531442810494,0.16176079217795086
257,0.0724401148602504,0.14284083219397053,0.0,5.224786666470126e-16,9.382953134076248e-18,0.17215024321678277,0.1446767816401877,0.4678920280878079
258,2.9936266233819996e-16,0.14777048897912512,6.143036516020373e-16,9.686895807533427e-16,0.0,0.0,0.49013939636206816,0.3620901146578046
259,0.11320821202697688,0.32339954619895445,0.06782084235174186,0.09232344798743451,0.06799822933928018,0.08684011372560588,0.19953073540670055,0.04887887296230567
260,0.02477605317175124,0.1984256997374283,3.421584296474404e-17,0.0,0.27880687837783086,0.12796231642423384,0.0870645878563291,0.28296446443142653
261,1.906084362753726e-16,0.49715102942470196,0.0,6.00498090437831e-17,0.11727212429368387,0.0,0.0,0.3855768462806138
262,0.0,0.8376749164050541,5.142547279162726e-17,8.695012173774473e-18,1.30296889687598e-16,7.458736091535094e-17,5.526307830734115e-17,0.1623250835939454
263,0.1444876295397831,0.2229338358931003,6.272563239504522e-18,0.07202140535788519,0.11326046785648321,0.1248101355606583,0.13271701430938943,0.18976951148170035
264,0.0,0.4455975932559456,0.0,0.04411273898925688,0.03601324310297998,0.21275018560648595,0.0,0.2615262390443314
265,0.1593758399137819,0.09297269925413433,0.0,4.945756557585949e-17,0.14757246300849503,0.10223965065543693,0.2227316842377054,0.27510766292944644
266,0.2111900137127919,0.12306135064995953,0.0,7.759361780345505e-17,8.476338112504111e-18,0.057073116463293855,0.22185959966863153,0.3868159195043231
267,0.027722559776410388,0.2551425246114531,9.860813464789878e-17,0.05642497590317314,0.08454687531122217,0.22069381613516714,3.056555447855528e-17,0.35546924826157367
268,0.14244313685319737,0.1828768261832655,1.0379202922464915e-16,0.0611033080548477,0.10001947028414472,0.18229785663535603,0.12104546769245177,0.21021393429573687
269,0.1808343639372878,0.2338549715713397,1.942195593726435e-17,0.08481547818503399,0.03740454375107596,0.13372227215117824,0.16536072972317697,0.1640076406799073
270,0.0,0.37990174302001983,0.0,0.06162755069682891,0.20365608392465448,0.07045183076628397,0.17912976435885336,0.10523302723235932
271,0.13266860631798064,0.19901292575204077,1.0560273676523875e-17,0.06420886934973324,0.08672499594542954,0.1867429421158634,0.12448193159919817,0.20615972891875423
272,0.0649562375809346,0.24847953468803613,0.0,0.11041339300334795,0.040980719533932564,0.23217205908984756,0.16851860428383394,0.13447945181906718
273,0.13987907482952128,0.2057280323360136,0.0,0.045814855404113196,0.0811950371729881,0.18923955051012614,0.1359563096692643,0.2021871400769732
274,0.08700388610856152,0.2294616625973748,9.892301914604028e-17,3.52642315254274e-17,0.08201049404807301,0.24739267170598503,0.09121752602006478,0.26291375951894064
275,7.75451166632023e-17,0.23020100258037213,6.066308366853708e-17,4.293756966512327e-17,0.0,0.28229016007658936,0.13907032356890522,0.34843851377313306
276,0.13148064912667048,0.21848472378771558,0.0,0.035427605524457555,0.0927690009964528,0.18660289144223788,0.11480826465446466,0.22042686446700113
277,0.06695210505410161,0.18541433545790043,7.065271219630502e-17,0.018578155264566514,0.06939729970074818,0.2739717170489622,0.11622920781551821,0.26945717965720256
278,0.13570737091840335,0.2023350360910758,9.198973683541557e-17,0.014023853142993802,0.11549001588460489,0.18818270733192574,0.11135598349851344,0.2329050331314829
279,0.07234462034102783,0.24102068042100228,0.006302237048601416,0.08069163481067487,0.03886010617513736,0.2506839382461077,0.11347556676997782,0.19662121618647058
280,0.11088861619611481,0.19534962640565232,0.0,0.04000106684934118,0.11283317988836564,0.21200519101869664,0.12432009190355779,0.20460222773727166
281,1.0480180291568558e-16,0.1173916109730847,0.0,7.499899460591457e-17,0.0,0.26478555093776357,0.1730998508966389,0.44472298719151254
282,0.0,0.11930118039400182,0.0,2.8603701897311394e-17,0.026463656798573012,0.3178525974795882,0.07541281702174046,0.4609697483050965
283,0.12305626422980098,0.05996497954339987,3.470934553563759e-17,1.871641057942673e-17,0.16466153123956975,0.2351087938534608,0.11747332429597224,0.29973510683679633
284,0.026014968164936425,0.17092464742997648,0.0,3.357532723794282e-18,0.09501418333855557,0.3047587186258695,0.10606705291148821,0.29722042952817374
285,0.11511749578395807,0.1603037953865386,5.606233145184789e-18,0.06541090490433792,0.05994844555796102,0.2547250379965266,0.14327998292390867,0.20121433744576908
286,0.020476808830865684,0.45248211842196845,1.8192705990007673e-16,0.12064843550786371,0.0,0.1895852164103945,0.028166499439021622,0.18864092138888583
287,5.014580717054421e-17,0.007681819789414144,0.0,3.201688143878798e-16,0.0,0.603854036671261,0.172144010266888,0.2163201332714363
288,1.8312075360011948e-16,0.24075713909310273,1.4321887204319128e-16,4.213207094195699e-17,1.6207334300313606e-16,0.2892589578717456,0.06112200737613298,0.40886189565801817
289,2.272115491316225e-17,0.4766177489995637,4.760965642541901e-17,0.046972900791655225,3.937808303746517e-17,0.018033821024431775,0.2895634489697667,0.1688120802135824
290,0.033132174438552514,8.092171075565828e-17,0.0,3.1572134849538413e-17,0.2161255022676928,0.24049982004150722,0.19795915700025624,0.3122833462509911
291,0.11466102157062467,0.16032767496026026,0.0,0.09118362697396273,0.05711495068427033,0.22612257288389995,0.15098269788639118,0.1996074550395908
292,3.00345826847373e-16,0.0,0.0,0.0,3.957998768725288e-16,0.5215545540114443,0.1602933267407306,0.31815211924682435
293,0.1300951309641355,0.11497100225343149,2.0094268486812076e-17,0.0820739169382878,0.1767756088472406,0.18393482326780056,0.1569533579001329,0.15519615982797108
294,3.0242116344456167e-18,0.20138590305904736,0.0,0.07672969326512352,0.10163594778710966,0.22212523723685854,0.029181812884299885,0.36894140576656087
295,0.008518338334526213,0.05120117719860464,0.0,0.03846484513023911,0.11728928368468962,0.18202141076285136,0.18180926380800227,0.42069568108008665
296,0.032747899616590935,0.10571405268228017,3.9208419361301806e-18,0.0520726900946474,0.08952313559231638,0.3904466870704118,0.1543769376795362,0.1751185972632172
297,0.0,0.22947686829008043,0.0,0.11847476260605531,0.032810186037880204,0.36062303371223303,0.09654912761698912,0.16206602173576196
298,0.03277650577348132,0.13161885691778463,2.716840443563118e-16,0.0,1.8218487555339703e-17,0.31002289550921636,0.12774386423323772,0.3978378775652798
299,8.480857014983426e-17,0.04703485627849765,0.0,0.08310391147601501,0.11072458362647346,0.3321430245789773,0.06354612824338483,0.36344749579565166
300,0.04276046862009249,0.0,0.0,2.1762393997309347e-17,0.2341544145045376,0.2226732789465882,0.17636503965630293,0.3240467982714786
301,0.0,0.051737179930833266,1.158293106196568e-17,0.07136681278172069,0.0004934779270423468,0.29068187628185177,0.18357459698068002,0.40214605609687176
302,0.06175366313360828,0.07790643993449156,0.0,0.029699282018417626,0.0,0.4169431948801704,0.04240106016410068,0.37129635986821147
303,2.5048385693223943e-18,0.06765638273511551,0.0,0.07292985230536093,0.15852573524601868,0.2803241679313962,0.1605409039738254,0.26002295780728324
304,0.018542306999043304,0.228710542979946,4.3637813953517835e-18,0.1951207622237186,0.26837803925946785,0.12000016857859294,0.1692481799582313,6.88944835560437e-18
305,0.13893653385509633,0.0,7.850777811177834e-18,0.0,0.05415069089772908,0.34131553830331884,0.08315923794492336,0.38243799899793224
306,0.0639086177211117,0.1262453758994123,0.0,0.1372984391851337,0.16786732827754133,0.25396073236640226,0.08537834655437432,0.16534115999502424
307,0.022528997001583232,0.014453510997360959,2.82570191203752e-18,0.1483880955071514,0.16537722187163081,0.3185887832106678,0.24113277826510274,0.08953061314550294
308,0.008380217385896902,0.14716197216246696,0.014832704733538206,0.15797738151024032,0.055122488787545804,0.3025838949272241,0.2955683778453049,0.018372962646782787
309,0.0,0.0,9.666892372892579e-18,0.031991970022532665,0.3185666281169239,0.29102993608051975,0.3218785816584861,0.036532884120537595
310,4.162249707127933e-17,0.08264894330404347,1.4773009857059946e-17,0.0,0.09304713108241647,0.2626858031785339,0.49386251187061,0.06775561056339614
311,0.0,3.079642107310043e-18,0.0,9.193964313822537e-18,0.20928198138658644,0.3826472919688986,0.24253558759070248,0.16553513905281247
312,0.0,9.44350738327196e-17,0.0,0.06898197802075548,0.19275436042474167,0.3910887833325769,0.24020082147647387,0.10697405674445194
313,2.0880716172167088e-17,0.0,0.053879111340296125,0.01110363218592649,0.10716297238878456,0.4774581971267796,0.20352763592350936,0.14686845103370377
314,4.543486047598471e-18,0.26603222142187966,3.0922552869365803e-18,0.04315079883627689,0.011954478549864336,0.2553927035800697,0.3342425749060014,0.08922722270490796
315,0.01349364492770479,0.0,0.05078620070771068,0.12237834926421542,0.16054293844873663,0.33562181638017824,0.23896606217208904,0.07821098809836508
316,5.539920881874485e-18,0.011931913554325706,0.04433935667351163,0.07928000157770695,0.1236296791037697,0.3402559979874322,0.30135144688973864,0.09921160421251497
317,0.01783572641206171,0.014477068033473033,0.10623731136138652,0.13771278267492168,0.1465557648071345,0.27287638220485483,0.20925840138875718,0.09504656311641052
318,0.036773302073161214,0.01731657082177704,0.10331363150524198,0.13879204128466732,0.09599733039437425,0.2082865073581584,0.2681206300391375,0.1313999865224823
319,7.141119431804882e-18,0.21881515031826015,0.0,0.13340944022721815,0.09228469438673706,0.11544261015894998,0.2916187476108263,0.14842935729700832
320,0.1221085505908969,0.01582916843430981,0.061257347408797375,0.10119145847141252,0.04460914298732236,0.33532759235808085,0.25315171032376915,0.06652502942441106
321,0.0568296906934738,0.015539670791190221,1.024254739131537e-18,0.008434072545871026,0.05418693481045628,0.39346423173754747,0.3425384600701176,0.12900693935034355
322,0.1329921694942247,0.057876280524198985,0.0,0.11501557019420589,0.09800974612610072,0.48103091484069915,1.501132964946251e-17,0.11507531881957045
323,0.14394683672830844,2.067395666008866e-18,0.06672865993625353,0.10054660455092543,0.08551825871439582,0.28052683009463575,0.24458501024467494,0.07814779972980603
324,0.20814925668402798,0.046378436601373765,0.011546313447907967,0.05449440176855051,0.04528676103512966,0.32999972118635995,0.25730506725719837,0.04684004201845184
325,6.511274988875675e-18,0.1909265930780321,0.10860678811345731,0.08507398396631637,2.0285949492763656e-17,0.13465175132075233,0.26196945751079537,0.2187714260096465
326,0.001082222406533093,0.24615495015118405,0.08989288255135935,0.09874058319290034,0.0,0.25648957538524025,0.2330860485109287,0.07455373780085418
327,0.18166143852671698,0.3289365207973187,3.347044338324915e-16,0.0,0.003699893382106445,0.16523744763537182,0.027939713844439284,0.29252498581304637
328,0.0,0.13254010956132745,2.149171678623411e-17,0.1513409949112696,1.8969660055314606e-17,0.12820487946527948,0.3163114402931869,0.2716025757679365
329,0.14443852674190286,0.22234151691944223,4.751687280386993e-16,0.07072633173455653,0.0,0.18820096022889635,0.16391986541992348,0.21037279895427802
330,0.08044711014555489,0.15495048088522614,2.802596441423222e-17,0.11377634320495138,0.114151680827269,0.05213796185421882,0.35116120686980534,0.13337521621197426
331,0.19077405555900995,8.605907683654288e-18,0.037950968328402106,0.0743755379904755,0.012884446730564325,0.36551734516519585,0.19587743270120858,0.12262021352414365
332,6.745248227212747e-17,0.1525559096645071,1.0105986010497845e-16,9.549387830865762e-18,0.04792222558312012,0.33813742919405465,0.18768810006623401,0.27369633549108385
333,0.21886547744690013,0.0,0.0999082049269414,0.12026831777411763,0.0295661301073175,0.24876155264436606,0.18941748510811685,0.0932128319912405
334,0.2001957931563659,3.677140754105671e-17,0.047578424337949766,0.06887006173439704,0.01817593692332761,0.35919686358141806,0.17754394930198888,0.12843897096355272
335,3.3899694627937446e-19,0.11963945039445814,0.0754306893404002,0.10743800388686324,0.0,0.23910384894725528,0.37139497209541716,0.08699303533460584
336,0.40098913332562375,1.0845621614870028e-17,7.822137509648828e-18,0.16522552230424,0.06593713755394266,0.218890904276457,0.0,0.14895730253873657
337,0.23682132720795437,1.5493164341507634e-16,0.0,0.07374591757030285,0.0,0.3925968682267864,0.04150979347961265,0.2553260935143434
338,0.3117205193425431,0.03218624973949191,2.5881726978039703e-17,0.0,0.097560717552932,0.4615162618439573,1.0733177991122132e-16,0.09701625152007562
339,0.04093489059199821,0.18082731090922494,2.5529027113633017e-17,0.017816302555573052,0.0,0.2945267656880558,0.3336381079435405,0.13225662231060747
340,0.12011624558117757,0.12145612132587451,1.7706482608504592e-17,0.10880929133649085,0.12566979455841487,0.3418277476616523,0.023724041093908785,0.15839675844148104
341,0.38934021953587067,0.06742154828374908,0.0,0.1334218579461595,0.0,0.257846066896408,0.07160570446393069,0.08036460287288207
342,0.0,0.1827339177010764,6.922270056406894e-17,0.03187079348888277,0.20123390295802562,0.1761573768918339,0.17187960782489556,0.23612440113428565
343,0.33239338135355423,0.12153001919190436,0.021910858878279465,0.18521466344925877,0.0,0.10647584152578303,0.10867081488390314,0.12380442071631693
344,0.24509000342173745,6.45084278411571e-17,0.0,0.07177638779011628,0.22261663607471865,0.21452053360092246,0.0256997846986838,0.2202966544128212
345,0.24577796396671586,0.09060427192785978,5.248639657656023e-18,0.16142622337603088,3.689675518236042e-18,0.19370469359677728,0.1334992446460721,0.1749876024855441
346,0.4399609109562736,0.10597718016144958,0.0,0.1475560763751728,1.963008119682738e-17,0.14022483236619773,0.06970298464116424,0.09657801549874183
347,0.2898198768267428,0.0,0.07304758905442867,0.0,0.20880475502279117,0.27452923270992463,1.0413952449125987e-17,0.15379854638511264
348,2.448534075645773e-17,0.20450369139514135,2.4242753698641258e-17,0.0,0.3311140508057779,0.2072919796351693,0.08442520763510927,0.17266507052780228
349,0.28939629628025015,0.025963042136395807,0.010413870281257134,0.0,0.16798910397879024,0.31973263465133084,0.014855907902413576,0.17164914476856227
350,0.22635804747311983,0.0159341392898882,0.13279408113297786,0.0,0.16617614717095713,0.25399094680248424,0.07440315544285918,0.1303434826867135
351,0.24341447020608645,0.029517397809726384,0.08527883662564129,0.02223655108507023,0.08867226603365433,0.21607068867076368,0.2315881738602224,0.08322161570783512
352,0.26408286978122714,0.019946138555001484,0.085283065711614,6.510506990826855e-18,0.1455369663488052,0.2637405670613028,0.09397588558157267,0.12743450695947672
353,0.0,0.3828199401140846,2.2747505189344048e-17,0.3044173923954532,0.03673059164337521,7.621765285814964e-17,0.20770517244848788,0.06832690339759906
354,0.2445199914350337,0.08279605147955947,0.026578704315029435,9.787495484806324e-18,0.1482178773834164,0.2072883280507793,0.15832336903784594,0.13227567829733572
355,0.2511246073988459,0.07492623904493308,0.0,0.03153544261293678,0.0881029498296356,0.16517808373765325,0.23934799356226763,0.1497846838127277
356,0.37004703597716154,0.016281536852606856,0.0,1.3389896830182589e-17,0.16367296089313826,0.25522785852795304,0.0,0.19477060774814026
357,0.245968089466538,0.24207739699991085,1.2333532924905244e-16,1.725689340197022e-17,0.20937378087311329,0.028749517490580558,0.00048367441433445945,0.2733475407545226
358,0.24754232199894108,0.13736766033676587,0.0731112384343779,0.04202416196998705,0.08709824317996977,0.08958784380796753,0.18004151720304643,0.14322701306794428
359,0.28223557762364093,0.0773977250571665,0.08162389545197865,0.0,0.10521703467376327,0.1413718427157262,0.15170171649132333,0.1604522079854011
360,0.27312734005344524,0.03258582195836876,0.026437891395042636,0.0,0.12691913509992736,0.18434099820349514,0.1317414089828117,0.2248474043059091
361,0.325815835897258,0.13164423840847359,0.07870126074013115,0.0,0.12710242167081118,0.0949393980771106,0.07640841287400886,0.1653884323312066
362,0.2760676927463747,0.10242553934250924,0.09288153859808035,0.009409536998778341,0.16553705364127114,0.08562787665311729,0.09151649607685142,0.17653426594201752
363,0.31162874531591933,0.08555441850819101,0.04835558444490292,0.035565777464879676,0.13557984303513165,0.09410272107942927,0.08254576146362158,0.2066671486869245
364,0.2924578267753703,0.07248236173837071,5.759580519351146e-17,0.0,0.2573436666909633,0.17460709586605858,0.03460263739363807,0.1685064115345989
365,0.19429779903684943,0.08900811970975146,0.14376993382954975,0.005159837853675402,0.1745365815574214,0.11331332633815445,0.12137702161441456,0.1585373800591835
366,0.16843361792238729,0.11657782615852642,0.13612865726315695,0.04529793845215908,0.1767199445876594,0.07843069250982082,0.10261736183316525,0.1757939612721247
367,0.197812536711378,0.12973620500083105,0.07626831479886395,2.078618852559974e-18,0.2234169012801201,0.1125136495685011,0.06980711573066366,0.19044527690864202
368,0.18790335975582967,0.0,3.939550237675811e-17,0.0,0.15104826108978367,0.20855934935771814,0.11266525506805465,0.3398237747276138
369,0.18219048624473533,0.1613719476951565,0.061239853295133845,0.040733373817249015,0.2107610485846448,0.08055353371037181,0.07886109285540252,0.18428866379630612
370,0.011598259149697797,0.0,1.1308339832086828e-16,1.6448952532211804e-16,0.5031737279740798,0.0,0.07862960801409635,0.4065984048611258
371,0.22107633688205006,0.08733077704857234,0.0,1.4843381009000814e-17,0.2912936914310233,0.13635681775391587,0.05302414991173874,0.21091822697169968
372,1.7731344221835832e-17,0.0988691223186044,1.870717788256e-17,2.531668029998284e-17,0.4060175377862482,0.08093931459074269,0.08564848021452809,0.32852554508887644
373,0.19292752500099597,0.02926173108244068,0.0,2.3980058602116895e-17,0.2345251365884213,0.228333548976419,0.06948932603622009,0.2454627323145029
374,0.0,0.23345083424274915,0.0,7.877523084004652e-17,0.35989394711497896,0.0,0.019269593468808216,0.38738562517246344
375,0.1820272388458018,0.11866463707979788,0.10129410620297717,0.0,0.3318482507864095,0.05616251425678539,2.1054856788556696e-18,0.21000325282722818
376,0.18662708146115647,0.11354220398358608,0.10902226585274595,0.049664403687376596,0.18171380200744397,0.08236431670384253,0.07696717638969344,0.20009874991315482
377,0.03079503331727446,0.1615929415601184,1.088384397661484e-17,2.462510066123e-18,0.09451873532767918,0.143473171659183,0.13441150333526333,0.43520861479948153
378,0.2105953352105229,0.11417411908754828,0.01156901568309316,9.691009828645166e-18,0.15995156331226965,0.18618504078429698,0.08071380905132557,0.2368111168699433
379,0.18137058970011394,0.029452206391386647,5.73206253647725e-17,3.891819931098079e-17,0.24314473120918376,0.13506528747555052,5.351130644273691e-18,0.41096718522276493
380,0.19746791147700438,6.4143158117543846e-18,0.14183288458039667,5.353089407964215e-18,0.19449194102705425,0.12760273052187693,0.06414254500325928,0.2744619873894084
381,0.1471992857668341,4.700058769367324e-17,0.0,0.0,0.2215742311813486,0.23147425806375954,0.016500763071780396,0.38325146191527737
382,0.10800162968458259,0.05139389830184424,0.08856743836594597,2.3594843899573792e-17,0.1947129141968392,0.13587506804447722,0.15818081776602982,0.26326823363928104
383,0.11212030911077604,0.07667984123792897,0.06915641753166989,2.4992344270427773e-17,0.20888096676907333,0.15475347361762296,0.11890881373575206,0.2595001779961767
384,0.3404546416360973,0.3301037467997094,0.0,2.5937504097616325e-16,3.1304982477772006e-16,2.5564809600824807e-16,2.9825724138688575e-16,0.3294416115631921
385,0.11318010430286263,4.1520871589006526e-17,0.0,0.021572265079020277,0.05534676324386635,0.3016638588235676,0.1651652712382116,0.3430717373114714
386,0.11938317979896665,1.3412607901080825e-17,0.0,0.03418113606535864,0.12671233747132252,0.24990357949861516,0.20176206034033392,0.26805770682440305
387,0.10430914243320638,1.8757518147148125e-17,0.0,3.5712629591879706e-18,0.2131879134990902,0.18670669220421277,0.12270619453349707,0.3730900573289936
388,0.0,0.0,9.31288732858976e-17,0.0,0.14514671006692373,0.23839019947771317,0.06123457702966335,0.5552285134246998
389,0.0,0.03832527510380656,0.032290891474706915,4.4565161704196143e-17,0.087991625422534,0.15140875336194623,0.31169188654225416,0.37829156809375214
390,0.08208665658793635,0.11065434355490278,0.0005563498613500243,5.254263236003802e-18,0.1480634374365681,0.315110205454755,0.0015727797344100537,0.34195622736907766
391,0.0774440504759578,6.5780578683703175e-18,2.882336652473254e-17,0.05714209896071303,0.2626993495749235,0.19189042776784532,0.0,0.4108240732195603
392,0.1690377310128922,6.209810294551879e-19,0.03495548311628012,0.1420187659660846,0.2521689378926017,0.03285703274865584,0.17271485319547425,0.19624719606701121
393,0.13918485789034468,0.0,0.0,0.1100115659433837,0.3268488884175431,0.04008307371121109,0.10520164226596872,0.2786699717705488
394,0.16220844722582012,0.0,0.0,0.1908800644219897,0.28314582741226385,0.013098213551866796,0.1698880898674117,0.1807793575196478
395,0.15956333530141234,2.260254480186636e-18,0.07695298332195065,0.19735975971270503,0.2437867359455056,2.7684742485387078e-18,0.174033977489245,0.14830320822818122
396,0.043088129476943626,4.619511230039441e-17,2.976632595326245e-18,0.0,0.24109334594659676,0.05211248536271857,0.22923916108796086,0.4344668781247802
397,0.003737757555341483,4.421813740150486e-17,5.77737350519939e-17,9.196448466567557e-18,0.2515348168397092,0.04391390348688882,0.3508999444584488,0.3499135776586117
398,0.11423951950390002,0.0014935801240677454,0.026605151361133814,0.09676092266930371,0.31643889608381104,0.00682565623608698,0.12003568920820404,0.3176005848124924
399,0.05910623113528106,0.0,0.42942248961868895,6.166012735478465e-17,0.08778608177923335,0.13312645152365427,0.0,0.29055874594214226
