oos_period,model_1,model_2,model_3,model_4,model_5,model_6,model_7,model_8
200,0.4432762594823147,0.065848497131402,0.07086625984377677,0.08899658669884834,0.12403343526631587,0.06584810256999057,0.06735823194338666,0.07377262706396505
201,0.4664152483012805,0.06830700107832546,0.07535272375962067,0.08988607058352276,0.09088801601828513,0.07115092688707507,0.06969339323988114,0.06830662013200929
202,0.29485508146904815,0.05553802128549255,0.05967314724991417,0.0705661025843226,0.34623182290031357,0.05553783114939993,0.06108647184105299,0.05651152152045604
203,0.30865339823555715,0.057578111582658145,0.06509634903024203,0.0551678097590663,0.3427558565559526,0.05540308237657976,0.05773630261367017,0.05760908984627378
204,0.3205324977690868,0.05554116582656096,0.055537540184060576,0.05553734588880899,0.34623013554040616,0.05554034366127226,0.055539218722406324,0.0555417524073979
205,0.3059990002510625,0.023178136828628827,0.020309034907391235,0.018750000000000006,0.26469532913691335,0.265547930979456,0.03487609799793478,0.06664446989861321
206,0.17439075123441922,0.07517186205324498,0.05958099821812846,0.05743991948552991,0.36414042097387245,0.05744083118399609,0.0939879943195594,0.11784722253124949
207,0.2614145583749338,0.01945614914211051,0.018750000000000003,0.17130709223523577,0.06283410332707388,0.19428954255308833,0.24022704213139723,0.031721512236160515
208,0.19767419523338717,0.0943698049656846,0.01875000000000001,0.1663865908474197,0.22587903864505607,0.01875016805907694,0.25691494430047956,0.02127525794889597
209,0.31450748851650484,0.03357776646737684,0.021229125826834623,0.019025785820351936,0.28379489568106747,0.018750000000000013,0.2888172966192461,0.020297641068618196
210,0.15432933310308206,0.16675899914092335,0.018750000000000003,0.13662742544154574,0.19871579586756905,0.018750019644188796,0.19747859016647634,0.10858983663621473
211,0.22107016817631578,0.07825736505916048,0.05728016195334398,0.061376533266212216,0.36263681838452433,0.05728047789975364,0.09980068372521356,0.06229779153547609
212,0.20858110949177813,0.10174470291601877,0.05356828460600597,0.05356905699892932,0.3277015021743449,0.05356875274679427,0.1416228243325432,0.059643766733585436
213,0.27240195252053645,0.08599236078591417,0.05000402104967629,0.05000328463240255,0.2941485703753079,0.050004456531299195,0.08434279710367915,0.11310255700118425
214,0.07313967533683902,0.2710943309917664,0.020527226161684568,0.019676916242279886,0.28253652343350133,0.018750000000000013,0.29398781456511014,0.020287513268818624
215,0.1812650969533517,0.11584384705252425,0.05149958054898762,0.09488581471472231,0.30823136387975003,0.05149997636727672,0.09901000751476143,0.09776431296862594
216,0.19434221035721688,0.0650872402173219,0.018750000000000006,0.1414698433937153,0.2576475673238607,0.049973372595447166,0.23805650693195116,0.034673259180486915
217,0.20733848693022894,0.09193900318221909,0.058800032791087524,0.060409860436693635,0.37256705506213894,0.06758249465600673,0.06839531830424322,0.072967748637382
218,0.13494035376033772,0.06528782892942894,0.018781950596397208,0.018750000000000006,0.2145493854240308,0.23741671460433805,0.25529660242382085,0.054977164261646484
219,0.19805991186464814,0.10141383363276431,0.06042401227917591,0.058237152704455855,0.3716437901595845,0.06652526429375297,0.0635699589187119,0.08012607614690642
220,0.18173505696492404,0.1833708114685392,0.05416435188548458,0.05331834178575159,0.32534909916001487,0.06485568214243655,0.05816853994977906,0.0790381166430701
221,0.17686510701481395,0.19158852216070593,0.042466046356678167,0.01992519552801045,0.10429492890462137,0.1391130214513965,0.2571916054133434,0.06855557317043029
222,0.18549868116321425,0.3359823644803267,0.05444812622603471,0.05447633817686895,0.1618403546683327,0.06169192282397221,0.0565915362572792,0.08947067620397127
223,0.21554859389902942,0.3441081871025778,0.05531149444586344,0.06970852587410409,0.07141997436506904,0.09735709764494122,0.060655345140282674,0.08589078152813225
224,0.24720761726703294,0.33087944130664015,0.058051902209773625,0.05900816039853533,0.05491457356425397,0.06989055719589507,0.055908010436962925,0.12413973762090608
225,0.22730665242622816,0.3549663716930172,0.056465176992383084,0.059086023491082634,0.0708220929236866,0.07039211506729877,0.05752135454788752,0.103440212858416
226,0.23479879418553154,0.3416590507253361,0.05570775645997157,0.05749258664998538,0.06076944244006077,0.07978894474848924,0.056185771750395797,0.11359765304022959
227,0.41052046999820335,0.11841149167115353,0.0651176023068452,0.06257118606980751,0.08637506066066934,0.08357925492877157,0.06623488613508077,0.10719004822946865
228,0.23672683650930645,0.3545896414542332,0.06005603259665084,0.060380944844495764,0.08274137329316579,0.0733152731228483,0.05642514940451228,0.07576474877478732
229,0.3896224276472872,0.1369932635363508,0.07260368318427278,0.06875680264366034,0.060147382937524266,0.09298862148537805,0.06340495363246791,0.11548286493305869
230,0.3096681079753659,0.0340942829063215,0.021106471129867854,0.018750000000000017,0.019151584008782366,0.29327883509347846,0.01909239366692717,0.28485832521925664
231,0.19379905475301026,0.1356779031262426,0.06727607834079494,0.06375589143567985,0.05497303094526491,0.16637227128685433,0.05016562350818208,0.26798014660397096
232,0.11836231987040101,0.18347438105860436,0.13663704983339403,0.04890860771831349,0.05134441780651239,0.12493925514960255,0.05248823100738575,0.2838457375557864
233,0.17473423157483284,0.11061456282027411,0.08765682173885711,0.06334562773517982,0.06519253578353684,0.08218019101379909,0.06222819681278054,0.35404783252073957
234,0.33138296353705876,0.17495064396781124,0.06734749272819836,0.06067439562734712,0.0539594398758125,0.13231109141839173,0.06241703677359076,0.11695693607178952
235,0.14143903114433937,0.2600650874548696,0.028603288635132562,0.027806223646882247,0.0196839734617019,0.1909497822287302,0.06358436028084194,0.2678682531475021
236,0.3145419419015018,0.17905621415137535,0.06783429688339088,0.05557900523355211,0.062743840693436,0.08971725390106396,0.09670888229428255,0.13381856494139738
237,0.15783079017160123,0.25978273882516434,0.048454946228451166,0.21545257148921335,0.04215436261707487,0.22138995411358195,0.023424015837571928,0.03151062071734114
238,0.08175086451444809,0.3586378447039809,0.07357994429727516,0.05685527099979798,0.06840303993108526,0.1789538120124813,0.06642439602857848,0.11539482751235283
239,0.0663069101890521,0.33604762619420375,0.13914197893856695,0.06784449025132876,0.09424877295615443,0.1301516067621999,0.06965120779707422,0.09660740691141986
240,0.07247486664357027,0.3553828398578405,0.05650942673489556,0.057261825480268105,0.06681724151536683,0.1895340746831158,0.08319573931894483,0.11882398576599808
241,0.060785118564754693,0.18453147303234224,0.09061112146630865,0.0658398545572274,0.07239659235021265,0.34755937382002616,0.05567818300839194,0.12259828320073635
242,0.07546863733347749,0.13222695582439709,0.058469620170557575,0.0688567059032604,0.06126112075527979,0.3738317192523065,0.0618748652117223,0.16801037554899884
243,0.12895645949372922,0.1404002711783023,0.07576247145426548,0.13800747153936144,0.05028489634751483,0.252432451055556,0.06661233223267918,0.1475436466985915
244,0.055694840126151945,0.3434573346748331,0.0630688372603215,0.07013477722674166,0.06086268745755234,0.199773862866027,0.07738629245336924,0.12962136793500326
245,0.01875000000000001,0.2907778055929878,0.01981768711996068,0.2994020477880287,0.02037245130133431,0.2948655793363959,0.02183144867436498,0.03418298018692759
246,0.023144161178431613,0.24326198015432027,0.07437872999295257,0.01985489204256507,0.23407634456724918,0.19648181505324602,0.0921771067545258,0.11662497025670944
247,0.055508045351269436,0.3459580738943006,0.062034517657564445,0.06613855251196389,0.056110594841155034,0.10728435672528955,0.1115879982182708,0.19537786080018626
248,0.018750000000000013,0.29563009105679,0.021908619938408532,0.02203821910304694,0.01909662040387837,0.29437847086813496,0.03330692539020362,0.2948910532395375
249,0.06365943316083435,0.1258560935350389,0.07267742029804325,0.08100363034560354,0.06585588638641983,0.17214475155611275,0.07015361397303957,0.3486491707449078
250,0.05691070568174896,0.11874119948008283,0.06819632427758777,0.08522328419531756,0.05678452906815514,0.19783285688655722,0.058339062122031556,0.357972038288519
251,0.058240179271468684,0.09828679018901212,0.07578531570407068,0.09597389400903249,0.05903433482750177,0.1877052770801184,0.05776588447242672,0.3672083244463691
252,0.06576625558443519,0.3631591759135939,0.05857421659466012,0.13315685541688999,0.057335662440819356,0.10032513426748887,0.0682823599953204,0.15340033978679207
253,0.05199665478217255,0.13664456799683566,0.08635276103920779,0.06469791897541742,0.08175289576433319,0.19005372943554208,0.07559176988502386,0.31290970212146746
254,0.019056319904918628,0.19282275400758894,0.18153183324443067,0.02330070940754954,0.018750000000000003,0.24727907952457193,0.10533023215900687,0.21192907175193343
255,0.06261786554421751,0.12263077767588133,0.05982674941406758,0.09255851628985326,0.06293853403671544,0.14483775577663735,0.06798510089493276,0.38660470036769473
256,0.019090606617278114,0.2614482821145836,0.05386521184419921,0.036514552658820205,0.022219562509216795,0.29119279896450956,0.024916502422884138,0.29075248286850847
257,0.06758621030639013,0.14842563561857686,0.061803989371312165,0.09064350916746715,0.06519864712069587,0.07922164524948737,0.0819063455537207,0.4052140176123498
258,0.0703472033772198,0.15587897766542216,0.0611144843893402,0.09275402399423088,0.06380721044108795,0.0748630373141431,0.08571159596847518,0.3955234668500808
259,0.018750000000000003,0.19685663699232703,0.019428179229168535,0.2922160813838083,0.021758480049651984,0.02104923870937442,0.14177789232502544,0.2881634913106443
260,0.06563087799492498,0.16234413537381642,0.06503633033627616,0.09133732100452632,0.07372834813270751,0.07596452689235965,0.07925455191819386,0.38670390834719515
261,0.09581924141498228,0.14066637734442863,0.07799413779026847,0.06234926271492234,0.05939872754614985,0.09428674026969563,0.08690925366167178,0.382576259257881
262,0.05322646809715092,0.3244844084289621,0.06962720356744266,0.06873027858825177,0.10690646882030344,0.09335129995175029,0.059316795011098704,0.22435707753504014
263,0.01875,0.26328878742176676,0.02036621247933613,0.15866734295389986,0.03282796444731644,0.2606729286069708,0.08075529364896912,0.16467147044174085
264,0.018750000000000003,0.04180172964590757,0.1692007982585963,0.019601523853659538,0.2622160989418041,0.28066718017907405,0.0709284189077235,0.13683425021323492
265,0.05916805910447801,0.08480293264652206,0.06246287713514858,0.07334070578800524,0.09562760150129462,0.38040526482818343,0.0847005311027856,0.1594920278935825
266,0.018750000000000017,0.036495959855376764,0.019822152294097947,0.028588620506100976,0.2930788273177071,0.2906619993539995,0.289818783413197,0.02278365725952072
267,0.01875,0.02513277551039225,0.2881429000113927,0.02779656462408982,0.021248808433157677,0.2927762667154432,0.29853559405348906,0.027617090652035246
268,0.055811393023217894,0.10343511421922306,0.05652255396283428,0.09762597847401222,0.08190932039575102,0.18065908430366978,0.34881311861781517,0.07522343700347665
269,0.04378132723168556,0.09458919646360843,0.0445403006206614,0.20193610952519242,0.18388530374925,0.1172740092564068,0.23558899621773194,0.0784047569354635
270,0.019615098327149246,0.029685566338257995,0.01951898845566889,0.018750000000000003,0.2948711695612232,0.30127227950637336,0.2901621130396232,0.026124784771704056
271,0.10173804703459478,0.046799508281177495,0.1463591708655478,0.24433523274756538,0.12964699913805877,0.17009693203366089,0.09978347170817771,0.0612406381912172
272,0.07579200088317363,0.08372562266075637,0.07318890781712498,0.05599411068663887,0.07642958450296417,0.35053280764770484,0.18341140376519355,0.10092556203644357
273,0.06767236702621199,0.07356089485937997,0.054327066059720173,0.08488353301957152,0.06265100369335608,0.1554525611861802,0.3348429770915297,0.1666095970640503
274,0.06216111962192216,0.07555159095997356,0.05404950017865674,0.05788587169939713,0.07888786483633467,0.22421667869434064,0.33223058991676935,0.11501678409260568
275,0.0849474894121532,0.09801617982188436,0.06011173332941382,0.059684860021072365,0.10787823086615528,0.3852692707865633,0.07113311319444265,0.13295912256831496
276,0.031835685811442443,0.2679709536596934,0.018750000000000006,0.019620100087404328,0.08452661595136424,0.25344325406638685,0.04974362568652213,0.2741097647371866
277,0.08757678717672633,0.07226481469957804,0.08437009758305927,0.12138319307944725,0.09996459247569084,0.30597112733227944,0.1050964144352868,0.123372973217932
278,0.055836701366130274,0.15067683388555347,0.05433971510599587,0.1562159497094538,0.17337793612445096,0.21820781704975437,0.08329161460318871,0.10805343215547251
279,0.08763059963067228,0.07529693691479121,0.061097689747605724,0.05889236899913791,0.11983485511723506,0.37781053175659207,0.07416377132586273,0.14527324650810297
280,0.09298811866995803,0.07469508300249275,0.062011719012436475,0.05977902270097487,0.14482481668497443,0.3861555077738811,0.0742719303846419,0.10527380177064041
281,0.11460210131517752,0.0775092652347941,0.06171712476558384,0.05957295919500596,0.1080505295829954,0.38421608654123246,0.06561821082012417,0.12871372254508656
282,0.039054826103594405,0.299413495731655,0.23184833340666416,0.06665464041097009,0.05547653078512949,0.14202077598586113,0.04757195478391564,0.11795944279220999
283,0.129688771875788,0.05690531675107634,0.08603994587019165,0.05461668183864412,0.08745533170863405,0.3375687888701471,0.08236751425371701,0.1653576488318017
284,0.13537359588026382,0.06390044870756557,0.06624771580739268,0.060682217197402424,0.1095171986061264,0.39465616305859375,0.08138302841173128,0.08823963233092397
285,0.1847144445552087,0.060847471450118575,0.06942345633681414,0.05802878842063858,0.07927284979593822,0.36968271454718665,0.0851981340274681,0.09283214086662704
286,0.3572941172945696,0.06224573099646528,0.06085828837360373,0.056712499962548034,0.07411142002880085,0.20375683943268869,0.08298954992604539,0.1020315539852784
287,0.10340346269394204,0.05761094496796711,0.12961248549741253,0.05703229953746699,0.10236522990741082,0.360304005291054,0.07084578198148743,0.11882579012325907
288,0.13445249522915967,0.06469999166241149,0.06421154655205463,0.060854420836827156,0.08912863876581695,0.39627690199366733,0.07921756579352406,0.11115843916653875
289,0.13688500700101983,0.06625715891322936,0.06252668137862759,0.0608727484071329,0.08952481789266813,0.3964493967730155,0.08009023428846991,0.10739395534583676
290,0.14217121983555833,0.06566624586819403,0.06619707755002617,0.060907396612472284,0.09549508972762497,0.39677549765337944,0.07440512439361431,0.0983823483591304
291,0.1396297457974764,0.07396632713342455,0.07160730087580264,0.060432637163352024,0.09782745298919275,0.39230717996139175,0.07330901970693997,0.09092033637241997
292,0.09519944541174642,0.05920465709880815,0.13098887432286752,0.057842310614617254,0.0750567718073675,0.36792763331410133,0.08687052942959023,0.1269097780009015
293,0.10794582099065904,0.06620455796497712,0.06043911742070498,0.06210995080696241,0.07817505736588984,0.38038796215670645,0.08929709033250786,0.15544044296159237
294,0.11120181520861713,0.13084504850193712,0.054690642772808454,0.07878627184848057,0.12330385166643605,0.3382648886655118,0.07992215703367392,0.08298532430253497
295,0.08957074287698259,0.06539748109854598,0.062306316774003674,0.07010400536581013,0.09974806733764466,0.4099418049317993,0.08820687920785837,0.11472470240735527
296,0.09537245869727574,0.062032995282724726,0.06988142204247863,0.05937100463673926,0.10200963729326691,0.38231534138292855,0.07267086871337376,0.15634627195121248
297,0.048616360336578755,0.02315447827811328,0.09430650758373187,0.07032062823582433,0.17386759816863695,0.2709932577310625,0.043843890765487906,0.27489727890056437
298,0.11628765927761893,0.0651438443335189,0.0612721862825806,0.08427454300498523,0.10344144884698421,0.4002088161354079,0.09872748643276413,0.07064401568614007
299,0.1145729429038582,0.06305576208699118,0.09674716558296557,0.07848909527419365,0.10278655592316856,0.34425349690150925,0.12306713644145846,0.07702784488585519
300,0.10922742982884433,0.06846225651759023,0.06272761971894296,0.06655194980481381,0.1251356704199651,0.41390700911946315,0.0722203449365675,0.08176771965381305
301,0.1113314393895702,0.06852462116764099,0.09202650871453355,0.08754901498455399,0.10684339491176667,0.3750266840969258,0.06716459467648878,0.09153374205852008
302,0.11909500202259826,0.07509349898718684,0.06312003427524586,0.06686503834240522,0.11847896438099492,0.41760032259054924,0.07209394708991093,0.06765319231110865
303,0.10549491045024993,0.07638823832115689,0.06323741276823439,0.0685731679907964,0.12840240218167945,0.4187050613480883,0.07368156513334977,0.06551724180644489
304,0.11290876679720092,0.08488177501183466,0.06152406062346666,0.06443547632999752,0.11951235864860733,0.4025793941032156,0.0878467626674041,0.06631140581827318
305,0.15465384572378504,0.07735070932319531,0.05980134938145639,0.06504723820833268,0.10546112931788133,0.38636564123723655,0.0848155419047762,0.06650454490333645
306,0.09314013019526526,0.18340189146850758,0.05827919728158288,0.05929841398915166,0.09944592461727796,0.3720395038266624,0.06809568939267893,0.0662992492288734
307,0.10210780512052323,0.07301973495614206,0.06966622497986724,0.059815356776385595,0.16827505224390787,0.3864974755424527,0.07392412775100286,0.06669422262971846
308,0.14597671782737484,0.0680814894967955,0.07012936322556251,0.055844882670210746,0.12622965927951935,0.3490904969951807,0.09478009934404633,0.08986729116131005
309,0.1557689955255963,0.08350389116596416,0.0678197008328505,0.05984128481069859,0.08272293202738866,0.38386159253739865,0.10399587051887685,0.06248573258122616
310,0.1423423408722723,0.10549911515663332,0.09918911243184496,0.05654217256511775,0.09894777482792225,0.35569104414793723,0.0779653047289893,0.06382313526928288
311,0.16028816277695823,0.07326190108499397,0.06368563491780675,0.06054016775800569,0.0926243836836663,0.3933192259577006,0.08913817654468932,0.06714234727617918
312,0.165943942110792,0.07414188143788825,0.0645280018517389,0.05971207470347888,0.09436663362009391,0.38552540897391885,0.09277085372687065,0.06301120357521862
313,0.18628465536250985,0.05926667963106688,0.26039221233809395,0.018750000000000006,0.09074919483939144,0.2834768285650168,0.08109341060441289,0.019987018659508263
314,0.2164375001040886,0.0759739348953242,0.05523412870140687,0.06415734790782317,0.09783509925181615,0.34338003483677054,0.0883311915161591,0.0586507627866114
315,0.19866327349394663,0.08669701594593911,0.06791119370199619,0.056883521886869216,0.08126889130141583,0.35890373544641246,0.08972042372231055,0.05995194450111008
316,0.39166067061145865,0.0744239331893781,0.06228318669794635,0.06036394625246747,0.09547728939852113,0.12348971083750213,0.12696287874739615,0.06533838426532998
317,0.38759655350651123,0.0883365092216568,0.09526019832589588,0.05993213381006681,0.10116930063573788,0.10895984301375458,0.09549079392612081,0.06325466756025602
318,0.3575258137124214,0.07257710757989584,0.13549997256957322,0.05673711766758802,0.09334873613609103,0.10603801902861604,0.12046226290997779,0.05781097039583668
319,0.3868385060411332,0.0732418775234131,0.0598515912668704,0.07002977896394469,0.08373270287715956,0.11458041677129087,0.1477678022142343,0.06395732434195393
320,0.3905361661790081,0.08088683700417151,0.06683304966107792,0.06024446673610736,0.07270631092104277,0.09543034580568853,0.13827207586234247,0.09509074783056125
321,0.3968593343698652,0.07882567566995553,0.06356735817229218,0.08352459310709272,0.08232132832067196,0.08632232256704615,0.14766308383010668,0.060916303962969535
322,0.2918070294970034,0.0817556844171675,0.019757414045378834,0.03214497807760529,0.23074547378492408,0.0901094118580464,0.23493000831987443,0.01875000000000001
323,0.12007602888923968,0.07939626825513076,0.0764262923122557,0.07200685273030481,0.07773664874854873,0.13818767463786133,0.37732902597119744,0.05884120845546153
324,0.11633605291887622,0.12345958711741907,0.06942500881276252,0.058960633767017046,0.09686899055154706,0.09569664357136924,0.37845302526392516,0.0608000579970837
325,0.28843391566701854,0.1551336437181366,0.021315010856869036,0.018750000000000003,0.18832221924258188,0.02263240112755308,0.2864155543267963,0.018997255061044518
326,0.1092689711015626,0.08518579509371295,0.12420567817727424,0.1183957214147788,0.08576456071551092,0.07830487960924425,0.34075372919541047,0.05812066469250576
327,0.33385016320852234,0.10022232889032488,0.054221579391038784,0.06391862771816978,0.11464786313424437,0.0921002457447199,0.17796543438855028,0.06307375752442972
328,0.35732170240494465,0.10006073904664411,0.05671543045673506,0.07379033929583317,0.16513436211521867,0.07588924548550698,0.10548891192251908,0.06559926927259825
329,0.3843184292964867,0.08284572876595481,0.05958383311011184,0.07313375321933963,0.16124271149281325,0.0660687754158359,0.10799399729194596,0.06481277140751189
330,0.3690105144311666,0.07677446536293678,0.05795736715831146,0.06311972275100274,0.18647487386868397,0.0770764686354329,0.10242591145258668,0.0671606763398788
331,0.12978117166879843,0.07504510281652665,0.054711593156207654,0.0587131649939378,0.33846205323489553,0.06401156454173414,0.21725156400232587,0.06202378558557388
332,0.14787916446944205,0.16169670435392763,0.04726983305054091,0.05338999633210692,0.26842197577362426,0.05496670391438684,0.20948105316226545,0.05689456894370599
333,0.2599028099211415,0.07561807651189081,0.046364669985501754,0.14739558635772512,0.14351800392615854,0.06339709648034718,0.20711652726193974,0.05668722955529532
334,0.3776812972001073,0.13738649947522827,0.05960798221509294,0.06508561021902093,0.08871554558469713,0.12055816557354923,0.06512510124499546,0.08583979848730879
335,0.39109310883840226,0.1101311679678886,0.060303641873308673,0.08197272306715092,0.09776158678061593,0.08839757468251297,0.07119882001713643,0.09914137677298412
336,0.36923979609089796,0.13282892161723453,0.05798172784941729,0.07491099170690856,0.10320305250585572,0.0936041619943597,0.08066226097724548,0.08756908725808063
337,0.39679075392920693,0.10033426178382453,0.06090901690796052,0.09942247410512478,0.07163388477858836,0.07820635806753816,0.09707227188016988,0.0956309785475869
338,0.3999356349159731,0.11390531060873525,0.06124316120982214,0.07604628148994486,0.08401105491913967,0.08026309010531826,0.06540131723526284,0.11919414951580383
339,0.3919906402358935,0.13226953373615907,0.06039900552506368,0.09438127775502422,0.08759021588166553,0.07039461411147221,0.06680886001871732,0.09616585273600442
340,0.3885933501878376,0.13632656325511588,0.06003804345663375,0.0739960821291103,0.07770438474237679,0.07492736348050787,0.06799509127149354,0.12041912147692448
341,0.24977900944460096,0.11874121499634656,0.018750000000000006,0.21700101545075873,0.11471643671967816,0.13608289327874348,0.05275051949839114,0.09217891061148106
342,0.38140791995869594,0.13354405319109192,0.05927459149561145,0.07127041553128956,0.08378493139373111,0.06835126164047035,0.06573209249738234,0.13663473429172737
343,0.07203336107140727,0.06940630959200478,0.04096085983047271,0.11723320025942043,0.20760556157245108,0.19331759154351347,0.11627559905442154,0.18316751707630868
344,0.3259288705762011,0.1755480922101411,0.05337994249872137,0.06157482295936012,0.11444642505222055,0.05768790686581166,0.06679810045914393,0.14463583937840016
345,0.37772274495010605,0.15402669854490908,0.05888304165094877,0.07039955523959933,0.08193589628170062,0.06498538524034582,0.07039238524539121,0.12165429284699922
346,0.26532586674242686,0.2266152722042018,0.018750000000000003,0.2726855924717495,0.024726978798003375,0.07807732204643988,0.07084910611781836,0.0429698616193602
347,0.20153093785669277,0.10595412822971031,0.056438121737330524,0.0614133399806026,0.07337632179438991,0.07295986109408123,0.07361555530878781,0.3547117339984049
348,0.36849439865506656,0.13516261084176578,0.05790252985710082,0.0647403987847522,0.07711944670243674,0.0635346763561145,0.07739288735958277,0.15565305144318067
349,0.2936666628429978,0.2990104079266924,0.018750000000000013,0.020177128638292456,0.023596097109871046,0.02155395274983633,0.025191067389112917,0.2980546833431971
350,0.10445231372770103,0.3464652841442557,0.05556193644032716,0.05873508678050126,0.09359880894247172,0.06510910441463783,0.07460297306472602,0.20147449248537933
351,0.2953666210274394,0.29656718478612953,0.018750000000000013,0.01905602966227604,0.021696967803346397,0.024561872687706546,0.03061642763985862,0.2933848963932435
352,0.1675042282551398,0.11355151689378742,0.05771348966143724,0.06186996494120155,0.0693778973407407,0.06779586635414701,0.09547183974001935,0.36671519681352693
353,0.2054722589625718,0.13918779262282954,0.055203494987429,0.06179593659848383,0.09270574589603635,0.05548971725542777,0.06513459417263531,0.32501045950458646
354,0.2041679502499193,0.08662465256801696,0.056118946197854215,0.05982764513332589,0.06424526030185557,0.07970191815204991,0.09760589847599743,0.3517077289209808
355,0.29308272655990814,0.032061641715638876,0.018750000000000003,0.019970220891094008,0.022309866912694147,0.02238161921171795,0.28840970346098554,0.3030342212479613
356,0.16956928048462408,0.09969733432609543,0.054986974302794436,0.05921911504844091,0.06523154438106948,0.06556666517404593,0.34105387579100654,0.1446752104919232
357,0.2821013161470961,0.1469709458887996,0.018750000000000003,0.020725573601344405,0.02352692895150192,0.023307884810512332,0.19798877724461822,0.2866285733561274
358,0.23722895721028028,0.23810982743702566,0.018750000000000003,0.02019253351659484,0.02149219044206959,0.02433724137976888,0.20562866803394175,0.23426058198031893
359,0.3440105488734735,0.09171871682957086,0.05530112081780656,0.05994104350496321,0.06529522656566661,0.06070732287376142,0.15797196533829563,0.1650540551964622
360,0.31565685614232203,0.08006874595981237,0.05228854041266438,0.056671182619850914,0.08181325764819186,0.20057484642752457,0.07668691213471504,0.13623965865491885
361,0.26134907730294926,0.135954801785617,0.018750000000000003,0.06880262841238335,0.02084415398916299,0.021751450343410438,0.20368262210973176,0.2688652660567453
362,0.11946278505143408,0.09992893288190922,0.058452330827164986,0.06196953045366799,0.07611526225449709,0.07065681076735683,0.13974535174359354,0.37366899602037634
363,0.028080963545920247,0.02552473953501731,0.018750000000000003,0.019821814552922395,0.022231943373299288,0.2972443826967451,0.28994034503092253,0.2984058112651731
364,0.28113989564844055,0.20963299039863512,0.12602673068008544,0.03600152440962118,0.04254372017028821,0.019810184456064764,0.052967128968805274,0.23187782526805947
365,0.05681145160023627,0.10685960156436478,0.054866885873818945,0.07288812546858177,0.0906377535464116,0.06045947819599672,0.21755307199699972,0.33992363175359014
366,0.07287134771278127,0.11695708303365245,0.06020045115781913,0.06314962564220242,0.11652873339717366,0.0724648489442902,0.10770601686201843,0.3901218932500624
367,0.05867022205133395,0.10846081961152064,0.057434130664461486,0.06452153913021735,0.14527892360847935,0.07297219803297424,0.12857623123549305,0.36408593566551983
368,0.05789585828467846,0.09681770331940853,0.05552548472599614,0.0580517501555982,0.07628897232207939,0.08376193752953616,0.2255360843216563,0.3461222093410468
369,0.06178488721440841,0.11928669308919417,0.0590350204368871,0.062463512435709294,0.15933892350791554,0.07880352361010574,0.0801343061821364,0.3791531335236433
370,0.059659750274443264,0.14026736237419643,0.057231700302380235,0.09212423725626549,0.13618631484498497,0.06986868369567564,0.08248124252376952,0.3621807087282845
371,0.060140813271510586,0.16619680387966645,0.05875508558306277,0.05895551270854085,0.11648789682363238,0.08494882121974008,0.07799661395314815,0.37651845256069866
372,0.060194813673385875,0.08392249529847715,0.05834155702491977,0.06352994367641603,0.19216793987246863,0.08802280129842616,0.08119403009783789,0.3726264190580685
373,0.06216721862106783,0.09565519100951363,0.05869624648218517,0.05850254419689644,0.09210256011948117,0.07928915360578512,0.17944549352369235,0.37414159244137835
374,0.01944508494960793,0.2923765239506833,0.018877127685797395,0.018750000000000003,0.2911492188212444,0.028752260539509283,0.025349458007744595,0.30530032604541313
375,0.05486839356461643,0.21672661357791478,0.0571654035498358,0.05722617951772384,0.08746396856808096,0.06984809860957589,0.11676352082762699,0.3399378217846253
376,0.01883332062612527,0.03284950886361518,0.025827921261687654,0.01875000000000001,0.29829748001548334,0.3030691314855876,0.02175819932380927,0.2806144384236916
377,0.0634945664578608,0.21047704052097993,0.0612628510870733,0.060006301008806204,0.0723952207944469,0.0657987866044043,0.07827063579648788,0.3882945977299407
378,0.01875000000000001,0.27752868429720007,0.0206008686049918,0.06802041898347284,0.034917985229889016,0.019708212312133634,0.2812193484189405,0.27925448215337206
379,0.15265062130596024,0.08809917332642278,0.06235373942839361,0.05947579933479395,0.09662007728243395,0.08241267830302358,0.07508626778163957,0.38330164323733235
380,0.060029871452371625,0.15462608928103294,0.06439336963162136,0.0731573690044936,0.08115472157358515,0.11696998761375779,0.06115215424434576,0.3885164371987918
381,0.15289668055212724,0.09739178338672307,0.05967584706150364,0.054177417980565655,0.17603954886129422,0.07050698461872798,0.05587721536902853,0.3334345221700297
382,0.01875000000000001,0.2924851266330726,0.024189567627086433,0.019344670383449235,0.16372894925271395,0.16951542617043608,0.021654706200791827,0.2903315537324498
383,0.05327695357803986,0.11079745641096615,0.06377567518124805,0.25109269210541274,0.061633316775076816,0.08872425688490063,0.05255307347815707,0.31814657558619863
384,0.05506707544609763,0.22490375062085904,0.08298038029801047,0.053359212652946054,0.07780844702628659,0.09508141220728253,0.08506595079817925,0.3257337709503385
385,0.0698481758868023,0.06488720372452951,0.06154347717932896,0.13483235326627538,0.05677502394330783,0.09014010101730924,0.17650560309409136,0.3454680618883554
386,0.05983960091159209,0.08453796900142153,0.0827576636167147,0.10600147413338601,0.06463703961876208,0.15163301539776425,0.06386758097717025,0.3867256563431891
387,0.061488487819794865,0.08025130387776917,0.06657329605872099,0.05924091891195261,0.07377723470091453,0.1623851217961815,0.11519263531040633,0.38109100152425984
388,0.06602559204073974,0.09682481243210606,0.0597376715946232,0.05870313934473981,0.07322561542227529,0.20330409227260063,0.06614953011889364,0.3760295467740216
389,0.05716519355758089,0.10011673674146457,0.0783976484502658,0.057981321656337736,0.08779843508779832,0.1928683029116198,0.06411759870005382,0.36155476289487903
390,0.05476791086574701,0.07281783199631478,0.10291064589437504,0.05548712138450556,0.08473431132209808,0.3389921022658542,0.061658509320311736,0.22863156695079367
391,0.058322221845747584,0.06094474922144115,0.07722196655676204,0.05560357736552942,0.0736016366770099,0.2398359069606344,0.08761274263848101,0.3468571987343945
392,0.0682442100401524,0.10589879861174308,0.16540199140159334,0.05107694773870231,0.14466068405883875,0.09564603241260486,0.06481769662611779,0.30425363911024755
393,0.08961766677962438,0.1020879437705809,0.11815818419816729,0.05345171467536433,0.11363907084502518,0.13283032409253184,0.06361070489608818,0.3266043907426179
394,0.05496773689115265,0.09607908380972063,0.09484058698775386,0.10071171866921247,0.11521051972884343,0.13177183972131035,0.06554567448392103,0.3408728397080856
395,0.0697143948471697,0.07690767658880313,0.05766834551560833,0.05943077187084267,0.12183378551115864,0.1754757442558854,0.07267897067539504,0.3662903107351372
396,0.07385504090033991,0.05942068799693277,0.06015808506459142,0.06025874167538058,0.12547121236366493,0.1907773987946786,0.08314103320523777,0.346917799999174
397,0.02012134909653448,0.1469302222444071,0.027379279314244293,0.06348323594194644,0.16510175212828881,0.26401146729055,0.0613661146979864,0.25160657928604246
398,0.06956621217951116,0.0767769643130055,0.061546359827073745,0.06350679181431473,0.12871401994409878,0.40278926896069406,0.0846693968530835,0.11243098610821854
399,0.07069164717250645,0.13369412539016812,0.10622669534626102,0.06387230023942128,0.3139372931256917,0.07817891780566756,0.08079707134142236,0.15260194957886145
