oos_period,model_1,model_2,model_3,model_4,model_5,model_6,model_7,model_8
150,0.037973676064599594,0.1936220798509367,0.2418033811255421,0.0,0.10763629683811002,0.18263767697841943,0.0056771472131227135,0.23064974192826923
151,0.06313753650746996,0.23362918223555657,0.17155874549131186,4.741531620047221e-19,0.10909674250024971,0.1915369402524336,0.0,0.23104085301197824
152,0.13392935602710626,0.18862843510894864,0.1437761821422964,0.0,0.1107157589310323,0.14247934252791752,0.022724705921437636,0.25774621934026104
153,7.72856995885538e-18,0.2345667074857547,0.12371936857415801,1.734449950881295e-17,0.0980848157845874,0.221302790864354,0.03765519154815238,0.28467112574199344
154,0.024374279912641687,0.13552002417455025,0.09286683617632539,0.00845882367894589,0.14943007870343858,0.20310934137248854,0.05820479055739759,0.328035825423212
155,0.07062092798071339,0.17575601780670028,0.09812722517248772,0.07072713354176292,0.16692758545740038,0.13752249076577694,0.044891071505612376,0.235427547768546
156,0.047663452152774656,0.20168676776200034,0.11178250942944731,0.07677239844897718,0.17660860021497415,0.1363822871422805,0.028903180131022388,0.22020080471752346
157,0.04351454094821429,0.21624832337437883,0.07063234231708257,0.07980046104284008,0.17324851201461436,0.17060082981316493,0.02078052474563236,0.2251744657430725
158,0.04459857562175287,0.21462506792844097,0.10763936953698504,0.10354632926485696,0.17385354380398124,0.15313093731735278,0.010502944423535198,0.1921032321020949
159,0.028915494034253204,0.24638381348165853,0.024716453111389963,0.013320919293319928,0.16038310963873004,0.20003973664189317,0.040144559763449945,0.2860959140343052
160,0.059606827273989894,0.21208397063302628,0.1089568342912517,0.059249869252368005,0.16967110489788742,0.11321975095755464,0.039045823816482285,0.23816581887643976
161,0.055736433568938044,0.2041728688666482,0.1059427340733754,0.058806696593192015,0.1707405406643146,0.125303517632216,0.04883005455136754,0.23046715404894808
162,0.050883793352639414,0.19369630199299018,0.11293111708191088,0.054915092990002023,0.15759850722216867,0.12722061681399396,0.059402678593680196,0.24335189195161464
163,0.05316137419661161,0.18961360419650386,0.13837690839951156,0.041340194095059415,0.1509719068828079,0.14312312614834216,0.06873236921140774,0.21468051686875583
164,0.050930074159232876,0.16201610080590376,0.12360889239079495,0.019838815721123216,0.19838353217547294,0.1552258472718091,0.07577296671035663,0.21422377076430651
165,0.02936983950792662,0.1413889948431871,0.16354578869193603,0.03582406116195863,0.22573292981262474,0.16830467889380288,0.07137438613049366,0.16445932095707022
166,0.03455594182123335,0.15243972691653576,0.14865883168590374,0.032103484863108336,0.22466880765442235,0.15422228507115093,0.10292275663809608,0.15042816534854944
167,0.025317052505524306,0.1494603896545479,0.15180209649398996,0.03437995112110598,0.232310195213806,0.1513346915220947,0.09865678611189753,0.15673883737603342
168,0.011138505205488456,0.1602921299656148,0.154149663432091,0.048267878082621736,0.22708525574956998,0.14781945998940285,0.09873399269132589,0.15251311488288527
169,0.0,0.15227822850234532,0.1677004919337181,0.08298840347662825,0.2355754831373343,0.16949765516848198,0.07979711291054412,0.11216262486994791
170,0.004077540981934453,0.16255146823848599,0.147305620695404,0.07730810858327444,0.23855288357487894,0.1680493752895078,0.09645064638790453,0.10570435624760983
171,0.0,0.15835144994067044,0.16439483738554922,0.050831302412093854,0.23337932764544608,0.17112603141826893,0.08940150426742235,0.13251554692954912
172,0.0,0.18785266523797503,0.13116918798699898,0.0,0.2152103559626849,0.1846348597115631,0.09787149697115412,0.18326143412862383
173,7.638017303216864e-19,0.247360252382201,0.10067151101679445,0.002086143642934819,0.23867273103972894,0.18400127030425326,0.10825901429343421,0.11894907731965328
174,1.0074666108848074e-17,0.22429497653048885,0.12191042683717125,0.0001661208750393095,0.17588041181908357,0.22782008682596905,0.136376375599682,0.11355160151156596
175,0.004374115365670369,0.18234079615921595,0.1624028600140742,0.0,0.2461620375133627,0.13179734158817624,0.10720507570979526,0.16571777364870519
176,0.007467403978540482,0.21234261934858298,0.14187152598656094,1.8263089133968518e-18,0.24587974405793048,0.14664502010924194,0.10308584418671633,0.14270784233142683
177,0.05661394804517925,0.22865755289079953,0.15418852015457787,1.3072874897338282e-17,0.25108732397422073,0.12753215757831182,0.08380277914021743,0.09811771821569325
178,0.061708001197564755,0.2086416980861029,0.162009626900536,2.59530895038458e-18,0.2493210682504285,0.1477143973868141,0.0696659442769043,0.10093926390064929
179,0.04298062030299157,0.27308216159253584,0.1372645857547348,0.0,0.2725757363161654,0.11524582510141664,0.08798187467527763,0.0708691962558781
180,0.06061318820278589,0.2207141704209583,0.14742418383661157,1.1854226096812077e-18,0.24642729350236428,0.1450720885444338,0.10686603438215718,0.07288304110968895
181,0.06224721756871545,0.20817462213603513,0.1576169746417456,0.0,0.21936821778718876,0.1678102654487693,0.10652648966188606,0.07825621275465965
182,0.07136838334836074,0.20675559302695357,0.13925627531058157,0.0,0.19338151807495665,0.17513258452479688,0.1318523668478552,0.08225327886549536
183,0.06464336291707194,0.1964576859411451,0.15454390576629634,0.0,0.19793617512880474,0.16866259146166512,0.13874319828624085,0.07901308049777588
184,0.05423102505843794,0.2015731835718268,0.13473330564966912,0.006792438102801654,0.20054954972469521,0.18683168750254547,0.13589262078395536,0.07939618960506835
185,0.055552553915852565,0.18124276111211937,0.12435126606316037,0.0014018161630828608,0.20456555851434347,0.19015850431380651,0.14466551692935328,0.09806202298728142
186,0.04453639408839531,0.17754267491338807,0.09689318303995262,0.0,0.1967193658456218,0.1878247770612242,0.19451707770387539,0.1019665273465425
187,0.049505809281700314,0.20669510696905738,0.10735882733597991,5.480567866525859e-18,0.22286290953269927,0.19045968729044213,0.15250202115403766,0.07061563843508321
188,0.05225949809686046,0.21127893413535875,0.10567042060685299,1.17816989007035e-18,0.21985655157871287,0.18620534134012223,0.1448587714199719,0.07987048282112068
189,0.05813649396758328,0.21276452477746027,0.11162904643706587,0.0,0.2230418712607372,0.17793634930163688,0.15168093948578357,0.06481077476873302
190,0.06182637141404227,0.2033943447666846,0.10965064035699013,8.777564204371122e-18,0.22946563543298282,0.17120877554516908,0.16341938245762935,0.06103485002550162
191,0.02360960929851561,0.20414842626398774,0.12291827009045968,4.889630036918567e-19,0.23075319018751797,0.17179537479536935,0.19751436260006783,0.04926076676308182
192,0.02371603936482969,0.20990237476328108,0.09025165761342359,0.0,0.22640394913594286,0.167119611664618,0.21201027064226385,0.07059609681464074
193,0.0,0.21005861461379305,3.8261806742641265e-19,1.9993304845622898e-18,0.27928181105198624,0.18558732657471688,0.18359105359347597,0.1414811941650278
194,0.016834411829457618,0.21975270126075588,0.06683063472108136,3.1250883542222133e-19,0.2524162121130884,0.18279539692091593,0.16044843805421294,0.10092220509948788
195,0.0,0.10657791624425951,0.05216627981829717,2.7880272242876146e-17,0.30633206263026835,0.17803426552450893,0.19972037640748166,0.15716909937418427
196,1.416694238598818e-17,0.13138268596117028,0.03090947438595606,2.224292392845772e-18,0.3279549438824399,0.1675054704564573,0.17769890579379014,0.16454851951918625
197,0.0,0.14012137414879702,0.03607564989812098,0.0,0.29521510449420024,0.17658974546277,0.20604131194604383,0.14595681404906782
198,0.003071541234370148,0.14856410670339826,0.05762619646862349,0.015755372093978804,0.3073642269910743,0.1693653218094622,0.19475692858356888,0.10349630611452387
199,0.0,0.10725118212673342,0.019833520905221273,0.043350784591642155,0.2914551829053724,0.1476524461756316,0.25735158386282625,0.13310529943157273
200,7.121616358804611e-19,0.10951135390841206,0.025360945342602127,0.04675518314125609,0.2836162851282407,0.1650905770401124,0.2269408691510057,0.14272478628737081
201,6.8567339316454116e-18,0.1001256819141355,0.023451922336141934,0.05816410023494064,0.27244550833130327,0.17272857614533374,0.24336884759894473,0.12971536343820023
202,0.021813788694003695,0.14081986344703756,0.07325332751659686,0.060678501403684276,0.2393050897269411,0.13525470567529324,0.22183264882019169,0.10704207471525157
203,0.00933748633790348,0.14757627443127494,0.05881566060683831,0.08066633938339127,0.2632464502872623,0.1220293242404502,0.2481549029693738,0.07017356174250566
204,0.026414780826204916,0.1580032546560265,0.0872527698037967,0.060928408684157394,0.2376379780202749,0.13974857276127606,0.21434177542454688,0.07567245982271656
205,0.04443205697769323,0.1355119204366879,0.11602057000902034,0.01696397236754305,0.22359813758841623,0.15156076171348604,0.22094481197907967,0.09096776892707348
206,0.07119880071195453,0.1049438881228613,0.08673465224906585,0.0,0.22600844765131395,0.14162076358028844,0.26615732397455893,0.10333612370895698
207,0.04134046164957169,0.10844420492595465,0.09924854548139594,1.1874343129309347e-19,0.24916560189381612,0.13896589659336908,0.2569760250661832,0.1058592643887092
208,0.08785693053255816,0.08545331023907392,0.07484096124829459,6.150623867362544e-18,0.20637064290264226,0.14358260091060104,0.27808394564267613,0.12381160852315382
209,0.02694161159270163,0.06576774156409944,0.04180027312473254,1.247639826634934e-18,0.30406397287484105,0.1443201356416571,0.2929015849875809,0.1242046802133873
210,0.03832149258297392,0.0627887533853579,0.06833259964603194,4.913717536356087e-18,0.29538605246043315,0.13007609936951556,0.26818259613185336,0.1369124064228341
211,0.10258815084443278,0.047252125279343235,0.07234335830345376,0.0,0.2544317999951054,0.13576621752553145,0.25251415498562696,0.1351041930655064
212,0.08738981194794257,0.07342227671002247,0.051826534733430345,1.9078623043495984e-17,0.2699648011144985,0.15074273314630166,0.2520895751530444,0.11456426719375984
213,0.10033864149418988,0.09920603470927708,0.06013166797708776,0.0,0.2371030130288969,0.12475216578981353,0.23426140926222883,0.14420706773750588
214,0.138635923568938,0.08060807700036665,0.06611329755997469,5.558431370202131e-17,0.2235835183466714,0.1092391896969961,0.24169810684395862,0.14012188698209424
215,0.0729682114751155,0.12712834597177097,0.0822679646676958,0.0,0.21511526276458895,0.13919905125332102,0.25135973435654924,0.11196142950995853
216,0.09961894509598214,0.09411023251284888,0.0663533426698488,2.9409806311258427e-19,0.2196457377794308,0.11847130473446588,0.24407657047801573,0.1577238667284077
217,0.09600138347343809,0.12205881218195488,0.11266548442658081,0.015932744707969265,0.18999618545912025,0.1352869958701399,0.24218366663742685,0.08587472724236989
218,0.16367747112089415,0.08057453014575391,0.06990017338114182,0.0,0.18085835661333385,0.1285585520366524,0.29264447881847644,0.0837864378827474
219,0.11441968878782248,0.10271132814240783,0.1001283210925674,0.0028475090505496754,0.19656725833933658,0.13114379780022187,0.27154746043146644,0.08063463635462773
220,0.09503144952669099,0.08935136165637177,0.0954309075485372,4.632211430292322e-21,0.2082645597440653,0.13059912643720512,0.28761275264466124,0.09370984244146836
221,0.20936952125708203,0.0,0.021067414657228525,1.1954917138416835e-17,0.25928692815540755,0.1206826726791775,0.30704008076720934,0.0825533824828952
222,0.19049819859633826,0.02876483730428374,0.041235902880032926,0.0027620998813100406,0.25073531289142487,0.11652414339420637,0.2754342500948225,0.09404525495658121
223,0.20559053333168736,0.029703590457725606,0.05320667144508297,8.092341019822679e-19,0.19506383773274927,0.13236729864516433,0.28609850312468554,0.09796956526190484
224,0.1783139670209121,0.036246613937107514,0.053786342736415214,0.020901728639939166,0.226216989744923,0.14475465102462762,0.2696667358024067,0.0701129710926688
225,0.15670988861277987,0.018074185683085657,0.018655059400336824,0.013357881510039357,0.2717485763747889,0.15931776762816363,0.2910986641211457,0.07103797666866007
226,0.166956409845821,0.027734676294923946,0.029132253146004462,0.003421216877790034,0.25851743307073827,0.18846243839929425,0.26650489298618657,0.05927067937824149
227,0.1467571540388355,0.03370075866840376,0.037987359156527976,0.042077181456078645,0.2730185801013748,0.20369303189098648,0.22868415343889661,0.03408178124789618
228,0.09667506960778523,0.014617048713767875,0.027780299203099705,0.030171382353452212,0.34053067354154787,0.2610806280808796,0.22914489849846745,0.0
229,0.09028830846129876,0.07424243121898923,0.051295138975039414,0.12076631658529258,0.25913533458201216,0.15166820442664694,0.2300583256252306,0.02254594012449006
230,0.14649401016108288,0.025027036052650654,0.0,0.04258839934732046,0.3696341650592043,0.19952508202313776,0.21673130735560392,6.02933933722769e-18
231,0.08400673165617698,0.08275891432116644,0.037780458257186636,0.11871612006560973,0.26574495269769643,0.1670836862662773,0.24390913673488646,5.920345516453669e-18
232,0.1393401684451306,0.025102302301605626,0.0,0.0,0.3579438588271369,0.21065436920986796,0.26695930121525874,2.7786068801702273e-17
233,0.12993864364454258,0.037954269093395575,7.788213840111327e-17,0.01314839500346854,0.3644557156720779,0.2013956554219878,0.2531073211635275,2.5764836431318727e-17
234,0.2163541896272841,0.0695183758786088,1.4461817024931832e-17,1.1007828424269065e-17,0.3480564461597508,0.15680317556340623,0.20926781276995005,0.0
235,0.19402248645117642,0.0916211665412765,0.004560485009093396,0.005144904826977201,0.309381776192485,0.1432294098682008,0.2520397711097904,0.0
236,0.25689345517745543,0.08432222664030745,0.007005345208918269,0.02944929609684278,0.25664482187114124,0.15688188066677117,0.20880297433756348,3.035832257405381e-17
237,4.522878649190368e-18,0.05823029945133576,0.012593015350115035,0.04121014980805697,0.4631333249453965,0.1649838801138673,0.25984933033022817,4.2575831890972564e-17
238,0.0,0.06532870502374258,0.0,0.01410868519160616,0.46332693298479777,0.21066224577862747,0.2465734310202258,8.035768006279772e-17
239,1.9357340120787852e-17,0.14433331800616309,3.4662023170385527e-17,5.207297733999505e-18,0.3712558642745557,0.2827616330639728,0.20164918465430817,1.1488421560361904e-16
240,2.1882678579057893e-17,0.04971924108541267,0.02977736358028732,0.06809286712067462,0.32953563252855184,0.3084835754127625,0.21439132027131086,1.4008384733796465e-17
241,0.0,0.051039288682210304,0.0,0.027094226966525612,0.4464596562057484,0.2615859435873855,0.21382088455712997,8.450161326726919e-17
242,0.0,0.07949829911681634,4.8183862173356915e-17,0.0845871895139674,0.47846526939615724,0.17999340098891228,0.17745584098314662,7.294012122119024e-17
243,0.0,0.08062552154775231,1.2629721622578824e-17,0.07247656658561144,0.3890381742233702,0.17165155990670378,0.2862081777355622,4.2988072691441275e-17
244,0.006910542670509888,0.12719058633976485,0.061285996052599,0.0840492803039895,0.20585321104662435,0.23372340884159695,0.2809869747439154,2.8591011072431505e-17
245,0.005949156025925564,0.09227247587632399,0.022112890660908817,0.0,0.38510736573358895,0.11492480105377521,0.3796333106484775,0.0
246,0.031159457239697947,0.0355186022970973,0.03205943202914556,0.05633680000497158,0.2789213192964728,0.22442739474089113,0.3415769943907236,4.0811900283243495e-18
247,0.0904706675048501,0.05468194290759914,0.011003592632071974,0.12709031918734742,0.29376682152010497,0.13600949259004227,0.28697716365698417,0.0
248,0.08138126091219126,0.09270390489519924,0.0601708696492561,0.06673026691658052,0.2725628914367957,0.11475493860922412,0.31169586757975304,0.0
249,0.0825807741230086,0.07328492433793647,0.06052674846858693,0.031349427866426686,0.2324070291333014,0.2131067922695721,0.3067443038001677,3.709210215582075e-19
250,0.0782208590827508,0.10727926608695049,0.037643060009869306,1.2881730001389721e-17,0.40300550674394864,1.0269718620076485e-17,0.31611414257765885,0.05773716549782188
251,0.12224181495920687,0.13982601063641525,0.10874642220995706,0.006598553542698718,0.2232799958465867,0.05617577648901773,0.31493075532818826,0.028200670986929324
252,0.035110057321079385,0.20716160030764377,0.04305342397863398,0.00837411968485516,0.1501236810001212,0.07125226068094402,0.31592355709355124,0.16900129993217128
253,0.039036476016866994,0.1991226891821699,0.04147715979552253,0.00082643450637874,0.1322738399603683,0.10356049396581632,0.3302318592591766,0.1534710473127006
254,0.06712848534432371,0.1712742343915604,0.08222419609613425,0.06751671528264806,0.13705445898739096,0.06820683406937302,0.32433917453822336,0.08225590128934618
255,0.013661457656442449,0.2065037882447051,0.013663359948750745,4.3363725546914786e-17,0.30642374251395416,0.0,0.28153056302689883,0.17821708860824853
256,0.06449641012680467,0.2075388794462956,0.06204814930773672,0.074153759409237,0.060916883903867666,0.10029858854839253,0.2744767567892681,0.15607057246739772
257,0.08799394928760557,0.2063744838464207,0.0867353486618491,0.11884716618607648,0.08538110301769164,0.10294291615508433,0.18078696538108535,0.13093806746318687
258,0.11499944889156703,0.15959927020887416,0.10649992120029883,0.1282773358027896,0.11465566290138866,0.11455200608779541,0.15084407348793574,0.11057228141835053
259,0.10555347550339349,0.2514345031602545,0.06999415820576685,0.0673673079046787,0.07309958911246062,0.10208160573442371,0.22271676400981258,0.10775259636820944
260,1.0410274060428338e-17,0.24377129097456313,0.0,0.03813608107044895,0.0,0.06692755547883307,0.40922379300309036,0.24194127947206442
261,0.0060064889812956705,0.1482282992208578,7.826372674385096e-18,0.05500225932220956,3.470188105778992e-17,0.15512511107878682,0.42206328786081876,0.2135745535350314
262,0.022069587732155477,0.1685100205112445,0.0,0.11994880735601368,1.4995858063285335e-18,0.16652695629467482,0.3242811263268929,0.19866350177801867
263,0.0,0.1625409320636667,0.0010217088515352415,0.07624107966659044,4.2455228618067426e-17,0.20627616797015796,0.38327256124384473,0.17064755020320474
264,0.0029549085462129785,0.21007578169896796,0.02505648165959955,0.052967690196993204,0.024902591868162762,0.13766957358326615,0.36024208559325804,0.18613088685253923
265,0.08840970696989074,0.15601320626712112,0.09047014050689224,0.12430172613359333,0.07379344094133608,0.15107829075957088,0.23345754957292258,0.08247593884767297
266,0.08928772774664451,0.13372425977445918,0.08021980349698694,0.09296722115442702,0.07664440110450364,0.16680373105170787,0.24958253659000285,0.11077031908026783
267,5.162530804230981e-18,0.19904740212049865,0.015218614489430135,0.1871619459735946,1.7667325764745974e-18,0.20032453836382924,0.2808524878245244,0.11739501122712286
268,0.015490302423770561,0.1277627460667733,0.01863783531517221,0.05438724338413236,0.00255539381437575,0.3063674478955414,0.3615382850998665,0.11326074599936779
269,0.010211954411556253,0.16754231589118251,0.014175724497117284,0.08127955917156822,0.012416309468830385,0.23372478595850268,0.2779616742095883,0.20268767639065424
270,0.09119231965395994,0.0949492352886711,0.09747402012246016,0.10957665459711793,0.09861289972602201,0.16599245641397803,0.23845797880001285,0.10374443539677797
271,0.09246119653925218,0.10018388990687811,0.10317400198983935,0.11164726137403742,0.09666577234324826,0.19700189412803573,0.20214986132997845,0.09671612238773046
272,0.07185078166700379,0.08441557381144425,0.0726768756371902,0.13558993102428155,0.06744114324446128,0.22307390697333554,0.2733678611123514,0.07158392652893188
273,0.08061539131079783,0.045910483271870264,0.07421191243196584,0.06601122705234402,0.1648622024278608,0.2154251653532809,0.24724554565899437,0.10571807249188596
274,0.09105819380076119,0.10505195971881781,0.10463504029082789,0.12662209921903136,0.09026693492582498,0.1913306662820418,0.19254215935527536,0.09849294640641963
275,0.07594599535592575,0.10325567572026338,0.11222752406453614,0.17821943232817064,0.080610245869556,0.16542841917778225,0.1867992672795139,0.09751344020325188
276,0.09457417309046934,0.10484641417084122,0.11149142897229597,0.11280496482611158,0.09917193797100449,0.11984250842329938,0.24580208671594198,0.11146648582903604
277,0.11643236604197918,0.12467040054079778,0.12444352936746063,0.13699213252855388,0.11919253278812274,0.12006653628528371,0.13988282912229932,0.11831967332450277
278,0.05761391050939413,0.17635743570780257,0.1278186364761601,0.10698335212986283,0.05167278681596263,0.11714666250679959,0.23045227672646493,0.13195493912655312
279,0.18203051286523964,0.08457697168071951,0.10642146812813298,0.10333108360661604,0.07989336651664675,0.07327339309780964,0.24924667910194567,0.12122652500188966
280,0.06731259590731836,0.10138299504860047,0.10274365790198722,0.12297866793957317,0.06396080226439117,0.04425965140993845,0.32420746830876035,0.17315416121843066
281,0.0997392126662402,0.10761861425586401,0.1458392200334579,0.08473023984166997,0.05417650627358209,0.04090856480526958,0.3171296740589512,0.149857968063965
282,0.09493816597762796,0.12349187476778731,0.12889271393573018,0.10591725055647853,0.10576574976466352,0.09473969665141194,0.21941656448124022,0.12683798386406026
283,0.11484349117773918,0.11998055711805863,0.13362595048487316,0.13403120826807743,0.11465548214627107,0.11744943223655198,0.13667741209485573,0.12873646647257278
284,0.09432536375017062,0.09290450062821655,0.10624782097043237,0.09170536864038746,0.13744509608258867,0.10560889676806376,0.25417926411635205,0.11758368904278839
285,0.13930694475787572,0.0864201666413014,0.1320016917828414,0.14005946164883465,0.10216915553267263,0.12566808257729933,0.13958599176654043,0.13478850529163428
286,0.08299516080770293,0.1266033908238574,0.15662407762631686,0.10441791282433893,0.14186945417638758,0.12333949041744553,0.1306660071597035,0.13348450616324722
287,0.11807396899815178,0.11723873702050298,0.13289335833998303,0.13553454826457445,0.11811550351368709,0.12132316314326677,0.13663141600218362,0.1201893047166504
288,0.13224981346261888,0.11312856431492922,0.14401341351701327,0.11880033206010003,0.12659683082398354,0.11409475268653792,0.1302354782217778,0.12088081491203917
289,0.14206822107501618,0.10360545123587357,0.1524167307700875,0.09119648349888614,0.1531656313166469,0.1125433300968398,0.12302551055748258,0.12197864144816727
290,0.12082207498044005,0.1161267690057526,0.13004264463717075,0.13517114440098774,0.11952036238370446,0.11920613787016077,0.13640080827111026,0.12271005844967328
291,0.12213502123201486,0.11696247561371582,0.12850488414658134,0.13501883427577518,0.1202248724940121,0.1200771174994685,0.1353114000442492,0.12176539469318284
292,0.12233939522144041,0.11688908924004247,0.1285263241282574,0.1347699516722556,0.12016752522247458,0.12023978368612279,0.1353016119289811,0.12176631889942553
293,0.12245195658759128,0.11810378324255096,0.13172007654749127,0.1293513762284115,0.12944957794748843,0.12056038960344205,0.1279754375080946,0.12038740233392987
294,0.11816903169577493,0.11893299386722447,0.12249175820833026,0.13622194864911016,0.125625952356527,0.11199692550809173,0.13557305081409518,0.1309883388998462
295,0.10816370336283884,0.15689470807398068,0.09625085084808621,0.11255200971852564,0.18730333341612712,0.08036626823274319,0.12778183509998448,0.1306872912467138
296,0.09332921034187938,0.15660295267624427,0.09851977694954853,0.10911543416541161,0.19879276563003934,0.08581617471468239,0.12711421745610724,0.1307094680650872
297,0.09484554464279286,0.14723925323806875,0.10007254248503072,0.09996554829217,0.2039709784807762,0.0889278013810833,0.13206432545750166,0.13291400602157655
298,0.10603435116089159,0.1521404729844012,0.0970958900250533,0.10753421495893711,0.19203642197292045,0.08726626241633349,0.12207836877917692,0.13581401770128596
299,0.020392640262413057,0.2591307373165088,0.08196029117960417,0.06128870235230784,0.08564952568728912,0.07254027519108691,0.21094190224835951,0.2080959257614307
