oos_period,model_1,model_2,model_3,model_4,model_5,model_6,model_7,model_8
200,0.1648027975944074,0.17301449336520167,0.06338829200478271,0.1273344493325483,0.06339525670456758,0.09468422539907789,0.26651357655205077,0.046866909046363585
201,0.15975914160813762,0.17950703490399336,0.08078904323723114,0.11567843932588348,0.05399161267634771,0.10580863315367153,0.263487925276362,0.04097816981737312
202,0.10097811749039987,0.17940186206167485,0.08487621953040982,0.10413032492168386,0.10699854746461021,0.11482716056022317,0.2564861826777818,0.05230158529221635
203,0.1720948841832163,0.1343577500781886,0.06749412292685786,0.08530388283517729,0.10344347328543278,0.09417435970153584,0.2744221573552658,0.06870936963332548
204,0.16369222574164258,0.13561170297253394,0.06839189940469187,0.07928157936744686,0.11190009797549447,0.09883267261388325,0.27811333591561815,0.06417648600768883
205,0.15679281969264783,0.1336671682568835,0.04810901297913835,0.07298149429042332,0.1131698257053133,0.09100059912697822,0.31014946293676104,0.07412961701085434
206,0.1743782681135276,0.1276888482234424,0.0660555530942709,0.059740239443351405,0.1333691388580397,0.09361292471976357,0.2989350583340815,0.04621996921252288
207,0.1913696368817209,0.12632176451043511,0.046324998511027844,0.08006435659060088,0.09291372579256388,0.06935140313087285,0.35603677714906246,0.037617337432716
208,0.19292703354880317,0.1490186825350426,0.05080227417493667,0.07447638131749552,0.1256080072322621,0.06772308297068587,0.3152798564868399,0.02416468173293399
209,0.2678929578331862,0.13645217862097966,0.0430979191343808,0.07454962420314408,0.09274414475940196,0.058078393821345387,0.31260282705095194,0.014581954575609929
210,0.18683510351073523,0.16598280699719287,0.06180405182916577,0.05946067189303678,0.14783559802179264,0.07263016623724743,0.27262385679904266,0.03282774471078652
211,0.18881171505441888,0.16760483433909207,0.06014674766924305,0.05138564358293607,0.16790079777011221,0.07216336725419663,0.27335073664359316,0.018636157685407873
212,0.20770647384911323,0.16029088903382827,0.05222694747646262,0.0466633661311521,0.15984839923170874,0.06868799037785026,0.2949217803595325,0.009654153539352372
213,0.2579247197030904,0.12113891913562033,0.07133363404141624,0.04126057815658564,0.1490478222902114,0.059359168111359634,0.26034452793692053,0.039590630623795774
214,0.22018457400137895,0.15096725107927403,0.05510551135199146,0.04318274790028509,0.18949829321197062,0.05905192317265214,0.27829125095668916,0.003718448324758456
215,0.2389187498630641,0.15173226179521968,0.05541403807023507,0.047429902262011825,0.18338181918735602,0.06310102153874975,0.2537977654691247,0.006224441813238891
216,0.22821105637755015,0.12701949354828712,0.048154656797103,0.060830395185721295,0.24273987453771517,0.05480803131162835,0.23679389948802873,0.0014425927529662043
217,0.22002999163751483,0.12967672126845248,0.04953034287041425,0.06031604649591532,0.2390044745886334,0.06580442992367427,0.2356379932143955,0.0
218,0.2314096618698084,0.13187593029458927,0.053163967968897594,0.05400601802291177,0.24094022864145934,0.0636754201659202,0.22492877303541334,0.0
219,0.2307175429746313,0.12906702862970626,0.052638172634945225,0.05813489085804249,0.24266486916692898,0.06410013476584302,0.22267736096890273,0.0
220,0.22447095327468483,0.15786262947031432,0.05216665111896879,0.050754727578615676,0.22355290338880635,0.07938003526648658,0.21181209990112337,9.962331687007188e-19
221,0.2456464731388624,0.18963435510179738,0.045845388701840316,0.039154046885424176,0.21369717410132535,0.07143681147972473,0.19093230251718438,0.0036534480728412813
222,0.23286378775399025,0.2016756647165876,0.041082975745470394,0.03272984832324454,0.21306260273469138,0.07185304337944787,0.1977442511392229,0.008987826206345056
223,0.23178315170438532,0.2251849756049835,0.04109431348935437,0.023428220806534814,0.1684295958730665,0.0773709570650018,0.21859613471857467,0.014112650737098987
224,0.2756385884513014,0.2453852723427193,0.049816890583691834,0.0,0.14935925537636788,0.07804118553850099,0.1887937445825412,0.012965063123877215
225,0.28385357519275295,0.24763620143404003,0.04138876256403066,9.583358564306612e-18,0.15399377938261274,0.07853204273849444,0.18600719851063288,0.008588440176436275
226,0.28353767293448473,0.24705950850800876,0.041408171085726815,3.0130947167275457e-18,0.1574075989877142,0.0755005317633125,0.18450983462283516,0.010576682096917832
227,0.35491978444506644,0.15085430385070317,0.0701219684021874,0.02503997407035099,0.17261851337779646,0.06389534539306739,0.1570681371619652,0.005481973297862951
228,0.302213121143109,0.24099727991305203,0.06250029904002495,0.0,0.15039001425283086,0.07919427948585946,0.16470500616412362,7.137840767386444e-19
229,0.388854907482945,0.17099143826922633,0.06728558185445865,0.0,0.13873493710642745,0.05815680416520566,0.16826372038952006,0.007712610731216797
230,0.38498522972282023,0.17564735929195144,0.06662032886485311,4.132978152115018e-18,0.13828641358189211,0.05969007911198066,0.1669150274110632,0.007855562014439212
231,0.2631457537712601,0.1741405706554034,0.06077828364633405,0.013508077955794031,0.12849805901339512,0.11888624225390197,0.1735508681680431,0.06749214453486821
232,0.25790233633015625,0.17321232781555496,0.07002919135868547,0.014522445684981884,0.12228994183851528,0.12348365202138308,0.16773745512029342,0.07082264982942967
233,0.2706864701728603,0.17414701306003896,0.06374215237938982,8.140985857285649e-18,0.12257108581944086,0.09706732640177482,0.18344059134098495,0.08834536082451017
234,0.2998630282510702,0.19338772110005206,0.06827968384573414,0.0,0.10583607223819974,0.10170606420370347,0.18197177486161334,0.048955655498627175
235,0.25878205216903866,0.17872198945102147,0.07442272902988642,0.014833690444173528,0.11272186203283388,0.0844063370769831,0.18586826406836127,0.09024307572670172
236,0.2619660127427586,0.1688407103847511,0.06978840977999672,0.022003767680235587,0.14020979922637308,0.09068037376668123,0.19994456149226777,0.04656636492593589
237,0.22867158146260663,0.21582666270134607,0.052617064073974956,0.024431443133907858,0.12087362950848263,0.14912195917362236,0.18398484884356897,0.02447281110149051
238,0.21051051843753613,0.25248836548803666,0.03931931898184498,0.008324801261933095,0.1142663521728363,0.15948311534538626,0.18339928736999905,0.03220824094142753
239,0.2203228367981035,0.240307174654138,0.02232364439788981,0.017526485016129634,0.10873644325646138,0.16647928387885816,0.18337531497312443,0.04092881702429504
240,0.13138030668434736,0.3480624018627625,0.0013506714628370342,0.06668880105528953,0.08868475418694173,0.15430050307875404,0.1420289463289334,0.06750361533913439
241,0.15405397146528468,0.26806202865243595,0.030381766652706074,0.04786584395077035,0.10420810077461706,0.17900424886698355,0.15177038882243166,0.06465365081377059
242,0.1578077095668061,0.25864672023701607,0.01654240660269869,0.049122404094618474,0.09918871905057322,0.19583066279444242,0.15007993902648362,0.07278143862636148
243,0.09562611275160768,0.2732520033893355,0.01522592617807311,0.05032624568123312,0.08043823018706674,0.1804885794063026,0.18703421648196716,0.11760868592341411
244,0.06545604706036622,0.36293355939915833,0.04971675681525802,0.06468243352564583,0.07284993574725908,0.1276499743537818,0.17079260706466157,0.08591868603286905
245,0.0724611728389715,0.3542192637203758,0.027868451063445515,0.047138920155100926,0.06782308374138885,0.14396025053541042,0.18242698402015547,0.10410187392415142
246,0.0556927482907846,0.3837937052454464,0.04318726617613015,0.03760434510298779,0.05326658049256101,0.11857412989532293,0.18039363660132593,0.12748758819444106
247,0.05917670867307103,0.38377748709170867,0.0573022475103434,0.03191881123363555,0.055706283087311674,0.08731971693880947,0.1819604120771729,0.14283833338694726
248,0.07430948516737518,0.34855334167165664,0.06181630544369491,0.04247872328433607,0.04888502590273106,0.12750550729143578,0.15692647297336865,0.13952513826440172
249,0.08711138541796326,0.32654369926930393,0.02669897467464079,0.06460613791357386,0.07582775660473523,0.1406844498933105,0.11640813574351465,0.16211946048195772
250,0.08630198182982741,0.3146084895138377,0.013931432845787305,0.06080378313761526,0.0764306194532778,0.13031365268020031,0.11211972144091369,0.20549031909754054
251,0.09186531336564367,0.31823715366617883,0.0070812688285663014,0.051728136355475525,0.09005074371234488,0.12494749543060882,0.11120691811264921,0.2048829705275327
252,0.0729288087364983,0.3557260956543102,0.005527848710997022,0.0657099557058891,0.08448971503933246,0.10388080042016426,0.11566424028780571,0.19607253544400285
253,0.07863214215378832,0.32491698133398084,0.023425731982740654,0.0349520201336415,0.06130404048281023,0.12106561858748911,0.14223729635077945,0.21346616897376977
254,0.10048799068578441,0.3326655112830241,8.431365956960873e-18,0.07423468782692237,0.04978477079533566,0.11344763990198448,0.15038492278115728,0.1789944767247917
255,0.10125543722738478,0.3101956060246221,2.9951548236025144e-17,0.08110639733955466,0.040631196944767675,0.11634820441017786,0.13445882610166177,0.21600433195083119
256,0.10690388004259672,0.3316542967253791,1.5456816040158626e-17,0.08378924897426418,0.03481364573538771,0.11610082571454727,0.13827531630132395,0.188462786505501
257,0.1038750736418139,0.29920163989417853,1.2279966031925345e-17,0.06750522717330958,0.04159842350669865,0.1271224841324551,0.13547809942426212,0.22521905222628208
258,0.11950983128416033,0.29774783686446865,0.0,0.058573980114884815,0.03297996640352432,0.12929872712856527,0.14231604476549117,0.21957361343790543
259,0.11609352221952503,0.29732714955474426,1.5546426170277628e-17,0.065253283406152,0.03445047489883577,0.12967385714203003,0.14248641292120942,0.2147152998565034
260,0.1276939008550577,0.27966558133960373,0.0,0.062045699691717866,0.05040192956339455,0.11721251745144919,0.14638766526732036,0.21659270583045642
261,0.12113575352047609,0.2792361875103724,7.13064946593607e-18,0.06047118272938563,0.049832869396939296,0.11676706080722807,0.14660806881530503,0.22594887721929352
262,0.09730874678598614,0.317657696491955,4.998034874688876e-18,0.08753354534189725,0.04276049120452669,0.13554820248800364,0.13750956097667077,0.18168175670996048
263,0.0956660605191453,0.28883477782642863,0.0,0.09601687223178602,0.037846173299988864,0.15849640957262445,0.14586338812272884,0.17727631842629782
264,0.09608647815808481,0.2641372800525255,0.0,0.0912157822855794,0.03643603304052789,0.18503630962251322,0.1579858006121358,0.16910231622763336
265,0.09781443072128237,0.25878929305107173,2.861733899520294e-17,0.08854854421466903,0.028347933817760587,0.20038772177723996,0.15617346059863962,0.16993861581833666
266,0.10097257592810673,0.26915098789728115,0.0,0.08340897012451413,0.044830594327616734,0.16768538956597284,0.17353206586403644,0.16041941629147177
267,0.0967928809822705,0.2663077628489688,3.147114987538164e-18,0.08874194645289905,0.03182049351857041,0.19503826085453493,0.15744466595664747,0.16385398938510876
268,0.0903177376811251,0.257150651860789,0.0,0.09430956923072643,0.03469310040215836,0.18887263602489193,0.16625263903289408,0.16840366576641502
269,0.08816304701843854,0.2629232110638959,0.0,0.10882159448798126,0.031291115367753176,0.1807943605985653,0.15901969206211716,0.16898697940024873
270,0.09155103084577829,0.25324867784078586,0.0,0.09857066299757222,0.03784284917003457,0.1844263677746023,0.16386265481125417,0.17049775655897254
271,0.09325268416455083,0.24889618601104457,0.0,0.10710082322421664,0.02332191090971753,0.2035788752621927,0.16202376943020413,0.16182575099707358
272,0.09219690337118956,0.24681332962273742,1.3393523189988017e-17,0.09531016098923811,0.019973474741090645,0.22415636861563223,0.1590032951405079,0.16254646751860416
273,0.09047667359004434,0.24429321848701094,0.0,0.09568192892339977,0.011893624210508345,0.21696406372424812,0.17179189644901255,0.16889859461477585
274,0.07776459127224433,0.2449020396239329,7.277720317691471e-18,0.09718894287273967,0.020265305622018975,0.2211697286924166,0.17514219230246486,0.1635671996131826
275,0.07789974038330777,0.24460555302915626,2.1874533218591825e-17,0.09139384015258221,0.026717383104198373,0.2430886000866017,0.1327057167174569,0.1835891665256967
276,0.07817998380065212,0.2627210961978681,0.0,0.09350588965671686,0.03183704525372006,0.21822629594983686,0.13414855528382322,0.18138113385638283
277,0.08972614359346066,0.26790166117236563,0.0,0.09626468242299886,0.020574135996807377,0.19150173740195617,0.14624002647484313,0.1877916129365682
278,0.08368432367538886,0.25341914049791237,0.0,0.0940215862626051,0.025409468321815697,0.22166892994899062,0.11546753238906032,0.20632901890322702
279,0.06884757935655766,0.24564211481885861,0.0,0.1121089353131761,0.02487802219539793,0.250403032032604,0.11816967306881565,0.17995064321358983
280,0.06739128347514445,0.24883440448812805,2.6543365588963056e-17,0.11433355653366607,0.02471633760942538,0.2489169365139573,0.11916762284270503,0.1766398585359737
281,0.07382026011034704,0.24531457641769305,0.0,0.11317171222766473,0.027574756115388444,0.24699868795266952,0.1221411384283117,0.17097886874692547
282,0.07783959116649844,0.23079324278575206,0.0,0.13127111645660436,0.014921855894235848,0.2391407536076957,0.1214812968676193,0.1845521432205943
283,0.09031744519741187,0.20291019006350197,1.2760100653987457e-17,0.1386485612869871,0.01757090040702414,0.2615008978191527,0.12413625388523163,0.16491575133969047
284,0.07667321826224094,0.18629374710631125,3.373088682393938e-17,0.13225334555948073,0.037034291101857526,0.2756889611907605,0.1141435369312884,0.1779128998470605
285,0.09029653237277406,0.18574772965098071,1.064106315810832e-17,0.12593142439462465,0.018355362197290153,0.282638666935588,0.12527608765589937,0.17175419679184303
286,0.1242613645966469,0.1785477592123189,1.6395593243511468e-17,0.1191888452861639,0.011050884042993406,0.2451466011719145,0.1267022785092772,0.19510226717968507
287,0.10495988580806898,0.1359120245221647,0.0,0.12467830395847083,0.03544380460151738,0.24904217342423082,0.13854745314470124,0.21141635453984603
288,0.07925443964330285,0.13768102155026343,1.483064693390151e-17,0.1209180115391264,0.03433186533686734,0.26748070814666264,0.1524781187030204,0.2078558350797569
289,0.07814160825582339,0.12796609369448855,2.0384377271246386e-19,0.11391820895637364,0.04648263002913987,0.2680610239158969,0.15818715510848305,0.20724328003879458
290,0.09455198802988317,0.12435746336001575,0.0,0.11579274616529368,0.037787598940816326,0.25996910660576034,0.1793627560532993,0.18817834084393137
291,0.1007520252360332,0.13797866315432653,0.008095237467240762,0.11370998954785677,0.014560907886285893,0.25807825106706395,0.16313705887498658,0.2036878667652063
292,0.10519308432657257,0.12818586644580185,0.012269418507026415,0.11041701696250457,0.023778049964948453,0.2519337826726865,0.16578667843080533,0.20243610268865422
293,0.14184815958154287,0.13043664128654614,0.05811304177030196,0.12624379025521562,0.024157290955397172,0.23981485954468107,0.1257244717077277,0.15366174489758744
294,0.12496197465810009,0.09223252434792581,0.03724437534300931,0.13685996551715998,0.06990289713648812,0.23078666161085512,0.1313852456369934,0.1766263557484681
295,0.1313543416138813,0.08417307909073378,0.04788586499692082,0.15962258230755033,0.0664731430862136,0.23985105831974673,0.11594699391507449,0.15469293666887896
296,0.14341017420275523,0.0329113405994089,0.03132255177662848,0.16480631811316035,0.11844803614875024,0.24457346706157984,0.12453961244016384,0.1399884996565532
297,0.13810017206705705,0.034423620385758316,0.022950631774463732,0.16924824756394202,0.13287243194410067,0.2641865368547638,0.13469144266163077,0.10352691674728351
298,0.12406996213152777,0.04633735944910966,0.010952299636718657,0.17141637271281115,0.11976108355852629,0.2712356382577482,0.14939327797925037,0.10683400627330782
299,0.10777392773405277,0.05782084019432963,0.05035712202018132,0.15576019275022673,0.10707744986434321,0.25153319301471827,0.16708924665225922,0.10258802776888876
300,0.09834421111486365,0.05482141549606569,0.044137525317475015,0.15083090303701377,0.10494406845770418,0.28124971130324206,0.1642396347195906,0.10143253055304488
301,0.1036212057683089,0.061413180785887714,0.0570665864598018,0.14701748336245915,0.1009869246296215,0.27192173086039545,0.18119261143115095,0.07678027670137448
302,0.12026067564755114,0.052361587725630196,0.063559166908666,0.12250534721500504,0.10812853421928845,0.3160184110361869,0.15951622214112246,0.05765005510554995
303,0.1160172140787671,0.060137424604481335,0.04117789624707015,0.16804141173924042,0.1329985798011661,0.30576163230057546,0.1298405788839716,0.04602526234372782
304,0.11724082253980891,0.07388191072922635,0.057437401194072105,0.1394603818267307,0.1495112040653509,0.29678381580300883,0.11925627359036327,0.04642819025043877
305,0.12142359495660253,0.0794601279376866,0.058248546022770846,0.14448184440022754,0.1489671578721644,0.28762125364500307,0.11278030175755031,0.04701717340699463
306,0.10800487403973609,0.07973586823219672,0.034673010418102536,0.14043913467821195,0.15540117198455286,0.33130102453034255,0.10807638433535229,0.042368531780505016
307,0.10547886562780318,0.06266454839891275,0.0494811404686622,0.1305971822741364,0.15217029801762316,0.34281110140986765,0.12232305710847917,0.03447380669351556
308,0.07744360620779833,0.06749578812384543,0.058347634683512346,0.12607613280551433,0.1370593873662076,0.3414234173934289,0.11394573536581057,0.07820829805288243
309,0.07065196912465109,0.06012093766895973,0.053001180113459515,0.12902342580777995,0.14143110931813596,0.37070659700287445,0.10380614552911747,0.07125863543402183
310,0.07097271384496825,0.05354025302324467,0.0818531812587849,0.08968197322551703,0.11573077680024706,0.37741610325161473,0.1128838632706283,0.09792113532399498
311,0.06986196605169061,0.047841324656660134,0.07270308166238847,0.08575335489220999,0.11172293614800637,0.40549562163509417,0.11114511939725846,0.09547659555569173
312,0.07636527743313597,0.04811394819646682,0.06905655476373783,0.0918078341767455,0.11606918150076112,0.3911687469249708,0.11396904889743094,0.09344940810575086
313,0.11654932409922489,0.053286245970918,0.07509615684295237,0.12172243578018464,0.10529571735014087,0.29444018553260404,0.14236631318492413,0.09124362123805096
314,0.13889160010259916,0.05487250895656123,0.08261908977035237,0.11425983003126673,0.1007805541011517,0.2904986617512374,0.12246554384066409,0.09561221144516721
315,0.14283402546031856,0.07085868273489664,0.08644188464340281,0.1060837609625423,0.08908366776889273,0.2841300463552141,0.12767342839611484,0.09289450367761805
316,0.19277332110409542,0.057965612617708114,0.11537714999569279,0.12296171484424644,0.0780118420459785,0.21254480600240475,0.11883667378403333,0.10152887960484065
317,0.1956811646686479,0.052959052244165625,0.11696719559421372,0.12410991261227546,0.08528270341095669,0.2194937527572292,0.11401616154010491,0.09149005717140651
318,0.21056329608717855,0.048418339724771914,0.12345349654087476,0.12905276127585014,0.07709763231008017,0.20557455192075186,0.11304016611644965,0.09279975602304294
319,0.20961045844817114,0.04812488015127716,0.12344975052872093,0.12904099175964434,0.07847752880345404,0.20450523426418685,0.11381876209672172,0.0929723939468238
320,0.21126311604126546,0.05300578715321322,0.13056547757541015,0.12862006540752738,0.07175889498269546,0.20365285363517255,0.11352827596442887,0.08760552923928691
321,0.19401666512471244,0.04786010724745032,0.1577086241604956,0.14685348342700114,0.09406055809867064,0.13672626729400983,0.1307281299227293,0.09204616472393085
322,0.12150671704855316,0.05211221781440141,0.15417086481680198,0.15500901497200117,0.12271128803343084,0.14391920779218167,0.14707749675015605,0.1034931927714737
323,0.10263426289576764,0.04435097288135648,0.1510712689830186,0.16186123272663927,0.10253687359670562,0.16336549586745927,0.1665295938778585,0.10765029917019453
324,0.10497344072238267,0.04420478793237255,0.15821953190605387,0.15519732737499228,0.10785654518083973,0.1519672716118669,0.18028500209086515,0.0972960931796268
325,0.09035824944758186,0.03460896430257539,0.17181693027989323,0.153991944304697,0.06766588720520081,0.16966832383354355,0.23021107598330226,0.0816786246422058
326,0.10766499905390885,0.02781838098880474,0.18880910273800064,0.1375337027970846,0.05467745056674352,0.17749293393808216,0.2212031987689858,0.08480023114738965
327,0.1604881541142221,0.03229639327163376,0.14627879823093737,0.14839428472012148,0.06252618150243486,0.18997641063426163,0.1715539367808021,0.08848584074458674
328,0.14221273474009677,0.049524905412664716,0.12852007057892564,0.1713708782204393,0.057426897854617215,0.16566193046695213,0.19027082099240053,0.09501176173290361
329,0.15729579062224996,0.04752976283768323,0.11641099088831171,0.1723809503447486,0.05877681420502655,0.16748912181992087,0.18659804723326967,0.09351852204778938
330,0.15636677002280314,0.045847869783151106,0.11717144958910508,0.17512779186925037,0.05882907589953481,0.16512114736100716,0.18975488113066738,0.09178101434348086
331,0.12428053095915657,0.04426049396058219,0.11101583845271251,0.17644395507502822,0.06568858345277269,0.15457522879426602,0.22220441235424562,0.1015309569502362
332,0.13364708230945496,0.0731409121639272,0.10138054796343887,0.16591401866517627,0.057503289457583685,0.14635181773694037,0.2294446838136928,0.09261764788878585
333,0.15289747000855688,0.0948740453297867,0.10582926368317647,0.16211202518374404,0.0645520662189734,0.15393812160894263,0.16415405521411516,0.10164295275170467
334,0.18435128854339558,0.09345912795722748,0.10368067244210422,0.14823301381599413,0.04120660950021896,0.18562004100552912,0.14771127731793204,0.0957379694165986
335,0.16320190430361986,0.11443817175567093,0.10924072088936833,0.14695094652230897,0.06848561434243597,0.16454776873311716,0.12474266279485711,0.10839221065762161
336,0.1598871852856139,0.11980521913418127,0.1086038977918418,0.14799078032867616,0.06749188359145827,0.15900320341894422,0.12659179607356363,0.11062603437472063
337,0.16329698843951554,0.12016374440694107,0.1053262768915149,0.1553182952079508,0.058316392882977866,0.1686914503284193,0.11155186990157735,0.1173349819401032
338,0.16600687717384874,0.12573894584997605,0.09756892703008027,0.14935535782753262,0.06737236831975679,0.17368307322497142,0.10542420895456607,0.11485024161826798
339,0.1650683135300934,0.12732719865977438,0.09819949277737046,0.16400279786881605,0.05319192048105125,0.16044491384184897,0.11109517875245634,0.12067018408758905
340,0.16252237738258796,0.13365247373637396,0.0974796308179192,0.1646227677048261,0.053196594246906904,0.15869593638389592,0.10814341940793622,0.12168680031855361
341,0.13222196956270565,0.1395304020246654,0.10060351203713146,0.16323231073677386,0.060352397920548397,0.15643026566641213,0.11923504090108152,0.12839410114968158
342,0.14305376396252442,0.14524550660386118,0.11189474748705704,0.16519328394139476,0.04795046650399553,0.15046903121672056,0.11476112639939665,0.12143207388404986
343,0.0912126138272149,0.15540209651886602,0.10463568625246675,0.14497776866150489,0.08252121344939466,0.11694908240389085,0.14479819362450919,0.15950334526115278
344,0.1445827171874733,0.17743290742548895,0.10127940788479432,0.11683293440213025,0.06844690203941588,0.12186503264915491,0.12748679580474812,0.1420733026057942
345,0.17446563397869302,0.17773386888906126,0.0894870999785611,0.09568249670054668,0.11355308645475638,0.12454338907814964,0.09901597310793564,0.1255184518112962
346,0.1487469668232126,0.1802036775832277,0.09249039400866851,0.08217533197726794,0.12086253817252036,0.12887376388243074,0.1236108792080578,0.12303644834361424
347,0.1398857488583502,0.17973400666763006,0.090862677284507,0.07528958903838796,0.11690775670020762,0.11730631659118404,0.11621367670690999,0.16380022815182296
348,0.18393514691504345,0.17243385376547626,0.08970501049909609,0.06792889341486238,0.12240466249144713,0.10739425627889433,0.11083375369839524,0.145364422935785
349,0.14727723646601262,0.2106684091819721,0.07521762526807435,0.07648907640388608,0.11224217703529002,0.08976692846788002,0.1328382506539852,0.1555002965218995
350,0.15236917657532914,0.19081380071428822,0.07012574670932699,0.09391253721203671,0.0927795010604769,0.08732044183031581,0.1542094657576423,0.1584693301395839
351,0.17887779282380462,0.15935262389827692,0.06680012633915362,0.09956407493574554,0.10111690776788429,0.08945256502487045,0.13131822892511152,0.173517680284153
352,0.17288980243834035,0.14310484920522942,0.06652074862049809,0.09940453759138311,0.10246236636118372,0.0858374834383143,0.1391121762302266,0.19066803611382435
353,0.18957983113967528,0.13843005588146537,0.057334441271828275,0.08729995129406247,0.11852024033398754,0.08622107967421817,0.12717389004803148,0.19544051035573146
354,0.1859364935043294,0.1223257174702819,0.06562138614212851,0.09976192640849128,0.10089631271599973,0.09671999464660733,0.11836292972947941,0.21037523938168237
355,0.19961110242771957,0.11164972519950783,0.060886829690672474,0.09562687585274389,0.10403215616640281,0.1039792641091684,0.14636215216265028,0.17785189439013474
356,0.19409603272135142,0.11858845025311024,0.06335851620587851,0.1052791121406509,0.09794069854306732,0.0961529124684383,0.15686004748461788,0.16772423018188545
357,0.19581382648368656,0.15144154534805118,0.03182050107258735,0.12312294108464734,0.11399690233453987,0.07707048154682057,0.1187486024384683,0.18798519969019878
358,0.19541101152373036,0.1483656542523539,0.040799293527399326,0.1281872156769163,0.1198904870877626,0.07758711514283365,0.11646511735758626,0.1732941054304175
359,0.2334533565135182,0.1350256394419873,0.04361056523531786,0.10094598406158135,0.12318308844256153,0.07889249900482494,0.1137325958901008,0.1711562714091079
360,0.23763634580919363,0.1841479692127143,0.0033541201591531667,0.15280263209747025,0.13399827759038707,0.057013688910699876,0.09761455642216936,0.13343240979721238
361,0.20686368864853616,0.17978905996969669,0.02370101368509702,0.1452885316095977,0.14338962648127934,0.039335919540157346,0.13199148180716447,0.12964067825747122
362,0.18544212348989325,0.16634442196737456,0.030694375712732546,0.13365857291137198,0.14205070459388494,0.04865971096212484,0.12316660449287475,0.16998348586874304
363,0.172955750174953,0.15848733645602175,0.043929950066841326,0.11313906675151995,0.15045685524784752,0.07804181666716402,0.12057272134207844,0.16241650329257395
364,0.14011990708374047,0.17002465961053295,0.05015098723963266,0.11061685026727644,0.17558455169047113,0.07752712273575285,0.11974624174399441,0.15622967962759907
365,0.12980296105821518,0.17061272209211134,0.04507352448076261,0.09885569510226211,0.17442291600754,0.08193929378853346,0.11810954306321546,0.1811833444063596
366,0.11199071534756672,0.164884478281782,0.04671037929079765,0.10715146470158302,0.18158876846596594,0.08348816408737812,0.11620320899587082,0.18798282082805573
367,0.1115829917392084,0.16580317223914756,0.0530916702525676,0.0954474774118117,0.16565857469293704,0.07402629217350237,0.12006071111001056,0.2143291103798147
368,0.09848566662372192,0.17661984006253506,0.05399405121052139,0.10330099136332335,0.18100836429903588,0.07640208356333571,0.10216865357619159,0.20802034930033508
369,0.09602973571132022,0.17813460929170977,0.052865338251184675,0.10479396217923108,0.18458902328630453,0.07293637380426106,0.10219774989274333,0.20845320758224523
370,0.11352560364877061,0.1449215701749706,0.048818070538684054,0.05218618006058615,0.20320012262593679,0.09492793225401201,0.09608035316709512,0.24634016752894464
371,0.1252315883029119,0.11853351391880793,0.048466394136893735,0.05000458696646235,0.209158495700452,0.11160567724755398,0.07776172169368217,0.25923802203223595
372,0.15206963396176104,0.12422763726573705,0.05274442085399386,0.031184879471057813,0.1923183915590881,0.10417635934421722,0.09430876693984147,0.24896991060330342
373,0.16589498116687923,0.12594054036918467,0.057189401048131264,0.012105496928000137,0.1925016170665835,0.09419657651586873,0.11317450858878618,0.23899687831556624
374,0.1870395137927894,0.15799598630483727,0.05835652970631837,0.019481198091058687,0.20174615550996286,0.08844821743917944,0.10651976600718881,0.1804126331476651
375,0.17480443631665385,0.11513358115727752,0.08196557449593589,0.05449426662089886,0.1875142524106288,0.07796652086592258,0.08490295881870179,0.22321840931298062
376,0.1750211680062583,0.12548815479580963,0.0671610354384934,0.0751318185013782,0.16815019490540847,0.07146795234159953,0.09352327179282334,0.22405640421722905
377,0.1656386616771379,0.13651869953891355,0.09751273395827394,0.05458466491634617,0.15257934230290465,0.054178885069255736,0.10612419694845253,0.2328628155877155
378,0.1740515443308124,0.1226649138292486,0.10431367019265862,0.04149628104393738,0.1624609022956767,0.05541897083337656,0.10352531644141852,0.2360684010318712
379,0.15719217546932085,0.11642073859088513,0.12207053155751207,0.01605935092217165,0.15056903755775616,0.07156429236742771,0.10206184373847893,0.26406202979544746
380,0.15431473538673654,0.1223594790693135,0.1359661330835841,0.010875504705953713,0.1522076101023268,0.06829853047962141,0.10169606423658638,0.25428194293487755
381,0.13253429466471042,0.12461877694013856,0.1452080363883363,0.023324291862615705,0.1461739592436156,0.07546823351551364,0.10415712477008976,0.24851528261397998
382,0.12753489290789122,0.13444039867616925,0.11704844219262457,0.04009477295581987,0.16117735572421196,0.08695494135849077,0.11258632602158136,0.22016287016221106
383,0.11487707849653415,0.0953915682035636,0.11217997238138198,0.036787328787308456,0.16432403859888822,0.08831514625115491,0.14035089948415277,0.24777396779601593
384,0.11122329963660277,0.06104133581166434,0.09526185502721907,0.08027378933340593,0.18075025033911696,0.051668001578075315,0.17407879110057928,0.24570267717233624
385,0.10473639292004051,0.034760480469990016,0.10750965420120218,0.07903707971370118,0.20003047536561172,0.054922091743038234,0.16994093800843943,0.24906288757697675
386,0.12218613281358723,0.03124956610569501,0.10496914123844635,0.06807578749162276,0.19932772472971405,0.05394817398671249,0.16006475059841485,0.26017872303480727
387,0.1243996987946205,0.04152935305886972,0.11821216547879758,0.04397667481189252,0.20214858096066074,0.0367567120399971,0.1882232416140377,0.24475357324012412
388,0.13198384193713467,0.03113907901243061,0.13379393139220674,0.040951512245791764,0.19047269092402694,0.03479282610316719,0.1959873387414594,0.24087877964278276
389,0.13895560780290375,0.03671606736546796,0.12287756794287362,0.043249318905785955,0.20035852442926438,0.043281209482260274,0.19629271763513845,0.21826898643530557
390,0.14628813109628497,0.012567901682767734,0.11480697210993368,0.048527554786709545,0.2046138877021562,0.0556382223953122,0.20502773140633518,0.21252959881950045
391,0.1405584843187232,1.7189474873324766e-19,0.12309515025882974,0.06874189996818734,0.20825957573156184,0.034380501845764876,0.18778799226867876,0.23717639560725412
392,0.1510903620542146,0.0029252421521994117,0.11841985719264746,0.0743995378979315,0.21244899676651877,0.025344363263606083,0.19160456459798567,0.22376707607389645
393,0.14701807364059652,0.0077434873678148275,0.09356473080490554,0.0990406790827861,0.20515556936590582,0.05257042242270146,0.17638698834343874,0.21852004897085095
394,0.14368172029192125,0.0013730888714558586,0.10159836393181731,0.11225240454024203,0.20097454864273398,0.059650178100497823,0.17120709328784053,0.20926260233249117
395,0.13205977781434697,6.387846414570393e-18,0.11860230079880424,0.10811509760361727,0.15830398911786564,0.05812953256013827,0.18936061410838664,0.23542868799584094
396,0.13630716305965546,0.0,0.1223241254481843,0.12207683074564506,0.152527510922969,0.07389927402541786,0.17983349969876242,0.21303159609836586
397,0.1422627990226965,0.009987312980511615,0.13133892163518507,0.13480028273910696,0.1640614147984515,0.056899072837219775,0.18593850739588283,0.17471168858994582
398,0.13654061874193743,3.502216539097012e-18,0.11797602245956898,0.1363502146233577,0.15471097833212968,0.10675748862173007,0.17786597489266526,0.1697987023276108
399,0.1457367159634652,0.007176771467444314,0.13189009053234588,0.13345080460761746,0.16357515844474993,0.05201709635997784,0.18784015263794338,0.17831320998545594
