oos_period,model_1,model_2,model_3,model_4,model_5,model_6,model_7,model_8
150,0.06688330826522551,0.14971133769128722,0.3227491230907851,7.451772353462255e-19,0.1153753146796821,0.12255820567513605,0.0,0.22272271059688392
151,0.10100303549823776,0.18862788106233355,0.15793724339437795,0.036700838326609746,0.13663441850786437,0.12549308143460677,0.018094453960507035,0.23550904781446272
152,0.04056748621848494,0.16891723139817627,0.13605331916979016,0.014513234073404432,0.11197943144085042,0.2970984606726282,0.005289808016473686,0.22558102900919186
153,0.04318924048082271,0.14422681620875832,0.13851553953663634,0.006610191606408031,0.11935605732014976,0.28598254532573236,0.008848497824001024,0.25327111169649136
154,0.044708833196208865,0.13470897067107096,0.09922177731375573,0.011099647711045647,0.14148221357728008,0.29029086891175687,0.012066261619755025,0.2664214269981267
155,0.03469707876740219,0.15096845022079644,0.08658395973834694,0.02868695518523829,0.14000337097769738,0.2836517419490445,0.02027164886372029,0.25513679429675384
156,0.02079980205916956,0.1757844328676224,0.09910352103796703,0.03304164752980852,0.1515959194602205,0.3043624299182391,0.0,0.21531224712597286
157,0.03287954116653346,0.1816513577207807,0.09093669327780336,0.036060424284261795,0.14419937724551538,0.3079235488220031,1.3533588028750256e-17,0.20634905748210208
158,0.022757260936771075,0.1836311857568158,0.11026658829347608,0.05706531863797309,0.1525354655396975,0.2821759855423495,0.0,0.19156819529191682
159,0.02949593968210969,0.19011273299477305,0.08304737028086258,0.01610108617026107,0.1480913745103464,0.30233174620514935,1.277338825408838e-17,0.2308197501554978
160,0.059606827273989894,0.21208397063302628,0.1089568342912517,0.059249869252368005,0.16967110489788742,0.11321975095755464,0.039045823816482285,0.23816581887643976
161,0.055736433568938044,0.2041728688666482,0.1059427340733754,0.058806696593192015,0.1707405406643146,0.125303517632216,0.04883005455136754,0.23046715404894808
162,0.050883793352639414,0.19369630199299018,0.11293111708191088,0.054915092990002023,0.15759850722216867,0.12722061681399396,0.059402678593680196,0.24335189195161464
163,0.05316137419661161,0.18961360419650386,0.13837690839951156,0.041340194095059415,0.1509719068828079,0.14312312614834216,0.06873236921140774,0.21468051686875583
164,0.050930074159232876,0.16201610080590376,0.12360889239079495,0.019838815721123216,0.19838353217547294,0.1552258472718091,0.07577296671035663,0.21422377076430651
165,0.02936983950792662,0.1413889948431871,0.16354578869193603,0.03582406116195863,0.22573292981262474,0.16830467889380288,0.07137438613049366,0.16445932095707022
166,0.03455594182123335,0.15243972691653576,0.14865883168590374,0.032103484863108336,0.22466880765442235,0.15422228507115093,0.10292275663809608,0.15042816534854944
167,0.025317052505524306,0.1494603896545479,0.15180209649398996,0.03437995112110598,0.232310195213806,0.1513346915220947,0.09865678611189753,0.15673883737603342
168,0.011138505205488456,0.1602921299656148,0.154149663432091,0.048267878082621736,0.22708525574956998,0.14781945998940285,0.09873399269132589,0.15251311488288527
169,1.6089099377193726e-19,0.1522612833484167,0.16765521316610885,0.08294207366278838,0.23542619995135303,0.16940174939717126,0.08017645230710545,0.11213702816605631
170,2.033485473168724e-18,0.15407416875181404,0.1652033147529955,0.07338003800933111,0.2389563617901285,0.1646803915438776,0.08955658324512594,0.1141491419057272
171,1.930691925263247e-18,0.19540254757079617,0.14702160060715525,0.054370176838242856,0.22435654564026883,0.16113091643891309,0.08901745061027735,0.12870076229334645
172,4.626832673385605e-20,0.19336589881709304,0.15672500261117572,0.053579656359930714,0.2248028833403108,0.17050650350107294,0.08751156481506,0.11350849055435681
173,2.192879110088433e-19,0.1975610500252306,0.15500684618816735,0.05299853868176472,0.22243538961624765,0.16803377889943674,0.0872637686266022,0.11670062796155063
174,0.0,0.1442207952662267,0.18546990880749276,0.03561170584039347,0.21198634309127445,0.16075184740243048,0.12044083399932422,0.14151856559185794
175,0.0010850034714548955,0.18139385670701783,0.15905874688632018,1.159604473657902e-18,0.23787901031890746,0.13252993144213235,0.12658506354761784,0.1614683876255493
176,0.0024929080384873395,0.20733727613523442,0.13910978216285685,0.0,0.23541901881651164,0.1477491872902824,0.12769416286101792,0.14019766469460934
177,0.05989998100958095,0.25138771762001183,0.13844346914617991,0.0,0.24587528144044263,0.1374128887822949,0.06822602438872262,0.09875463761176714
178,0.07751306553241076,0.32976060431497617,0.10232310499184061,0.007494050095041686,0.19099510846447745,0.11704137768375537,0.07971238003651245,0.09516030887998546
179,0.07969466545727305,0.3322513482167956,0.10205590267922392,0.0028384485004103004,0.19282060166448886,0.12154405862741144,0.07694921585261003,0.0918457590007867
180,0.06058102584504393,0.1992259386524654,0.15117304135234516,0.0,0.21614696924349597,0.1560551379439913,0.13143626335912253,0.08538162360253561
181,0.053106465819530456,0.20391933673287257,0.14977472671734623,6.30774847907806e-20,0.21009403911167288,0.16861577342194664,0.1367707246524061,0.07771893354322515
182,0.07136838334836074,0.20675559302695357,0.13925627531058157,0.0,0.19338151807495665,0.17513258452479688,0.1318523668478552,0.08225327886549536
183,0.06464336291707194,0.1964576859411451,0.15454390576629634,0.0,0.19793617512880474,0.16866259146166512,0.13874319828624085,0.07901308049777588
184,0.05423102505843794,0.2015731835718268,0.13473330564966912,0.006792438102801654,0.20054954972469521,0.18683168750254547,0.13589262078395536,0.07939618960506835
185,0.04762958268920894,0.17731135320135014,0.11991025068119007,3.8164128229688403e-19,0.19060525112505242,0.18664646533552798,0.18191607977341592,0.09598101719325453
186,0.04932472213951727,0.18805404328813796,0.09983044326256435,0.0,0.19599929694254487,0.19314533829344668,0.18819492628331913,0.0854512297894697
187,0.05131670536411291,0.20915033848106415,0.10581400577947943,0.0,0.2209868088638287,0.1922920325525717,0.14721601364704676,0.0732240953108964
188,0.05225949809686046,0.21127893413535875,0.10567042060685299,1.17816989007035e-18,0.21985655157871287,0.18620534134012223,0.1448587714199719,0.07987048282112068
189,0.05906778407329836,0.2150878873094446,0.1124931364433104,1.404168868309412e-18,0.21944914734383972,0.18010672237710443,0.14872814770515902,0.06506717474684347
190,0.06616603597576144,0.20274158596872632,0.11420285536018261,3.50076070121892e-18,0.19212729890953825,0.17910606676436394,0.18814284235450238,0.05751331466592493
191,0.05378818650724401,0.20286819526031183,0.119480652291304,6.604871755106809e-19,0.18406490158853167,0.18128490478092288,0.19625931621978027,0.06225384335090523
192,0.06099779968776265,0.20812013998125808,0.11022980168597138,0.0,0.1819390450453679,0.17472896133912677,0.1988055610442201,0.06517869121529307
193,0.058597915452693085,0.21412117577830203,0.09596775452318865,0.0003009163637521646,0.20872755348486094,0.18251755255680502,0.1500493133218013,0.0897178185175969
194,0.04899049887999064,0.17682130065819474,0.1091727116070586,0.0,0.20160487749698755,0.20041091242247694,0.1560283485223867,0.10697135041190473
195,0.0032937282963464427,0.13832008581271196,0.09457291380026474,0.0,0.2827746414612863,0.1778267462352721,0.17658519264864986,0.12662669174446856
196,0.0,0.15579983563153887,0.07608445436074078,0.0,0.29121144954826367,0.17890451860820636,0.1755577350979122,0.1224420067523381
197,0.004980307044515215,0.1745751356454739,0.10026845364099538,1.407422736544919e-17,0.28751325919406107,0.17577739250279192,0.16489609049810205,0.09198936147306042
198,0.0046562683096836865,0.14251873146795868,0.07674559439486528,0.012011213208138,0.29766766996616334,0.16557930492533782,0.1905281315923039,0.11029308613454933
199,0.0,0.15446439920113503,0.07402248232381599,0.02289848863161356,0.2932539400742649,0.16325687243453196,0.188328209618567,0.10377560771507148
200,1.444724758872533e-17,0.10386688203810497,0.058457204776407756,0.01256893450563757,0.3297347293529777,0.15261676482528558,0.25600168300212817,0.08675380149845813
201,3.80253772623392e-19,0.0987842241693253,0.050548120944706926,0.012211743770608872,0.28224569288485785,0.14889051694299885,0.31151390850686744,0.09580579277963483
202,0.0,0.14716026966237616,0.0789801854044581,0.062273330741408686,0.29956764847148565,0.13790774079570456,0.20761081427982747,0.0665000106437394
203,1.7593943013683228e-21,0.16337320723146725,0.07958666556788552,0.05157825633069442,0.29268215078321325,0.1351191543781875,0.2040589994913861,0.0736015662161659
204,0.02780132697398164,0.16176308167452502,0.09220549122403968,0.05295503954915179,0.23097107799597807,0.14225074561766532,0.21366439896388723,0.07838883799977124
205,0.031277926178785456,0.13379121505264527,0.11219569324643495,0.013918046330304397,0.2545014734952282,0.1512858038728979,0.21455387625449715,0.08847596556820672
206,0.037597923807632445,0.12957734268790916,0.10200298738511197,0.0,0.23196329694979684,0.1463346403826377,0.24700641468986353,0.10551739409604831
207,0.03690603475630924,0.1126286370085732,0.11377297473285757,0.0,0.21910670153198858,0.14742568013761248,0.25657456949251534,0.1135854023391436
208,0.030707958300102166,0.11525182502351018,0.1000770048602651,0.0,0.21950842174159282,0.14957840169009867,0.2613906414021382,0.12348574698129289
209,0.02193516455870751,0.11105264960824492,0.09219023382717152,2.4093852184624476e-18,0.25110681564623744,0.14250966537112267,0.25636747804071414,0.12483799294680173
210,0.007220038291232445,0.10847969148384512,0.09138959685022127,7.16595167332342e-18,0.2986688443681139,0.1466679524743858,0.2292416826941919,0.11833219383700952
211,0.043219281333254846,0.09944205191131607,0.10849196457388359,2.7473513644165756e-18,0.22946847088414218,0.1467922259873381,0.2495892525024396,0.12299675280662557
212,0.0541194414916068,0.1203866858012166,0.09767032389366488,1.7685435824998814e-17,0.2235455373361484,0.13757244334952887,0.24561326616612522,0.12109230196070919
213,0.052712213933734174,0.1233817728117518,0.08414837959257138,9.188322244229842e-18,0.23071372696590703,0.1337386711432594,0.23835074958752223,0.1369544859642539
214,0.0720850150813312,0.12502778758448063,0.1031900750705124,1.9840949244686636e-18,0.20188670634971687,0.1282386552806257,0.25391382677250324,0.11565793385982989
215,0.06317178069755151,0.1324444271454044,0.08291758958531106,0.0005032414773657833,0.2190813341087769,0.13956424854225577,0.24957890240656294,0.11273847603577161
216,0.08981763700233042,0.12335092235450143,0.11213472690083552,0.0168588913055816,0.19359097800976055,0.1321191762976815,0.24077907814662255,0.09134858998168642
217,0.08939467004912742,0.1249420383389613,0.11234040980692916,0.019603901409684127,0.19192161576264977,0.13457911985706067,0.23933634109360097,0.0878819036809865
218,0.12258588861606458,0.10275403201812315,0.10008058716867806,0.005567691651684791,0.19044703899875043,0.1277926040840285,0.2662767467425835,0.08449541071908681
219,0.1259196030084853,0.10304736288763681,0.10045259364971036,0.0029445515765628557,0.18906247454624928,0.12946840058170728,0.26650120880213174,0.08260380494651638
220,0.11768932536362676,0.08497747847985863,0.09222258547026715,1.988691825088257e-18,0.1990068620264238,0.13023098312582695,0.2826485719787736,0.09322419355422301
221,0.18960636305419756,0.04198079696334253,0.06933757794954976,0.016323906333829852,0.20705019609182945,0.11092992836262149,0.2649430597435424,0.09982817150008702
222,0.2026534101114021,0.042976596145909096,0.07275946739476521,0.010214442206929405,0.18221638376141439,0.1154776950402664,0.27169542126281937,0.10200658407549398
223,0.21287749978258258,0.041951873680824425,0.06057418626436044,0.00961593175945207,0.17884799868502227,0.1138112891644471,0.2689504152734109,0.11337080538890013
224,0.13284205151277856,0.058458560854491394,0.0747802437820612,0.036047965819825875,0.2316155867189497,0.12619432307846248,0.2618053228469203,0.0782559453855104
225,0.12597488507716312,0.059137979395060915,0.0709535582021206,0.04548563536288536,0.23285083062474493,0.13891468459104428,0.25039266558439865,0.07628976116158219
226,0.12363765943052041,0.062383419516023615,0.07323617971123937,0.042672109043558275,0.23363292598773822,0.14354903234017224,0.2457012476589737,0.07518742631077419
227,0.08044852203409358,0.06446953225123311,0.0808935192164837,0.07896933893344535,0.24294384241598746,0.14540840807418218,0.24894795504455494,0.05791888202901965
228,0.07907157174712795,0.06232327239416711,0.08101245040064853,0.09496517208408564,0.2521839880846924,0.1456897757199844,0.23112474681113493,0.053629022757159084
229,0.034274250142788135,0.05712664034496722,0.004917921212494823,0.09166648509261313,0.42622354570577076,0.18016906759976153,0.20562208990060415,0.0
230,0.0624253324556408,0.06683497156884834,0.021463328669550336,0.06843253104137408,0.45557702371737663,0.11544576338436939,0.20982104916184036,2.532975266400607e-17
231,0.028771514722563098,0.0657419750030726,0.0042621620908369325,0.07899108604792546,0.45740311733021766,0.14737638908495768,0.21745375571942654,1.0103197236602377e-17
232,0.0310272659753007,0.06432560582235965,0.0050483406886382585,0.07973183760707493,0.4600559067222386,0.14443881572534603,0.21537222745804183,0.0
233,0.03238555225375008,0.05920597569120323,0.015990221397562256,0.07880688971544555,0.4629440538218404,0.13233390963454875,0.21833339748464972,1.5881311895630614e-17
234,0.1095229306448905,0.07107165220067632,0.05022316920336854,0.012764048460362035,0.4486208237098171,0.07991942119148775,0.2278779545883977,0.0
235,0.3660612028572462,0.05570861335382358,0.013690426887574424,0.014756633760499644,0.23980126367702692,0.08965634794880474,0.22032551151402438,1.4387384004691937e-18
236,0.07991393128641355,0.08022184514603198,0.03734283219651055,0.04800752872754181,0.25871908421518425,0.2825506846375522,0.21324409378976553,0.0
237,0.021364949136365042,0.06700998931673272,0.03469510208627546,0.0008140842967296186,0.5237018524701181,0.09097803188544443,0.2614359908073344,7.24759770850477e-18
238,0.022428855540268283,0.06660780384687658,0.02732998605848693,2.4886225037000475e-18,0.533630637934858,0.09251128231812591,0.2574914343003841,0.0
239,0.017218496579080575,0.07098050618424565,0.05494523630533733,0.08091887929645615,0.2476042506967281,0.3386914794592616,0.18964115147789048,6.568762343518701e-17
240,0.011598760344408222,0.06461159945839517,0.06250461536350939,0.08601949522416814,0.23775604925138402,0.34400464162867717,0.19350483872845772,0.0
241,0.03257529063769344,0.061065748211036226,0.05146522451458716,0.07576959738169131,0.26878643397742147,0.3209959699025263,0.18934173537404397,0.0
242,0.0648431627321705,0.05849882021074339,0.03941371515485648,6.118820427171136e-19,0.5283356868384692,0.0964877190018839,0.2124208960608764,1.9501775557653182e-17
243,0.01960692672388445,0.062331805089605126,0.07155395764712837,0.07200608137773946,0.22753203142730694,0.3267477969902289,0.22022140074310667,0.0
244,0.030201842981043267,0.09317999775482075,0.07771952615271464,0.06020818444317716,0.24610823099617524,0.2502863522009338,0.24229586547013507,1.0735716442985932e-16
245,0.04889002329368513,0.06451271033522507,0.07207712229837958,0.0,0.4230166867198158,0.10883872379420545,0.28266473355768873,0.0
246,0.0981555429346795,0.05646167133000234,0.07664067690760108,0.0,0.45233524603482644,0.06102133055176118,0.25538553224012955,0.0
247,0.11489085362107826,0.046230111110134524,0.07725700869499162,0.11771552532663683,0.27397798429179016,0.07113437512310716,0.2987941418312613,0.0
248,0.10030869451599289,0.07317825193436318,0.06854632150229575,0.0,0.39527701991031555,0.06783468102526123,0.2948550311107713,2.5704256034456883e-17
249,0.1350361047310473,0.05545403182168002,0.06618097917951969,0.0,0.4380535821752539,0.0,0.30527530209149906,0.0
250,0.12084592277766254,0.1319158195576922,0.09361560356049435,6.734618762283094e-20,0.22302535267001022,0.04814523884627057,0.34814453611321017,0.03430752647365973
251,0.10328623282971473,0.145756227369334,0.09150342014708723,8.7138514448699e-20,0.17472825811897386,0.022602741271859246,0.3242786710059775,0.13784444925605321
252,0.09529406300720243,0.15377185829660578,0.09427277058281502,7.938551600336973e-19,0.13890909627436784,0.06284012290778382,0.26382106304118225,0.19109102588904273
253,0.09200235377091633,0.17921092946479586,0.10010608843321868,0.0,0.15838603599394524,0.055519613241923844,0.2820968016571208,0.13267817743707921
254,0.06718030142054145,0.16107163016233952,0.08572761412924702,0.03126753566841128,0.09003092570816186,0.04915833674331111,0.2600625120482492,0.25550114411873864
255,0.06250199470044474,0.2128582656972136,0.09016145263798271,0.051770451554246755,0.07625319284766922,0.04249187215360174,0.2363127503451272,0.22765002006271395
256,0.1134597484909447,0.1693345912699237,0.11164233519155124,0.11484249115647145,0.1153853540105802,0.1099806072189605,0.1451192023877461,0.12023567027282207
257,0.1189640341726438,0.15684263305450696,0.11716835943506619,0.12123160930860949,0.11982875503281347,0.11523902286764556,0.15013872352948673,0.10058686259822772
258,0.1252250529571751,0.13236683940686353,0.11972927816260896,0.12345386347006689,0.12221314798518104,0.1219377960772848,0.15162573782944044,0.1034482841103792
259,0.0720753397817674,0.20657552935470266,0.0730000994869713,0.06795983379195343,0.07126897125151091,0.07029142019129522,0.3414102372819648,0.09741856885883414
260,0.07702960835225617,0.08400427312266597,0.06935729651085806,0.0745566237899194,0.06044016987234586,0.0868396924695744,0.332209893588083,0.2155624422932971
261,0.0755297945119928,0.1291886871769144,0.038671882283910074,0.07299465875214473,7.476124550695792e-19,0.04074999866405686,0.3840462818803088,0.25881869672967234
262,0.07617669940753674,0.08303464369906483,0.0655072607265707,0.07691775345173767,0.06135376735392983,0.09254979582770446,0.35900032197213916,0.18545975756031643
263,0.07596566864413883,0.08315528311658779,0.06465897023212287,0.0783080595597227,0.06076120858907072,0.08351428091167815,0.3814154243241538,0.17222110462152496
264,0.10249861931721654,0.1065364629322243,0.0960989203898187,0.11057004332535686,0.09517912192100361,0.10910243031537463,0.2825889365244712,0.09742546527353399
265,0.10033534075737711,0.10597502457122536,0.10026244298406993,0.11350027473868214,0.09420953712850007,0.11763658901606465,0.2800943165484815,0.08798647425459911
266,0.09657142195912927,0.11218748043735802,0.09858292944381902,0.11202599437612804,0.09715310524855912,0.15572122997426238,0.23362327774190988,0.09413456081783417
267,0.09778637607187485,0.10500776294475721,0.09696565319153129,0.11269280685078858,0.09592194906538867,0.1409246343415716,0.2561996747389472,0.09450114279414049
268,0.09703089101624816,0.10622544555771282,0.09819377073155008,0.11258055697803411,0.0957634152130553,0.14140737939383335,0.2544106592429086,0.09438788186565757
269,0.09796346782372235,0.1037471230419554,0.09805786238874224,0.11252139194943839,0.09515190374527974,0.12520763464475917,0.2708807720020253,0.09646984440307733
270,0.09930932662858263,0.1031761133918796,0.09891006822877801,0.11488088275521043,0.09829806938622782,0.16299813885238398,0.22938052187710242,0.09304687887883507
271,0.06903398462296269,0.07366532473962908,0.0672873894634418,0.08364558475930833,0.06553668655755468,0.24787819338568,0.32749608875376773,0.06545674771665555
272,0.06751968162994935,0.07238809748296261,0.06698834014921771,0.08590943592556657,0.06879196068709104,0.26288527742210155,0.3033729644666276,0.07214424223548344
273,0.06477669473580361,0.06995895308409075,0.07006261974737786,0.0872894315261426,0.0684101673339555,0.30598187126102133,0.25947118166993327,0.07404908064067499
274,0.06867855231420213,0.07429661618869829,0.06837301119353068,0.08714933089113806,0.06566852184514453,0.2223815649871753,0.3523282444182928,0.06112415816081828
275,0.09891153942950942,0.10398901906040767,0.10172630545847626,0.12005035077136589,0.0961760070087252,0.10105715912834075,0.28589884519521735,0.09219077394695745
276,0.09934958207497785,0.10526655150205674,0.10151539349450805,0.12053915032876077,0.09576342523851453,0.10488752966745882,0.2779598324272503,0.09471853526547289
277,0.10133813132683642,0.10740593984998403,0.10280853203963346,0.11634091661790322,0.09474886205854904,0.09816761626265164,0.2728339720610342,0.10635602978240798
278,0.10438844676595198,0.10537266350215535,0.10268057624358345,0.11588514041360444,0.09550070036197933,0.09375744724306825,0.26774143697567593,0.11467358849298116
279,0.0860077057281702,0.0771311895562295,0.08135140237050992,0.08111627241906236,0.06623926789261789,0.06230659922726556,0.4097930897203508,0.1360544730847937
280,0.08124264164650367,0.07712776027668103,0.08155742086435132,0.08013545979404718,0.06618229811310604,0.06067889530460094,0.41676613697035525,0.1363093870293546
281,0.10296559790373545,0.10239106219920789,0.11949394248196504,0.1129636433726912,0.0964547933670439,0.09254260897728869,0.2601132467003576,0.11307510499671
282,0.1098921490118701,0.11039283296384238,0.13260835847428315,0.123734016022382,0.10616555596469499,0.10495066010191546,0.19146473648178475,0.1207916909782271
283,0.10141992867290302,0.10116770849831613,0.11173222773115278,0.11210198924408242,0.10341839215435104,0.09338006752540402,0.2688093576430739,0.10797032852971657
284,0.06070630954472583,0.08239454484524457,0.11195573091299402,0.11748398470777599,0.04610378001084313,0.10013318163755303,0.13151990541532374,0.3497025629245395
285,0.11075539954241737,0.11687485291734612,0.1290483809341503,0.1375694442823279,0.12026540891962546,0.12267791969936351,0.13569188240788263,0.1271167112958866
286,0.11240703751388717,0.11576295696727094,0.13034725290647897,0.13786723977464427,0.12111978033773084,0.12121961119715569,0.13629648389397267,0.1249796374078593
287,0.11807396899815178,0.11723873702050298,0.13289335833998303,0.13553454826457445,0.11811550351368709,0.12132316314326677,0.13663141600218362,0.1201893047166504
288,0.11778035381683019,0.11726492467266147,0.1333022875711801,0.13560888093746187,0.11862754138874992,0.12086359082184926,0.1366618685404201,0.11989055224984715
289,0.12031704372572025,0.11510838407328378,0.13147820180587796,0.13557951554363265,0.11958408423986791,0.11856290254378797,0.1370457856623895,0.12232408240443984
290,0.12082207498044005,0.1161267690057526,0.13004264463717075,0.13517114440098774,0.11952036238370446,0.11920613787016077,0.13640080827111026,0.12271005844967328
291,0.12213502123201486,0.11696247561371582,0.12850488414658134,0.13501883427577518,0.1202248724940121,0.1200771174994685,0.1353114000442492,0.12176539469318284
292,0.12233939522144041,0.11688908924004247,0.1285263241282574,0.1347699516722556,0.12016752522247458,0.12023978368612279,0.1353016119289811,0.12176631889942553
293,0.12269361700521589,0.11688534743904871,0.1306062682031788,0.1329676268275462,0.12457484287788545,0.11967581712780129,0.1305032884624479,0.12209319205587575
294,0.11767964332095832,0.11878566563918497,0.12196025446931012,0.13571668335060466,0.12877127391578874,0.1114641097340859,0.1350645017878433,0.13055786778122394
295,0.11489443914850198,0.1272648069808893,0.11873841094198172,0.14002797879522488,0.1280715048787373,0.11037797692096618,0.13183997038119438,0.12878491195150418
296,0.11133024967620031,0.125774329378599,0.11927683111367307,0.13744562085022471,0.13171265438320737,0.11269696482651363,0.1325811658194518,0.12918218395113004
297,0.10732922558499476,0.12534916265671078,0.11499126221011707,0.13327324522353534,0.1559458830868338,0.10847576239387126,0.12851843352892642,0.12611702531401056
298,0.11326691258479658,0.12160922980330591,0.12247784762003226,0.14316233553251648,0.12718867166771589,0.11325875112661116,0.12863081259158862,0.13040543907243302
299,0.11484690265276197,0.12131777113414485,0.12282468435185913,0.14029261686797712,0.12080799909605083,0.12003522697756812,0.12995807792336983,0.1299167209952681
