oos_period,model_1,model_2,model_3,model_4,model_5,model_6,model_7,model_8
200,0.1645250701145436,0.17301624349448386,0.06337649982397198,0.12732032969296958,0.06363556145725938,0.09470839911362561,0.26652455913724765,0.046893337164898276
201,0.15958812143873774,0.17950543097610247,0.08078745375959312,0.11567955678844755,0.05412468400853348,0.10582549457655864,0.26349656291874723,0.04099269553227972
202,0.1554160764979078,0.1786736319655828,0.08853305402421326,0.10965737204853708,0.05635079052505119,0.10969300547681304,0.2537228016590169,0.04795326780187786
203,0.17495299070173273,0.13412873394183328,0.06757012900981356,0.08546496189209656,0.1011113685055195,0.09384386526288845,0.2743581827144003,0.06856976797071555
204,0.1640291479957774,0.13557988803755242,0.06841423607718708,0.07928864124085559,0.11161836034482885,0.09879242139489162,0.2781174847918605,0.06415982011604651
205,0.15595633929088343,0.13528062062926732,0.04772956036504627,0.07200997752677903,0.12248460802152975,0.09132252848734126,0.3091702700483332,0.06604609562981974
206,0.17494140819340248,0.13080124966413698,0.0672668372409019,0.05685211091143746,0.1509489380735733,0.09346153506267701,0.29598042117932677,0.029747499673544127
207,0.18827672166570145,0.1397504535286846,0.052711019467095215,0.07366584697187076,0.13554736513775842,0.06753825746153326,0.30938982454071084,0.03312051122564553
208,0.18664900434383122,0.15169686597262264,0.0525956271903102,0.07241009858220587,0.14325172239201714,0.06717565480659211,0.3017307420365097,0.0244902846749111
209,0.20690984891920186,0.14174029501386892,0.04197411807714644,0.07228146783441597,0.14391975038213034,0.060540808355536796,0.3090738577598262,0.023559853656873388
210,0.18980723986571613,0.16856797108313698,0.06089370037715922,0.04847106646979608,0.17669059221313915,0.07072837197202517,0.2657440044312118,0.019097053586815425
211,0.18933941440571014,0.170054622506612,0.060606523274828045,0.05012632913883168,0.1716642778535111,0.07202691351616879,0.267696155264477,0.01848576403886121
212,0.209635805587518,0.16303393427773044,0.053011014260267685,0.041794167861104285,0.18307847357598417,0.06630666885030079,0.27295305514346613,0.01018688044262828
213,0.204999152333311,0.12117054693775536,0.06709482745841833,0.04320245350921289,0.18535891734905688,0.060825282152204806,0.26971220991553974,0.04763661034350087
214,0.22235414192129874,0.15744592315884026,0.05666628329923662,0.03721855415838119,0.21123712474794673,0.05736993656211616,0.2556000863540172,0.0021079497971630678
215,0.20871881314020138,0.1557862088901548,0.053007156707636005,0.04125783270401609,0.21196057779560115,0.06328783419146514,0.2600689305975092,0.005912645972416182
216,0.2279022109491522,0.12770102033715508,0.048223987614277965,0.060458856502415226,0.24418200863777417,0.05475910116106567,0.2354340225933008,0.0013387922038590077
217,0.2201524234575344,0.1300889888997346,0.04954559969356311,0.06024566942682317,0.23844905322794707,0.06588761934160221,0.23563064595179523,2.1065080740927836e-18
218,0.23166948249980038,0.13254407735912005,0.05329503514481681,0.05340668812060439,0.24326694688183914,0.06322852248280193,0.22258924751001727,5.625695050636918e-18
219,0.2308508283648475,0.1297018412681162,0.052665752739919976,0.058020946638796464,0.24188402010602736,0.064227635014741,0.2226489758665514,0.0
220,0.22588764898291902,0.12824697423296158,0.05096343546956287,0.05562748616276456,0.25344151260002523,0.07495750962511762,0.210875432925649,0.0
221,0.2454682476291454,0.18214336263063363,0.04539458566095056,0.04016745245387345,0.22131870162259207,0.07014293321115363,0.19028448482005905,0.0050802319705922335
222,0.23305692578825765,0.20143308860673526,0.04109169431394974,0.03276672259478266,0.2131428815263392,0.07178796811975864,0.19772647045397784,0.008994248595198932
223,0.23208732848121738,0.2248951358232599,0.04110922481518495,0.023467270242151686,0.16845806725227352,0.0772878128767177,0.2185864596539746,0.014108700854220177
224,0.27687620323819234,0.24411605005480333,0.04988862171489811,5.797392178385365e-18,0.14965235057041973,0.07770852137148249,0.1887728857585392,0.012985367290664776
225,0.28416424238424526,0.24735690062210758,0.041403338739267784,5.804028573258273e-19,0.15404678007047076,0.07845100942003011,0.18600037184612414,0.008577356916754552
226,0.2838408865019083,0.24678784986343083,0.04142105463080954,6.448819169465162e-18,0.15746247918621156,0.07541551050252107,0.18450416542757,0.010568053886548578
227,0.2820766406963259,0.22134823813205554,0.06674271511034363,0.01647927490065107,0.1615275234201799,0.08577230795269314,0.15764900908170595,0.008404290705044932
228,0.3026237200021889,0.2406205721593342,0.06251933337840374,0.0,0.15046220780203587,0.07907274852025196,0.16470141813678527,5.368600698810793e-19
229,0.3144685812503187,0.2377144004965653,0.06415700605716064,1.1904836315410472e-17,0.12231003833293198,0.0795628501355435,0.16989092130943603,0.011896202417043821
230,0.3850113779035723,0.1756354704220449,0.06662347240149033,0.0,0.13830151670452243,0.05961067994721389,0.1669117870612382,0.00790569555891788
231,0.2618342823228631,0.18464795299640233,0.05982419463248873,0.011021528789779831,0.12693374968551557,0.11857094641727185,0.17393172788086414,0.06323561727381447
232,0.2540382454768947,0.15607506039216668,0.06553609501785652,0.016125757506188807,0.12760084685145473,0.11463867788382194,0.16783775723289646,0.09814755963772014
233,0.25671982706668706,0.16356930197482858,0.06330976493360767,8.592512320814618e-19,0.12461714040261235,0.09237555757792702,0.18347324137288534,0.11593516667045199
234,0.30985148009007757,0.18176623241821793,0.06960773369564938,2.924256131774021e-19,0.10846256765189081,0.09378441450844553,0.18176324601260635,0.05476432562211245
235,0.2989996154485079,0.1606208819242025,0.07454850173468788,0.009313828984540131,0.11879835379321349,0.07062632210382792,0.18205376503261309,0.08503873097740704
236,0.274480576561634,0.17226729995426215,0.06784843032611557,0.019849161531256324,0.14056988584880853,0.08880089284834974,0.19726195640916855,0.038921796519405104
237,0.21483275161763057,0.2505463452674702,0.04776811929079432,0.012354484237858688,0.11633320332745503,0.14745697728850693,0.18450647372670526,0.02620164524257893
238,0.21112136416330096,0.258788922466464,0.03893213194781355,0.00652839225045834,0.11415725326248183,0.15577896464799046,0.18350801829847962,0.03118495296201112
239,0.21839137818271984,0.2640267300052456,0.01520673036382241,0.012235497151716962,0.10297020681524906,0.16681901641972607,0.18383700863804014,0.036513432422479834
240,0.13107665832366097,0.3543518675632398,0.001188401978514346,0.06548340746563722,0.08841799309783799,0.15066959023484972,0.14192313069601914,0.06688895063924082
241,0.15388257351027826,0.27040179163838113,0.029042756146562747,0.04847242398502966,0.10299232003713339,0.18350446084715333,0.15203081806983348,0.059672855764627844
242,0.1577616122381635,0.2632060707051762,0.015904923261188426,0.04921787230117294,0.09897048389845588,0.1955309346314275,0.15024906637986826,0.06915903658354722
243,0.09286101362737582,0.26900968090265354,0.01064924799215244,0.04992706808865514,0.07890587831211816,0.20312785796359892,0.18539484595883166,0.11012440715361432
244,0.06893252783293712,0.33567458517655013,0.047969778511617565,0.0697174191065311,0.07129338501543386,0.15411822529378716,0.17011367394107385,0.08218040512106914
245,0.07528125309178771,0.34246103765826386,0.025873546583743072,0.04088369339011896,0.06732617142909814,0.1602825827218417,0.18239873494853953,0.10549298017560699
246,0.052615196988981046,0.3990428098204539,0.04154670169494407,0.03580350287309898,0.052980562893031956,0.11003153651919316,0.177864072498001,0.13011561671129585
247,0.059112400299966464,0.38533607390796354,0.05699622844879216,0.032082133602481515,0.055551136549284584,0.08861206006223793,0.18122325559396488,0.1410867115343089
248,0.07278560781739395,0.3710712905623642,0.06269443590553841,0.03996567847581712,0.050730770413486746,0.1120532361095203,0.15731017665534525,0.133388804059534
249,0.08265390418156085,0.320011475550678,0.026724105926054047,0.060631610153341,0.07606315232196845,0.13340438795889953,0.11508131707902304,0.18543004682747516
250,0.08657144705450669,0.31547524646791003,0.013748298793950413,0.06101452117455033,0.07625488080311708,0.13144272760539993,0.11217829797859274,0.20331458012097267
251,0.09005778979982042,0.3184236783995863,0.007937159943767005,0.04905834111416081,0.09246565832141651,0.11326939567437184,0.11071098646208732,0.21807699028378974
252,0.07278433741919929,0.3183646020379153,0.008617473751959485,0.06074982807531191,0.08518918387127687,0.10969957434271585,0.11382168359860746,0.2307733169020138
253,0.0778156578519912,0.31748583992382023,0.02173139552674412,0.03268232511088944,0.06165847521528098,0.11901472133367395,0.14023190957024356,0.2293796754663565
254,0.0969376965645578,0.3220782142325832,0.0,0.06674086552895277,0.05400062086115081,0.09982323168524808,0.14583753694562418,0.21458183418088303
255,0.10121549382572789,0.3104934648143611,2.9039624686664836e-17,0.08093208969037599,0.04077560784596868,0.11576003563401,0.13445134073306816,0.21637196745548815
256,0.10554693297766173,0.31593065863680886,0.0,0.07756566508701826,0.03762208303379186,0.10901985731118996,0.13637783333063025,0.21793696962189898
257,0.10385847066990991,0.29952329239520264,0.0,0.0673690036499569,0.04162159916175913,0.12702612632724564,0.1354509025377251,0.22515060525720063
258,0.11930812124595006,0.2940583688447899,4.680443799347052e-18,0.057099005078505606,0.03325841413808619,0.1298219425263831,0.1418941803283896,0.22455996783689539
259,0.11555825596652058,0.2899133093169515,0.0,0.06317357037040061,0.034708205490880294,0.13123251626404217,0.14051055918477606,0.2249035834054288
260,0.12694030833594058,0.2729028402968591,4.87683851592606e-18,0.058741441384337685,0.050476526611748056,0.11766858407018888,0.14556606662205088,0.22770423267787482
261,0.1210668792258182,0.2784867349943359,0.0,0.060275173249271036,0.0499000799188389,0.116593517219708,0.1465903412246843,0.22708727416634347
262,0.09695571979965094,0.3082661990605975,0.0,0.0875146901076767,0.041295797464833923,0.1391737851245814,0.13776466548085853,0.18902914296080098
263,0.09281191537574107,0.26899464847879634,0.0,0.08558012363618231,0.03871831500834198,0.15929129972517897,0.14195765579143665,0.21264604198332263
264,0.09449727429849207,0.25810546645481586,0.0,0.09078311279403534,0.027158629823738664,0.2046514889665297,0.15552061613290713,0.16928341152848111
265,0.09924919319432811,0.2586527150163261,0.0,0.08906309090970438,0.02583879248318899,0.204813667335408,0.15931188882083488,0.1630706522392095
266,0.09744817627371372,0.2620102308154188,0.0,0.08404417191384862,0.031832288283200456,0.1990012768360924,0.16029079627227824,0.1653730596044478
267,0.09781708628461874,0.2652608315623791,1.6773369937986508e-18,0.08678983367309943,0.0322564392363026,0.19221316704664035,0.16423673951931098,0.16142590267664864
268,0.0922358599402661,0.254713567088815,3.871046448066688e-18,0.09174612035991524,0.03485671744719629,0.18526774985028674,0.17370257888602966,0.1674774064264909
269,0.08943380251347514,0.2526229506539912,5.053266214416094e-18,0.10010795291719594,0.02671892462249088,0.19965436706734546,0.16121267934420735,0.170249322880294
270,0.08921161552626827,0.24795523148981916,5.9379656580427235e-18,0.09698779222594925,0.023205764842182428,0.21909586620934138,0.15013921932513255,0.1734045103803069
271,0.0895114997270541,0.24148161256016396,0.0,0.09031393198859597,0.019443808894406625,0.2330383632522128,0.16100896461339867,0.16520181896316782
272,0.08932826515060796,0.24223859045387536,2.2588118771983455e-18,0.09548869822787587,0.017918279309568706,0.23997270634317408,0.15527497141987012,0.15977848909402786
273,0.09150776740932522,0.24230996145984995,8.7423858672805e-18,0.09625771495975942,0.011275156347153991,0.2178278946571835,0.1797303806297153,0.16109112453601251
274,0.07600963613730885,0.24277425305948971,0.0,0.09571335146052139,0.01948264385797345,0.23875511954537093,0.16161745384796672,0.1656475420903689
275,0.07780577857369453,0.24409476431195598,8.550175562702972e-18,0.09143660718156961,0.026336319831095384,0.24448483010704136,0.13284613116094096,0.18299556883270232
276,0.07740633967920554,0.2500458195247169,0.0,0.09179478028552676,0.027677440338838722,0.23858881927535472,0.1321499401443342,0.18233686075102312
277,0.08433461757448041,0.2609797398745563,5.0325231716312455e-17,0.0913795910326615,0.01743904713085876,0.21906228298944547,0.13986927555084266,0.18693544584615487
278,0.08150594365237082,0.24343768198075283,9.431740233634382e-18,0.08960108572570395,0.01977391017941685,0.24869213308818958,0.11149321399523975,0.2054960313773262
279,0.06904526306476848,0.24554542637121116,0.0,0.11212436457558017,0.02368714884330865,0.2516001000302608,0.1180671218448956,0.17993057526897518
280,0.06745627116344985,0.24882250483095364,0.0,0.11433448380362853,0.0242329755949791,0.2493268977196098,0.11911726375521647,0.17670960313116257
281,0.0723746194310966,0.24548960843096299,0.0,0.11329119682634867,0.02936804648181151,0.246929043777444,0.12214707801870915,0.17040040703262685
282,0.075021388524355,0.20868582248628187,1.2524773841687083e-17,0.12507513438978574,0.011375845264113922,0.2792548145408882,0.11675110464872916,0.1838358901448461
283,0.08707117496096056,0.200167361623322,0.0,0.13801047046329393,0.01547350991967927,0.27758588514286037,0.12122351417913363,0.16046808370975024
284,0.07475801767050894,0.18555355510201507,4.7344218083474196e-17,0.13192436999597928,0.03521148456214512,0.2815117075598206,0.11325707065971106,0.17778379444881992
285,0.08900203434845932,0.18549883931670302,1.1308101604070417e-17,0.12571542672439467,0.01838706369634921,0.28498280953387195,0.12493705299456075,0.1714767733846612
286,0.09424734057567496,0.17502317605757692,6.099166615816895e-18,0.11553234255757382,0.012493870275501001,0.28326711824278694,0.12234742193735436,0.1970887303525318
287,0.1040464803765428,0.13459251902039673,1.2304030711974405e-17,0.12267637377922544,0.030752781245668125,0.26355136050640554,0.13758960679064455,0.20679087828011686
288,0.0788670147994287,0.13764890824456544,1.879864538275039e-18,0.12085515903065236,0.034342748962739124,0.2679157459720598,0.15245643453215943,0.20791398845739514
289,0.07767604019555067,0.1279246986211452,1.4202095547480243e-18,0.1138441480932221,0.046489947581048754,0.26862243076739906,0.15816297204201915,0.20727976269861506
290,0.09170733473005856,0.12395357542194801,2.752857078573723e-19,0.11505838489997984,0.03713662863992194,0.2654191604876784,0.1789747915173392,0.18775012430207397
291,0.09576067569241259,0.13636500246054578,0.006047102310716121,0.11207160538341637,0.011738886178869258,0.2727751066906791,0.16182125224216642,0.2034203690401943
292,0.1027492863874051,0.1274186356393513,0.0030512049570460397,0.10918620352027068,0.021668566403955553,0.27170596738773156,0.1638357259512887,0.20038440975195104
293,0.14081783416084884,0.1294508508064239,0.057077864462873086,0.1243682217379033,0.022660225230680252,0.25138147973502883,0.12473796890964016,0.14950555495560144
294,0.11704792304969844,0.08558058790140155,0.03406477594470606,0.1317721260629661,0.06514609875917973,0.2564976309925355,0.12976879149849094,0.18012206579002163
295,0.13129103932038247,0.08416313119327207,0.04785916335611323,0.15959371414739756,0.06644536020436376,0.24002265058769529,0.1159223038606747,0.15470263732910083
296,0.14172117652108343,0.029793008389592767,0.02880182164267704,0.16308838351730143,0.11857474949214866,0.2646819027420674,0.125068380103778,0.1282705775903512
297,0.13296921095722164,0.03326128510392633,0.016576218942948785,0.16433498910986416,0.12553942274632474,0.29328943760976134,0.13247721614283234,0.10155221938612065
298,0.12142328800139256,0.045799087195706537,0.00979684467480508,0.16944019626431595,0.11914194368143517,0.27896907073461774,0.14783859713548486,0.10759097231124212
299,0.1011458916860762,0.05509022028546841,0.04281944961244803,0.15019547345909834,0.10299106840154607,0.28195071062635424,0.1631861166856516,0.10262106924235706
300,0.09826279229271835,0.05482451083444416,0.04407771786915544,0.15077762964361038,0.1048139770297302,0.2815618757321701,0.16423396038851124,0.10144753620866004
301,0.09736191930989867,0.05804122551627975,0.04999324084399619,0.14185939462309335,0.09766366897162444,0.2989334206511718,0.18010816098978924,0.07603896909314647
302,0.11991600119885772,0.05234520551477354,0.06361488760422927,0.12262069778163541,0.10877266029764637,0.315529133222412,0.1595830306518953,0.057618383727550335
303,0.1161391841252151,0.060184779807991036,0.0411881551035123,0.16803101086154504,0.13283622084495694,0.305752601066326,0.12983785025964004,0.04603019792981353
304,0.11947232746874677,0.07412517224457459,0.058219667380578835,0.1401901262571727,0.14950300371726116,0.29338408977398084,0.11916344910102095,0.045942164055664154
305,0.11733177669079485,0.07941120168901451,0.05735918102476191,0.14410201943748915,0.15083901965361876,0.29033899052350826,0.11301845585847611,0.04759935512133641
306,0.10866021157149526,0.07354966024621987,0.03444387057296504,0.13989773185859744,0.1590752039549327,0.33604444021527136,0.10732254699953309,0.04100633457998532
307,0.10546277293550663,0.06285892409201992,0.04768258644876086,0.12841994149214264,0.14725398229103998,0.3512378638468708,0.12198934066202878,0.03509458823063038
308,0.07017121527939324,0.06462599956777208,0.050261301884343926,0.1206943127328435,0.13534733074987337,0.37400076526257076,0.10985259996751146,0.07504647455469153
309,0.0653906337723334,0.0589404121665395,0.05037160449882138,0.12713819994964237,0.14253299108200307,0.38179539625637676,0.10254979534503074,0.07128096692825274
310,0.0624313007878265,0.049045030336472,0.07207471505257489,0.08521952433601601,0.11510313566350511,0.4081681861362765,0.1114430065768534,0.0965151011094755
311,0.07017985536936035,0.04783676100649268,0.07283584876262526,0.0858077787822009,0.11169671432726716,0.4050727036571078,0.1111177418684558,0.09545259622549003
312,0.07712750458958928,0.04811031773001756,0.06940730962398665,0.09192340531902037,0.11602687467875833,0.39005824422884555,0.11391000525995228,0.0934363385688299
313,0.10382189978901288,0.05013783447950489,0.05247308542316524,0.11915845013931645,0.10418829169718187,0.3401604132650342,0.14150828196035892,0.08855174324542556
314,0.11951880831589567,0.054410825389336746,0.07291953108958413,0.11371026924977196,0.10399773858584294,0.3137153816076234,0.12612001139812812,0.09560743436281696
315,0.15104940572152023,0.07021710628949665,0.09068422583613743,0.10688798166035472,0.08828973466688426,0.2735170247160497,0.12595783364466728,0.09339668746388959
316,0.19210754764944146,0.05802378180790613,0.11511446773165358,0.12290552219640742,0.07814409144716518,0.21321724567688774,0.11898779410504162,0.10149954938449667
317,0.19515149817022942,0.053013782925831685,0.11677713317772935,0.1240662802357239,0.08534671113777803,0.21994921296857728,0.1141738264709188,0.09152155491221152
318,0.2103646966045079,0.04842097542234647,0.12338938506611775,0.12906696388751698,0.0771105729084769,0.2056661942169272,0.11315116899850049,0.0928300428946064
319,0.20945898082047348,0.048126527910598745,0.12340958828432952,0.12904832318298173,0.07849319827013117,0.20456908948931354,0.1138986610990795,0.09299563094209223
320,0.21111258463513677,0.05300726979681164,0.1305299832457103,0.12862506735784926,0.07176613507605956,0.20372386948454277,0.11360948088171235,0.08762560952117733
321,0.1939005104090566,0.047861087866688,0.1576815454424989,0.14686050614332324,0.09406546600762784,0.1367663186081389,0.1307986977294461,0.09206586779222029
322,0.11362992460851727,0.048496622244031694,0.14857904479917855,0.1566337415539435,0.10710234721950516,0.1478010012240018,0.17092050766563202,0.10683681068418995
323,0.09543043875235335,0.041291347968471115,0.14931280959355883,0.1656541474882925,0.10147019413340791,0.15370146170404445,0.18211773363238232,0.11102186672648946
324,0.10421307187562975,0.04013524963826974,0.15790282778057863,0.155882047129268,0.10575558381698714,0.15151020606156532,0.18688613247328476,0.09771488122341648
325,0.09168234044977279,0.0335793058749468,0.17162716019659385,0.1540657812573009,0.0657207684436834,0.17008989771615152,0.23169159261745256,0.0815431534430982
326,0.11040687097094364,0.02809474752498552,0.18819384767337183,0.1373391429973366,0.05458061507155254,0.17775461457235334,0.2193560595916106,0.08427410159684591
327,0.15966018921198016,0.031976353756913614,0.14705562389742627,0.14853214963876665,0.06742899923608771,0.18794771153749143,0.16917416854597406,0.08822480417436002
328,0.15755897832784954,0.04593021599224472,0.12699765517662193,0.17143785927410807,0.04916529134755051,0.16778066686922027,0.18873694714285244,0.09239238586855235
329,0.15761036748296217,0.047440847480948796,0.11639777098334453,0.1723275822056207,0.058750105791410726,0.16758795805911456,0.186439622110877,0.09344574588472142
330,0.1600875423995018,0.04552318129627385,0.11655289841392051,0.17549718406519296,0.05514984491618683,0.16566254775858547,0.19012757902371327,0.09139922212562539
331,0.16833627249032018,0.045921601814144335,0.10746879448747194,0.17580614419484267,0.05512351951587448,0.16152039353999936,0.19231580899716305,0.09350746495918391
332,0.18779791206017657,0.07652177862045678,0.09659245573839474,0.16320002886271145,0.05910184381711893,0.15456590885573948,0.18008347111077663,0.08213660093362528
333,0.1790747447853585,0.09192084297137043,0.10450667328941005,0.15238679078551615,0.06420976635353014,0.15978832787313266,0.15253188370694212,0.09558097023373999
334,0.19602897807559677,0.08866245919539342,0.10392044213571457,0.1489957626124562,0.03924637373586826,0.18459881439994225,0.14685747049595463,0.09168969934807367
335,0.17546747281609276,0.11159007339008807,0.10932435684354103,0.14710173322191436,0.06413378586127014,0.16396171075732477,0.12349562562444492,0.10492524148432397
336,0.17912867347982286,0.11395733024398233,0.10950288289691402,0.14777587900686223,0.06103440451369003,0.15937891215745972,0.12306049774796364,0.10616141995230507
337,0.17685688556981863,0.11558555350372218,0.10595722891753134,0.1530725403149398,0.05659605104302585,0.1692477913358948,0.10897559168956983,0.11370835762449755
338,0.16889062711366346,0.12482086925706444,0.09758028952905351,0.14936483133389697,0.06711439460025205,0.17409460364249538,0.10502548759844828,0.11310889692412586
339,0.1663213878182128,0.12658530435677703,0.09830004141275543,0.16369911204405793,0.05306028406349263,0.16070886583354116,0.1110111523109113,0.12031385215925167
340,0.16547366784357975,0.1320773010126127,0.09763080474268747,0.16456090886479058,0.05291950403061632,0.15924105922084064,0.10800251530583119,0.1200942389780414
341,0.1576504115256453,0.13451388374216922,0.09987295196534102,0.1599827670991292,0.05272407005627501,0.1558003407093164,0.11633979295717699,0.12311578194394679
342,0.14184063063646143,0.14721864339888036,0.11152553652389208,0.16540798023133296,0.048166802926430594,0.150172161230404,0.11446410933810003,0.12120413571349847
343,0.12312626697994365,0.15824300433696695,0.0981653063756193,0.1408790649244438,0.0721753342206247,0.110298944793666,0.13580336002621132,0.16130871834152433
344,0.15740436102957886,0.17145682257774622,0.10171726065970213,0.11540974459518309,0.06844861200595902,0.12381693726253644,0.12677210576685094,0.1349741561014432
345,0.17537791902463887,0.17754231340805177,0.0894435959617386,0.09568637591545259,0.11340471792813005,0.12464693813533663,0.09903923226700727,0.12485890735864413
346,0.17347399494818927,0.16695317063318424,0.09328385240477956,0.07080954798511582,0.12062772675027224,0.1319975133886403,0.12080392810722139,0.12205026578159707
347,0.17775275594648937,0.17354477415126232,0.08923447315474088,0.07272559481036758,0.11538971294900269,0.12287675202999694,0.11306523732124332,0.13541069963589683
348,0.1834173340779431,0.17264352757360418,0.08969228719117867,0.06800516705493938,0.12225418540104291,0.10733396285872251,0.1110970015730232,0.14555653426854592
349,0.14340147940123565,0.19781753047780462,0.07823648374929403,0.07555388767372904,0.11228833452473726,0.08976821383272647,0.13594005114480176,0.1669940191946711
350,0.1572602550661165,0.16622940574934658,0.07527671028041583,0.09095784175873363,0.09226243238003509,0.08944134779441303,0.15863765065492347,0.16993435631501577
351,0.16475177843075284,0.14994366377012663,0.06946230091940925,0.09996747228143328,0.10222262186206592,0.08731024988223414,0.13377450223591875,0.1925674106170591
352,0.16746612236742647,0.14364420020092586,0.06674395552276675,0.09984063643626905,0.10292336304043058,0.08478038328780663,0.13872656681437215,0.1958747723290024
353,0.19525262277342528,0.13110428704824104,0.058451394913160204,0.08590290107919772,0.11705662913991502,0.08725938271174756,0.1273349741687035,0.1976378081646097
354,0.21031430680607655,0.1196439617727708,0.06377145048331327,0.09745032491018817,0.1003039819769543,0.10015364855446768,0.11788254713963923,0.19047977835558996
355,0.22120957103086533,0.11253357623815685,0.057632870998211794,0.09355208153962608,0.10591049317116724,0.10631781809721777,0.13158998070419553,0.17125360821955943
356,0.22010928969259547,0.1224707307396342,0.058363000811587594,0.10299362466658005,0.10073056464585442,0.09806027749890595,0.13282355041518176,0.1644489615286605
357,0.19149718402674432,0.14878168684421766,0.03267421060365377,0.12333792486768626,0.11493924392868457,0.0768647163702129,0.11668579961609427,0.19521923374170627
358,0.21057523984522714,0.1282988255649118,0.04403949908321926,0.12470835561356174,0.12019288429531215,0.08087276117547665,0.12595174090829497,0.1653606935129964
359,0.23425316625113557,0.13520855795564385,0.043618735617729616,0.10084240266835832,0.12312206902110967,0.07894595929210967,0.11460368060583753,0.16940542858707566
360,0.24466938138780228,0.18497130369285558,0.0027028047793681903,0.1550433741351936,0.13355976719119123,0.04587211989394362,0.09736758186780878,0.1358136670508365
361,0.1900667368139311,0.1755435095368021,0.025745762217526856,0.14314053699345747,0.14500904352784702,0.03996127758021086,0.12496684206377334,0.15556629126545135
362,0.18588007522110997,0.16609222861719472,0.03078499766676788,0.13365678982234647,0.14187493987527536,0.04870901269753598,0.12446561220975873,0.1685363438890108
363,0.1711239323393864,0.16323116743997507,0.04258281126014979,0.11564927453805965,0.1525711176601845,0.0657360606238445,0.1082707780431683,0.1808348580942317
364,0.12542820851671757,0.15906666486145063,0.05086111590539795,0.10665451078834834,0.1727119826655687,0.07905333864770366,0.12269738675105545,0.18352679186275778
365,0.12931730486724416,0.1712099221490408,0.044867839804870954,0.09869722682648038,0.1759013377723334,0.0821354070620802,0.11445590546218232,0.18341505605476774
366,0.11189050957288807,0.16429385119307868,0.04690617967351305,0.10719025060835723,0.18030869684282658,0.08358085610485662,0.11794221996891797,0.1878874360345618
367,0.1117325463009727,0.1663353169110218,0.05305724691827659,0.09563270443764874,0.16310617122551263,0.0738442980340251,0.12328745287470544,0.21300426329683692
368,0.09858939175503934,0.17758643820999226,0.05342216727545458,0.1029425898822034,0.18478149386889206,0.07670377609437018,0.09864187363373945,0.2073322692793086
369,0.09602968322349792,0.17851419791483944,0.05277840198968086,0.10485744496196583,0.18440603186373894,0.07286387784802097,0.10227101207114965,0.2082793501261063
370,0.11313224208843443,0.14380737841941035,0.04906150846055834,0.05196705383788795,0.2025031822792504,0.09517953472668385,0.09589515887585036,0.2484539413109242
371,0.12562580130621623,0.11667041144912824,0.04858345254426474,0.0497164641097201,0.21131640540666793,0.11210470802378236,0.07768674658931539,0.258296010569905
372,0.1518273619734163,0.12451092876682665,0.05278490061475661,0.03127679353675629,0.19126846475347994,0.10399084081261895,0.09448248431671068,0.24985822522443443
373,0.16537272157238272,0.12638933746268322,0.0566406441232514,0.011736738452866095,0.1947590209229344,0.0949577680064996,0.10886738906412119,0.24127638039426128
374,0.1777455468161358,0.15439864193009117,0.059327801765407744,0.02198707698708519,0.17772217372484284,0.09013062887221895,0.10653585753337103,0.2121522723698473
375,0.17418955877407405,0.11294188050727691,0.08205842931693338,0.05427400045144658,0.1882556101018063,0.07893362011230896,0.08304783560634371,0.2262990651288101
376,0.1716471545997797,0.1284126135042519,0.0689018135353412,0.07476846907174635,0.16336647230868853,0.057219937290128996,0.09146409928619162,0.24421944040287166
377,0.16566697545447637,0.13678053079616606,0.09745953946826229,0.0545921716674512,0.15256470109127424,0.0542407452592256,0.10610548157900258,0.23258985468314167
378,0.1680273424982873,0.11100550730617251,0.10509672013687335,0.03822307515480712,0.1657368759826881,0.06018382187941024,0.08407134825759008,0.2676553087831713
379,0.14968670031907017,0.11657780321995882,0.12254135497133832,0.015223358967244204,0.1481901116483408,0.07271030434489126,0.09904842668703923,0.2760219398411171
380,0.1541911205929821,0.12048350276809934,0.13616454747914314,0.010813183739579315,0.15237641275959066,0.06934243174541473,0.10169750075915229,0.25493130015503845
381,0.1310674432934348,0.12762528375387017,0.14505766661435474,0.022096771911608686,0.1424583911926534,0.07936738275298164,0.1042288363046374,0.24809822417545901
382,0.1232516119434228,0.11478342975520238,0.11941637919642273,0.041403685067027164,0.15887309194601087,0.089479304873094,0.11211855579205181,0.24067394142576817
383,0.11535147349436364,0.10295387557795342,0.11268079237268773,0.02589154365663271,0.16277804121937195,0.10000783030534639,0.14072213592947497,0.23961430744316917
384,0.10811443584319294,0.04544385903613697,0.09628659805253105,0.07990612459073072,0.18178896419142038,0.05834847632472483,0.1718150179222273,0.2582965240380357
385,0.09804151196221245,0.033708847164632766,0.10840883954408,0.0743806084459278,0.20060867222734705,0.061236931371959284,0.15852244409516386,0.2650921451876767
386,0.12085114816431061,0.030679195340143843,0.10554087714794207,0.06564984176503509,0.19985195839976969,0.052004515095288355,0.159674344265922,0.2657481198205883
387,0.12418610793641671,0.041629820336379623,0.11808826893452566,0.044056307656212726,0.20219809595319757,0.037250648899138865,0.1873894834065107,0.24520126687661806
388,0.13180649323499105,0.030877861010768733,0.13398318191636008,0.04107927558888486,0.19077288985608853,0.03354467352627732,0.19590776013001174,0.2420278647356176
389,0.13754163708081865,0.037147472842590526,0.12397231378213731,0.043718582890744505,0.20022411716717972,0.03629512054312682,0.1957859736708852,0.2253147820215172
390,0.1442933413821031,0.01287019527188836,0.11533836621059844,0.049391522785455735,0.20526472291985504,0.04615457656657016,0.20435170918264287,0.2223355656798863
391,0.1383579247074683,6.860966872752973e-20,0.12525252500611178,0.06877194875402504,0.20955691154758813,0.023245529626998433,0.18737861385423893,0.2474365465025694
392,0.14072998738368986,2.529028622261998e-18,0.11240797240877401,0.07458330502659989,0.2078450977782803,0.02728922760881906,0.18592539751825954,0.2512190122745772
393,0.13723488435692927,7.540511118173631e-19,0.09467474896361308,0.0987125831422244,0.20166577595145793,0.05058959858994155,0.17335589256353962,0.24376651643129418
394,0.13512069100683488,0.0,0.10426399171711924,0.1059141849709892,0.19522478683121383,0.057048154711802516,0.16763986074841392,0.23478833001262644
395,0.1318401067607862,3.3066578073998715e-18,0.11892283202134944,0.10803004804995923,0.15814394907929996,0.05721345046987873,0.18951974429901686,0.23632986931870956
396,0.1287108212614807,2.4500427999306135e-19,0.12589700977946147,0.12018673873023214,0.14843038751788,0.06269310828979531,0.17817393943347548,0.2359079949866749
397,0.13791117783298848,0.0,0.13003526351366226,0.13167081101828748,0.16522798163210375,0.06795173619056512,0.18000457306772286,0.18719845674367
398,0.13456215359968765,0.0,0.12847396523294485,0.13132182606853984,0.17173349955916334,0.05501518642019486,0.18419202780821123,0.19470134131025815
399,0.14332864634194223,0.0,0.12254962409729518,0.13369497784815523,0.18664617484674711,0.04862926213433988,0.18434321141085766,0.18080810331966277
