oos_period,model_1,model_2,model_3,model_4,model_5,model_6,model_7,model_8
150,0.06540344093821686,0.1709450460549845,0.28402050993624733,2.2611412178032925e-18,0.1136391547730404,0.13873111144283493,0.0,0.22726073685367584
151,0.08232961643809071,0.2758981699037507,0.1700873273985588,0.01814633810380092,0.10507887718668404,0.12355988129584124,0.0005102896772516272,0.22438949999502186
152,0.07815388165949123,0.17786602424273168,0.14972051339052841,0.042295261488720835,0.14715863008153793,0.11228858523273108,0.04546339567073126,0.24705370823252762
153,0.0420553428465466,0.14905182676735546,0.14215976745271355,3.8337505286079344e-19,0.12648854274201055,0.1572799194048322,0.033662116878542536,0.34930248390699903
154,0.0429142167835312,0.13560678209191743,0.0998335409870283,0.00798621702490975,0.14380865075854057,0.17626071171591776,0.03309313314609756,0.36049674749105737
155,0.07062092798071339,0.17575601780670028,0.09812722517248772,0.07072713354176292,0.16692758545740038,0.13752249076577694,0.044891071505612376,0.235427547768546
156,0.021195898776576506,0.21404253342044072,0.09368764896443196,0.056767314724816775,0.15372352932917047,0.23090492832040396,0.0230956064725163,0.2065825399906433
157,0.03639590866090566,0.19358213997772877,0.08791336491998171,0.05867180709699655,0.15299161883182882,0.25076661978997317,0.0,0.2196785407215853
158,0.021097892010722413,0.19231898352089732,0.10673488641959128,0.0819675953742331,0.1560171581488077,0.2362238160713677,0.0,0.20563966845338025
159,0.03282313272924562,0.20393516152098176,0.08132420806793267,0.02633444552017963,0.15299699616506965,0.2408080323097492,0.01790623785718133,0.24387178582866015
160,0.059606827273989894,0.21208397063302628,0.1089568342912517,0.059249869252368005,0.16967110489788742,0.11321975095755464,0.039045823816482285,0.23816581887643976
161,0.055736433568938044,0.2041728688666482,0.1059427340733754,0.058806696593192015,0.1707405406643146,0.125303517632216,0.04883005455136754,0.23046715404894808
162,0.050883793352639414,0.19369630199299018,0.11293111708191088,0.054915092990002023,0.15759850722216867,0.12722061681399396,0.059402678593680196,0.24335189195161464
163,0.010572924668883965,0.17577420421269613,0.11248004097745996,0.03482935389580351,0.13861969885967979,0.17343575278024206,0.09854581175376666,0.25574221285046794
164,0.029675377755252228,0.19342342162714296,0.09297984257669867,0.020064557943580422,0.2437063495577302,0.15924077809452675,0.0694344562840779,0.1914752161599908
165,0.02936983950792662,0.1413889948431871,0.16354578869193603,0.03582406116195863,0.22573292981262474,0.16830467889380288,0.07137438613049366,0.16445932095707022
166,0.03455594182123335,0.15243972691653576,0.14865883168590374,0.032103484863108336,0.22466880765442235,0.15422228507115093,0.10292275663809608,0.15042816534854944
167,0.025317052505524306,0.1494603896545479,0.15180209649398996,0.03437995112110598,0.232310195213806,0.1513346915220947,0.09865678611189753,0.15673883737603342
168,0.011138505205488456,0.1602921299656148,0.154149663432091,0.048267878082621736,0.22708525574956998,0.14781945998940285,0.09873399269132589,0.15251311488288527
169,0.0,0.15227822850234532,0.1677004919337181,0.08298840347662825,0.2355754831373343,0.16949765516848198,0.07979711291054412,0.11216262486994791
170,2.033485473168724e-18,0.15407416875181404,0.1652033147529955,0.07338003800933111,0.2389563617901285,0.1646803915438776,0.08955658324512594,0.1141491419057272
171,0.0,0.15835144994067044,0.16439483738554922,0.050831302412093854,0.23337932764544608,0.17112603141826893,0.08940150426742235,0.13251554692954912
172,0.0,0.20377709059956636,0.10624542853071667,0.0,0.17711412854064376,0.20455258933573361,0.12603266554390102,0.18227809744843854
173,1.9900621244541014e-18,0.21123507962783075,0.1433083125103473,0.04694719895153136,0.21684967987727907,0.16578953030958482,0.10286702896965964,0.11300316975276699
174,0.0,0.1465027019032148,0.16772806970078113,0.012855851770248668,0.18604840117860452,0.1760986197926615,0.17979391911871043,0.130972436534779
175,0.005337548584669407,0.18330595578676157,0.16066296382458645,9.722350047693542e-19,0.2444142823412334,0.1348069735459529,0.10811083741242668,0.16336143850336954
176,2.2487703848058068e-18,0.20836167466042274,0.13573506319213177,0.0,0.2314015436506263,0.14112876528456195,0.14691047028741486,0.1364624829238424
177,0.0417813128608267,0.3108195086188321,0.09962923170949382,0.0,0.2255179300987177,0.11121545865677111,0.12325016583767,0.08778639221668852
178,0.061708001197564755,0.2086416980861029,0.162009626900536,2.59530895038458e-18,0.2493210682504285,0.1477143973868141,0.0696659442769043,0.10093926390064929
179,0.03785379245255031,0.3264668429036983,0.09041250026372136,1.1840673569656022e-17,0.22756110627114515,0.11470217475762867,0.1222309082127392,0.08077267513751697
180,0.040734001316464055,0.24753859401789577,0.11015185153364046,0.0,0.2649506876162162,0.1383296692781003,0.12998488022635707,0.06831031601032618
181,0.0439977876185086,0.20091240683313472,0.14963499096221858,3.276058742180341e-18,0.20646245123406146,0.16315940357957898,0.16068474588902903,0.07514821388246869
182,0.05265957894678966,0.18373842082661457,0.1401948256602361,0.0,0.18179193005656058,0.20843517381758844,0.16962102252837466,0.06355904816283593
183,0.06464336291707194,0.1964576859411451,0.15454390576629634,0.0,0.19793617512880474,0.16866259146166512,0.13874319828624085,0.07901308049777588
184,0.05423102505843794,0.2015731835718268,0.13473330564966912,0.006792438102801654,0.20054954972469521,0.18683168750254547,0.13589262078395536,0.07939618960506835
185,0.055552553915852565,0.18124276111211937,0.12435126606316037,0.0014018161630828608,0.20456555851434347,0.19015850431380651,0.14466551692935328,0.09806202298728142
186,0.04154076559707172,0.18066976696060508,0.0939671098445659,1.5796403460113354e-18,0.19453389397037635,0.187440458026631,0.2145022111706694,0.08734579442908051
187,0.03917651051582591,0.1960954107647935,0.10315154173554161,6.333546829201582e-18,0.20498494313230206,0.18300933829597438,0.21065189405480345,0.0629303614997591
188,0.04702932920250345,0.21038406698023387,0.10329524718394148,0.0,0.23041908369851272,0.18392270027803811,0.1473650831805154,0.07758448947525494
189,0.05389178239587467,0.21430744142649089,0.10943864963718887,2.6283432353274654e-18,0.23017266109743734,0.1779948141691688,0.15125084823558108,0.06294380303725827
190,0.0565081031975691,0.19727173559039504,0.11043507435297685,6.251209029848892e-18,0.19921608589077042,0.1737491884849544,0.21100079835767388,0.05181901412466017
191,0.042975482340813276,0.19868939877129224,0.11944269395341037,0.0,0.18626994605725303,0.17555942613314016,0.21997383308376714,0.0570892196593237
192,0.050619059274093686,0.20235112385244539,0.10295332305743128,0.0,0.183360396498786,0.16870640527559017,0.22851333081246933,0.06349636122818406
193,0.023437283738044448,0.21263605635253952,0.08042274389296085,2.0732719570804368e-18,0.26348720775369616,0.1725130474072568,0.16348132022779227,0.0840223406267099
194,0.04133120028497725,0.17836167523625157,0.10606496748727838,7.023992590958436e-18,0.2149868228411933,0.19839771966698064,0.15662220644804337,0.10423540803427558
195,0.0,0.1279618104041082,0.08348790031190528,0.0,0.3048680892473549,0.16871454905168337,0.19173182839278224,0.12323582259116592
196,0.0,0.145226694248121,0.06119372055978482,0.0,0.3231170216230346,0.1716265400509716,0.1815912511179038,0.11724477239918407
197,0.0,0.16061145451196254,0.09142825673399552,5.9756939285258936e-18,0.3069067029713961,0.1673043985960436,0.17952499317745027,0.09422419400815199
198,0.0201912065004756,0.14579649159512137,0.07877690517932343,0.01546918384400617,0.26503480724020534,0.16817746070609507,0.19349736803608059,0.1130565768976925
199,1.1504192695670489e-18,0.1457102108362068,0.0635881772907312,0.021406920961912483,0.31895721178334946,0.15844526772309697,0.19210291106630903,0.09978930033739399
200,0.0,0.11113266459938147,0.05880679724227027,0.08078826474492903,0.27429972345578124,0.15011312637664095,0.22568504773734183,0.09917437584265516
201,0.0,0.0947021509595443,0.041417453671524516,0.022624857451250625,0.2933233296326179,0.14935231333868768,0.30236598717550656,0.09621390776986816
202,3.677424202749914e-18,0.10789977210127363,0.03434179000677973,0.033346327552756606,0.268268669969499,0.12168262812063949,0.24858116358697555,0.18587964866107595
203,0.0,0.13663660975077532,0.055630596142820246,0.09985496552028786,0.28217496544368575,0.11905752154486529,0.24210798558714433,0.0645373560094212
204,0.02780132697398164,0.16176308167452502,0.09220549122403968,0.05295503954915179,0.23097107799597807,0.14225074561766532,0.21366439896388723,0.07838883799977124
205,0.04443205697769323,0.1355119204366879,0.11602057000902034,0.01696397236754305,0.22359813758841623,0.15156076171348604,0.22094481197907967,0.09096776892707348
206,0.047971864047381095,0.12817767976417577,0.10198618402965,4.225841731975595e-05,0.2159706908742007,0.14618709226325352,0.2527389885370013,0.10692524206601793
207,0.037693550101412066,0.11257039975951676,0.11367944612943852,0.0,0.21981114651498534,0.146816108701324,0.25656539011818497,0.11286395867413841
208,0.0453597188119264,0.11192182031598054,0.09694703100444572,0.0,0.21172250624897204,0.14815437307717702,0.26299368905415543,0.12290086148634286
209,0.0035268277377928296,0.10196174623348832,0.07689825067080715,8.703448821486444e-18,0.30771657371464467,0.14180662154221368,0.2522530843387084,0.1158368957613448
210,0.012802351297221307,0.09886227963666849,0.08038504016038628,7.453889935830389e-18,0.31555626283877025,0.14194897301718248,0.23309397974563117,0.11735111330313992
211,0.03638758330702491,0.0902311491956536,0.08472960093828147,0.0,0.295555348078929,0.14014913112530702,0.23541138051980245,0.11753580683400143
212,0.06598422510835515,0.11757250400455811,0.09413829028354449,0.0,0.22328878227359694,0.137462592249477,0.24215584860322387,0.11939775747624445
213,0.06535498730228903,0.12064121185816817,0.081053038824038,0.0,0.22929208506520324,0.13208478679310798,0.23535067912919586,0.13622321102699778
214,0.07585339404297656,0.11344094846689053,0.07873297079921744,5.616768117466254e-18,0.25811257478027133,0.1202179240053678,0.23829221937019976,0.11534996853407659
215,0.06317178069755151,0.1324444271454044,0.08291758958531106,0.0005032414773657833,0.2190813341087769,0.13956424854225577,0.24957890240656294,0.11273847603577161
216,0.06198311162103754,0.1117518574605693,0.08214756049941689,0.014922379477653918,0.28200267387432465,0.11770337795563357,0.23404210610578322,0.09544693300458072
217,0.09968841161938317,0.1227691690220067,0.11112904659276941,0.016585836759365483,0.18735804423138352,0.13469886196798536,0.2399355156911981,0.08783511411490826
218,0.17220499557156652,0.08912974701250008,0.08277057944022191,0.0,0.17345040148579446,0.1277777017177438,0.270960606767325,0.08370596800384808
219,0.1158182854564005,0.10321819212036029,0.09992209601546738,0.0034819978640875863,0.195480890159721,0.12994736569190068,0.27013829247208343,0.08199288021897916
220,0.09503144952669099,0.08935136165637177,0.0954309075485372,4.632211430292322e-21,0.2082645597440653,0.13059912643720512,0.28761275264466124,0.09370984244146836
221,0.21276440604066496,0.03078801706779063,0.05655005426751697,0.0038155844036186558,0.2101641884049898,0.11027548756724162,0.27811554106518527,0.09752672118199202
222,0.21606415647088123,0.033380216492322465,0.0565762895653015,0.004218336411677515,0.21564725223923137,0.11087972862551433,0.2679972383491327,0.09523678184493882
223,0.24687100800597228,0.031950613014661136,0.052566501352271845,0.0,0.1687307072485992,0.12108437041038889,0.26966960868589224,0.10912719128121443
224,0.20712857754849942,0.03973377223300672,0.05881631261226466,0.01833227542252019,0.2018316493118546,0.13579883692792266,0.2621789262263463,0.07617964971658552
225,0.1520844133910916,0.02159407315432481,0.017083891428981104,0.0,0.2935887860272988,0.15149391079988878,0.3176518559971637,0.04650306920025122
226,0.12877509620349017,0.06086250889403039,0.07084034076606413,0.03948013632275487,0.2306324131498487,0.15411760235804262,0.24413826636735964,0.07115363593740942
227,0.08298342282352551,0.06353690023450119,0.07881918870440989,0.07628717648287578,0.24255231820111378,0.1574107243596495,0.24562432991641314,0.05278593927651114
228,0.07907157174712795,0.06232327239416711,0.08101245040064853,0.09496517208408564,0.2521839880846924,0.1456897757199844,0.23112474681113493,0.053629022757159084
229,0.09028830846129876,0.07424243121898923,0.051295138975039414,0.12076631658529258,0.25913533458201216,0.15166820442664694,0.2300583256252306,0.02254594012449006
230,0.10300423148297257,0.06024009693098411,0.01412790992033091,0.06478244693624585,0.4056381650052738,0.13497786213912813,0.21722928758406457,0.0
231,0.08400673165617698,0.08275891432116644,0.037780458257186636,0.11871612006560973,0.26574495269769643,0.1670836862662773,0.24390913673488646,5.920345516453669e-18
232,0.0462342887520732,0.06279518952929107,2.0011382237193065e-18,0.07558936899348277,0.4295454259112762,0.1522835721440914,0.23355215466878534,0.0
233,0.06979979802903544,0.05814492710386635,0.0005294560497450618,0.06480681214119051,0.39285040443606994,0.15728625072440264,0.25658235151468983,9.042950214657466e-18
234,0.20625689360466357,0.05299134561295176,0.01654302533169994,0.012650551668721198,0.33106120952414175,0.18795014838475096,0.19254682587207084,0.0
235,0.32116640964223125,0.06992716550161478,0.01710278141857895,0.01879039392431678,0.23362810745925586,0.11244180459419477,0.22694333745880757,0.0
236,0.22245978513012432,0.14578645893456396,0.020486588211220066,0.004527032956279679,0.2300331648810563,0.16130298344973737,0.21540398643601816,8.52972765796068e-18
237,4.688809893282676e-16,3.066815293821142e-18,0.0,4.60419999087824e-16,0.46792874881381696,0.14668868331686338,0.3853825678683186,0.0
238,0.02305166446483184,0.07059339227426713,0.029178910670216187,0.01655117813564035,0.4669842808270117,0.13623110095736943,0.25740947266966346,0.0
239,0.015262783180633463,0.09649012176982871,0.05785197994913512,0.07286457034731242,0.2634129477279413,0.28692028755575966,0.2071973094683892,9.964931681108564e-17
240,0.01054327400076379,0.06808237082731462,0.06375263437425542,0.07453596173406601,0.2831265426155391,0.2811862910444561,0.21877292540260504,3.483412407667987e-17
241,0.03377324199281537,0.06604403491977272,0.05087927124968213,0.06700360700812873,0.30877459759912695,0.26495075959719666,0.20857448763227737,8.467965734064819e-17
242,0.0536665248656342,0.06921005376880263,0.043354156985810174,0.03691064818232848,0.4583209619751961,0.12112211528036504,0.21741553894086335,2.0016362962360687e-17
243,6.136761543918838e-17,0.0,0.0,0.14303999023258807,0.37292575460511035,0.2859852869368581,0.1980489682244431,1.6856903605376404e-16
244,0.004579246793231845,0.19418507260236792,0.06150930628468715,0.02966170270507711,0.22830856645459055,0.19088923455697973,0.29086687060206556,0.0
245,0.005010064552417706,0.180068944987109,0.04678336392246353,0.0,0.3148030815186499,0.14831323352325496,0.305021311495105,0.0
246,0.04126297094989658,0.04647427880392067,0.0630068298131041,0.02773217967719593,0.2670429720390933,0.2859926152613969,0.26848815345439264,1.4331029843919984e-17
247,0.07591512779494235,0.037390106660764304,0.015437043481655125,0.13490543760149726,0.22900836553911025,0.199102641924179,0.24259800191354278,0.06564327508330879
248,0.10140092387864466,0.07909139553823581,0.06877020991315376,0.0,0.2868699030688439,0.07073792547587286,0.39312964212424895,9.377671331068554e-18
249,0.1583801618382658,0.014438119389759248,0.0,0.0,0.3638699724854289,0.16148441129560065,0.3018273349899452,0.0
250,0.0897149926831192,0.10690049855680696,0.061082097950481404,0.005823473007249363,0.19992051880656186,0.02962395993336841,0.40975235614826594,0.0971821029131468
251,0.11304036169063052,0.13792338903719045,0.10361657968831976,0.00615208244207722,0.20074462658632605,0.05198534388949196,0.34237647447616976,0.044161142188794286
252,0.09220693334556762,0.15245539306632974,0.08975739095667758,0.0,0.1516306393158952,0.05505533562557602,0.2797227560598642,0.17917155162908965
253,0.08895129114726086,0.20056397972982173,0.09734585023343903,0.004259012864970629,0.16770002439197773,0.07177599810519122,0.2795882644730395,0.08981557905329916
254,0.08832508827047642,0.15533455132077367,0.06263978748181821,0.0852569815170751,0.07880963148499204,0.03951573112839903,0.2990036045863029,0.19111462420916261
255,0.02866042945956722,0.11625869571902175,0.10968127678930875,0.003906435524555126,0.2540657288471419,0.011364198691313974,0.27376052602435963,0.20230270894373156
256,0.09532902139472166,0.21261862544090526,0.09386069554959219,0.10221403887519637,0.09718055078450366,0.10834232360298067,0.1469774659816079,0.14347727836949223
257,0.1132823815416398,0.16946480470824002,0.1121148535874381,0.1206773873883678,0.11436084839836336,0.11282719673494147,0.15086578896165304,0.10640673867835648
258,0.12639599592999753,0.1265471485778705,0.1206758111436409,0.12458741422735886,0.1231928122324163,0.12304627825541609,0.15137314951031228,0.10418139012198747
259,0.1276691545250275,0.2038409218606199,0.0917072700022428,0.09400891950607493,0.09713419651274038,0.10212391111547342,0.17142884366978914,0.11208678280703188
260,0.06259203735217812,0.18149061457862442,0.04356849184259814,0.07955533613618342,7.62141055348446e-18,0.04849178660846827,0.35139652883050215,0.23290520465044537
261,0.06645442383691635,0.13743747925908945,0.03259536164933134,0.08077070423825014,2.4993849076550114e-18,0.06927100064248522,0.3606705882244729,0.2528004421484545
262,0.047572165163884066,0.12019843099229328,0.02139348726524187,0.07277838155932902,0.0,0.08800819257433447,0.49731919464354624,0.152730147800371
263,0.09586434538496844,0.11182565969933418,0.08893537729871565,0.11068379884683487,0.09027016248019848,0.12756629193553196,0.2516483632133604,0.12320600114005593
264,0.034624143353012435,0.19283689541679144,0.02480191069175733,0.054177688673307495,0.002768933564530774,0.08267580828099949,0.46400412577085043,0.14411049424775052
265,0.09040406362665791,0.131258083221131,0.09386649972190565,0.13634517793824272,0.08537781847418094,0.12904780680089484,0.23206800518318382,0.101632545032803
266,0.06906962148263789,0.1207230051194568,0.07980444494854669,0.11924621065659,0.0701286905877775,0.2623967180073686,0.19952907743430784,0.07910223176231469
267,0.0,0.2638770485734739,6.079139691255521e-17,0.08296171798506698,0.0,0.10725763455562824,0.295840106558376,0.250063492326455
268,0.09040460879418889,0.10883829315213675,0.09475515353869542,0.10591633413019662,0.09183350333260523,0.1562916049345762,0.25081958708918123,0.10114091502741968
269,0.047871738764070484,0.20333497436291453,0.06179862428907673,0.13832499866856146,0.03548859146767529,0.10668444987171727,0.26725345158468594,0.13924317099029815
270,0.09270164283674659,0.09321545972220636,0.10076322816641571,0.11302718285721534,0.09599720400938247,0.2272866563832879,0.17800929415595407,0.09899933186779158
271,0.09051100407856104,0.09472116238849723,0.09960819582859749,0.10997569093237357,0.09521943842159562,0.24420657807810953,0.17248938385946752,0.0932685464117979
272,0.09362567787021844,0.0935655399369346,0.09344317215800903,0.11250917427718435,0.09622440893087567,0.24044547515257692,0.1743913621565798,0.09579518951662112
273,0.06345249086049229,0.06769928400005941,0.11940181831621287,0.10414240717918079,0.18367475763196686,0.1675862362702073,0.18145235276034288,0.11259065298053751
274,0.09113404334137566,0.09880572341494785,0.09935370737938096,0.12044696181188692,0.09139536312343897,0.16360109379046237,0.2454429520572997,0.0898201550802075
275,0.1134358166006813,0.12029472542082113,0.12286716505237089,0.14306009157742916,0.11966790774764424,0.12242639783112075,0.14435005963229602,0.11389783613663645
276,0.09628849964956294,0.10178460033300281,0.10761876468133016,0.11586083369146884,0.09448655918899695,0.11458843196644251,0.265877153993629,0.10349515649456677
277,0.11715090178578139,0.13818790736799585,0.08291978448568922,0.21026701627372002,0.07201546051738213,0.08341155024879583,0.16388760601683133,0.13215977330280423
278,0.03557803703969953,0.2661739240204878,0.0576096509697706,0.10575317203206998,4.27329913629982e-18,9.324470224989527e-18,0.3416367771537212,0.19324843878325082
279,0.09988715653704497,0.12062208130141266,0.13046209160981617,0.1492598161813477,0.09768642904206924,0.1029577480254433,0.17555553799998702,0.1235691393018788
280,0.09499851583815923,0.10203207850047329,0.11012026919800631,0.11811319823775485,0.09340905176175031,0.09350896098373924,0.24778250768034554,0.14003541779877113
281,0.11202800477081909,0.09795632527371538,0.13564443338387827,0.10530906367723245,0.08897243604378445,0.08849416202729005,0.23108140035578004,0.14051417446650027
282,0.10145852261941968,0.11220561679962882,0.12815012781024307,0.10698031153052649,0.09398664821077178,0.09373514279030466,0.24773499242667607,0.11574863781142937
283,0.11484349117773918,0.11998055711805863,0.13362595048487316,0.13403120826807743,0.11465548214627107,0.11744943223655198,0.13667741209485573,0.12873646647257278
284,0.07788790691976388,1.6031567599539495e-17,0.08138261656199804,0.0966520837237359,0.15349901185152534,0.23773843424184737,0.20502966383481278,0.14781028286531667
285,0.16864605152054338,2.3967128114781475e-18,0.17451131037650577,0.09142047333580594,0.05383529314801071,0.1821062656483068,0.05343839166872188,0.2760422143011054
286,0.09690686007133006,0.10782737419864356,0.15703923018308158,0.1194590192014042,0.14223845821448794,0.11094706040261211,0.11882333811601171,0.14675865961142884
287,0.11807396899815178,0.11723873702050298,0.13289335833998303,0.13553454826457445,0.11811550351368709,0.12132316314326677,0.13663141600218362,0.1201893047166504
288,0.1415057654046401,0.10575220437042618,0.13993421533968134,0.11844732726219133,0.1162762788408161,0.14255049043568438,0.12416827436207706,0.11136544398348344
289,0.12031704372572025,0.11510838407328378,0.13147820180587796,0.13557951554363265,0.11958408423986791,0.11856290254378797,0.1370457856623895,0.12232408240443984
290,0.12082207498044005,0.1161267690057526,0.13004264463717075,0.13517114440098774,0.11952036238370446,0.11920613787016077,0.13640080827111026,0.12271005844967328
291,0.12213502123201486,0.11696247561371582,0.12850488414658134,0.13501883427577518,0.1202248724940121,0.1200771174994685,0.1353114000442492,0.12176539469318284
292,0.12233939522144041,0.11688908924004247,0.1285263241282574,0.1347699516722556,0.12016752522247458,0.12023978368612279,0.1353016119289811,0.12176631889942553
293,0.12269361700521589,0.11688534743904871,0.1306062682031788,0.1329676268275462,0.12457484287788545,0.11967581712780129,0.1305032884624479,0.12209319205587575
294,0.11816903169577493,0.11893299386722447,0.12249175820833026,0.13622194864911016,0.125625952356527,0.11199692550809173,0.13557305081409518,0.1309883388998462
295,0.10898576715136285,0.13504734392772902,0.1091605339378056,0.12990215266193114,0.16514856111979798,0.09966882098788138,0.12490817532158702,0.12717864489090486
296,0.10368883272480504,0.13390990657380597,0.11090984860475005,0.1278403182402181,0.16810736072368584,0.10268567182780275,0.12595337084798672,0.12690469045594546
297,0.10318576033521688,0.133277042781949,0.1108031412789934,0.12777289189523117,0.16785552045025387,0.1033966888599162,0.12654846431612288,0.12716049008131655
298,0.10907047633369074,0.12831723028789335,0.11383464965052051,0.13278763769154064,0.1614335805646161,0.10363987606667441,0.12191246333540189,0.12900408606866226
299,0.08694283507907297,0.21080975216548412,0.10314687516496039,0.11051543356564504,0.1077007498850546,0.09182587477136123,0.1303365810606814,0.15872189830674038
