oos_period,model_1,model_2,model_3,model_4,model_5,model_6,model_7,model_8
150,0.07111824641058033,0.14946858587205233,0.3262417336281789,2.9318548272269563e-19,0.1169964752628373,0.1118596696456889,0.004408836260874018,0.21990645291878821
151,0.07962588967520183,0.28108732842557477,0.13763543107786502,0.025578827972725593,0.09728892759963265,0.16040255960552088,6.42898006965371e-19,0.2183810356424793
152,0.09016053728305547,0.17896937757677428,0.14636860655030753,0.0373803154450137,0.1462741718820996,0.1149545750829856,0.04099041392277643,0.24490200225598732
153,0.07421540306589886,0.1577111917818427,0.14273297204935304,0.03549327554154027,0.15077282451668045,0.12461084845656337,0.039206360421451474,0.2752571241656698
154,0.04808657530866298,0.14023295876432262,0.10275810656930184,0.020287545713396714,0.14998666367357996,0.18512692359549485,0.0401608513160959,0.31336037505814507
155,0.06788620852854468,0.17435670709147547,0.09642874802069656,0.07035302874601784,0.1646213524926319,0.13976105186319432,0.04806584293584349,0.2385270603205957
156,0.024137630055869386,0.2037891042187689,0.09756595103633767,0.045007134636168414,0.15328123834155077,0.260178799263248,0.011695672083037184,0.20434447036401962
157,0.03504256966371794,0.18756156155902473,0.08951458987121162,0.05925856297124272,0.14425084266781105,0.28024838285602693,0.0,0.2041234904099648
158,0.022274275139038662,0.19763267359289546,0.10565296535085188,0.09717707580022043,0.15766509121191244,0.2304480345239957,1.1054521115486412e-17,0.18914988438008534
159,0.03246728733057071,0.19643672761713704,0.0850438998880982,0.022879927093904705,0.14935266346111079,0.2631117708299831,0.02017292113803371,0.23053480264016174
160,0.05960682727399049,0.21208397063302634,0.10895683429125161,0.05924986925236815,0.16967110489788728,0.11321975095755456,0.03904582381648226,0.23816581887643917
161,0.0557364335749904,0.20417286886781383,0.10594273407029858,0.058806696589981514,0.17074054066408093,0.12530351763283878,0.04883005455071869,0.23046715404827725
162,0.05088379335235178,0.19369630199320978,0.11293111708200072,0.054915092989971014,0.15759850722106147,0.1272206168137316,0.05940267859435061,0.243351891952323
163,0.05316137419659342,0.18961360419649997,0.1383769083995212,0.04134019409506088,0.15097190688281728,0.14312312614832995,0.06873236921142038,0.21468051686875692
164,0.05093007415923276,0.1620161008059039,0.12360889239079488,0.01983881572112323,0.19838353217547267,0.155225847271809,0.07577296671035685,0.21422377076430663
165,0.02936983950792666,0.14138899484318715,0.16354578869193595,0.03582406116195877,0.22573292981262466,0.16830467889380285,0.0713743861304936,0.1644593209570703
166,0.034555941821233255,0.1524397269165357,0.14865883168590358,0.032103484863108434,0.22466880765442232,0.154222285071151,0.10292275663809611,0.15042816534854958
167,0.025317052505523952,0.14946038965454791,0.15180209649399012,0.03437995112110603,0.2323101952138061,0.1513346915220949,0.0986567861118974,0.15673883737603336
168,0.011138505205488558,0.1602921299656148,0.15414966343209088,0.04826787808262181,0.22708525574956995,0.14781945998940263,0.09873399269132582,0.15251311488288552
169,0.0,0.1522782285023453,0.16770049193371808,0.08298840347662821,0.23557548313733423,0.16949765516848192,0.07979711291054416,0.11216262486994805
170,0.0,0.18962210773124077,0.1484250313471741,0.0761659271334195,0.23041049450326337,0.15614695598820413,0.08838235410444478,0.1108471291912533
171,0.0,0.18984626696976026,0.14883201186502598,0.054349099399062885,0.22984864428184973,0.16200241944910052,0.08719472462221581,0.12792683341198474
172,0.0,0.19320510010123368,0.15676554930667652,0.053487953558762014,0.22480629684119435,0.17050796493481363,0.0875354505919741,0.11369168466434575
173,3.4039800917480073e-19,0.1980380680594774,0.15484024188458478,0.05311503767130608,0.2224725507874715,0.16795902631394483,0.08691474721365781,0.11666032806855739
174,0.0,0.14416936354979024,0.18548957049349712,0.03560061405805373,0.2119693817495172,0.16074804488047428,0.12050058724817322,0.14152243801949407
175,0.0010705526604792787,0.18128710091049663,0.15909713263882774,0.0,0.23780107659398347,0.13254956608646165,0.12672606135829867,0.16146850975045252
176,0.002474758656778471,0.2071937650682569,0.13916510121074807,0.0,0.2353193108471119,0.14776922713635596,0.1278748103339651,0.1402030267457835
177,0.060022779671265965,0.252032464747048,0.13818040624789896,0.0,0.24593135928716658,0.13733072283228318,0.06778744147402858,0.09871482573930851
178,0.06170800119756544,0.20864169808610297,0.1620096269005362,0.0,0.24932106825042866,0.1477143973868133,0.06966594427690369,0.10093926390064964
179,0.08025479607882091,0.3363821891798667,0.10087044516925531,0.0031262676202958592,0.19309511466134313,0.12113723282936678,0.07367706816556051,0.09145688629449082
180,0.060291474626984955,0.19874462315030483,0.1509673041326283,0.0,0.22458503849824712,0.15625365782940462,0.12474927210859273,0.0844086296528374
181,0.053087822859949216,0.20389719285412622,0.14973827365463935,9.776401337640154e-18,0.21004935423676796,0.16862262980418738,0.13687840318659547,0.0777263234027343
182,0.06260954209608013,0.20344181151973484,0.1323534548975097,0.0,0.18086358768038654,0.17307705114839353,0.16773827480459944,0.0799162778522958
183,0.06464336291707186,0.19645768594114513,0.15454390576629637,4.4356733167499193e-20,0.1979361751288048,0.1686625914616651,0.13874319828624096,0.07901308049777574
184,0.054231025058438076,0.20157318357182685,0.13473330564966932,0.006792438102801613,0.20054954972469524,0.18683168750254525,0.13589262078395525,0.07939618960506838
185,0.05555255391585259,0.18124276111211937,0.12435126606316037,0.0014018161630827827,0.20456555851434347,0.1901585043138066,0.14466551692935323,0.09806202298728149
186,0.04933867551071559,0.1880315196610939,0.09983051848736768,0.0,0.19588328425145562,0.19314828473093174,0.18831070957987345,0.08545700777756193
187,0.04609863089605949,0.2017683243684321,0.103535121866141,0.0,0.20266444865834418,0.1888098622867491,0.1880154465837368,0.06910816533953737
188,0.05225949809686049,0.2112789341353588,0.10567042060685293,9.102957205014455e-20,0.2198565515787129,0.18620534134012223,0.1448587714199717,0.07987048282112083
189,0.059067784073298386,0.21508788730944456,0.1124931364433104,2.817655099038612e-18,0.2194491473438398,0.18010672237710437,0.14872814770515877,0.06506717474684359
190,0.06636805701411436,0.20252939357183924,0.11435026840954891,8.340124626673915e-18,0.1909850455819885,0.1791422227944157,0.18912133609229786,0.05750367653479534
191,0.053827560144816405,0.202837986424596,0.11951557990241429,0.0,0.18392777417943346,0.1812870253938085,0.1963710111600396,0.06223306279389173
192,0.06104142354480688,0.20809435823651318,0.11023985331635973,4.454863906961131e-19,0.18179886238481435,0.17472649052795164,0.19893085359999976,0.0651681583885545
193,0.05856380202561138,0.21414164028068192,0.09597119697742008,0.0002936857793095712,0.2088424238443674,0.18252028823417843,0.1499579498603639,0.08970901299706725
194,0.04899049887999071,0.17682130065819482,0.10917271160705853,6.8334383019672356e-18,0.2016048774969877,0.20041091242247683,0.15602834852238665,0.10697135041190471
195,0.0032328076565410866,0.1383519103120835,0.09457684469011841,9.238694234811824e-18,0.2829659016592908,0.17783013489810637,0.17643723602226993,0.12660516476058983
196,0.0,0.15581853748479751,0.0760840017511454,5.685745590445204e-18,0.29135490408992426,0.17890822066095005,0.1754169055804646,0.12241743043171821
197,0.004944692269214302,0.17459209325577946,0.10026824011745994,7.269686739582364e-18,0.28763189544409073,0.17577957736998887,0.16481095302650672,0.09197254851595991
198,0.014546531991467274,0.14325356492489266,0.07928013691639187,0.014073276004702371,0.2789435219365109,0.16781543934165882,0.1891408532581863,0.11294667562518979
199,0.0,0.15505153106383412,0.07386963942467427,0.022394393837261755,0.297289155076939,0.16351855742222524,0.1848972842523251,0.10297943892174051
200,0.022219575094691083,0.13929016113535217,0.08894399196824286,0.034567724905730096,0.22739876600788964,0.17730400389934842,0.1996363328733758,0.11063944411436985
201,0.00647528473896777,0.13408379393481026,0.07864615330764349,0.027888846075006777,0.26265557298199055,0.17431122925739007,0.209603858297802,0.10633526140538903
202,6.004876429892562e-19,0.10908864937759252,0.03417763903386995,0.02743435660421592,0.2829460066416492,0.11961819067966044,0.24544002477052693,0.1812951328914849
203,0.019852897145369156,0.15685409486532684,0.07743233751924207,0.049137120542467286,0.2322331883763136,0.1309083241261967,0.25169223753839937,0.0818897998856849
204,0.02780132697393314,0.16176308167448386,0.09220549122398625,0.05295503954920648,0.23097107799597297,0.1422507456176346,0.21366439896394143,0.07838883799984124
205,0.031190001813820097,0.13379989886225696,0.11220104253584302,0.013923636258761744,0.25460142829356885,0.15128810869557194,0.21452681910970728,0.08846906442946999
206,0.03751523711186138,0.12958639683648873,0.10200243523659142,1.1461414567523292e-20,0.23207904769164425,0.14633929762571493,0.24697003486921493,0.1055075506274844
207,0.036826124265348155,0.11263909185683214,0.11377446392405575,0.0,0.21920291538570752,0.14742839772102323,0.25655211218375984,0.11357689466227323
208,0.033535477094974085,0.11528206065473712,0.10063850155306117,0.0,0.21332507199223555,0.14974132042924373,0.26306014272036343,0.12441742555438491
209,0.02181725043696854,0.11107088671891086,0.09219386451740737,1.0385153328919368e-18,0.2512889647102263,0.14251149402670915,0.2563015037835711,0.12481603580520644
210,0.006429850006129996,0.1085781450483267,0.09132582537626154,0.0,0.29959023689209013,0.14667395209467604,0.22912585199686206,0.11827613858465343
211,0.015573567350401949,0.09987846050673327,0.09715724943358514,7.818357734788838e-18,0.28708989910090094,0.14514888291467087,0.239173852676629,0.11597808801607892
212,0.05411944149160706,0.12038668580121666,0.09767032389366521,2.9921486491002754e-18,0.22354553733614815,0.13757244334952887,0.2456132661661249,0.12109230196070893
213,0.05271221393373453,0.12338177281175176,0.08414837959257135,0.0,0.23071372696590697,0.1337386711432594,0.2383507495875225,0.13695448596425344
214,0.04861433391524042,0.12430271252314865,0.09100205082259645,1.1010369523110826e-18,0.2556562192438982,0.1258163707568552,0.24581424089603982,0.10879407184122122
215,0.06317178069755165,0.13244442714540453,0.08291758958531127,0.0005032414773658323,0.2190813341087771,0.13956424854225544,0.2495789024065628,0.11273847603577139
216,0.055099853010683084,0.12191465044594738,0.09819415031252496,0.021712037901900457,0.2644199528162591,0.12282438151464317,0.2355026614709035,0.08033231252613833
217,0.0894120737312021,0.12494269491225594,0.11234297226194553,0.01960420640555769,0.19191139136139215,0.13457953678673523,0.2393243359144904,0.08788278862542098
218,0.1226277601940959,0.10275333039297954,0.10008385531346724,0.005562433232157365,0.19040515201806327,0.12779553987069509,0.2662708668536082,0.08450106212393337
219,0.12596854664372084,0.10304519874352425,0.10045813538745374,0.002937624215276467,0.18901356528137117,0.12947093862486542,0.26649764226234335,0.08260834884044477
220,0.09503144952669182,0.08935136165637192,0.0954309075485373,1.0672615135393511e-19,0.20826455974406494,0.13059912643720498,0.2876127526446606,0.09370984244146838
221,0.18786849745854445,0.041931947749955886,0.06912839249317021,0.016074955659635036,0.2079911691250223,0.11048204673569278,0.26657093829628276,0.09995205248069633
222,0.20120457109689016,0.04273759207564279,0.07201536738143548,0.010802445470576965,0.1871421172962039,0.11259857423063391,0.27130407561068987,0.10219525683692686
223,0.20841633805816023,0.042697655140363014,0.06095225245110953,0.009683828991226254,0.18066666433385606,0.11583699737203204,0.26964900722747287,0.11209725642477991
224,0.17468801058235287,0.05009643019849889,0.06910843197611234,0.02962347390156079,0.21240822989165417,0.12670897622294894,0.2572184757443421,0.08014797148152983
225,0.1143681244647841,0.035246631086653414,0.029326235855186136,0.010264758377432327,0.3114373518692419,0.1465149497857477,0.30445914021594844,0.048382808344005934
226,0.12363765943052059,0.0623834195160236,0.07323617971123943,0.042672109043558455,0.2336329259877383,0.14354903234017202,0.24570124765897347,0.07518742631077412
227,0.08044852203409383,0.06446953225123325,0.08089351921648387,0.07896933893344528,0.2429438424159875,0.14540840807418245,0.24894795504455464,0.057918882029019174
228,0.07907157174712766,0.062323272394167,0.08101245040064844,0.09496517208408545,0.2521839880846922,0.14568977571998404,0.23112474681113543,0.053629022757159736
229,0.09028830846129864,0.07424243121898917,0.05129513897503931,0.12076631658529255,0.2591353345820123,0.1516682044266469,0.23005832562523076,0.02254594012449024
230,0.10521827794063315,0.06030762545568173,0.016776762048979914,0.06209639772812539,0.43177756907286413,0.11108893711960885,0.21273443063310676,3.3512858558082878e-18
231,0.08400673165617734,0.08275891432116642,0.03778045825718664,0.11871612006560935,0.2657449526976965,0.16708368626627673,0.24390913673488693,4.1422028703062e-18
232,0.029427488957896052,0.064310413759602,0.004884931225497238,0.07844746828026163,0.4682694066594486,0.13772776868625564,0.21693252243003885,0.0
233,0.07219395206368516,0.05111918696028533,4.392659924897206e-18,0.04337598226504264,0.44083204622808564,0.16104598605348547,0.23143284642841583,8.709722159252042e-18
234,0.14081733343018207,0.06986062563386937,0.04747820551477884,0.014766127753064448,0.4235738824585798,0.07961561912271252,0.22388820608581292,0.0
235,0.18557331076034408,0.0913021631429155,0.05631744732905053,0.04825458982675718,0.2591311615890407,0.11370389572835554,0.24571743162253648,0.0
236,0.216082980189522,0.1659264379593009,0.01146175607966279,0.0,0.23139993102144926,0.17166160848147882,0.20346728626758614,5.535148552064503e-18
237,0.0,0.04014686821342363,0.004755499212354848,0.009945747382117162,0.3633649854622306,0.2725363281593876,0.3092505715694861,7.983393800861266e-17
238,0.02226281596158668,0.06643024757942392,0.026973478636252057,4.250543678215837e-18,0.5393776625648539,0.08795917400358697,0.2569966212532963,0.0
239,0.04436233881966009,0.09357497729904543,0.0908477597208547,0.08418035882666954,0.26611659625143835,0.189251439945975,0.2316665291353569,2.0473150294585486e-18
240,0.01149502191314066,0.06460131782251496,0.06244196214943707,0.0853677436890586,0.24036535871440917,0.34184639624532376,0.19388219946511556,1.2483077432203456e-16
241,0.03219858511468846,0.06130245109418207,0.05270806288625935,0.08393515567279683,0.2460372581748506,0.3394465081615006,0.18437197889472207,0.0
242,0.06014414542287082,0.06730311293931303,0.04134294313665486,0.03064124748959368,0.495393765794754,0.09214268708109766,0.21303209813471582,5.673299625761542e-17
243,0.020534934995956496,0.0340578208062324,0.041439534037270055,0.12800222299839406,0.4045543974691676,0.15526528881094417,0.21614580088103522,3.875916887513395e-18
244,0.02949294296720635,0.14241844405511583,0.08285857047324584,0.06492827777734983,0.2037970776492494,0.22323796496783627,0.2532667221089965,0.0
245,2.852848501188425e-18,0.17701231818978985,0.008065822918617224,2.997924803790807e-17,0.32783800667404844,0.16082240468344225,0.307168908531549,0.019092539001553218
246,0.07752870540414122,0.06497632488015473,0.10280694703798382,0.04173535384634795,0.21620736612981603,0.22072303767842535,0.2760222650221308,0.0
247,0.079524930103886,0.03395076294590457,0.0,0.18625571221479384,0.2982552013959251,0.14892044311670688,0.22543953585470988,0.02765341436707365
248,0.10945630411951245,0.07192407167906206,0.06452387056710436,0.0,0.3570290605180068,0.04856762992212554,0.3484990631931887,0.0
249,0.12796948294266122,0.06419069411972726,0.046122132402858354,0.0,0.25586952567512194,0.18411874820568033,0.3217294166529508,4.459056720050035e-17
250,0.08724038817162576,0.100281665424625,0.06428414013621636,2.133447032914825e-18,0.15987655775692744,0.027110830140440693,0.44098964911038674,0.12021676925877792
251,0.12138318509538151,0.13708233300120073,0.10878603566171248,0.0007647856256241767,0.22008837384364605,0.05154070658810644,0.33144896478227337,0.02890561540105526
252,0.09495935396148804,0.1606554774851773,0.09458756859164817,0.0,0.14185835938115976,0.05862048138092159,0.2668909479519984,0.18242781124660679
253,0.09271156615533413,0.1697034375557815,0.0998465112504756,0.0,0.15533561968343246,0.05774581197056593,0.2812496708979283,0.1434073824854821
254,0.10033938827479552,0.1664436662826942,0.0767773443357371,0.07721433813217088,0.13049206532147786,0.05702887303892505,0.3184369736255502,0.07326735098764918
255,0.042901181259854745,0.14297993282713864,0.1069451037127776,0.021070848946161194,0.23090396393352042,0.030799793328791195,0.2667773861076271,0.15762178988312922
256,0.08953332562772026,0.22537286415233035,0.08889622012052856,0.08435413613419401,0.09787243820660915,0.07082101527594005,0.1967959250850438,0.14635407539663375
257,0.11347169710013749,0.17970597836630037,0.11239045087396206,0.11720696456087983,0.11470598940353957,0.1097754265726723,0.14864273050275673,0.10410076261875163
258,0.12615475729559852,0.12874660103895577,0.11970623242061387,0.12502883070236598,0.12251624002348666,0.1225312497342855,0.15132581486015872,0.10399027392353492
259,0.10911307597678754,0.2267621838933504,0.08717769650979294,0.0857166865375385,0.09478538982618291,0.07656441230274874,0.2054351346598536,0.1144454202927453
260,0.08969217221025788,0.11728131315566308,0.06579077400496443,0.094349683209107,0.030313612997325858,0.06227905288273441,0.2830624245837912,0.2572309669551559
261,0.07721703564096061,0.12513097233035192,0.03872873654559037,0.07570359281098704,0.0,0.03722025455117952,0.3454495212742469,0.30054988684568357
262,0.07627049673874836,0.08365058487835057,0.06542108781969802,0.07665478401983244,0.06138587426373828,0.08652997621579539,0.3689880801371809,0.18109911592565592
263,0.075757045527292,0.08421918239347731,0.06473461436497663,0.07841421394168324,0.06099124072845686,0.08946934351088622,0.3829057001671398,0.16350865936508788
264,0.07095326094087047,0.16979794880983975,0.06738968679374596,0.07866429920512721,0.06598210057485214,0.09644265236535694,0.32962806776040365,0.12114198354880368
265,0.06810585857734476,0.1657624562499045,0.07910249851494443,0.11159958663023646,0.06251530300811625,0.13737601596469684,0.2868042319392072,0.08873404911454946
266,0.06970193798017384,0.15242868716162158,0.07096648464402984,0.08280726861884712,0.06799554145583916,0.2622008270903341,0.20237209750736992,0.09152715554078437
267,0.0,0.13475017739487904,1.2125682566354537e-16,0.025619576419171928,5.0838853600718995e-17,0.19378815673739716,0.3948465643502324,0.25099552509731926
268,0.09690621408190517,0.10667685241648599,0.09826052541590988,0.11260900458154019,0.09590728518765537,0.1436816532748245,0.25100059999918745,0.09495786504149142
269,5.072446072608791e-17,0.15757294804524283,0.0,0.0701470540041649,1.1983405977155264e-17,0.18972691352300888,0.31338783622429917,0.26916524820228405
270,0.07535702026705719,0.07327377957644668,0.09407747849271729,0.10228501858298307,0.07800374515406866,0.22086618881602949,0.2613991511523501,0.09473761795734754
271,0.06785910416181251,0.07132543554863192,0.07999587603273509,0.08367869690829434,0.07336540113116018,0.2834259311931294,0.26645220919064705,0.07389734583258946
272,0.07281448505864274,0.0713179819287432,0.06769877166206582,0.08590666015641579,0.06937039212785691,0.26871111933133274,0.2865457217368796,0.07763486799706328
273,0.03932818980458444,0.04385887316370457,0.08242271887689238,0.08433439256989698,0.14515596486743057,0.21282184022153083,0.26300034060134175,0.12907767989361846
274,0.06662588933685093,0.07105157543859741,0.07656465127707367,0.10116361865186686,0.06857185133615201,0.31843961819527566,0.22600970587855704,0.07157308988462632
275,0.11331726341801605,0.1201903774991578,0.12328838041736888,0.1425091847059453,0.11951093098185263,0.12242235724807368,0.14498159018890713,0.11377991553967852
276,0.09891060429193661,0.10525753008450785,0.10352752983910798,0.12057849602197593,0.09698158219632788,0.10807621474471588,0.26083773170950436,0.10583031111092349
277,0.10759487893084949,0.16947869604077,0.07544314780052673,0.21277461541208811,0.06403992769028061,0.07548786737677102,0.13366866938317962,0.16151219736453437
278,0.06918188252086793,0.20557613683789847,0.0791423987587184,0.08635230713944274,0.06524124273091388,0.061966846403941504,0.2410433965891825,0.19149578901803457
279,0.09988715653714246,0.12062208130130098,0.13046209160960484,0.1492598161814781,0.09768642904229119,0.10295774802534897,0.17555553800006746,0.12356913930176584
280,0.0770150856583699,0.08881257493139139,0.0972961819281706,0.1128421865899944,0.07511986605060697,0.07674120525422762,0.2899402992235574,0.18223260036268168
281,0.11277104547404306,0.10265224528836292,0.13772908012047577,0.1134536024014179,0.09334731038538638,0.09695318520720822,0.21313250797057756,0.12996102315152824
282,0.10374210675612366,0.11913072235363219,0.12695226635407558,0.11354153845051299,0.09830466652466707,0.09952312252302924,0.22005036511737677,0.11875521191958245
283,0.11484349117671841,0.11998055711870434,0.13362595048540712,0.13403120826712686,0.11465548214603327,0.11744943223710566,0.1366774120941882,0.12873646647371603
284,0.09637557359429379,0.0647753563676475,0.09421037003183534,0.08565541451744535,0.16493883835033896,0.1470474676591016,0.23293474432791067,0.11406223515042677
285,0.11075539954241735,0.11687485291734614,0.1290483809341503,0.1375694442823279,0.12026540891962553,0.1226779196993636,0.13569188240788269,0.12711671129588642
286,0.11240703751388716,0.11576295696727094,0.13034725290647897,0.13786723977464424,0.12111978033773076,0.12121961119715567,0.13629648389397273,0.12497963740785946
287,0.11807396899870834,0.11723873701945169,0.13289335834048038,0.13553454826318423,0.11811550351442442,0.1213231631439283,0.13663141600302353,0.1201893047157991
288,0.11778035381608122,0.11726492467370675,0.13330228757183477,0.135608880937663,0.11862754138864674,0.12086359082172533,0.13666186853980475,0.11989055224953739
289,0.1203170437259324,0.11510838407031816,0.13147820180368247,0.13557951554507489,0.11958408424271148,0.11856290254471431,0.13704578566163736,0.12232408240492895
290,0.12082207497979991,0.11612676900647216,0.1300426446361732,0.13517114440198932,0.11952036238322264,0.11920613787017473,0.1364008082708637,0.1227100584503043
291,0.12213502123225609,0.11696247561342149,0.12850488414694475,0.13501883427541042,0.12022487249414188,0.12007711749953813,0.13531140004434472,0.1217653946929424
292,0.12233939522124657,0.11688908924051776,0.12852632412758044,0.13476995167258135,0.12016752522137002,0.12023978368640159,0.1353016119290695,0.1217663189002327
293,0.12269361700584602,0.11688534743821785,0.13060626820427146,0.13296762682602284,0.12457484288026614,0.11967581712712247,0.1305032884618789,0.12209319205537425
294,0.11816903169577501,0.11893299386722453,0.12249175820833028,0.13622194864911014,0.12562595235652696,0.11199692550809172,0.13557305081409513,0.13098833889984624
295,0.11093037008414756,0.13131595578404814,0.11423022742115473,0.1356050956295623,0.14761167469683623,0.10552773403892547,0.12800888669849178,0.12677005564583368
296,0.1113310721342032,0.1257410316002588,0.11927573502958487,0.13744538936747275,0.13175104089739034,0.11269814017789778,0.13257865606535837,0.1291789347268339
297,0.1073501249066946,0.12785947444438903,0.11512202091331614,0.13329215773990052,0.15248855247171197,0.1084419292715234,0.12873697106261234,0.12670876918885193
298,0.11327499499629884,0.12123081926669353,0.12246681862158726,0.14316065895321842,0.12763874240462836,0.11327057833529543,0.12863279873243902,0.13032458868883914
299,0.06425522242436642,0.26968566167791996,0.07853300811821852,0.08806614400755503,0.07122933162035604,0.06881452751023982,0.12874081626630682,0.23067528837403747
