oos_period,model_1,model_2,model_3,model_4,model_5,model_6,model_7,model_8
200,0.12298990907171292,0.1798384794820168,0.04983207351064851,0.13478167225591964,0.06165577808308808,0.09990114202146468,0.3112669508255774,0.0397339947485719
201,0.11648544192355258,0.18947856839305807,0.0746724105231699,0.11883051543334755,0.05001966998073177,0.11496879674396636,0.30429428829894023,0.03125030870223353
202,0.11007049823117297,0.1893991571746255,0.08492169993523459,0.11094302076535811,0.05284945935129411,0.12063405039308689,0.29152808385106244,0.03965403029716533
203,0.20187278758748584,0.13120890912630417,0.058595400349645284,0.09082150499493823,0.04499559822813613,0.09202125421480592,0.31757714216703326,0.06290740333065108
204,0.19060210705087188,0.13250805277203045,0.0610237715282919,0.08179931575059968,0.05573043918395286,0.09739191598996383,0.3235148724816739,0.057429525241615424
205,0.1830947937357705,0.12886638827970343,0.03316667312046636,0.07510835532135328,0.06527767224887566,0.0893701023824089,0.36398208533150683,0.061133929578914926
206,0.20419668645599282,0.12814460463548125,0.055283451286018546,0.055031927421789,0.10603123256657693,0.09463707468035856,0.3444497564411382,0.012225266511644585
207,0.2186245361039385,0.1362956150639961,0.0381617000714112,0.07343398292873794,0.09607805629906586,0.06490711051760809,0.35570465135110374,0.016794347663138497
208,0.2191813613321938,0.1580350594663308,0.03911838290683263,0.07248882766036646,0.08807161541846197,0.07087219132378517,0.3522325618910291,1.5423411178301317e-18
209,0.24621162048139478,0.14240437131579065,0.026805475695839662,0.07314074545082025,0.09055104550612664,0.05909886251087064,0.3617878790381573,2.8315782031090908e-18
210,0.21487972472734398,0.183868953599921,0.05552167481093256,0.03779200589496908,0.13291969629598224,0.07459562370768265,0.3004223209621685,1.2693715156879054e-18
211,0.21656081439733157,0.18555088401629125,0.054840242003292974,0.03517755083004669,0.13484346277992765,0.07414987302276978,0.29887717294933996,0.0
212,0.2402185337359916,0.17819989155468838,0.04364621077660332,0.02289889347118301,0.14314313512974036,0.06538355096226159,0.3065097843685317,0.0
213,0.24423729798375293,0.13013670264985558,0.06302385564823583,0.030403704027715375,0.1590062324247386,0.057281496613961244,0.29769229570400535,0.018218414946735095
214,0.25714450681598566,0.16798988593977174,0.045105824638259386,0.014625886932150564,0.1893146882536849,0.04851338256595514,0.27730582485319255,0.0
215,0.24220163387808819,0.16591957526493184,0.03932256051037912,0.020870287041423373,0.19314431926444714,0.055647027038459765,0.28289459700127056,0.0
216,0.26098111996872,0.12976125517659065,0.034911670241207435,0.04819467693362865,0.21510370771002013,0.046265538805855703,0.26478203116297727,8.569670555379599e-18
217,0.24867993592390716,0.13332426461977995,0.03675034060536583,0.05087168594354664,0.20524672164867933,0.06037367754796484,0.26475337370975605,0.0
218,0.26486271039722076,0.13798482338298249,0.041380151076983764,0.038773371211710185,0.21403150367004756,0.05618646517507311,0.24678097508498206,3.197504377256463e-17
219,0.2624401307912382,0.13190384497634206,0.04052082358968301,0.04748013222712279,0.21200768598940464,0.058029453444707765,0.2476179289805015,0.0
220,0.25915242916900155,0.1327197882769886,0.0387542493593231,0.04426101612466205,0.22000427822541552,0.06786693673118421,0.23724130211242483,1.867149136344269e-17
221,0.2900636244466084,0.16332663996622876,0.0306265614866019,0.02654441133206283,0.22369167674727888,0.05395884158139848,0.21178824443882074,0.0
222,0.2795064335733914,0.18120710398438414,0.02704520014669407,0.018900377959033966,0.2179991217517617,0.05536285118732346,0.21997891139641118,0.0
223,0.28839590246087315,0.18334930937391733,0.028350247257346278,0.008735041911716087,0.1893157416592039,0.05555612782287269,0.24629762951307055,0.0
224,0.3360961642355921,0.19496865953477396,0.03924539857454368,0.0,0.16883206621417324,0.05315525187166189,0.20770245956825517,1.2994729490509251e-17
225,0.34401667379646844,0.19665620029410644,0.0265483841419689,6.932011761203853e-18,0.17594982147500926,0.05333013947624801,0.20349878081519882,0.0
226,0.348244655075291,0.19493169349141165,0.025759416189892085,0.0,0.18430998064037057,0.04426998861892487,0.20248426598310984,7.201897634022486e-19
227,0.35195788521362426,0.17288183296068388,0.055563874109510886,0.0,0.19299062567438668,0.055606749405170394,0.17099903263562385,2.005126789580383e-17
228,0.3663104981281863,0.1833852381726951,0.05099324815755149,1.3149974747873046e-17,0.17415429044048963,0.04706374329398751,0.17809298180608985,0.0
229,0.38552236981135785,0.18457690746696673,0.05328223327961892,1.771357650943784e-17,0.1429304864530481,0.04931089424197591,0.1843771087460325,0.0
230,0.37920485900760076,0.19272308682518566,0.05195425094223001,0.0,0.14101031553484356,0.05161064197861475,0.1834968457105252,1.0961876886880565e-17
231,0.32084989760375543,0.2082267401961563,0.0431289548383925,0.0,0.1285228570484659,0.10349473870656085,0.195776811605669,0.0
232,0.31083470093341165,0.1980851409566271,0.04755331855712803,3.005202457496817e-18,0.11968987342706591,0.12837554939063203,0.18803347204603027,0.007427944688104926
233,0.30666946213095,0.19605034731083532,0.04479158732681965,3.2126900898139404e-17,0.11781281920185745,0.10117515234110022,0.20434609523204664,0.029154536455390522
234,0.31183936629421366,0.20869237917279576,0.05233042515492076,0.0,0.10259265548794637,0.10359660554394196,0.20386543184463055,0.017083136500550853
235,0.2998926908678998,0.17818799542279537,0.05710660652355537,0.0,0.12469908149000443,0.06990507396045668,0.20703200565356886,0.06317654608071946
236,0.28167072160097417,0.18365558530882767,0.047236487076580715,2.650885561380738e-18,0.15519376355772468,0.08927758594994495,0.22740993745726948,0.015555919047678274
237,0.25305292639604055,0.23919230001393363,0.01903950640243569,0.0,0.12503767944710373,0.1517137768904855,0.21196381084900076,5.343374998850401e-18
238,0.24980722887782042,0.24755152915539932,0.004144023116178724,1.4447106177561805e-17,0.11917562429615824,0.16355692905889452,0.21576466549454867,0.0
239,0.25869524107402014,0.25163052147171966,6.00684002456627e-18,0.0,0.10535970051084165,0.17281788951722787,0.2114966474251906,0.0
240,0.14343455661883117,0.3515674981483495,2.1246617934061612e-18,0.054113027487336006,0.08630749653364933,0.15911900649823452,0.15624011102307778,0.04921830368952165
241,0.17898827791033084,0.3067419631531309,1.408430502825281e-18,0.017234941324758987,0.110232545056178,0.16629493770317658,0.17678063917390124,0.04372669567752346
242,0.17989290178451148,0.29923429173485,3.1043228121247027e-18,0.0197792379812247,0.10274520516842683,0.1720268576176545,0.17080816111697433,0.05551334459535814
243,0.09157493867697318,0.31493318246361773,0.0,0.02406952472032304,0.07241796603828189,0.17959787344245504,0.2111573693850806,0.10624914527226845
244,0.06162983891093937,0.39707842909488034,0.023635619154081935,0.053758474267768745,0.0670947749992104,0.12340465263570477,0.19667449784075006,0.07672371309566428
245,0.06976697910760733,0.4073040322554733,1.161388049802891e-18,0.019102009647341402,0.06261673223214094,0.12713147946056522,0.2104928640349545,0.10358590326091717
246,0.04595501806001221,0.43404842376938296,0.011112927118384531,0.023171600732261294,0.0412590941959865,0.11587363240912794,0.20574491016121124,0.12283439355263336
247,0.05526353802880761,0.4145984598106913,0.0348240607463511,0.015069092011578649,0.04667161514213602,0.08645744397987992,0.20771317692153662,0.13940261335801876
248,0.07266215528131119,0.3924529949282798,0.04002306651745654,0.02595951650886827,0.038033004974854095,0.11885590363183313,0.1790536127670875,0.13295974538930946
249,0.08032112533627608,0.3756989406652963,7.044190687155734e-18,0.0496699394417714,0.07017174316582714,0.13741385580094323,0.12668122661842893,0.16004316897045687
250,0.08413917747518254,0.368236974271762,0.0,0.04790590720995261,0.07253966934166123,0.12453528850399331,0.12110218790322652,0.18154079529322178
251,0.08979540981295013,0.3706091017829094,0.0,0.02929219470366753,0.09657952747297892,0.10250850482220952,0.11706468873416731,0.19415057267011704
252,0.06346829825113365,0.36945488307421104,3.1004655034922495e-17,0.048184900951105135,0.0858747664483928,0.09966559846002492,0.12026613218157657,0.2130854206325559
253,0.07670076360476237,0.37210553078572156,9.188401653568648e-18,0.010672973815839657,0.05718349958468961,0.10968990482988558,0.1555574474588855,0.21808987991921558
254,0.09708442541058498,0.3695011495642589,0.0,0.05888274893869681,0.04131876310585318,0.09294739992971215,0.159309493307405,0.180956019742489
255,0.10231470563059954,0.35474183867224784,0.0,0.07972798789488474,0.022349661933353863,0.11453207291519642,0.14567674421259422,0.1806569887401233
256,0.11019049723185748,0.35885864732475703,8.242144090500373e-17,0.07423070285863462,0.01672377596894526,0.10739846290637449,0.14924432155698406,0.18335359215144684
257,0.1088405468780433,0.34190076406391806,0.0,0.06313044173548923,0.02133257022432409,0.1252678558763737,0.1485353889975999,0.19099243222325174
258,0.12948821267035782,0.33483867513288706,0.0,0.050949265366692156,0.01219703455645455,0.12620366241601277,0.1564772521641198,0.18984589769247567
259,0.1233730220886245,0.3297824302209878,7.915776340223206e-17,0.06205264035033275,0.013755779989579697,0.1286678079877163,0.15415420167495095,0.18821411768680793
260,0.13731172023986585,0.3111590387505108,0.0,0.05272515209333252,0.03926820515925241,0.10750532823158905,0.16015082688351226,0.1918797286409371
261,0.13167960625446123,0.31661568631391634,4.7521340902666705e-17,0.0541545491665491,0.03826067039488599,0.10557384025461898,0.16099813934798102,0.19271750826658723
262,0.0979787303776494,0.3249118364603827,2.7491288101168278e-17,0.08646242398560482,0.023950870288927853,0.13875614391199437,0.14787451168589955,0.1800654832885412
263,0.09308150847781303,0.30277305987155373,6.369541021505302e-17,0.0874211599763411,0.021328600139853902,0.15787281272562645,0.15510868428569427,0.1824141745221174
264,0.09259504066417651,0.2932729915056626,4.977853812330933e-17,0.09059404904868115,0.011821971523983725,0.1779990769221441,0.16896474078109214,0.16475212955325952
265,0.09615081864527182,0.2916751312104461,3.320697378500597e-17,0.08669561417199356,0.009975429466385532,0.1778316950375031,0.16894864693174555,0.1687226645356543
266,0.09180216064844887,0.2970216543322918,4.7846879487097854e-17,0.082115914292627,0.016181361204213252,0.17745624334686352,0.16389802147769636,0.17152464469685932
267,0.0908559107071507,0.29979948505674475,0.0,0.08689635851683504,0.014392986914674239,0.17687875944970524,0.16230083481149077,0.16887566454239925
268,0.07869468381557367,0.2852714548627815,0.0,0.0942048384442484,0.014733554082806247,0.18535927356743562,0.160940781686103,0.18079541354005157
269,0.07675229932699214,0.28499174375715225,0.0,0.10532742326953727,0.006763298945310635,0.1896580719813593,0.15634905305648822,0.1801581096621602
270,0.07835026719016915,0.28373844759114664,1.32442865725938e-18,0.10104738843879055,0.003853625067014595,0.19416477942115432,0.1549183309440245,0.18392716134670017
271,0.08036312375834827,0.27573409467500914,0.0,0.09210883035050296,3.524062048202271e-17,0.21220037120894072,0.16391767938861854,0.1756759006175803
272,0.0805121936671599,0.2752532726316711,0.0,0.09800551496652858,0.0,0.22252870895819649,0.1549715956021825,0.16872871417326127
273,0.07846506595249679,0.27041971471640947,5.2122357697698457e-17,0.0950722177870641,0.0,0.21922154561190677,0.16345390849907177,0.1733675474320509
274,0.06372741327727455,0.27563687681094606,0.0,0.09885537058578295,2.8187985935174044e-17,0.22344816389847838,0.1617343027465658,0.17659787267995222
275,0.0671151336989558,0.2790068062485494,0.0,0.09364442968702331,0.0053467783722433776,0.22095101088930588,0.13752150043990943,0.1964143406630126
276,0.06694554921311029,0.2858234112739007,3.719427550508321e-17,0.0939180927705676,0.005630849703210711,0.21719700960513239,0.13631942566089641,0.19416566177218192
277,0.0765464195782349,0.2992061790956102,4.274567650182313e-17,0.09301024354259131,6.384616719041311e-18,0.18564302104222588,0.14706220742135775,0.1985319293189798
278,0.07267679921607534,0.2761790954078269,0.0,0.08787757887204602,0.0,0.22846925354677572,0.11088307728159323,0.2239141956746828
279,0.05803991694946266,0.2802529572509898,4.7072161977716166e-17,0.11751689178540653,1.3198043867629684e-17,0.2303070185882469,0.11829074214342639,0.1955924732814677
280,0.05422053729189347,0.28489848782911764,0.0,0.11992548727085352,0.0,0.22916339945700792,0.11891373920290611,0.1928783489472213
281,0.06019735243679506,0.2813477791568497,0.0,0.11708514434645594,0.005562991536989551,0.2248555006445254,0.12574468351995952,0.18520654835742476
282,0.05932686475025175,0.23719653980370656,0.0,0.13193534525935763,0.0,0.25756081057099506,0.11828741000029196,0.19569302961439702
283,0.07533047532840365,0.22890219495573458,0.0,0.14985862271058992,0.0,0.2536713620455033,0.12499409604047987,0.1672432489182886
284,0.0622652045601065,0.21334293175373892,6.817635843545035e-18,0.14256423989407677,0.01079908505893559,0.26428688412325135,0.11566648119579509,0.19107517341309568
285,0.07750295894835123,0.21108268151910478,2.8843695315466614e-17,0.13448493378584514,0.0,0.26451264738474217,0.13065860130141527,0.18175817705954117
286,0.08570309530862343,0.19538517685282752,4.188768506581457e-17,0.1200789267678462,0.0,0.25961027455350677,0.1271005563152981,0.2121219702008978
287,0.10572452625121474,0.14992050350542485,0.0,0.12958009586622052,0.008494495405842802,0.23467933334783145,0.14760695908409083,0.22399408653837466
288,0.06713681006088466,0.15389593697577342,0.0,0.12771174493858675,0.015120178674235814,0.24467809411195926,0.1643361448119776,0.2271210904255825
289,0.06435562903880022,0.14074221788418023,0.0,0.12020252355375839,0.03150406502862493,0.24577451568289543,0.17048824625362868,0.22693280255711193
290,0.0842969364194428,0.13694878507158692,0.0,0.12244855907730774,0.018358134642198824,0.2410972433665886,0.195994002033664,0.20085633938821112
291,0.0860511254324707,0.1502944708660806,0.0,0.11884840607990278,3.814030542804691e-19,0.25037764261965195,0.1724488079571416,0.22197954704375242
292,0.1057078410305435,0.1404716745389565,3.216417034781857e-17,0.11448668357568174,1.1160717871248314e-17,0.24744051999475153,0.17528693381043203,0.21660634704863455
293,0.15499192878910664,0.14770057852674698,0.03974395798249057,0.14096896824249996,2.125205664658914e-18,0.2250232170679855,0.13223540212341311,0.15933594726675723
294,0.12115126795634523,0.0920720163906319,0.009398879330107725,0.15085795695561233,0.052339416438115745,0.2369615293730437,0.13910627816148183,0.1981126553936615
295,0.1416598047831769,0.09025564706255804,0.03131492588888276,0.1825755191022119,0.05645239183643233,0.21129093972168905,0.12310513151922027,0.16334564008482874
296,0.1508764957965136,0.01430498711607151,0.00939281200886735,0.18737447823107234,0.12962093957234896,0.24206926959134503,0.1390226065728241,0.12733841110995706
297,0.1402075094272137,0.016826662528728085,0.0,0.1890352956037995,0.1394186977842511,0.2707757407886266,0.14841458449815226,0.09532150936822874
298,0.12398160678110795,0.03379870510188281,2.7411574359897847e-18,0.19550855389663863,0.13320026522856687,0.2464307858229642,0.1657890722508027,0.10129101091703674
299,0.09980046625000688,0.04923832023189732,0.026477371421904667,0.17371322489849242,0.11217004742151002,0.25471782754279904,0.1841731191750471,0.09970962305734254
300,0.09716490540463665,0.048521422373430316,0.028015772713003505,0.17445605630871272,0.11444019301770177,0.25391809999605547,0.18533924772248547,0.09814430246297404
301,0.0960074740318385,0.05227148583491762,0.035590643380660335,0.16438406312386702,0.10690003254163767,0.27239426798131905,0.2054101537752631,0.06704187932949665
302,0.12408654856838094,0.044109607365660455,0.056067341057889596,0.141699001567944,0.11900816138016304,0.2896853894237545,0.18055246792431698,0.044791482710890444
303,0.1209188653573138,0.05478439797261111,0.02613808825064285,0.2009075668683726,0.15339997095175925,0.2723431730281155,0.14373426515510376,0.027773672415081087
304,0.12279821686816707,0.06704748990367403,0.04577355134044948,0.17119427773997328,0.17280213463475597,0.26276235212451987,0.13149987643513053,0.026122100952329745
305,0.1232821250830017,0.07440368348827005,0.04538360904712627,0.17683685486315084,0.1729508699037253,0.2570958657239098,0.1221915178645903,0.027855474025225715
306,0.10935791646440955,0.06653076161545617,0.01161918517765964,0.1719335830063033,0.1851760862862117,0.3179697141550861,0.11648755078071951,0.02092520251315392
307,0.10580193486411181,0.052382333607755925,0.03062905143464833,0.1565069649898094,0.17354838636849135,0.3331571584509671,0.134723097919879,0.013251072363337037
308,0.046995748206097414,0.058719100110851595,0.02708514187451226,0.140919264374662,0.1562266899868964,0.3696496240439235,0.12362208815141382,0.07678234325064297
309,0.03960927885160089,0.05047621145189147,0.023849252193093553,0.1502618272266942,0.16775064962025574,0.3801749903108016,0.11651998760534553,0.071357802739317
310,0.034590514422537286,0.03799947243029204,0.054418382020197276,0.09225847621741042,0.131668379396034,0.41917294968434177,0.12519144864117213,0.10470037718701507
311,0.04395013147793468,0.03731692516660298,0.05613759831930997,0.093351076858743,0.127271224308411,0.41431052012927355,0.12467340256434223,0.10298912117438253
312,0.05279474174882163,0.037532813608057346,0.05251816355688864,0.10231344754927557,0.13248958915833095,0.3950297229221448,0.12780328287829654,0.09951823857718449
313,0.07988134268451155,0.03539582251287013,0.02306976430402713,0.14150995357236718,0.11816711543989394,0.34091595551471293,0.16655388609167532,0.09450615987894181
314,0.1035528224413149,0.04146458847943993,0.05732135701311607,0.1319988286471216,0.11535584257417024,0.30279968278222247,0.14444067194128457,0.10306620612033021
315,0.1132425299265553,0.06765898938054807,0.0666037333691915,0.11983814170925543,0.09461043753529362,0.2879566573106585,0.15010989970872407,0.09997961105877347
316,0.1324313656919683,0.053245240102483896,0.08976282395956661,0.13399800721369773,0.08808059465529675,0.2504037288586587,0.14415219323486989,0.10792604628245807
317,0.13880953529989012,0.04672433804564372,0.0942103228600198,0.13350658715606045,0.0937020148024268,0.25409317014887756,0.13808367725582135,0.10087035443026014
318,0.1667719809315616,0.034835240268133776,0.10904637168963965,0.14177280581762028,0.08174915951748127,0.22904285783708533,0.13413860729836072,0.10264297663911741
319,0.16608452854945557,0.03455748226364251,0.11010570538597991,0.14035564907974485,0.08308835971830648,0.22831036680689482,0.134733037771719,0.10276487042325685
320,0.17054080803218616,0.04122595632789803,0.12355325532698462,0.13758521833299825,0.06891382331331511,0.22763384610196197,0.13446579700923905,0.09608129555441676
321,0.1460702655392802,0.030486404797774206,0.16317650018774493,0.16575752531959692,0.10358503199479219,0.12880801698473163,0.15460257477411948,0.1075136804009603
322,0.09788160865540146,0.03255713584013742,0.1645499396346869,0.17281558952902815,0.12251103327158734,0.1307623248126137,0.16168958430143382,0.11723278395411109
323,0.08615463790136318,0.023222361029853925,0.16525882241864276,0.18222864227636962,0.11358376557495414,0.14198517446684455,0.16722626288497425,0.12034033344599754
324,0.10529456494428736,0.020343143113207677,0.17690958504462403,0.16833703003242487,0.11769005226236788,0.1424880356947862,0.16819307616758578,0.1007445127397161
325,0.09263683710458363,0.015572584941859426,0.18557904814576878,0.16124693689140726,0.06067762674047726,0.18104130145369465,0.22415335264611586,0.07909231207509311
326,0.11727481653240648,0.003510238589088313,0.20737904532574397,0.13904482641465593,0.04237745710328173,0.19514303152238846,0.21497997598631138,0.08029060852512365
327,0.12368135450700563,0.005894712907839849,0.16106222440752935,0.15384773162984897,0.05178633631467273,0.20326747773020015,0.20328312873960544,0.09717703376229782
328,0.11682512307736835,0.028174405775151432,0.131337735530097,0.18893424564171032,0.026603992293587748,0.17187724612693026,0.22912564436623856,0.10712160718791636
329,0.1195002809042317,0.030538321936652558,0.11840407418436145,0.19169785982827825,0.03525932780275397,0.17169271772416322,0.22602493580431232,0.10688248181424646
330,0.12278243776793266,0.027528193605153854,0.11943705763723447,0.19667714607021217,0.030244863130326583,0.1680440270370596,0.2316402285176737,0.10364604623340692
331,0.14056697904500054,0.028676670928216096,0.10609934268162079,0.19839767485732526,0.024340042571243684,0.1652467313932139,0.23157886029717684,0.10509369822520287
332,0.15299125135234667,0.0646578632162089,0.09682437092171967,0.18410706617790057,0.036964044109518326,0.1567534804075834,0.21551618838260836,0.09218573543111402
333,0.14838282705927383,0.08471161450173735,0.10597180676396303,0.1704571618980616,0.03834386542546561,0.16301862440326748,0.1809136024909336,0.10820049745629752
334,0.16842437452391076,0.07629288995058318,0.10480525715277889,0.1645991429692158,0.013179493792253905,0.19628628117420466,0.17484713668953356,0.10156542374651918
335,0.13920629557467562,0.11007946176964875,0.11122015421876588,0.1608163727523013,0.04731986393461563,0.16730703523842969,0.14433402133028495,0.11971679518027811
336,0.1399058336298713,0.11332569488396368,0.11003387912189151,0.16250693325846893,0.044730948486159376,0.1619168914672753,0.14544145287633012,0.12213836627503977
337,0.1355291562187707,0.11932955724782697,0.10464213298780098,0.16784765364903417,0.04162771575099463,0.17388159785880372,0.12720981621755456,0.12993237006821426
338,0.12712881201856685,0.13143639186221936,0.09448802707902695,0.16273322347983368,0.05589602610676894,0.1800468229441408,0.11993615258275507,0.1283345439256883
339,0.12283695307338664,0.13344115596763306,0.0940671990413315,0.18258098807981862,0.03638950203816188,0.16288748848702853,0.1300687781821622,0.1377279351294776
340,0.1293913691962336,0.13882299726019062,0.09225241299814954,0.18485677296411884,0.03482893970910525,0.1610926167387256,0.12361986812692324,0.13513502300555322
341,0.12189367128583144,0.13940867504109059,0.09438837248732046,0.18061269546022318,0.032983912599240016,0.1575106234079215,0.1348879029210135,0.13831414679635937
342,0.08519309170869413,0.16189667181086667,0.11254499336434635,0.19507984241349666,0.019448690315213752,0.14539286728986273,0.13701898049231284,0.1434248626042068
343,0.0719039207407371,0.17854317125643573,0.09200541334593458,0.16753551052151275,0.048623559066991916,0.0980929507794328,0.15870810702401383,0.18458736726394132
344,0.11186837042587236,0.18835156741445008,0.09804735483376373,0.13110189790339574,0.05224034708612583,0.11963846205023618,0.14415355084348955,0.15459844944166648
345,0.13205405405775464,0.19976574564556565,0.08178253148233978,0.09602104388086635,0.12175858972571214,0.12389271714812168,0.10078981802212478,0.14393550003651498
346,0.1313380637564046,0.1876122190628199,0.08899421795091957,0.061908818172458684,0.13153905463574211,0.13796641933684628,0.1259386423010641,0.13470256478274464
347,0.1312148641370113,0.19968003272411566,0.08219093055007831,0.06749616273956213,0.1258301465151091,0.12280884936954943,0.11640299756279755,0.1543760164007766
348,0.14271436428045128,0.1972852249450863,0.0826403849339626,0.06202365229357673,0.13396056779934318,0.10285284570452494,0.11280835365825666,0.16571460638379815
349,0.15121294147850275,0.19442526466717755,0.06960700688660561,0.0682525667993395,0.11669782767925065,0.09066480304276496,0.14427752419717615,0.16486206524818267
350,0.16390569068419122,0.1744697117984583,0.06085264166993523,0.09216962227934711,0.08952774794462698,0.08749050885758551,0.17119781630294606,0.16038626046190946
351,0.16630866598090427,0.16438741819130837,0.05361277289103084,0.10365875048147352,0.10295925747998208,0.08313752354502792,0.13983409239098293,0.18610151903828998
352,0.17730058011961428,0.15447213729155942,0.05033160501317105,0.10235997961222405,0.10287720659859223,0.08290274075708516,0.1460993319432993,0.18365641866345447
353,0.20186906440523444,0.14232432254607116,0.04110207622705788,0.08334504328721179,0.12350484246795927,0.08576548643254796,0.12974562945551602,0.1923435351774016
354,0.19807690236064396,0.13154959219130724,0.04997240462898802,0.099414564517275,0.1031842020116008,0.09682577620751609,0.11977358537772469,0.2012029727039441
355,0.19903065105813808,0.12339096050149903,0.04443704698445154,0.0946604175189995,0.10997400174044851,0.10330927329259372,0.13644350135473202,0.18875414754813757
356,0.20335168705729334,0.13489144802352382,0.04338831288631034,0.10771689536365246,0.10421472449600341,0.0922444723733339,0.1309987346689482,0.18319372512993445
357,0.2032841644117365,0.17533902478143995,0.0,0.13514757259859664,0.1258464146858029,0.06169519560382479,0.08719621220029791,0.2114914157173012
358,0.21411196322806902,0.15236400001274855,0.015810044510272837,0.13561793779468664,0.1300930994768097,0.07146304074438331,0.09643038215804751,0.1841095320739823
359,0.2239392948958576,0.1531037789898724,0.02656729263049863,0.10229731168518313,0.13229452199765418,0.07172793434505959,0.10741662688332894,0.18265323857154547
360,0.23030548018438124,0.21279975950979693,5.578238706278064e-17,0.17753949393853868,0.13857802274129422,0.019805459701247554,0.08417967030125431,0.136792113622487
361,0.21457911879573538,0.20523477980473032,4.91596746762223e-19,0.16070738496655937,0.15653705147863628,0.01824697604702233,0.11413505095355327,0.13055963795276296
362,0.20943823828107938,0.1921915680916096,0.004954183319718935,0.14809388890159034,0.15316712143554598,0.031619079511941935,0.1148556905073238,0.14568022995019
363,0.1931180960115827,0.18567816180532967,0.01975649297248141,0.12232174595585801,0.16633034072823963,0.05474634198837915,0.09911087345777743,0.15893794707935208
364,0.14361764289496257,0.17870963363060524,0.03014206175582202,0.10644183324770169,0.193565982757279,0.07325464050392472,0.11252253214352538,0.1617456730651793
365,0.1509323285577935,0.19268083353232535,0.023358599881056544,0.09537381518817895,0.1948128935668515,0.0753946312127667,0.1112731848321153,0.15617371322791215
366,0.12872058585980845,0.1837927076606661,0.02699082661749245,0.10755134996777616,0.19902831155700243,0.07605574500194835,0.11590429118165685,0.16195618215264915
367,0.1272781962084555,0.1866329546857438,0.03509006533309589,0.09592279330268526,0.17985852936560087,0.0654920651483308,0.12415432153346316,0.1855710744216248
368,0.10823197853409225,0.20238911866716067,0.034350073755146794,0.10597531931779043,0.20260027224969862,0.06909051661150124,0.09771529506560109,0.17964742579800885
369,0.10588529024975729,0.20477692969555789,0.03231077037550548,0.1097820874458101,0.2017812866536954,0.06250516711954336,0.10312062215893576,0.17983784630019461
370,0.12820890188280046,0.152709531578969,0.03353046683830043,0.03557135580917941,0.2300875330548476,0.10010657955795622,0.09378880721487079,0.22599682406207605
371,0.14245973956744212,0.11756118778636253,0.03300463882033756,0.029583113715893013,0.24420204004502816,0.12602274651661513,0.0673046336463808,0.23986189990094064
372,0.17556358948895068,0.12752007850713606,0.03814383861715,0.006568526462242255,0.22175251214884073,0.11396111429556108,0.091537761499908,0.22495257897921114
373,0.19191632708890485,0.13169908197555277,0.042922561901474504,0.0,0.22043890541338,0.09283068123725548,0.11026156406543636,0.20993087831699603
374,0.2153790875823934,0.17109821941660056,0.04779307850401189,9.208624565184324e-18,0.20468322893308286,0.07965321101894338,0.11214864802525924,0.1692445265187086
375,0.20995944256351082,0.11036866645562818,0.08241732676277404,0.033654231476489965,0.2195711570201342,0.07014599054446448,0.08212235161602482,0.19176083355997348
376,0.2051690844368729,0.13602932716694263,0.06285344806930267,0.06561869103165935,0.1868932931276279,0.036675473392115715,0.09219848204956642,0.21456220072491242
377,0.19835402253018583,0.14540038861786975,0.10361763958916705,0.03868588042952574,0.17097367412740636,0.03017306703172498,0.11457631489853609,0.19821901277458417
378,0.1994587032940917,0.10961618736113746,0.1159842558370459,0.014180275076786824,0.1907024862441793,0.04015321827711833,0.08296723394721067,0.24693763996142978
379,0.1735531098287746,0.11459013448709861,0.1355763066926119,0.0,0.16380282343071634,0.05298161368957892,0.10580434330877866,0.25369166856144093
380,0.1772353026848284,0.11558794428689557,0.14900502425658788,4.808893900411022e-18,0.1676254944453839,0.04580711899889933,0.1076926026476917,0.23704651267871313
381,0.14668804063653507,0.12790176662534075,0.1631982736017147,2.0401979674681497e-18,0.15400304411978463,0.06251060016623165,0.11204259122359533,0.23365568362579786
382,0.13787176805900056,0.10860934139942773,0.1346504812354752,0.01472476753177722,0.17595281551599048,0.07390754319469005,0.12199029768940892,0.2322929853732298
383,0.12699330014796495,0.08658820346811219,0.12662757545030584,0.0,0.1807139900677256,0.08529260831994656,0.15701028409421858,0.23677403845072625
384,0.1225717171025489,0.016622131157973466,0.10397283230337113,0.07437123740582631,0.20802517335229265,0.03025497511952966,0.19568522979344943,0.2484967037640083
385,0.10992014025132935,5.46283311419274e-19,0.11759546944174773,0.06788973291699438,0.23081042983647382,0.0349157230978313,0.18122999691063663,0.25763850754398676
386,0.14046170925620724,0.0,0.11301599531886317,0.05698547033858205,0.23018786755255086,0.02132893749174146,0.18476842445057773,0.2532515955904773
387,0.14978157062491854,0.01552624705542339,0.1370599776768371,0.01969021524948538,0.230957662478019,1.164776181591905e-18,0.2282955071607004,0.21868881975361615
388,0.15985862107914295,0.0,0.161551751372684,0.010520940265943848,0.21170552714610189,2.7851095572435725e-18,0.2418499892346206,0.2145131709005067
389,0.16877261733138954,0.00403978194461424,0.14784223919547584,0.016733470158633953,0.223380769458215,0.0,0.2416692333300612,0.1975618885806101
390,0.17345706830535187,1.8953420985980083e-18,0.13358677667417657,0.022622000946509797,0.22807093332252465,5.620593000618696e-19,0.24783772142183377,0.1944254993286033
391,0.16014502506472642,0.0,0.1337788735020043,0.04548823136046594,0.22831140713626608,4.3687312441372954e-18,0.21871913173543558,0.21355733120010162
392,0.165765805407306,0.0,0.116451642266005,0.055545769542897194,0.22818053881092237,1.4932661464486347e-18,0.21625445566411514,0.2178017883077543
393,0.16508545700178695,0.0,0.09843127683078667,0.08758266636774058,0.22751008988547472,0.002824681605576762,0.2075934977014001,0.2109723306062342
394,0.16084586867902256,7.85550514837857e-18,0.11342254429725034,0.09671292000287804,0.21765499293087465,0.010512162606639702,0.2000629432388138,0.20078856824352087
395,0.1553852757888936,0.0,0.13675038149210494,0.09642543701989013,0.16964648281050973,0.008006419102498429,0.22704393382407717,0.20674206996102595
396,0.15079716910414456,0.0,0.14166984096547114,0.11159212282325613,0.15825796569756995,0.0206596122442141,0.2115402521062878,0.2054830370580563
397,0.1561343272914744,0.0,0.15301234673616135,0.1235508670521935,0.1672919462313913,0.010423050061833281,0.2167104024726606,0.17287706015328558
398,0.15383269392373378,0.0,0.147102946489303,0.12438805211953738,0.17078202819248756,0.016550192551991673,0.2171427118710955,0.17020137485085107
399,0.1577566601487286,1.6509201537561837e-18,0.14333624974364703,0.1271823403369625,0.17036549922584532,0.012923536976559475,0.2135057018909294,0.17493001167632766
