oos_period,model_1,model_2,model_3,model_4,model_5,model_6,model_7,model_8
200,0.12390969294298629,0.17328813010141644,0.06813184166784753,0.13088609992898065,0.07798627042954757,0.10133477319298326,0.27201901203714435,0.05244417969809379
201,0.11946261653836147,0.18003933064856306,0.08553640750561595,0.1193845947332348,0.06668955988901192,0.11251864738179662,0.26952328357064015,0.0468455597317759
202,0.1148780292834985,0.1798671939906284,0.09293687277276912,0.11213414253549289,0.06995621138924388,0.11660643748774202,0.25960380996110155,0.05401730257852357
203,0.18764344470607577,0.13444821379378938,0.07399640862425969,0.09247406336744225,0.06610440892349258,0.0960462384967046,0.27833856374916965,0.0709486583380662
204,0.17715538065282435,0.13551797471506014,0.07596856717260982,0.0843036202879512,0.07603395197415057,0.10123840714627647,0.28277619313977115,0.06700590491035628
205,0.1664280755892227,0.13531541607321482,0.05355343634240329,0.07635074645156446,0.08877664389981552,0.09353221759791606,0.31662078630443596,0.06942267774042712
206,0.18304116272773036,0.1300627562163072,0.06777479983076998,0.06277939777112188,0.11898035187010328,0.09700992378279241,0.30513951953611945,0.035212088264055454
207,0.19520154380193278,0.1399919217837748,0.05414698092439334,0.07990958490234008,0.10675892211624673,0.07009791076017342,0.3140540781566357,0.03983905755350306
208,0.19665406786934087,0.1555520347031295,0.05380184342670387,0.07908942193819206,0.10600362409139817,0.0703444726964752,0.31050559580630765,0.02804893946745259
209,0.21659136679475655,0.14635526559792497,0.043381443533622145,0.07847471954752858,0.10559370739924452,0.06422879097645208,0.31855446122170306,0.026820244927767887
210,0.19633839047481277,0.17426330386696715,0.06403834360139607,0.05673824877755223,0.13715186603911184,0.07544244188515851,0.2733854316141178,0.022641973739883532
211,0.1962081984816685,0.1744322652839971,0.06351295734987208,0.05835219513804073,0.13678574858313616,0.07637117603749262,0.27276828352668725,0.021569175598105398
212,0.21823243437913759,0.169056016480806,0.055625276333778256,0.0482395414877323,0.14410835168071212,0.07086576016241311,0.28076946212485066,0.013103157349569879
213,0.21345034018419956,0.12810950141478544,0.06926668902324666,0.04643384127794239,0.15759039768893007,0.06412287076195261,0.27021767972745925,0.050808679920483976
214,0.22999462880641333,0.16308126587059063,0.058101255445753064,0.04221762940223735,0.18056101171888775,0.061198818182736245,0.2583510236556024,0.006494366916779149
215,0.21517077764971224,0.16113973431601797,0.05432982368505525,0.046221040605159705,0.18431231001817627,0.06722496760828206,0.2612573765947656,0.0103439695218308
216,0.23320848813665943,0.13845664190132762,0.05015780730043929,0.06582924921955813,0.2030818286346438,0.06111093114003878,0.24251960243242748,0.005635451233905438
217,0.22770043766315434,0.1415288931817589,0.051547171930320906,0.06274373095816654,0.1996651429844366,0.07316830431888395,0.24364631896227867,0.0
218,0.2403290276173766,0.1449662665740159,0.05563577033221365,0.0552238773060504,0.20513074881646262,0.07104072032828937,0.22767358902459145,1.2013805780585648e-19
219,0.23900950503549365,0.14206588714397184,0.054874409290266345,0.05925995208534257,0.20360907883779072,0.07193250759769744,0.22734132548811464,0.0019073345203228283
220,0.23470475122401135,0.14110849657002972,0.05302149564821778,0.05656617035707736,0.2117987685904459,0.08106223384294896,0.2172756825767768,0.004462401189492179
221,0.25535378325115393,0.16289838499724812,0.045631266704084385,0.04516905208897873,0.21304882450509324,0.07014183973659616,0.19292994471945302,0.014826903996392351
222,0.24465208854722106,0.17643172678870991,0.04237673021381587,0.03896478608976033,0.20778567072572862,0.06989900986957932,0.19958125623809644,0.020308731526088395
223,0.24740061534035387,0.1757216047436087,0.04294877583983498,0.033796007110186904,0.18229926062574592,0.07098361409315114,0.21760574560738263,0.02924437663873579
224,0.29930975105104296,0.20715565724591745,0.0521387577967236,0.002583666990473552,0.15736588403043625,0.07214027075371902,0.18960280867399754,0.019703203456689643
225,0.3001454848960973,0.20439644890673597,0.044049992911037006,9.377448819483778e-19,0.1661941823547252,0.07327560861232661,0.1871164067856998,0.02482187553237806
226,0.2999406969388521,0.20417094072518277,0.0440286432969123,0.0,0.16838003615282823,0.07045778381315153,0.18609890905768353,0.0269229900143895
227,0.2955819309707584,0.17093101693086404,0.07056667898673763,0.028758261170268525,0.1707158852388143,0.08025366266062214,0.1590195498873198,0.024173014153615207
228,0.3208169654391645,0.19621767664877013,0.06634360928068471,0.0036297728062210355,0.16278136549735506,0.0730567844116472,0.1661376293210633,0.011016196594093832
229,0.3329653562809808,0.1936962400274835,0.0682253102692485,0.0013810713989052476,0.1326671097677694,0.07447204437117627,0.17120443412157665,0.025388433761859598
230,0.33140944499014957,0.18684066857566878,0.06883687159261531,0.003300224618851953,0.13468381664909176,0.07469819409708199,0.17160349074278683,0.028627288732753733
231,0.2693432525495578,0.1862562679847563,0.06161037619758654,0.011018547450845833,0.12915269822821843,0.115223028511373,0.17612341196245151,0.05127241711421054
232,0.2666015746151044,0.17171310417972355,0.06624090473420763,0.01508420916515333,0.12526851558233987,0.12366023424231269,0.1701771864708648,0.061254271009293704
233,0.26926049082893,0.17979750706521888,0.06347165475733628,0.0,0.12141437004195361,0.10345291958734107,0.18541649687947587,0.07718656083874427
234,0.2749185304491946,0.19161104997036926,0.07215201493684636,4.5924405864408125e-18,0.10602016812446612,0.1051712285635894,0.18511988617870156,0.0650071217758326
235,0.2618266464694336,0.17066239811692438,0.07725627845005567,0.01612169460716601,0.11472649198057103,0.08224862809492346,0.18553230476432753,0.09162555751559825
236,0.2394425889437679,0.17269428213358548,0.0714097728952481,0.027562962264310552,0.13836993021824562,0.09927697724130197,0.20133416077004693,0.04990932553249348
237,0.22228925806122024,0.22264035878244734,0.051570888433668395,0.017246660443848,0.12010388452296179,0.14889192579138044,0.18680570687730216,0.030451317086171527
238,0.21258408213709984,0.23297385715321328,0.04374776245332366,0.012455376323194682,0.11738760450799281,0.1593779479934202,0.18439829317998274,0.03707507625077269
239,0.22118658018761442,0.2382486675581439,0.017661205608307577,0.018410505435980898,0.10571050576896972,0.1708895769669889,0.18498373022533882,0.04290922824765555
240,0.13529936827638578,0.32461298954453294,0.004391330003290914,0.07005433304488767,0.09235219009244963,0.15637826409297578,0.14268197855726023,0.07422954638721703
241,0.15770614916725428,0.2740668669020309,0.031858411038157376,0.045603538321461815,0.10672419767994058,0.1629884140661001,0.1527331638353847,0.0683192589886701
242,0.16142636435790506,0.27009441653826594,0.019723299996754578,0.04610036453863714,0.10304418578265813,0.17016536622751718,0.15126292128844923,0.07818308126881275
243,0.09227861374952985,0.27810322300790635,0.013467245423235897,0.04722678695257126,0.08159902880360746,0.18076425691624476,0.18734164563305308,0.11921919951285136
244,0.0676591811900771,0.3447354626109014,0.053049309932306866,0.06723229107576773,0.07420979414877985,0.12848450431476713,0.17128617703175356,0.0933432796946463
245,0.07363165215997292,0.35295549801797577,0.03135935549915999,0.0379465435211093,0.07118397676982466,0.13289090474577098,0.18362464348708657,0.11640742579809991
246,0.05517870078046422,0.37842457931208695,0.0441390065887494,0.0389940398241266,0.05250692300261265,0.11791102259368386,0.17896055242179865,0.13388517547547765
247,0.06240010100874207,0.3638751903509753,0.06014682843365321,0.03616111582030129,0.05500022446377555,0.09736062892609308,0.1832340720437854,0.14182183895167405
248,0.07627788420514892,0.34553710684800454,0.06649096594757847,0.044516649370734955,0.05033392696320266,0.12147088014670859,0.15906188542228952,0.13631070109533208
249,0.08772463862827289,0.33020458187646395,0.027616440653591673,0.06515399153013972,0.0761235653553087,0.1385356338000455,0.1165199646382789,0.15812118351689858
250,0.0909460054070505,0.32574345724882126,0.017059644868335395,0.06551966741922421,0.07711555908722474,0.13227747782711768,0.11415474086180318,0.17718344727942284
251,0.09521784101618543,0.32719106842272083,0.011370927676635174,0.055154369968408716,0.09252833178145821,0.11763512207124686,0.11299446893379997,0.1879078701285447
252,0.07577149917732345,0.32787856401913723,0.011683004760183845,0.06796287071901722,0.08434164049027504,0.11347290864760663,0.11697303025550214,0.20191648192995437
253,0.08080702061939588,0.32662447654523136,0.02598125856228963,0.037925979873669316,0.061306514124795555,0.11943206531852205,0.14334729804342977,0.20457538691166635
254,0.10158398914211221,0.33123128503114835,0.0,0.07508642648981433,0.05166817727739909,0.10770973098546029,0.1499210388025242,0.18279935227054153
255,0.10591444317058371,0.3200325244069702,7.574592130814005e-19,0.08960995188644967,0.03883087621852038,0.12253581536151902,0.13837959281693832,0.18469679613801868
256,0.11112846243315189,0.323970381980972,0.0,0.08601007613996248,0.036388880406998635,0.1144618661969604,0.14118256466851828,0.18685776817243624
257,0.10968883950207535,0.3085074704021494,1.4804547731214262e-18,0.07661194110900368,0.04032028571225385,0.13154512630307064,0.14054747824994593,0.19277885872050118
258,0.12447964435160783,0.304263712999102,0.0,0.06690217317672223,0.0329578558461314,0.13310409039454207,0.14693912301132858,0.19135340021956568
259,0.12120557084856236,0.3005654080921997,0.0,0.07203631173771419,0.0348723594683887,0.13445261332324163,0.14598338396302782,0.19088435256586558
260,0.13280736801930784,0.2829393623557146,6.58730536424014e-18,0.06729633730741903,0.05135389959481995,0.120839366631334,0.15077358830449838,0.19399007778590618
261,0.12668595918802608,0.28738200372050093,2.2349361359976388e-18,0.06870082882615837,0.051066505255917334,0.12022718796831916,0.15186715092544248,0.19407036411463557
262,0.10170017660844072,0.2973446446494158,8.919490256988007e-18,0.09242504563404805,0.04250824312810844,0.14445161238184828,0.14239035604187794,0.17917992155526066
263,0.0991609590675513,0.2781972583430159,1.7128022858719246e-18,0.09242965695006462,0.041778660807071266,0.15897728467842864,0.14802573417616158,0.18143044597670668
264,0.09785502631138374,0.2704735978659417,1.7007508373453082e-17,0.0947461906591547,0.036018276051867575,0.17546024166333163,0.16002238459838258,0.16542428284893798
265,0.10169028575063693,0.27059070573683935,1.082711923892846e-17,0.0927497675736846,0.03546137504700037,0.17377650986398024,0.16085854825868404,0.16487280776817442
266,0.09942794366383362,0.2729726666343864,1.857285904216318e-17,0.08816450996499585,0.039588085158258735,0.17477933187913702,0.1580499010543483,0.16701756164403994
267,0.09838611673881346,0.27502039246801824,0.0,0.0912592507910098,0.03865135688613775,0.17451282694003273,0.15768113223283212,0.1644889239421558
268,0.09087406612466743,0.2614424769869142,5.4436689937611305e-18,0.09597604222433734,0.03976281621079433,0.18096439218168153,0.15832295857328546,0.1726572476973197
269,0.09025622422933396,0.26134325095931304,1.5817705015247798e-17,0.1029199794350119,0.03329751424126858,0.18485998857479108,0.15369283147535082,0.17363021108393065
270,0.09254143486437776,0.257502889945772,9.760814163587162e-19,0.10082216307498662,0.03010604719374838,0.18973445508886222,0.1530027741002165,0.17629023573103647
271,0.09354823310563164,0.25133765945343295,8.914419645994461e-19,0.09186277898231553,0.025450801105225858,0.20522575786844263,0.16298826583143983,0.16958650365251152
272,0.09264419114442604,0.2514706344953287,0.0,0.0964283489338667,0.02325645800733604,0.21524252912446784,0.15617374522507407,0.1647840930685007
273,0.09239940583367107,0.2489640975159131,0.0,0.09601067348268201,0.015604065770003592,0.2130488160053843,0.1650351812321303,0.16893776015921566
274,0.07967993616603568,0.25188321823261683,0.0,0.09687308002145958,0.024942491885150152,0.2148979738963455,0.1612161615988253,0.17050713819856692
275,0.08304365926315074,0.25436845110496487,1.895697417279073e-17,0.09379259103592905,0.032207198153368664,0.21239299950581578,0.13870245520440416,0.18549264573136653
276,0.08337542146236533,0.2585759550264464,1.9789269229859567e-17,0.09413029115466356,0.032910068635499154,0.20893952744693822,0.13801998887498942,0.1840487473980978
277,0.08993511339511188,0.27034291245713643,1.6208094559703036e-17,0.09332713239328172,0.02260693073022597,0.18750087495279613,0.14674895078558645,0.18953808528486127
278,0.08762809389174014,0.25123342927686415,0.0,0.08995482859719299,0.02541289406225956,0.22039315101113946,0.11649002406193669,0.20888757909786704
279,0.0756903261102921,0.2536809673701068,0.0,0.11236450107717202,0.02796882236191501,0.22214438108734505,0.12331134720925008,0.18483965478291894
280,0.07445668699656201,0.25693378228549607,5.30210743801471e-18,0.11434388586417848,0.027712322678016783,0.22060112276688223,0.1241000889422869,0.1818521104655774
281,0.07932691681175531,0.25408995116626437,0.0,0.11382926378270276,0.033710362891758085,0.21726094515636674,0.12616181482959882,0.1756207453605539
282,0.08234381175850032,0.21529989446426093,0.0,0.12715909578511997,0.016802634435696885,0.24853483392287518,0.1224656300262644,0.18739409960628228
283,0.09395138167579707,0.20666564654848849,1.6623418636543045e-17,0.140174220624961,0.020670022280152557,0.24677696115445705,0.1273623457490849,0.16439942196605883
284,0.08138975423406179,0.1922869424969219,6.317988644164557e-18,0.13439906100397614,0.04049367677924243,0.251221290879481,0.11924827651513518,0.18096099809018146
285,0.0943408150408909,0.19136448587331706,2.5299534667314498e-17,0.13041136709171341,0.024016890852465323,0.2527122579300803,0.1307758116281546,0.17637837158237832
286,0.10066000103323496,0.18105520780729903,1.5018026503701735e-18,0.1201753188803094,0.017755626455860363,0.24967348798461772,0.1280221343305328,0.20265822350714569
287,0.11091110710984761,0.14007251470650514,8.04165139188548e-19,0.12833549729294635,0.037246700002615006,0.2280475147823156,0.14306042694539264,0.21232623915937757
288,0.08675242787647745,0.1430727502339978,0.0,0.12716104222037206,0.040035579348934945,0.23364146841712238,0.15686825555282355,0.21246847634927185
289,0.0854731858929951,0.13318105393744092,0.0007688736877273268,0.11942684961116123,0.05238364984887093,0.23454552393258948,0.16261883085738205,0.21160203223083285
290,0.09933296254755003,0.12858369598173736,0.0036476644981372893,0.12015353914610953,0.043338949128129696,0.23084783202966278,0.1831597624371855,0.19093559423048775
291,0.10319564994853912,0.1396805121855608,0.010569450021712019,0.11701887777757046,0.01950619579674549,0.23741203173818987,0.16677245866709017,0.2058448238635919
292,0.10967989146338769,0.13143980523839272,0.008529162717690988,0.11465413324621317,0.02813744870116828,0.23571358547878205,0.16911062471285943,0.20273534844050567
293,0.148329073641688,0.13380127240424572,0.06269625152413967,0.13013369628285276,0.029083119069761302,0.2171531328916435,0.12894475634429808,0.149858697840371
294,0.1246921214046716,0.08986309593133233,0.039235273183372346,0.13833548460455253,0.07246868490063599,0.22049957766689304,0.13429608749758448,0.18060967480995757
295,0.13874480142623327,0.08840753397060622,0.053585648185802005,0.16674474149721405,0.07393760946453916,0.20408887535371578,0.11997785147443994,0.15451293862644958
296,0.14971595189212583,0.03488077932870607,0.03538094519315161,0.1700004344251667,0.12509397561558142,0.22770182980044026,0.12853105891614963,0.12869502482767842
297,0.1416478832845536,0.03705158968393021,0.024172625552320727,0.17142330536253866,0.13290540772544127,0.25415673623780066,0.13653460987974947,0.10210784227266528
298,0.12886927958751687,0.05088303446308403,0.016678654873697785,0.17740631272694588,0.1255160790021732,0.23985763778245825,0.15258233890422196,0.10820666265890189
299,0.1088844109704703,0.0601667170376458,0.0499489014154087,0.15770524677118705,0.1090384216930633,0.2441966181361331,0.16621574516492835,0.10384393881016334
300,0.10696741063037217,0.059797570053014185,0.05110520866692331,0.15837398527029323,0.11072465244979778,0.24347181497543516,0.1671676221184556,0.10239173583470851
301,0.1062691183526076,0.06474809204687526,0.05813118519945392,0.14985466035041486,0.10340928991719091,0.258636977981242,0.18368465589046148,0.07526602026075384
302,0.1273727028716432,0.060031423151364116,0.07112397228887954,0.13157659808346,0.11353212346969317,0.2741724432166551,0.1640771034177802,0.05811363349952462
303,0.1229977216032148,0.06840167248721445,0.048254312174282395,0.1778299947010462,0.13741972352934054,0.26442681158338543,0.13425672286188492,0.046413041058631165
304,0.12572395848766754,0.08309118751216668,0.06442394438920535,0.15218930678627163,0.15246519195827687,0.24929394690038545,0.12557000623911563,0.04724245772591085
305,0.12505711175381967,0.08847652983436102,0.06393500331535533,0.15664562720670058,0.15309053345220255,0.24556532233705783,0.11827876605887544,0.04895110604062752
306,0.11776852924993925,0.08066167072930587,0.04477081660251062,0.15115118850654238,0.16039142819809277,0.28604389839492855,0.1144046187430244,0.044807849574656146
307,0.11439695760275143,0.06989775614915235,0.058579567303566976,0.13932408408358013,0.14984991110124737,0.2998341256902327,0.129681368910829,0.03843622915764007
308,0.07867525878270695,0.07270365364762198,0.06046843308161093,0.13075565139380085,0.13628355234089537,0.3239655901950816,0.11758636446487312,0.07956149609240908
309,0.07393701285541007,0.06640784502415886,0.061215993708829616,0.13734210009181855,0.1442011027792931,0.33289767268301496,0.1086788266929406,0.07531944616353414
310,0.07018007109673746,0.05494212434504071,0.08416260329546847,0.09399639883539997,0.11706142454186941,0.3609688494897407,0.11733354010044478,0.1013549882942985
311,0.07881174028078779,0.05344506778567758,0.08503633781304111,0.09461012008455648,0.11361918035931637,0.356958978935776,0.11706876999244137,0.10044980474740313
312,0.08694438451018213,0.053559304949430245,0.0831148390774148,0.09994728903782893,0.1177839143640233,0.3384683874061347,0.12048423970323499,0.09969764095075075
313,0.11060435629254631,0.056557923659125084,0.06736462955484966,0.12593502196413814,0.10675398928249724,0.2902926523460776,0.14709759798955716,0.09539382891020874
314,0.12578902095822161,0.06160674926751286,0.0882026590293509,0.12004814162216672,0.10636475782482835,0.2640837783669674,0.13088292662785042,0.10302196630210173
315,0.13171592651303043,0.07437762984964776,0.09401473815296293,0.11306772139076693,0.0958249098776707,0.2535356126548865,0.1351318914625322,0.10233157009750243
316,0.14142605378911569,0.06524344883259041,0.10489206469897458,0.12524554649740616,0.09113642501065425,0.2314594775978826,0.1325924271808294,0.10800455639154688
317,0.14544280761974046,0.061316887147217745,0.10813235286211795,0.1258846225054071,0.09610130351008994,0.23481595623921014,0.1285965114448025,0.09970955867041408
318,0.1657609271831105,0.052655109501365115,0.11795753652923015,0.1335106927766113,0.08512019607594526,0.21455184444831518,0.12797976960595794,0.10246392387846444
319,0.1646850479819491,0.052553968298882134,0.1174911127461024,0.13324848714127543,0.08710104022056747,0.21293600608883356,0.1290480525357699,0.10293628498561995
320,0.1671834136245502,0.05745988280915055,0.12615289112245126,0.1327656840335523,0.07915882330023709,0.21191329877408785,0.12878702052526186,0.09657898580970897
321,0.15071773578550754,0.05267863851295516,0.15314545456219164,0.15146492301613632,0.10160338807866437,0.1448940386697894,0.14440803719857495,0.10108778417518054
322,0.11416531905360978,0.05527607237828714,0.15398431914622873,0.15608188963951727,0.11491423066496484,0.14952811884124367,0.14908770550156517,0.10696234477358327
323,0.10526603987058124,0.049151727693770304,0.15583743630596608,0.1624873289200827,0.10895592622897474,0.15751588268086988,0.15186543989477533,0.10892021840397972
324,0.11450083697304546,0.04735248738361059,0.1643201782093621,0.15319585962089055,0.11287679359162286,0.15526887698179417,0.15594664676743494,0.09653832047123928
325,0.10354825710004173,0.042955582754334524,0.17696725564029864,0.1507601918065489,0.07379503433411363,0.1739740140442652,0.19703419552606158,0.08096546879333574
326,0.11803271814385613,0.037968400134162014,0.18937981307848345,0.13696820688849595,0.06411889432712098,0.1817006944355835,0.1880910641459596,0.08374020884533825
327,0.12675057159230227,0.03818229167356903,0.1489605396059426,0.1495328965614935,0.07286665769029467,0.18961445612030292,0.17722100516890318,0.09687158158619177
328,0.1214575327313739,0.05225475913549396,0.13003223174767498,0.17307894963700515,0.056036612309349296,0.16670507718980807,0.19830792174718703,0.1021269155011076
329,0.12375501754447778,0.053674160950688665,0.11879575433383276,0.17476170901225763,0.063817038168105,0.16633840045351544,0.19598911154512194,0.10286880799100066
330,0.12642604953542316,0.051327277360594815,0.11833784852976291,0.17739917878033296,0.06043465689128901,0.16492869103440325,0.2001997801862717,0.10094651768092208
331,0.13820077915232473,0.05176503035011062,0.10844961230328101,0.17826031384780533,0.05756468410532099,0.16069104152819977,0.20207132417443274,0.10299721453752476
332,0.14709935401044347,0.08371304899203698,0.09925887745288217,0.16453468992631312,0.07021304168615569,0.151918312367481,0.1913532667187354,0.0919094088449523
333,0.1452722800158785,0.09981422742724526,0.10670702297286706,0.15427276452088998,0.06973606454569137,0.1589226095122405,0.15947745870648788,0.10579757229769941
334,0.160355110484142,0.09661619130159949,0.10615744000450428,0.1500920998070443,0.04565429220284351,0.1844174387454661,0.15358110462929933,0.1031263228241009
335,0.1404382550902209,0.1182448394490076,0.11013254010652969,0.1487634822228485,0.07148949333223886,0.165400500347797,0.13048146774051758,0.11504942170983982
336,0.14152289876068394,0.12081403660392963,0.10946281310223195,0.14999637854515993,0.0697920896914003,0.1596167907880835,0.13192029752289613,0.11687469498461478
337,0.13898680576007486,0.12476048514933552,0.10601976944028324,0.15597243780292774,0.06584405316013063,0.17005518289332947,0.11497637978454837,0.12338488600837022
338,0.13161403457393162,0.1325629457203739,0.09864396759517985,0.15275475673557012,0.07501926794148916,0.17423946825240458,0.11188608289102002,0.12327947628903091
339,0.12937787877581056,0.13411683369523772,0.09924428862313409,0.167953719149244,0.0600428177941857,0.16048946541838047,0.11825385011408332,0.13052114642892404
340,0.13199162723917274,0.13854781008117237,0.09855597780522327,0.1694939507481369,0.059279617667726284,0.15938749399612176,0.11418655316909063,0.12855696929235597
341,0.12592045533561771,0.13943524700763063,0.10141178214931817,0.16401910768523567,0.059037156355200474,0.15632426591674467,0.12290589955742673,0.1309460859918259
342,0.10575328805335237,0.1534189876010373,0.11452454636431392,0.1715071479637114,0.05211366708023042,0.15025118822092784,0.12201420548231967,0.13041696923310703
343,0.09797865112921259,0.16244509177064634,0.1008957672290261,0.14580301648472635,0.07609916903585073,0.11071831452713772,0.14214788261609787,0.1639121072063022
344,0.12640939371979149,0.17533745179712656,0.10480704486029349,0.12145771740131271,0.07151802987710337,0.12362564023934457,0.13457128402852717,0.14227343807550052
345,0.1408770687381283,0.18232690243034516,0.0931204992530304,0.10049389949395338,0.11806054834029728,0.12458219782838657,0.10627090792515906,0.13426797598969975
346,0.13882045498248624,0.1757074620263883,0.09592537575360817,0.07526960351522263,0.12590399190794957,0.1316700440534372,0.1273731227641796,0.12932994499572836
347,0.141268440113392,0.18335659950634553,0.09137956061615826,0.07676642094542072,0.12039784850972143,0.12253324972143931,0.11937749860223999,0.14492038198428273
348,0.14958762023623604,0.18158928449625744,0.09192251108501599,0.07267875183679048,0.12647219349465832,0.10627007837107853,0.11712111351169655,0.15435844696726653
349,0.1531036865033752,0.1804129938380422,0.0828631509727822,0.07554728770285259,0.11443078691505433,0.09682638293669138,0.14239430407184275,0.15442140705835933
350,0.16325625847527997,0.163516668516084,0.07733323848399465,0.09239203607104245,0.09465855927039686,0.09534106907622096,0.1624118016913819,0.15109036841459916
351,0.16502613892811116,0.15281132677455045,0.07136359756646976,0.10138849897763517,0.10451489862387929,0.0926239588221506,0.13884946351572672,0.17342211679047678
352,0.17300410244511485,0.14560531858539696,0.06846799870498294,0.10097208229910559,0.10503533777354492,0.09067121126353271,0.14362062300639097,0.17262332592093102
353,0.19387104273727054,0.13454648833562458,0.05912428989065961,0.08748319128189593,0.11800796283698424,0.09249594859647714,0.1339869815336496,0.18048409478643826
354,0.1913431440918171,0.1256487847752086,0.06490057584172927,0.1007771878952536,0.10256898125514892,0.10149160524725188,0.1245405217066363,0.18872919918595424
355,0.19102173238815592,0.12062657912865055,0.06004278983343854,0.09825929358561897,0.10800100124628975,0.1058604575147282,0.13814539857528976,0.17804274772682824
356,0.19345009190238976,0.12924954520511225,0.0606210171906875,0.10747297921962205,0.1039567781561283,0.0984016370933719,0.13436057791211023,0.17248737331957795
357,0.1936682282955522,0.15130189873341574,0.03189223479487175,0.1250146642546489,0.11910782184193117,0.08040662711101222,0.10666543459780299,0.19194309036976495
358,0.19900143447455274,0.1366227952632948,0.04340270625940988,0.12835994631326095,0.12476561793100914,0.08280206757500545,0.11289696162974612,0.17214847055272087
359,0.20735179401673515,0.14060328841378808,0.047626318136334944,0.10595767816380244,0.12527702710006935,0.0808057674605251,0.11986144581912297,0.17251668088862193
360,0.21937617736477552,0.19081078356730874,0.006048359578103081,0.1605407402186574,0.13594897146770354,0.046817057550889704,0.10239914676265326,0.13805876348890866
361,0.19953523264701098,0.18027357805449418,0.024805284974938255,0.14584661772980057,0.1487160308475112,0.04277843074921291,0.1253871183745593,0.13265770662147255
362,0.19528828831631243,0.17031512089951986,0.02988971141328208,0.13670634315633687,0.14547507809432011,0.05171953837937094,0.12579102541237105,0.14481489432748657
363,0.18145612194156557,0.16720168752888298,0.041455346301534676,0.1194599901575366,0.15563550955365538,0.06788084194744955,0.11207683063812018,0.15483367193025493
364,0.13439953198250187,0.16433735753993514,0.04900333272690762,0.110302020083941,0.1778255921397269,0.08139556214612576,0.1238148522924007,0.15892175108746096
365,0.1390824149918283,0.1771612576814175,0.04301069002173345,0.10183829432856036,0.17973938925374322,0.08388487818258043,0.12040817304336429,0.1548749024957724
366,0.12108786909580874,0.1699897085786991,0.04550482557467112,0.11061411795600923,0.18397580322512816,0.08533813780750181,0.1247535670999649,0.1587359706612169
367,0.1210629384927987,0.1716992680290982,0.0509518438836374,0.10093246810097928,0.16864192811774986,0.07712758812557519,0.1298112954920684,0.17977266975709286
368,0.10804710851324215,0.18293434219325982,0.05132056120753345,0.10800971694941275,0.18814418997596682,0.08032163021047456,0.10790949982541065,0.17331295112369974
369,0.1052025903905081,0.184241374475017,0.05035851334079802,0.11040630877162994,0.1879551232207848,0.07557111971684483,0.11230831549812371,0.17395665458529358
370,0.12311641215761368,0.15373971441227122,0.04853792815070834,0.05724096396567681,0.20512332257448992,0.09667258069055028,0.1056684363315025,0.20990064171618725
371,0.13580837600050824,0.12503281176356612,0.04869596901097589,0.05484179479447901,0.21412573164878618,0.1132911328156687,0.08848674016884762,0.21971744379616817
372,0.16269644549964205,0.13296141329230715,0.05314944430340749,0.03669971098676199,0.1942872370891621,0.1049905687547995,0.10568019695855162,0.20953498311436808
373,0.17585217811071402,0.13525822852064598,0.05806745246939972,0.01719750703154289,0.19793315642202014,0.09586580766894573,0.11811007975525087,0.20171559002048056
374,0.19087232400723406,0.16132874306705355,0.06162456872935654,0.02572956234095489,0.18251925637634547,0.0902892481555179,0.11620323530483997,0.1714330620176975
375,0.18707272747454,0.12085813923602141,0.08403406194999472,0.05808284228297916,0.1927997955646142,0.08035689388053946,0.09186618564058349,0.18492935396972746
376,0.18386689692646158,0.13698780933986573,0.06893838856377678,0.08247814216295281,0.16512000124311166,0.056508101456021045,0.1031684560107326,0.2029322042960777
377,0.17798372393692055,0.1463884623736947,0.09778945551901566,0.0610639717518578,0.15428883816303268,0.05348640067819016,0.11811556014224651,0.19088358743404185
378,0.17996318428757307,0.12023181252348131,0.10632223313452237,0.04084753586402196,0.16809148605277008,0.061545545852851984,0.09422038692836093,0.22877781535541827
379,0.16133782673555022,0.12614965171425205,0.12312610720979314,0.018825584700559183,0.1514689929821774,0.07408112669591438,0.10707917380279186,0.23793153615796184
380,0.16505219906784116,0.12883474101135547,0.1355748125308779,0.015254006532025254,0.15530964313881482,0.07068002803180415,0.10939112511060874,0.2199034445756724
381,0.14133921781632625,0.1365141872222165,0.14479023802887067,0.026566538946400285,0.14544410390983287,0.07949407027289948,0.11175185043283288,0.21409979336962104
382,0.1336162245613002,0.1234300794960336,0.12163791932909486,0.044953707028239955,0.16066188900227263,0.0854960875763417,0.11883174987867533,0.21137234312704167
383,0.12462336586623556,0.11073943359934689,0.11522920344623762,0.028202257934394022,0.1645408792785876,0.09428654488540109,0.14779231103007884,0.21458600395871844
384,0.11890088015922455,0.05632296849649431,0.09690041378690632,0.08251220718390156,0.18204376498796257,0.05683846867526165,0.18067271352119266,0.22580858318805638
385,0.10977781389942928,0.04190781915943247,0.10823488173697907,0.07741635373247602,0.20155906610669322,0.06226608070760288,0.16721178971597336,0.23162619494041362
386,0.1327148469852712,0.0385353173768433,0.10506385833054685,0.06799366959428907,0.20077574384679955,0.05413844188455136,0.16824867178996208,0.23252945019073656
387,0.13642746117853927,0.05079907399963639,0.11898045441308874,0.04510827871082823,0.20349059390327323,0.037525076660593834,0.19734851990767283,0.21032054122536745
388,0.14329715387139563,0.039825961483538085,0.13529529151722955,0.04225358945917067,0.19333222628041133,0.032197385540922524,0.2053955498691674,0.20840284197716474
389,0.14920480094655403,0.04314930793333632,0.12543879375538922,0.04496654684129982,0.20355653312422403,0.034914433557444266,0.20472665034878762,0.19404293349196466
390,0.15653106321165838,0.019074765140349444,0.11736966887442828,0.05132221581216455,0.20831694245621268,0.04130643321132502,0.2127965552026373,0.1932823560902244
391,0.15296985045054431,0.0058499629213145336,0.1254063654089234,0.07180578635094705,0.21294258858349938,0.02411168792886582,0.19565238471494828,0.21126137363995723
392,0.15686557820384336,0.0,0.1122865034218366,0.07918357106258486,0.2119723957811796,0.02897837529699779,0.1950758675727923,0.21563770865976542
393,0.15243320541450506,0.005724508445836337,0.09313278939440783,0.10314358575724698,0.20484811265405906,0.05191851743334581,0.1811899251226295,0.20760935577696926
394,0.15099901123206538,6.197369498139094e-19,0.10288057347127898,0.11042613853934426,0.20013248277035797,0.058584260393498525,0.17690959337570417,0.20006794021675073
395,0.14711627516038894,0.0,0.11679073740640045,0.11300351731210474,0.1643164626595701,0.05784299027147616,0.19802495954702323,0.20290505764203617
396,0.14381961597314327,0.00346775130039499,0.12518134601804556,0.12538547163116776,0.1524630713366725,0.06244212331684718,0.1863234373218371,0.20091718310089152
397,0.14710677474476083,0.0022761093498978257,0.13439388388545154,0.13518616785743098,0.16035374175740397,0.05714609222976081,0.18947127461656596,0.17406595555772797
398,0.14558272903490357,0.0012187551742098642,0.1297338100891866,0.13609304109524212,0.16459034004749687,0.059022097698423426,0.19221562087772087,0.17154360598181662
399,0.14921605818694855,0.005486870025865307,0.12673240695298074,0.13714869885243192,0.1628669296823476,0.05512504579581633,0.18994598638936216,0.17347800411324735
