oos_period,model_1,model_2,model_3,model_4,model_5,model_6,model_7,model_8
150,0.06540344093821654,0.1709450460549845,0.28402050993624733,1.8127894734652986e-18,0.11363915477304044,0.13873111144283506,0.0,0.22726073685367607
151,0.08232961643809107,0.27589816990375077,0.1700873273985587,0.018146338103801077,0.10507887718668407,0.12355988129584095,0.0005102896772517267,0.22438949999502159
152,0.07815388166293964,0.17786602424260162,0.14972051339267664,0.04229526148600565,0.14715863007871974,0.11228858522892991,0.04546339567307436,0.2470537082340523
153,0.042055342846547196,0.1490518267673555,0.1421597674527136,1.9323931725954463e-19,0.12648854274201046,0.15727991940483216,0.033662116878542515,0.34930248390699853
154,0.04291421678353123,0.13560678209191743,0.09983354098702821,0.00798621702490976,0.1438086507585403,0.17626071171591795,0.033093133146097416,0.36049674749105765
155,0.0706209279842839,0.1757560178071572,0.09812722517182458,0.07072713354083254,0.16692758545831543,0.13752249076453832,0.044891071504309425,0.2354275477677386
156,0.021195898776576644,0.21404253342044038,0.09368764896443205,0.05676731472481668,0.15372352932917063,0.23090492832040413,0.02309560647251631,0.2065825399906431
157,0.036395908660905925,0.1935821399777288,0.08791336491998179,0.058671807096997194,0.15299161883182882,0.2507666197899727,0.0,0.21967854072158466
158,0.021097892010722086,0.1923189835208973,0.10673488641959125,0.08196759537423318,0.15601715814880782,0.23622381607136755,0.0,0.20563966845338072
159,0.03282313272924561,0.2039351615209816,0.08132420806793271,0.026334445520179543,0.15299699616506968,0.24080803230974915,0.0179062378571814,0.2438717858286603
160,0.05960682727399049,0.21208397063302634,0.10895683429125161,0.05924986925236815,0.16967110489788728,0.11321975095755456,0.03904582381648226,0.23816581887643917
161,0.0557364335749904,0.20417286886781383,0.10594273407029858,0.058806696589981514,0.17074054066408093,0.12530351763283878,0.04883005455071869,0.23046715404827725
162,0.05088379335235178,0.19369630199320978,0.11293111708200072,0.054915092989971014,0.15759850722106147,0.1272206168137316,0.05940267859435061,0.243351891952323
163,0.010572924668884076,0.17577420421269574,0.11248004097745974,0.03482935389580835,0.13861969885968015,0.17343575278024442,0.09854581175376366,0.2557422128504639
164,0.029675377755252332,0.19342342162714302,0.09297984257669871,0.020064557943580464,0.2437063495577303,0.1592407780945265,0.06943445628407789,0.19147521615999077
165,0.02936983950792666,0.14138899484318715,0.16354578869193595,0.03582406116195877,0.22573292981262466,0.16830467889380285,0.0713743861304936,0.1644593209570703
166,0.034555941821233255,0.1524397269165357,0.14865883168590358,0.032103484863108434,0.22466880765442232,0.154222285071151,0.10292275663809611,0.15042816534854958
167,0.025317052505523952,0.14946038965454791,0.15180209649399012,0.03437995112110603,0.2323101952138061,0.1513346915220949,0.0986567861118974,0.15673883737603336
168,0.011138505205488558,0.1602921299656148,0.15414966343209088,0.04826787808262181,0.22708525574956995,0.14781945998940263,0.09873399269132582,0.15251311488288552
169,0.0,0.1522782285023453,0.16770049193371808,0.08298840347662821,0.23557548313733423,0.16949765516848192,0.07979711291054416,0.11216262486994805
170,0.0,0.15407416875181418,0.16520331475299535,0.07338003800933131,0.23895636179012866,0.16468039154387742,0.0895565832451258,0.11414914190572724
171,0.0,0.15835144994067052,0.1643948373855492,0.050831302412094104,0.23337932764544592,0.17112603141826874,0.08940150426742252,0.1325155469295489
172,0.0,0.2037770905995663,0.10624542853071663,6.480015440234147e-18,0.17711412854064376,0.20455258933573364,0.1260326655439009,0.18227809744843876
173,1.771784929320513e-18,0.21123507962783075,0.14330831251034729,0.04694719895153165,0.21684967987727885,0.16578953030958507,0.10286702896965977,0.11300316975276652
174,1.196313257087848e-18,0.1465027019032146,0.16772806970078105,0.01285585177024839,0.18604840117860463,0.17609861979266161,0.17979391911871054,0.13097243653477916
175,0.005337548584669408,0.18330595578676154,0.1606629638245865,0.0,0.24441428234123355,0.1348069735459532,0.10811083741242657,0.16336143850336926
176,0.0,0.20836167466042274,0.1357350631921318,3.0659250947881394e-19,0.23140154365062618,0.14112876528456195,0.14691047028741486,0.13646248292384244
177,0.041781312860826814,0.3108195086188322,0.09962923170949373,2.718504598606675e-17,0.2255179300987176,0.11121545865677107,0.12325016583767,0.08778639221668845
178,0.06170800119756544,0.20864169808610297,0.1620096269005362,0.0,0.24932106825042866,0.1477143973868133,0.06966594427690369,0.10093926390064964
179,0.03785379245255038,0.32646684290369826,0.09041250026372143,2.016446634231571e-17,0.22756110627114498,0.11470217475762885,0.12223090821273914,0.08077267513751689
180,0.040734001316464395,0.24753859401789574,0.11015185153364054,0.0,0.2649506876162161,0.13832966927810014,0.12998488022635682,0.06831031601032629
181,0.04399778761850841,0.2009124068331347,0.14963499096221852,3.5323920878429165e-18,0.20646245123406154,0.16315940357957898,0.16068474588902906,0.07514821388246874
182,0.052659578946789576,0.18373842082661462,0.14019482566023592,0.0,0.18179193005656064,0.20843517381758864,0.16962102252837472,0.06355904816283593
183,0.06464336291707186,0.19645768594114513,0.15454390576629637,4.4356733167499193e-20,0.1979361751288048,0.1686625914616651,0.13874319828624096,0.07901308049777574
184,0.054231025058438076,0.20157318357182685,0.13473330564966932,0.006792438102801613,0.20054954972469524,0.18683168750254525,0.13589262078395525,0.07939618960506838
185,0.05555255391585259,0.18124276111211937,0.12435126606316037,0.0014018161630827827,0.20456555851434347,0.1901585043138066,0.14466551692935323,0.09806202298728149
186,0.041540765597071865,0.18066976696060516,0.09396710984456591,0.0,0.19453389397037638,0.187440458026631,0.21450221117066925,0.08734579442908039
187,0.03917651051582622,0.1960954107647936,0.1031515417355417,1.2785604996766257e-17,0.20498494313230203,0.18300933829597427,0.2106518940548033,0.06293036149975885
188,0.04702932920250342,0.21038406698023382,0.10329524718394145,1.0651968707304208e-18,0.2304190836985127,0.18392270027803828,0.1473650831805155,0.0775844894752548
189,0.05389178239587483,0.21430744142649083,0.10943864963718888,0.0,0.23017266109743734,0.17799481416916865,0.15125084823558074,0.06294380303725856
190,0.056508103197568944,0.1972717355903951,0.11043507435297688,1.3574761770920655e-18,0.19921608589077042,0.17374918848495444,0.21100079835767402,0.05181901412466013
191,0.0429754823408131,0.1986893987712922,0.11944269395341028,1.5495408978817863e-19,0.1862699460572531,0.1755594261331404,0.2199738330837672,0.05708921965932378
192,0.05061905927409384,0.20235112385244575,0.10295332305743123,3.661014438703582e-18,0.18336039649878622,0.1687064052755899,0.2285133308124691,0.06349636122818389
193,0.02343728373804465,0.2126360563525395,0.08042274389296092,2.8017202917184067e-18,0.26348720775369594,0.17251304740725693,0.16348132022779233,0.08402234062670971
194,0.04133120028497745,0.17836167523625152,0.10606496748727837,0.0,0.2149868228411931,0.19839771966698078,0.1566222064480432,0.10423540803427556
195,0.0,0.1279618104041082,0.08348790031190519,8.877796654657103e-18,0.3048680892473549,0.16871454905168326,0.19173182839278236,0.12323582259116604
196,2.1367282281298695e-18,0.145226694248121,0.061193720559784795,0.0,0.3231170216230345,0.17162654005097158,0.18159125111790386,0.11724477239918427
197,0.0,0.16061145451196265,0.09142825673399552,0.0,0.30690670297139616,0.1673043985960435,0.17952499317745024,0.09422419400815192
198,0.020191206500475435,0.14579649159512129,0.07877690517932356,0.015469183844006307,0.2650348072402053,0.16817746070609485,0.1934973680360808,0.11305657689769255
199,0.0,0.14571021083620683,0.06358817729073117,0.021406920961912504,0.3189572117833496,0.1584452677230969,0.19210291106630878,0.09978930033739415
200,0.0,0.11113266459938143,0.058806797242270184,0.0807882647449287,0.27429972345578135,0.150113126376641,0.22568504773734185,0.09917437584265548
201,1.4075285429671153e-17,0.09470215095954418,0.04141745367152464,0.02262485745125044,0.29332332963261787,0.1493523133386879,0.3023659871755066,0.09621390776986828
202,1.7231117237219539e-18,0.10789977210127354,0.034341790006779775,0.033346327552756676,0.2682686699694989,0.12168262812063943,0.24858116358697566,0.185879648661076
203,0.0,0.13663660975077518,0.05563059614281998,0.09985496552028782,0.2821749654436854,0.11905752154486522,0.24210798558714505,0.06453735600942129
204,0.02780132697393314,0.16176308167448386,0.09220549122398625,0.05295503954920648,0.23097107799597297,0.1422507456176346,0.21366439896394143,0.07838883799984124
205,0.04443205697769282,0.13551192043668778,0.11602057000902034,0.016963972367542962,0.22359813758841635,0.15156076171348623,0.22094481197907972,0.09096776892707367
206,0.04797186404738144,0.12817767976417596,0.10198618402965016,4.2258417319682616e-05,0.2159706908742008,0.1461870922632533,0.2527389885370009,0.10692524206601782
207,0.03769355010141191,0.11257039975951666,0.11367944612943859,0.0,0.21981114651498507,0.14681610870132378,0.2565653901181854,0.1128639586741386
208,0.04535971881192671,0.11192182031598044,0.09694703100444581,1.509306832887247e-19,0.21172250624897182,0.14815437307717697,0.26299368905415543,0.12290086148634263
209,0.0035268277377926817,0.10196174623348825,0.07689825067080706,6.111845640246097e-18,0.3077165737146446,0.14180662154221396,0.2522530843387084,0.11583689576134483
210,0.012802351297221095,0.09886227963666848,0.08038504016038626,0.0,0.31555626283877014,0.14194897301718268,0.23309397974563145,0.11735111330313992
211,0.036387583307025094,0.09023114919565353,0.08472960093828147,0.0,0.29555534807892886,0.1401491311253069,0.2354113805198025,0.1175358068340016
212,0.06598422510835514,0.11757250400455811,0.09413829028354462,0.0,0.22328878227359705,0.13746259224947682,0.24215584860322364,0.11939775747624452
213,0.06535498730228931,0.12064121185816827,0.08105303882403811,0.0,0.22929208506520318,0.13208478679310792,0.23535067912919555,0.1362232110269976
214,0.07585339404297667,0.11344094846689051,0.07873297079921733,0.0,0.25811257478027133,0.12021792400536765,0.23829221937019965,0.11534996853407692
215,0.06317178069755165,0.13244442714540453,0.08291758958531127,0.0005032414773658323,0.2190813341087771,0.13956424854225544,0.2495789024065628,0.11273847603577139
216,0.06198311162103785,0.11175185746056925,0.082147560499417,0.014922379477653853,0.28200267387432465,0.11770337795563328,0.23404210610578324,0.0954469330045808
217,0.099688411619383,0.12276916902200666,0.11112904659276933,0.016585836759365577,0.18735804423138355,0.13469886196798497,0.23993551569119811,0.08783511411490869
218,0.1722049955715669,0.08912974701250001,0.08277057944022204,0.0,0.17345040148579424,0.12777770171774375,0.27096060676732503,0.08370596800384798
219,0.1158182854564001,0.10321819212036036,0.09992209601546742,0.0034819978640878452,0.19548089015972137,0.12994736569190082,0.2701382924720831,0.08199288021897894
220,0.09503144952669182,0.08935136165637192,0.0954309075485373,1.0672615135393511e-19,0.20826455974406494,0.13059912643720498,0.2876127526446606,0.09370984244146838
221,0.21276440604066513,0.03078801706779058,0.056550054267517046,0.003815584403618501,0.21016418840499004,0.11027548756724145,0.2781155410651853,0.09752672118199188
222,0.21606415647088115,0.03338021649232252,0.056576289565301446,0.004218336411677295,0.21564725223923095,0.11087972862551475,0.2679972383491331,0.09523678184493872
223,0.24687100800597214,0.0319506130146612,0.052566501352271706,2.5127761775865725e-19,0.1687307072485991,0.12108437041038884,0.26966960868589235,0.10912719128121462
224,0.20712857754849895,0.039733772233006816,0.05881631261226453,0.018332275422520042,0.2018316493118544,0.13579883692792263,0.2621789262263467,0.07617964971658585
225,0.1520844133910916,0.021594073154324888,0.017083891428981143,0.0,0.2935887860272989,0.15149391079988883,0.3176518559971634,0.0465030692002512
226,0.12877509620349,0.060862508894030484,0.07084034076606432,0.039480136322754995,0.23063241314984903,0.1541176023580428,0.2441382663673593,0.07115363593740899
227,0.08298342282352572,0.06353690023450127,0.07881918870441006,0.07628717648287542,0.24255231820111364,0.15741072435964956,0.24562432991641336,0.05278593927651087
228,0.07907157174712766,0.062323272394167,0.08101245040064844,0.09496517208408545,0.2521839880846922,0.14568977571998404,0.23112474681113543,0.053629022757159736
229,0.09028830846129864,0.07424243121898917,0.05129513897503931,0.12076631658529255,0.2591353345820123,0.1516682044266469,0.23005832562523076,0.02254594012449024
230,0.10300423148297239,0.0602400969309842,0.014127909920330804,0.0647824469362459,0.4056381650052738,0.1349778621391282,0.2172292875840648,5.571623908355607e-18
231,0.08400673165617734,0.08275891432116642,0.03778045825718664,0.11871612006560935,0.2657449526976965,0.16708368626627673,0.24390913673488693,4.1422028703062e-18
232,0.04623428875207308,0.06279518952929103,0.0,0.07558936899348288,0.4295454259112762,0.1522835721440914,0.23355215466878537,1.3669258884098618e-18
233,0.0697997980290348,0.05814492710386621,0.0005294560497452831,0.06480681214119034,0.39285040443607017,0.15728625072440275,0.2565823515146904,0.0
234,0.20625689360466332,0.052991345612951594,0.016543025331699945,0.012650551668720998,0.3310612095241416,0.18795014838475116,0.19254682587207136,0.0
235,0.321166409642231,0.06992716550161493,0.017102781418578857,0.018790393924316903,0.23362810745925608,0.11244180459419485,0.22694333745880746,1.3039225190019659e-17
236,0.22245978513012407,0.1457864589345641,0.02048658821122003,0.004527032956279794,0.23003316488105577,0.16130298344973779,0.21540398643601855,0.0
237,0.0,0.0,0.0,0.0,0.4679287488138159,0.1466886833168622,0.3853825678683217,2.1622085604279953e-16
238,0.023051664464831614,0.07059339227426713,0.02917891067021622,0.016551178135640547,0.46698428082701166,0.13623110095736957,0.2574094726696632,4.455504475627491e-17
239,0.015262783180633437,0.09649012176982893,0.05785197994913522,0.07286457034731231,0.26341294772794127,0.28692028755575966,0.20719730946838907,0.0
240,0.010543274000763698,0.06808237082731457,0.06375263437425535,0.07453596173406626,0.2831265426155394,0.28118629104445597,0.21877292540260482,0.0
241,0.033773241992815235,0.06604403491977279,0.050879271249682244,0.06700360700812856,0.3087745975991269,0.2649507595971967,0.2085744876322777,1.3767514705980023e-17
242,0.053666524865633815,0.06921005376880274,0.0433541569858101,0.03691064818232809,0.45832096197519645,0.12112211528036528,0.21741553894086352,0.0
243,0.0,5.2736369585707856e-17,1.216984555751037e-17,0.1430399902325875,0.37292575460511057,0.2859852869368582,0.19804896822444365,2.892443419609677e-17
244,0.004579246793232512,0.19418507260236811,0.06150930628468723,0.029661702705076093,0.22830856645459066,0.19088923455697945,0.290866870602066,0.0
245,0.005010064552417877,0.18006894498710893,0.0467833639224636,8.60593415343389e-18,0.31480308151865,0.1483132335232551,0.30502131149510453,0.0
246,0.04126297094989687,0.04647427880392067,0.06300682981310396,0.027732179677195348,0.2670429720390937,0.28599261526139647,0.2684881534543929,0.0
247,0.07591512779494235,0.037390106660764415,0.01543704348165508,0.13490543760149673,0.2290083655391105,0.19910264192417867,0.24259800191354317,0.06564327508330897
248,0.1014009238786446,0.07909139553823585,0.06877020991315386,0.0,0.28686990306884397,0.07073792547587307,0.39312964212424867,0.0
249,0.15838016183826603,0.014438119389759276,0.0,2.2940844052087488e-17,0.36386997248542874,0.16148441129560046,0.30182733498994524,3.1041851692707736e-17
250,0.08971499268311928,0.10690049855680692,0.06108209795048143,0.005823473007249433,0.19992051880656184,0.029623959933368457,0.40975235614826583,0.09718210291314684
251,0.11304036169063049,0.1379233890371904,0.1036165796883197,0.006152082442077076,0.2007446265863258,0.051985343889492025,0.3423764744761701,0.04416114218879434
252,0.09220693334556805,0.15245539306632958,0.08975739095667766,1.013766088964375e-18,0.1516306393158952,0.055055335625575644,0.2797227560598639,0.17917155162908974
253,0.08895129114727547,0.2005639797297958,0.097345850233426,0.004259012864974168,0.1677000243919677,0.07177599810518537,0.27958826447306523,0.08981557905331013
254,0.08832508827047653,0.1553345513207735,0.06263978748181824,0.08525698151707531,0.07880963148499211,0.039515731128399165,0.2990036045863028,0.19111462420916234
255,0.02866042945913351,0.11625869571895257,0.10968127679044218,0.003906435525435694,0.2540657288467465,0.011364198692728984,0.27376052602396805,0.2023027089415924
256,0.09532902139472174,0.2126186254409053,0.09386069554959212,0.10221403887519652,0.0971805507845036,0.10834232360298059,0.1469774659816079,0.1434772783694922
257,0.1132823815416397,0.16946480470824007,0.11211485358743807,0.1206773873883678,0.11436084839836334,0.11282719673494143,0.15086578896165306,0.1064067386783565
258,0.1263959959299976,0.12654714857787047,0.12067581114364084,0.1245874142273588,0.12319281223241631,0.12304627825541606,0.15137314951031236,0.10418139012198746
259,0.12766915452491717,0.20384092186052855,0.0917072700024797,0.09400891950570221,0.09713419651288444,0.10212391111543817,0.1714288436700031,0.11208678280704668
260,0.06259203735217816,0.1814906145786243,0.04356849184259816,0.07955533613618322,0.0,0.04849178660846826,0.35139652883050254,0.2329052046504454
261,0.06645442382499532,0.13743747926978325,0.03259536166175757,0.08077070421656185,6.58683270208949e-18,0.06927100065410867,0.36067058822291337,0.25280044214888
262,0.04757216516388407,0.12019843099229323,0.021393487265241845,0.072778381559329,1.8813660549683262e-18,0.08800819257433444,0.49731919464354624,0.1527301478003711
263,0.09586434538496849,0.1118256596993341,0.08893537729871552,0.11068379884683485,0.09027016248019859,0.12756629193553187,0.2516483632133605,0.1232060011400561
264,0.03462414335301244,0.19283689541679128,0.02480191069175729,0.05417768867330756,0.0027689335645308044,0.08267580828099938,0.46400412577085065,0.1441104942477505
265,0.0904040636273072,0.1312580832201699,0.09386649972139366,0.1363451779392197,0.08537781847388173,0.12904780680065153,0.23206800518316076,0.10163254503321534
266,0.06906962148207496,0.12072300512008177,0.0798044449484157,0.11924621065586836,0.07012869058812439,0.2623967180073656,0.19952907743427284,0.07910223176279638
267,0.0,0.26387704857347394,4.009498282345078e-17,0.08296171798506667,2.539685130895844e-16,0.10725763455562819,0.29584010655837595,0.250063492326455
268,0.09040460879426077,0.10883829315194914,0.0947551535386794,0.10591633413026559,0.09183350333255445,0.15629160493462646,0.25081958708917307,0.10114091502749112
269,0.04787173876407036,0.20333497436291456,0.06179862428907671,0.1383249986685614,0.03548859146767528,0.10668444987171723,0.26725345158468605,0.13924317099029832
270,0.09270164283674667,0.0932154597222063,0.10076322816641572,0.11302718285721522,0.09599720400938241,0.22728665638328777,0.178009294155954,0.09899933186779175
271,0.09051100407826765,0.09472116238766494,0.09960819582716214,0.10997569093354848,0.09521943842227351,0.24420657807818305,0.17248938385924004,0.09326854641266014
272,0.0936256778702184,0.09356553993693462,0.093443172158009,0.11250917427718436,0.09622440893087565,0.240445475152577,0.17439136215657983,0.09579518951662112
273,0.06345249086592286,0.0676992839924004,0.11940181831327679,0.10414240718375027,0.1836747576277802,0.16758623627219055,0.18145235276375474,0.1125906529799241
274,0.09113404334137566,0.09880572341494787,0.09935370737938098,0.12044696181188694,0.09139536312343897,0.16360109379046237,0.24544295205729966,0.0898201550802075
275,0.11343581660068147,0.1202947254208211,0.1228671650523709,0.14306009157742916,0.1196679077476441,0.12242639783112085,0.14435005963229597,0.11389783613663637
276,0.09628849964956294,0.10178460033300282,0.10761876468133016,0.11586083369146885,0.09448655918899695,0.11458843196644254,0.265877153993629,0.10349515649456675
277,0.11715090178578123,0.13818790736799583,0.08291978448568924,0.21026701627372008,0.0720154605173821,0.08341155024879585,0.16388760601683142,0.13215977330280423
278,0.035578037039698716,0.2661739240204981,0.0576096509697824,0.10575317203205725,6.187617538929273e-18,4.396165434888422e-18,0.34163677715372637,0.19324843878323708
279,0.09988715653714246,0.12062208130130098,0.13046209160960484,0.1492598161814781,0.09768642904229119,0.10295774802534897,0.17555553800006746,0.12356913930176584
280,0.09499851583798986,0.10203207850051538,0.11012026919805423,0.11811319823760696,0.0934090517619008,0.09350896098374414,0.24778250768032087,0.1400354177988677
281,0.11202800477078197,0.0979563252737092,0.13564443338387489,0.10530906367720035,0.08897243604380052,0.08849416202733215,0.23108140035579566,0.1405141744665054
282,0.10145852261941968,0.11220561679962879,0.1281501278102431,0.10698031153052653,0.09398664821077178,0.09373514279030469,0.24773499242667604,0.11574863781142933
283,0.11484349117671841,0.11998055711870434,0.13362595048540712,0.13403120826712686,0.11465548214603327,0.11744943223710566,0.1366774120941882,0.12873646647371603
284,0.07788790691976376,1.311729780495479e-17,0.08138261656199831,0.0966520837237359,0.1534990118515253,0.2377384342418474,0.20502966383481278,0.14781028286531656
285,0.16864605152054332,0.0,0.1745113103765049,0.09142047333580598,0.053835293148010756,0.18210626564830742,0.05343839166872174,0.2760422143011058
286,0.09690686007133607,0.10782737419883867,0.15703923018290358,0.11945901920137299,0.1422384582147664,0.11094706040234989,0.1188233381159693,0.14675865961146303
287,0.11807396899870834,0.11723873701945169,0.13289335834048038,0.13553454826318423,0.11811550351442442,0.1213231631439283,0.13663141600302353,0.1201893047157991
288,0.14150576540463938,0.10575220437043094,0.13993421533968517,0.11844732726219749,0.11627627884081558,0.14255049043568016,0.12416827436207493,0.11136544398347632
289,0.1203170437259324,0.11510838407031816,0.13147820180368247,0.13557951554507489,0.11958408424271148,0.11856290254471431,0.13704578566163736,0.12232408240492895
290,0.12082207497979991,0.11612676900647216,0.1300426446361732,0.13517114440198932,0.11952036238322264,0.11920613787017473,0.1364008082708637,0.1227100584503043
291,0.12213502123225609,0.11696247561342149,0.12850488414694475,0.13501883427541042,0.12022487249414188,0.12007711749953813,0.13531140004434472,0.1217653946929424
292,0.12233939522124657,0.11688908924051776,0.12852632412758044,0.13476995167258135,0.12016752522137002,0.12023978368640159,0.1353016119290695,0.1217663189002327
293,0.12269361700584602,0.11688534743821785,0.13060626820427146,0.13296762682602284,0.12457484288026614,0.11967581712712247,0.1305032884618789,0.12209319205537425
294,0.11816903169577501,0.11893299386722453,0.12249175820833028,0.13622194864911014,0.12562595235652696,0.11199692550809172,0.13557305081409513,0.13098833889984624
295,0.10898576715136284,0.13504734392772905,0.10916053393780557,0.12990215266193117,0.16514856111979795,0.09966882098788139,0.12490817532158706,0.12717864489090483
296,0.10368883272480503,0.13390990657380597,0.11090984860475003,0.12784031824021808,0.16810736072368582,0.10268567182780278,0.12595337084798677,0.12690469045594546
297,0.10318576033467264,0.1332770427802527,0.11080314128188479,0.12777289189795088,0.16785552045084784,0.10339668885904045,0.12654846431495767,0.127160490079393
298,0.10907047633410878,0.12831723028797143,0.11383464965037488,0.1327876376908637,0.16143358056472382,0.10363987606639402,0.12191246333557589,0.12900408606898742
299,0.08694283507907295,0.2108097521654841,0.10314687516496036,0.11051543356564501,0.10770074988505458,0.0918258747713612,0.1303365810606814,0.15872189830674038
