oos_period,model_1,model_2,model_3,model_4,model_5,model_6,model_7,model_8
150,0.06213625305125091,0.1144997130670999,0.37084297105384767,0.05815206563893651,0.06412623767848522,0.1929882733437965,0.06802039047326963,0.06923409569331362
151,0.058118928217050565,0.3319065388477015,0.1562529166126484,0.054015069752568284,0.07310811166811099,0.19209188639744942,0.06246995119461282,0.07203659730985801
152,0.27719905417652974,0.1256458792360081,0.04121680046829741,0.018750000000000003,0.2555998438760379,0.15438712614591887,0.05009564894836285,0.07710564714884512
153,0.056422369364842496,0.09095789709517385,0.09421084007544213,0.054615120293702676,0.07038769756394998,0.19346172265287537,0.10239027960151781,0.3375540733524958
154,0.06050899200547534,0.06864135246377759,0.06312600996817426,0.07080157229651896,0.06990324124108264,0.2103847565207794,0.100881765824642,0.3557523096795498
155,0.0354238480724217,0.04170859984342642,0.018750000000000006,0.15072166959080116,0.031949333396463435,0.18000015717500006,0.270491061560593,0.2709553303612943
156,0.05810326986107172,0.1666804957016293,0.05506143582415059,0.07968321673159501,0.07365221811317148,0.3417546927940142,0.15529124319946208,0.06977342777490562
157,0.06478982778245003,0.07224672656391704,0.06083051507435683,0.09800976848695053,0.08062555730414651,0.3960519099051136,0.09907870951432492,0.12836698536874067
158,0.06241629859631502,0.08297416352210465,0.05813724965699482,0.1380787026716191,0.08987164862316328,0.3707035335258882,0.08420749215751865,0.1136109112463963
159,0.06470096721555653,0.08301813062109935,0.05916106386250663,0.07107743001392086,0.0733809685959539,0.38033942458829767,0.1508797370834811,0.11744227801918393
160,0.06713429998001043,0.08751976874681562,0.05939120801053779,0.3741268553896074,0.07051144568497503,0.09637512912282127,0.13807459588152407,0.10686669718370853
161,0.1483471671438569,0.09333871084797733,0.055484390581174006,0.34573545084235213,0.09184604032144689,0.07256348560167644,0.09661870551386789,0.0960660491476483
162,0.06437767403159882,0.0979855933252079,0.06020467020447919,0.39016160192451005,0.11587405689344782,0.10891347455805327,0.09385413015979889,0.06862879890290405
163,0.04160130918860642,0.07165197838393178,0.02558890074904241,0.13779576238817517,0.10294070538153144,0.19470037884615063,0.22827845178213027,0.1974425132804319
164,0.02222934729816956,0.27967920951981645,0.01875000000000001,0.08644961241253943,0.297224283976413,0.16325931733138024,0.11225795099528155,0.020150278466399742
165,0.08915585376711815,0.02009562243641713,0.018750000000000003,0.20735388449550612,0.2551672802546468,0.0819149960532654,0.2585904694450445,0.06897189354800187
166,0.1672326499666165,0.0895685685634368,0.05991588936656178,0.09922933288818156,0.058266949890146864,0.08839262188050095,0.37192423532240887,0.06546975212214665
167,0.09877564166911292,0.0896751829079721,0.060077234786507984,0.1636077984935089,0.06695266723259459,0.06837793482770348,0.38896220975536916,0.06357133032723097
168,0.10356023796756021,0.041081650962340684,0.01875000000000001,0.23734217717258976,0.24990591904812293,0.09293933486411292,0.23545078898728328,0.020969890997990338
169,0.27682757056566576,0.07651457363617067,0.12264728041921943,0.1361526766791133,0.05871629735004218,0.09406214061010934,0.1643166929998636,0.0707627677398157
170,0.1612917229604969,0.1836941852359927,0.01875,0.17575598752526042,0.0999081717478864,0.15129886083400854,0.18954522638005952,0.019755845316295557
171,0.02313645175738659,0.16413214972292994,0.12280340260359641,0.22010832160268423,0.22614248833027029,0.025857004545613026,0.10585058775290027,0.11196959368461927
172,0.01929687801961004,0.22859186863614697,0.019809920011186706,0.01875,0.02472452479603741,0.23009674733915372,0.22725010606639254,0.2314799551314726
173,0.05660910783299305,0.35632101489875806,0.06614021240322147,0.06310701452939428,0.08760629125004765,0.10266429160433518,0.2000445367800403,0.06750753070120995
174,0.06093608576339284,0.11640861141373249,0.0729982560012465,0.06378274147789749,0.07082497806985523,0.15358823455943793,0.3970455130672268,0.06441557964721072
175,0.0806243109456473,0.09333493739595515,0.08753502805585303,0.06332134287315425,0.09434829662740793,0.07870796481418925,0.41949499174733396,0.08263312754045908
176,0.08014793178639294,0.09672569004499502,0.0862521926599318,0.06536395830619074,0.1000299979669891,0.06425016774056849,0.4282368728527396,0.07899318864219229
177,0.07415350106054318,0.31918495745671194,0.07466717208176744,0.05566368387923042,0.08162312834400198,0.05266340172977485,0.2794139529605292,0.06263020248744101
178,0.24707775665140957,0.08283653553670213,0.25980908481123194,0.018750000000000006,0.1789483858541182,0.03994132265561511,0.11818448635489288,0.05445242813603007
179,0.05549348840216304,0.3323326464080655,0.07548480096297218,0.05448946539770109,0.08131464422602605,0.054060343680855744,0.28271741153434227,0.06410719938787408
180,0.0239582671992939,0.27920785756741356,0.02767679500930513,0.019578102127271856,0.29652664248327687,0.018750000000000006,0.3129580341075417,0.021344301505897008
181,0.07899915479534954,0.08328236378060429,0.09938875474428266,0.06441449463150342,0.1004887472387263,0.06559204370740757,0.42978347888498813,0.07805096221713805
182,0.07100891014529429,0.04195512984582789,0.11294987847040232,0.018750000000000006,0.1083176314708597,0.2829907191574636,0.31054247503327204,0.05348525587688016
183,0.20967902675462965,0.03688021517360107,0.16889440032845784,0.02704831891704403,0.24294397843344004,0.1753639300186464,0.10829148373026769,0.030898646643913303
184,0.0594960053553212,0.05712229902731364,0.1909248189296584,0.053043954645456096,0.32276663304708675,0.05981625333782857,0.17976560360891639,0.07706443204841898
185,0.06562077020734924,0.060575415160319446,0.3278012953681205,0.05698460701634495,0.09320215020939154,0.0535788876328628,0.2595483742853267,0.08268850012028477
186,0.08044076050679105,0.0645707926158268,0.06968968378381639,0.06747481908974048,0.13115986866029153,0.06421752856621323,0.42472991621157696,0.09771663056574353
187,0.08362445368062316,0.0698951261903413,0.08884336326288678,0.06771557618365348,0.14089979557130533,0.0628503411216318,0.4150620340859465,0.07110930990361163
188,0.07397840775083434,0.05611723630175607,0.07818756885207064,0.056570046850208104,0.3516916357812336,0.05930932500545406,0.25584299126395077,0.06830278819449247
189,0.07603116053556327,0.05726407854306486,0.06328522212736155,0.05634882103422526,0.3538712567927418,0.06198705856413566,0.2592076095185669,0.07200479288434057
190,0.08395525666285078,0.06638985029757563,0.07455253431014316,0.06670480832502754,0.15317175805437672,0.06302199820754657,0.4166776301886775,0.07552616395380221
191,0.06258588516817779,0.08057069247442601,0.09255780467749236,0.08747905591544755,0.12278001917440544,0.06379966866946934,0.4122524129189836,0.07797446100159787
192,0.06663408828926315,0.06871692258865642,0.06810561366642329,0.074109766966018,0.1281400230888362,0.06568279127988187,0.44170391336990317,0.08690688075101786
193,0.05856263055214155,0.07024454040271384,0.056329157623502046,0.06909325174193753,0.35368618939766633,0.06142263475923027,0.23740810613997482,0.09325348938283363
194,0.06355258283948252,0.09353046406190109,0.05710009731833259,0.09339842565340396,0.36094209489860296,0.06122089697622354,0.19770973171720843,0.07254570653484484
195,0.06335445077294598,0.05846289915850715,0.05734939903374364,0.07552653430094296,0.3632884614940578,0.06872346469617951,0.21720691363982142,0.09608787690380143
196,0.06178726039564214,0.058058382703148094,0.057464228556712675,0.11167001435356316,0.3643692100214923,0.06965421505015716,0.1782310195478752,0.09876566937140926
197,0.06349444829613365,0.061080299152981486,0.057922083341048744,0.06695995291079998,0.3686784314451646,0.0793893478469855,0.20358672856763857,0.09888870843924738
198,0.08624804709920587,0.15279898883150583,0.05666933000237492,0.08465168014369717,0.35137378559672167,0.0836258636634534,0.12854884127065677,0.05608346339238445
199,0.0789981156844673,0.06367219997833068,0.06111184747494641,0.0961645882183222,0.3986997409406722,0.06875642570511153,0.14769921280101403,0.08489786919713567
200,0.020691866509012252,0.021272140179951205,0.01875,0.28358246999007897,0.30164257191705107,0.020230527108405953,0.23714651146854906,0.09668391282695153
201,0.06307376826489791,0.05658735437034355,0.05419306328292722,0.09651019632180326,0.26225145189859145,0.06281441288448104,0.33358177207460915,0.07098798090234645
202,0.0670357384482622,0.059902788595375296,0.06218803440471554,0.07233097733633449,0.16160710869756434,0.07203360131249391,0.14092048900585738,0.36398126219939686
203,0.027751876666308073,0.021728558275602498,0.018750000000000013,0.2960339617557392,0.3071383831856415,0.019506541877573044,0.28982522829847984,0.019265449940655755
204,0.08890662248289638,0.06253619234633563,0.055066540244596444,0.34180273171384884,0.23816021300466036,0.05606320293920255,0.10080941684331463,0.05665508042514508
205,0.1645765212426668,0.07360607089241565,0.13947237928892944,0.14247763908305816,0.2687746323731483,0.0543957345623996,0.10234954085410515,0.05434748170327689
206,0.16700810843435923,0.05901209106964956,0.06220722158992515,0.07082873700768842,0.3789373285904795,0.07475253891917752,0.12386959155380885,0.0633843828349118
207,0.14929917479646823,0.09939905651322573,0.0942419588882667,0.0776342425630354,0.339974984927051,0.05838447740728619,0.117659818632179,0.0634062862724877
208,0.36558352199639926,0.057593249212117434,0.0590915389629691,0.06645925251423175,0.19397279038558027,0.06289821780596781,0.13050130733668397,0.0639001217860504
209,0.12726941571713055,0.05970015781217138,0.06187935113977764,0.07328808270525788,0.38541325258180864,0.09399202656209775,0.1301262407013237,0.06833147278043249
210,0.15669240097667136,0.05889502806634759,0.06876403182654121,0.06516039594644397,0.37783555827150667,0.06584334073313182,0.1252111904517836,0.08159805372757374
211,0.1965226934162122,0.05759456097724803,0.06059138843414145,0.06387374532000716,0.365595868021158,0.06726723227404342,0.09646282314316354,0.09209168841402625
212,0.35573235712528045,0.05654656294456105,0.05887276883601105,0.06232730156731596,0.20453598112079216,0.10636710848677694,0.08661055942957002,0.06900736048969233
213,0.3671336543573159,0.0672885196417848,0.06493180548860746,0.05775795077546482,0.1910936734747649,0.06774637023722553,0.10018867776207575,0.08385934826276081
214,0.2139428976225115,0.05584654335430121,0.06517476260449863,0.05568116669805035,0.34758745127576796,0.06855960570319099,0.08479856642164141,0.10840900632003801
215,0.3003400272013776,0.01888467663851444,0.28443209504981837,0.018750000000000003,0.06495463992045322,0.08039188141872489,0.2092400490063951,0.023006630764716374
216,0.14049849328414857,0.058593875899183474,0.05935416006310505,0.057666112928714305,0.3662692981526053,0.08351535109990928,0.08086793662339815,0.153234771948936
217,0.39210733265616715,0.061839357666925374,0.08589994575838986,0.06673185779787491,0.10877436838585845,0.08327912329895337,0.1409566105040764,0.06041140393175438
218,0.39549381408447865,0.06509969251171803,0.060771217746475856,0.06207587408369007,0.11669304214654554,0.09064325642786507,0.14387110545394813,0.0653519975452786
219,0.4087630914279967,0.0666813661371303,0.07010066411128646,0.06472043355269885,0.11391321571779822,0.09674442760148311,0.11689572298738167,0.06218107846422465
220,0.2206757174374979,0.3556656599094552,0.06442963787553671,0.05672936948300938,0.08189014455837908,0.08791263560422061,0.07598620819708334,0.056710626934817814
221,0.3630650035053741,0.057325656622446,0.06594421925101093,0.0608487624893295,0.15367460758061896,0.09949775888007201,0.1346039001043696,0.06504009156677892
222,0.35169447715171165,0.056117538197369365,0.05999802165019247,0.059597544915446575,0.21978296443912995,0.10312093000453207,0.08383252592078673,0.06585599772083126
223,0.38432756192757445,0.0595848034420278,0.07083165003462678,0.06352342292557679,0.10701308851872265,0.1533831130745254,0.09677122832609902,0.06456513175084702
224,0.3704112870382758,0.058106199247816806,0.06091257216323865,0.06276016647413774,0.09780522990202466,0.17538690280178895,0.10987060461219512,0.06474703776052232
225,0.20653092263735628,0.018750000000000003,0.019934254387839308,0.020037677474140432,0.2635249376308142,0.18036143146516975,0.2680004718025298,0.022860304602150168
226,0.2121124863616977,0.05521481821876238,0.06165623077503576,0.058074925008888986,0.1008765367259286,0.3431982891177636,0.10131530050354799,0.06755141328837495
227,0.17457884037211618,0.05790515863670782,0.06687934024968936,0.0613830824209673,0.1264102808063538,0.36851914011019127,0.07296593923901411,0.07135821816496013
228,0.1043269624101865,0.059208855597438104,0.07088355885578773,0.06256001592598907,0.17605965008741556,0.38078922915235863,0.08348255129629675,0.06268917667452763
229,0.09845350181970557,0.06922016644787027,0.3857716439335452,0.06661829109915579,0.12134874510822763,0.11532158568376588,0.07310255557895003,0.07016351032877978
230,0.20601841942928803,0.05785127838293001,0.05506032191866232,0.06574805568207051,0.3417442062932923,0.13574655120564827,0.07631401645302009,0.06151715063508853
231,0.10515385856604083,0.06341850109849523,0.39152650492560365,0.06135848640047912,0.11338888313734859,0.11784845694340847,0.08695561778027877,0.060349691148345395
232,0.11949248594571692,0.06906591372990967,0.05855284086732567,0.06612192049086933,0.37461497286894746,0.15477514328276293,0.0943156847029577,0.06306103811151036
233,0.15183711786504758,0.0756873087445767,0.05229722937850786,0.061773737203735975,0.31573865277207086,0.15919212123763346,0.1278107648676815,0.055663067930746137
234,0.2961151849885969,0.02427889022395027,0.018750000000000006,0.020128511515308294,0.2984966164289037,0.29743846263920254,0.025670101676304,0.01912223252773436
235,0.3806185442070354,0.08904070867008282,0.05919072032199751,0.06548026240804006,0.13231946214545295,0.1307647574907607,0.0787506466848228,0.06383489807180769
236,0.3009854522729133,0.26077939447550075,0.01875000000000001,0.021353797691798737,0.0934643053467933,0.2147516886110807,0.05292165103232269,0.036993710569590554
237,0.02056521958599001,0.02359595509198716,0.018750000000000003,0.05327941883664046,0.29942722035357927,0.2754956070257451,0.2828545185802704,0.026032060525787576
238,0.06226586483255978,0.07142190263463155,0.058874001732127396,0.07323233858746944,0.37763766336119897,0.2118055805543662,0.07803903887414783,0.06672360942349882
239,0.061951791665384656,0.12470673913123859,0.059982507348663026,0.07228773879454455,0.13954257772202372,0.38807065739918145,0.0801228844204747,0.07333510351848911
240,0.06249091086892805,0.06627587832824504,0.059957824604228056,0.07641445395394676,0.17344473834906352,0.38783834921626403,0.09042056555363107,0.08315727912569341
241,0.0625840864646106,0.07526218953594706,0.059461566054025174,0.07970091911429442,0.18480172243858847,0.38316768050847233,0.08531849018625111,0.06970334569781089
242,0.0583443529302312,0.0929795483398939,0.05905139193110135,0.11636659519618539,0.3726527379858442,0.1430816568478146,0.08479826367328003,0.0727254530956494
243,0.018875613681705216,0.037106651131933094,0.018750000000000003,0.19476680955226333,0.2649171373335248,0.27677156719194107,0.11919281268351016,0.06961940842512229
244,0.018750000000000013,0.2862325744028647,0.01929589474945179,0.06863076539452961,0.11842876378938844,0.3082201062618289,0.15736758605694248,0.023074309344993996
245,0.05515952968937915,0.22911459443695176,0.036895205633982374,0.04820205412344727,0.1707784550756718,0.1567149608846414,0.1137570346056496,0.1893781655502767
246,0.05338601275502948,0.0610412836184801,0.05181869923408825,0.08072342212872934,0.1614130826603497,0.3112348307281471,0.11590526522200954,0.16447740365316652
247,0.04770033847461083,0.07016443636553149,0.018749999999999996,0.15761239641081443,0.1483696145419534,0.22129113417515306,0.09652970635160615,0.2395823736803306
248,0.05289237852099153,0.06421276313238564,0.05507907050938716,0.16723450128218462,0.1895767913624922,0.08376076169897434,0.3213400341807946,0.0659036993127898
249,0.15294389060375682,0.046215233138036355,0.021628113472656762,0.03349383414190664,0.2334661942054489,0.28158785687252497,0.18536441433914086,0.0453004632265286
250,0.061961030096795384,0.07905409689543688,0.05664449941497757,0.08032218046746857,0.14649689598220478,0.06202249345170484,0.3477813607539134,0.16571744293749852
251,0.0654845836534161,0.1144226156747721,0.061654608480195994,0.07387903602747284,0.0714524801795848,0.07640075104843819,0.4038080798136094,0.1328978451225106
252,0.05797782126715976,0.17071548049793422,0.05742066948721791,0.09615592749081361,0.07958874949768348,0.07135550114457878,0.10282660838197288,0.3639592422326392
253,0.06163383992430739,0.33052512726369704,0.053868294771767807,0.07363192478291031,0.0659199897950867,0.09808559292481317,0.10415365942581067,0.21218157111160701
254,0.11498791511442175,0.15488613327308257,0.04918573985771024,0.16754343362650043,0.06253463375455544,0.09468238904396128,0.09053062220578581,0.26564913312398253
255,0.04403331197173453,0.09032465558569601,0.11010825934715077,0.05597114793187581,0.23175428418783833,0.07149041280921457,0.16135721541030618,0.23496071275618374
256,0.05675381203633134,0.33792671507781585,0.05465471347701793,0.07220783252425572,0.05706998592092638,0.09910350722449576,0.11204161328937771,0.21024182044977932
257,0.05991501549040766,0.3802780475045246,0.061028240022685996,0.0915106922930208,0.06259625675770322,0.08236840939571788,0.12729473904142247,0.13500859949451743
258,0.12189925662200735,0.30098749516366186,0.05072991835424658,0.18365104605216326,0.06708899950812622,0.07575528149414373,0.1006929847208777,0.0991950180847733
259,0.14248503370156687,0.3124886114972547,0.05231973986202212,0.05325731571753915,0.056563556225818906,0.0798980467465223,0.1641718664376488,0.13881582981162718
260,0.05690003849390377,0.14433361975076925,0.05691182645424844,0.0638666722588066,0.06315082624971761,0.09177229461863105,0.16400553634894668,0.35905918582497665
261,0.057946953840403305,0.08017240389394276,0.05776614366828275,0.07003388661607494,0.06271342604219822,0.11635366805759827,0.18780275394472074,0.3672107639367789
262,0.057772720346396224,0.09782921428079805,0.05618905282619346,0.0780206987153341,0.05706044274442538,0.1145262362175306,0.35236755601123254,0.1862340788580896
263,0.05752748398568548,0.08826014397788082,0.058489121186911845,0.0744550565777916,0.06012716334445413,0.13195290147011274,0.3649645551593928,0.16422357429777057
264,0.05285236577264877,0.16101933808122476,0.05735356905432711,0.05649800072035512,0.06843467033408743,0.11123407559747654,0.32096345133351595,0.1716445291063642
265,0.055492417102129855,0.14490795688918637,0.057648264204808015,0.12694178331951156,0.05518332826125306,0.13630668787482578,0.3150260442900615,0.10849351805822387
266,0.06790310689730586,0.1361816767472078,0.05994286542050802,0.058163861708824004,0.06288618324233403,0.36358680563279017,0.16206779714473774,0.08926770320629242
267,0.018750000000000003,0.24475736820373525,0.018843915441628594,0.08661277454445523,0.019801644805278327,0.13021982806581067,0.2112866000759713,0.2697278688631206
268,0.05918802564231771,0.0861972794347646,0.06638996739676811,0.05866708336416286,0.066269671803769,0.19373924651705754,0.37569019636859163,0.09385852947256845
269,0.025574724571858914,0.2883826733653283,0.01875,0.09764885505604484,0.02582509147774676,0.08508295400572029,0.2545885806179506,0.20414712090535025
270,0.06222473295647262,0.05713939406667019,0.0795402207519229,0.0695978573082228,0.06823395418041349,0.3547309528490506,0.21614010052854635,0.09239278735870111
271,0.06252257803984679,0.060717605464076424,0.07559157555695985,0.06240838185199495,0.06745966248447671,0.3949892283871074,0.20178636047775605,0.07452460773778172
272,0.07431313635477464,0.05987330993201389,0.061689469884894384,0.06580575755410484,0.06257389726679582,0.38704291721760414,0.21084170516370046,0.07785980662611183
273,0.023402098235462646,0.018750000000000003,0.13889873996676522,0.019196880264328697,0.2698588364467285,0.18705355458199807,0.15784925347736783,0.18499063702734908
274,0.06269135752296576,0.06306366195034062,0.07354979593295623,0.08393450011535994,0.0579202039091671,0.21879518145356747,0.3686607452232551,0.07138455389238789
275,0.01875,0.041708771483920395,0.1269472806756022,0.27548051666474793,0.018857285612008366,0.2671707218472268,0.2167292019817654,0.03435622173472892
276,0.0683462427519636,0.0671271803087719,0.09090466188726054,0.0632936414066167,0.07091553001408349,0.11862835496235871,0.41923427284145387,0.1015501158274911
277,0.1318327717296424,0.15274630502279732,0.0197315607563115,0.30230514596219993,0.018750000000000006,0.040009481176959245,0.17526951673000654,0.15935521862208304
278,0.02243913661050244,0.2840012639437482,0.032599712188467016,0.018750000000000006,0.024311956526749053,0.028574337085159905,0.2915824226110348,0.2977411710343386
279,0.37750781539077755,0.062364524578532546,0.07580573984955058,0.058860205376339285,0.06644649665274173,0.06619663484945348,0.1984099700647156,0.09440861323788925
280,0.06658014812482288,0.06940074250162717,0.08779056245121122,0.09033180415491547,0.0758615597794999,0.06914836640960897,0.3758102899485823,0.1650765266297321
281,0.11286271601355818,0.064216838417793,0.13467359234267062,0.057000625520236964,0.06772543188973958,0.06131893374008716,0.3418898092714743,0.16031205280444022
282,0.08391948039490348,0.10136211232804487,0.1148178720582911,0.059345508358952526,0.08325513391251155,0.07700416932027296,0.38207538449060907,0.09822033913641438
283,0.39299895508039606,0.06266113870622182,0.10750422261097498,0.06315558736018664,0.07152355479629864,0.06130644698759466,0.13525614946493567,0.10559394499339154
284,0.10134083895273979,0.01953844567394816,0.11063916475863947,0.01875000000000001,0.203092138670653,0.2619633114229122,0.1648833520891514,0.11979274843195598
285,0.3004136115261582,0.02076250390139338,0.16058600767398426,0.018750000000000013,0.03704559270363154,0.1494590072371407,0.021854578118777335,0.2911286988389146
286,0.018916666989686512,0.07251071286117504,0.2841551801016742,0.018750000000000003,0.25312779974809135,0.058897216791433296,0.032210938867931214,0.2614314846400085
287,0.05719611802400026,0.06273780497182194,0.16183477306663457,0.361845816696473,0.13651493370562973,0.07605951946599974,0.06992786565505707,0.07388316841438373
288,0.2793138847448611,0.06490140602498293,0.16232717086951853,0.01875000000000001,0.10466296551833552,0.25899095421648993,0.046981611452035096,0.06407200717377688
289,0.1891733205524825,0.06246782560151635,0.18747829344739986,0.04743594964063276,0.26998543891386967,0.0560674107427412,0.051667043465745376,0.1357247176356124
290,0.06297903784317563,0.0906911500842307,0.37207531473359684,0.058283001380971165,0.11477730715577232,0.07903989510899244,0.07072251218522811,0.15143178150803274
291,0.020373396007751867,0.09800591501453344,0.30579003141248456,0.018750000000000003,0.22159450485056892,0.28866718288210746,0.025283668547004427,0.021535301285549306
292,0.0713195793675146,0.10706809206384538,0.1427614095660413,0.059851219270421675,0.3868350052329313,0.09096926480755288,0.07229412609273606,0.06890130359895684
293,0.0785561906588418,0.11512759835465523,0.13300341879369637,0.060305600974655704,0.3911115385849948,0.094249419863004,0.06238790340986554,0.06525832936028644
294,0.22178046454199862,0.12272256034713305,0.1580694775176945,0.15310906130676552,0.10640787278455348,0.13881784983341952,0.05322711747028517,0.04586559619815017
295,0.08585492084945118,0.17520265215248249,0.06318069418075893,0.05956219873773965,0.36667358232821434,0.05916129371735204,0.07974100627383422,0.11062365176016718
296,0.07185724603920164,0.17711103410510382,0.06775167064294266,0.059254627539594235,0.3812200239020633,0.06055717981976834,0.078904271395958,0.10334394655536797
297,0.0684600503767117,0.17448427642931738,0.06727398662608679,0.05913160880646619,0.3800622006552039,0.06435407620742989,0.08311171402420049,0.10312208687458363
298,0.09692920433861173,0.17130936831252,0.06391227096139313,0.05730587889333941,0.3628788601726062,0.061205511307779646,0.0769561742314911,0.10950273178225875
299,0.057178004735896286,0.3287018337224943,0.07330600577883788,0.0536745697344542,0.0990621165201024,0.06242924801956426,0.12799951226340728,0.19764870922524352
