oos_period,model_1,model_2,model_3,model_4,model_5,model_6,model_7,model_8
200,0.12356894956711673,0.1727401716576291,0.06538127842498555,0.1303122428269955,0.08230738277959668,0.10000514238960036,0.27362706255344477,0.0520577697996313
201,0.11860318631521605,0.17910762781259026,0.0856623806296957,0.11999740489246317,0.06685394370643451,0.11278418527752578,0.27019439269518447,0.04679687866988998
202,0.11529391788588585,0.17924025389379852,0.09275795129995892,0.1120016137345779,0.07060318751264695,0.11592643177049361,0.2599939112888273,0.05418273261281078
203,0.18725076152264664,0.13403125460211615,0.07411727297914594,0.09189130104658846,0.06676121036114034,0.095969853004785,0.27887182282139034,0.07110652366118707
204,0.1775445447727709,0.13591833458132807,0.07500965350466304,0.08299069997296199,0.07718557950385153,0.10037506115082712,0.28331585057062925,0.06766027594196805
205,0.16498316578603958,0.13400983073064582,0.05255742578315321,0.0749377297812113,0.09191860641583371,0.09726199095835339,0.31472900963817363,0.06960224090558938
206,0.18107950765375572,0.12917190291836944,0.0666397034156891,0.062178389858501645,0.1216930523354914,0.0950151998867394,0.30721426515515743,0.03700797877529575
207,0.18483471640053495,0.13760061994522593,0.05603705097282025,0.07989253532200259,0.09525837325022679,0.10219211893710582,0.30844439986268535,0.0357401853083983
208,0.19692815829042432,0.15511700431753606,0.05424617894443611,0.08183541446909491,0.10401791222820872,0.07016313329470869,0.30981213913270855,0.02788005932188258
209,0.21677817927095616,0.14663301390339642,0.04305069296573746,0.07790677683200216,0.10519725098000746,0.06417824994148512,0.31911399344274044,0.027141842662674765
210,0.19510518822989056,0.1737529663777335,0.06428097604686629,0.058745000207653136,0.13477053307882106,0.07598048041206493,0.2742212078465746,0.02314364779939594
211,0.19634130440999087,0.17484379021244956,0.06392679898118603,0.058958077797168024,0.13541649125543415,0.07691365966031896,0.2728367639089774,0.020763113773474923
212,0.21909918681902316,0.16987852279328258,0.05545652202987023,0.046134063395225945,0.1449661406055889,0.07079462561161003,0.2810730775493254,0.012597861195073676
213,0.2137588749870605,0.12761789737523987,0.06910974683663045,0.04504625328391168,0.15838957843296408,0.06395728048663842,0.2703286086088117,0.051791759987743255
214,0.2273915228197988,0.1638837863796212,0.0579833586968442,0.043086054053645545,0.18002016304180368,0.061484961925828266,0.25915562770543255,0.0069945253760257545
215,0.21445846347964703,0.1606100273594047,0.054408982302206386,0.047355868176758895,0.18348652091729412,0.06793737062385528,0.26141726432072626,0.010325502819107312
216,0.23016350420692747,0.13762533572049573,0.05012928691299589,0.06883237052781481,0.1980764233476082,0.06299506150943504,0.2469929130506064,0.005185104723116425
217,0.22822732481410116,0.14139045676154252,0.05167966453802587,0.06187681187787465,0.20006371905895562,0.07526443709928547,0.24149758584921469,0.0
218,0.23737862310707145,0.14049642160533704,0.05536046633288215,0.05734543904420804,0.20054665720777717,0.07323312443067552,0.23488063262764336,0.0007586356434052883
219,0.24005162748918932,0.14224210332040405,0.055259628832127296,0.05906034097635938,0.2029636185621335,0.07295117305400214,0.22641278108200255,0.0010587266827817886
220,0.23369104222668996,0.14070417676109653,0.05310692526631886,0.05687647695438667,0.20986426008351436,0.08280469813873048,0.21785334086435654,0.005099079703906466
221,0.2559988885672528,0.16409111397453996,0.04543308234206675,0.044988497142766766,0.2102308945135423,0.07073904284717555,0.19476020116715978,0.01375827944449606
222,0.24544019265792422,0.17596985131900034,0.04247510378172192,0.039244947301888856,0.20770017105199418,0.06944027978866875,0.19938533652453969,0.020344117573262
223,0.24633645281651992,0.1750146206989969,0.04329086627919027,0.035580272649700845,0.17869760669876006,0.07420181723537823,0.2179045172546816,0.028973846365772146
224,0.2916611305989082,0.1953471766320769,0.052748234303328326,0.005888220592259889,0.15691727848401607,0.07068124398678251,0.18976426607155647,0.03699244933007157
225,0.2999918442036969,0.20309768863941988,0.04415572868910531,1.784460191846611e-19,0.16690224617414776,0.07395865698373247,0.18686928534991173,0.025024549958985894
226,0.30047535900807887,0.2031973106345322,0.04435957347249807,4.951172274492451e-20,0.16719751274458194,0.07162695629332258,0.18591955545336206,0.027223732392624257
227,0.29708876224351016,0.16414766407464546,0.07138203037482971,0.031113731761404258,0.17236849777946892,0.08037499396813992,0.15912149095824238,0.02440282883875919
228,0.325469700264029,0.19443454654928255,0.06685881774751885,0.0036374235394978846,0.16485653737911618,0.07129230492151512,0.16535889291552083,0.008091776682519482
229,0.3358799934900546,0.19271975413133688,0.06887310692216585,0.0015768717344324802,0.1311272207264906,0.07548867871894074,0.17105290956154598,0.023281464714032928
230,0.3365549901017495,0.17960674927973017,0.06983832149442129,0.0045497476555320365,0.13473325658124136,0.07479515730017862,0.1705596456707088,0.02936213191543819
231,0.26283935462888275,0.17879766228340954,0.06258927689831931,0.014465111136385824,0.1286316457713872,0.12229254692519377,0.17474864172457177,0.05563576063084976
232,0.26216477581784114,0.17555761872703826,0.06707067644358035,0.014587824248921664,0.12367702058558523,0.12462810324518053,0.17037700978430953,0.06193697114654327
233,0.2705017719611578,0.1781847532922543,0.06397691250498307,0.0,0.12201470390094504,0.10241174900878561,0.18488752434722322,0.07802258498365093
234,0.27371619184652307,0.1916589508242195,0.07220028145797873,3.0705473733529714e-18,0.10546011713490325,0.10579113398259202,0.18483894308713994,0.06633438166564341
235,0.2595509728101405,0.17463239491714444,0.07634266078087475,0.015868117893258205,0.11359995388189849,0.08372896298081318,0.18513350693649835,0.09114342979837202
236,0.2431102295567754,0.16909884008034923,0.07227788221133999,0.026230443724676426,0.1399402004836511,0.09402106761511983,0.20109122270945046,0.05423011361763751
237,0.22447691551523305,0.21843957971481137,0.051930423854939727,0.020180808571379633,0.12135800799015256,0.1494682740033577,0.18599833164366988,0.0281476587054561
238,0.21003565336490965,0.23597190535294402,0.042505785249725626,0.01153415944466379,0.11639101809070329,0.16248881669685092,0.18344933097757063,0.03762333082163197
239,0.21943178752874562,0.23965525525354744,0.023471321652362872,0.018628662421696737,0.10604234478341008,0.16811493271480893,0.18285760918966715,0.04179808645476112
240,0.13384317705593077,0.3275604872343159,0.0033016881168256335,0.06931534933563119,0.09125901511695811,0.15773676777771692,0.14245580505694294,0.07452771030467858
241,0.15688195435052393,0.2733564137662112,0.03289677778813445,0.04461321840283822,0.10663097703041224,0.16254554203766952,0.15222491654082212,0.07085020008238822
242,0.16241464400504646,0.2663876985396953,0.019791679640555514,0.04602383942276231,0.10264196616504397,0.17233165752095536,0.15141997591895046,0.07898853878599064
243,0.09322458843784684,0.2732374116513365,0.014336655462797847,0.049141029763376726,0.08187309628886563,0.18336528532219692,0.18657727714106614,0.11824465593151327
244,0.06769130057108776,0.34497030490057623,0.05218484088943098,0.06644372401670297,0.07395459055372193,0.13033720937689727,0.17165854437062586,0.09275948531995702
245,0.07295199741486501,0.3514059251253428,0.031775691724795566,0.043844267235205625,0.07035014820740487,0.13261433191741595,0.18343353689004865,0.11362410148392148
246,0.05625063054858291,0.3772557271296835,0.042903372388837346,0.038716258163075425,0.053662575926381295,0.1215232351123567,0.18019186811713844,0.12949633261294424
247,0.06124633844178096,0.3636238870252748,0.05908784906097084,0.03483257132422981,0.05451420936784303,0.09743849186481657,0.1828051595936163,0.14645149332046756
248,0.07613255229821682,0.3450921413628149,0.06533846151767418,0.04345283699591269,0.04997865992883755,0.12186574494115546,0.15998923293335812,0.13815037002103023
249,0.08778857975462052,0.32826655733396626,0.02622017653693486,0.06512903416583081,0.07508048745414292,0.14364966655432485,0.11596868648752234,0.15789681171165754
250,0.09045434282969031,0.32383259731501707,0.01700614260577213,0.06524514649980871,0.07661490045270389,0.13268500208741846,0.11386529616782946,0.18029657204075997
251,0.09489248275196986,0.3243950386712861,0.011949915552453415,0.05572758067588086,0.09167182782172295,0.11946291227161489,0.1127597900273542,0.1891404522267178
252,0.07576884266704934,0.3287660937678606,0.010898933442917777,0.07129195700822302,0.08357734609747974,0.11208448150932726,0.11749278762635243,0.20011955787978972
253,0.08006327040648584,0.3273890226902187,0.027385632897816283,0.037916562764637,0.06285184840671713,0.1160259143973704,0.14362951066468024,0.20473823777107436
254,0.10271256954494867,0.32891478810992575,1.3050924832603596e-19,0.0759898805845205,0.05051037366719244,0.11402543097727737,0.1501390939032916,0.17770786321184356
255,0.10583613052654074,0.31949111534315844,2.452080972959942e-18,0.08970835719798738,0.03856463663990471,0.12298548567312206,0.13818314027827275,0.18523113434001387
256,0.11067782828698494,0.3239219637364875,1.0254472027025923e-17,0.08672390112073969,0.03477156298638574,0.11705217106070466,0.14095036925707657,0.1859022035506208
257,0.109751485329177,0.3079318308501399,0.0,0.07627907627481191,0.04011516651845402,0.13132927257926028,0.14048703112119068,0.1941061373259661
258,0.12459977438895561,0.3039262241668167,0.0,0.06641055517520984,0.032462635421565356,0.13269365915900636,0.14692052425198412,0.19298662743546183
259,0.11992292161247056,0.30111025299694955,0.0,0.07848245566306672,0.0329491340454734,0.1334896628096825,0.14601380779237824,0.18803176507897887
260,0.13331742561061946,0.2832260873117283,1.223298217313238e-17,0.06849369120102579,0.05068052993241459,0.12054551095467725,0.1511387851070455,0.19259796988148897
261,0.12774476950615204,0.2864295955578071,0.0,0.06801425551566335,0.04970065400808526,0.12014794576126793,0.15192893160760543,0.1960338480424188
262,0.10091469976257694,0.29702225191942677,5.8146140523239906e-18,0.0913312448864873,0.04263829934276459,0.14421493190643878,0.14155728337940562,0.18232128880189988
263,0.09860251153857602,0.2809469063619009,0.0,0.09684072310836532,0.04022316877771949,0.1570777870162392,0.1479082860167303,0.17840061717946878
264,0.09783785971975274,0.2685173407464132,9.991587410911934e-18,0.09405531202420842,0.03525737030557178,0.17690073485316168,0.15884025667261853,0.16859112567727355
265,0.10082055965486787,0.26905130868235955,2.6200198131317202e-17,0.09167002919398973,0.034598669350922026,0.17575680459870843,0.16036779597371675,0.16773483254443564
266,0.09868516729792352,0.2744762060088521,2.4915474143460327e-18,0.08814339867007866,0.043255049006015525,0.17156657752480167,0.15838205809552297,0.1654915433958055
267,0.09901630299497055,0.27413924846086446,0.0,0.09201994624188495,0.03734667553129212,0.175252435099614,0.15767467041543726,0.16455072125493655
268,0.09060890034405578,0.26239251743369396,2.1535812683919054e-18,0.09719537801648721,0.03914866025699515,0.18054060133477298,0.1584898167373686,0.1716241258756264
269,0.089660832125081,0.2617638797405439,3.075507810050324e-17,0.10572816498199192,0.03278646401463053,0.18222157518099863,0.15591176782523106,0.17192731613052295
270,0.09173229701378456,0.257935914724136,0.0,0.09933864637943277,0.03408361526584322,0.18764440739244212,0.15280538765303014,0.17645973157033115
271,0.09400510379605947,0.25059337578447677,1.118017315925554e-18,0.10141918037717827,0.023416597599114367,0.202608977627153,0.1625136420930837,0.1654431227219344
272,0.09388497210111299,0.25018399309434214,1.3194645809673316e-17,0.09539098114668752,0.022703534833949292,0.21638456234255352,0.15603975536508766,0.16541220111526683
273,0.0928823939906039,0.24832156483001266,0.0,0.09748610435858543,0.013818916042242838,0.21355699735745712,0.16510853008459334,0.16882549333550448
274,0.07966340217638417,0.2512844469623246,0.0,0.09674843248090806,0.025580546996018486,0.21457308714999732,0.16146864990345486,0.17068143432991248
275,0.08371360795404635,0.25466035688849864,2.3627944617536926e-17,0.09308889637030125,0.03370326927295034,0.21242975304260642,0.13627652288132686,0.1861275935892701
276,0.08299611293366313,0.26057393589613587,8.415090351228297e-18,0.09413504093377978,0.03419986085007918,0.20743082853912287,0.13787255263524512,0.18279166821097403
277,0.08997384850455917,0.26986822837678553,8.98037565567912e-17,0.09496138243784433,0.02196673772976258,0.1873288865954622,0.14696007196140634,0.18894084439317982
278,0.08627551439708812,0.2524505681311097,2.7378645954073368e-17,0.091515858224987,0.025123153085934602,0.22156418739026193,0.11496609279312425,0.20810462597649426
279,0.0759913540719722,0.25207107345445273,0.0,0.11202551879633267,0.027947893081802126,0.2233647144617841,0.123114325042856,0.18548512108980011
280,0.07529274714238325,0.2560890417590028,2.296931006802711e-17,0.11421969699997046,0.026958177719795494,0.22144733006583378,0.12406451278042686,0.1819284935315872
281,0.07928315187406218,0.2534733937215635,1.919678413963784e-17,0.113708069078776,0.035814094234149225,0.21603479483054136,0.12611198803164908,0.17557450822825857
282,0.07542417742622701,0.24817586993492918,0.0,0.13188346896275202,0.012918126983793967,0.23079298000339332,0.12060236410037894,0.18020301258752555
283,0.09292972388128848,0.20626043107623518,0.0,0.14017043069774793,0.020851406073012935,0.24758276537490198,0.12697775739978884,0.16522748549602465
284,0.08109657021822408,0.19204253486511894,1.9108428015327464e-17,0.13464636834162047,0.04132375181585314,0.2508491054276899,0.11920310540257593,0.18083856392791747
285,0.0957027686989862,0.191368419398544,0.0,0.1305702197567615,0.023446848291256515,0.2517270681928617,0.13085151396531428,0.17633316169527585
286,0.10376759462588736,0.18032981540631168,8.39740522973193e-18,0.11997350172191096,0.01699096899242263,0.24791715540527046,0.12831592238851666,0.20270504145868024
287,0.10970600946402571,0.1405957696148759,0.0,0.12922325953890967,0.037984933970645195,0.22714638722219185,0.14309256802985082,0.21225107215850092
288,0.08678426713876809,0.14259311639939512,0.0,0.12769182490821257,0.040248360041899765,0.23311504912112305,0.15684538678693438,0.21272199560266697
289,0.08559356808042422,0.13258650056337418,0.00043845895253703977,0.11907052856326633,0.05245379633427158,0.23546747250322075,0.1624478500262817,0.21194182497562403
290,0.0987749316046783,0.12806649211893056,0.004754807887693933,0.12014873130828874,0.043855697472274024,0.2304211107785693,0.18316686699988835,0.19081136182867678
291,0.10214733761565627,0.1408003081256357,0.011797813625491977,0.11721129123811275,0.019832274922664025,0.2363221673927509,0.16657720474755322,0.20531160233113513
292,0.10763917354013311,0.13051319719767385,0.01293616783059762,0.11490261262595071,0.029036234987703934,0.23381115853408366,0.16873374956835485,0.20242770571450217
293,0.1469640462263671,0.13249374076013035,0.06096085102299071,0.12951759076914038,0.027533782634003228,0.22167043886122179,0.1292674350103414,0.15159211471480508
294,0.12613532408428907,0.09185160103720119,0.03802689652651014,0.1390635898069795,0.07126087878743687,0.22315912623487588,0.13484229069352682,0.17566029282818046
295,0.13866769762355646,0.08784935381909456,0.052884816554711944,0.16770229071067277,0.07378771240535342,0.20395368462505115,0.12041965305897401,0.15473479120158568
296,0.1490383265548531,0.03500284670304133,0.03718900681072705,0.16947869929344198,0.124766553039412,0.22550028758134913,0.12780003826380523,0.1312242417523701
297,0.14060456698384638,0.036414061570288266,0.02420298501715372,0.17157961638646424,0.13383249107370115,0.2527403618771512,0.13628451138053696,0.1043414057098581
298,0.1290920364845542,0.049870149152756574,0.016494512270558932,0.17836920395569364,0.12543417985871153,0.2400643606008183,0.15288034560254027,0.10779521207336647
299,0.10946743487148348,0.05999145959441524,0.05023769047764648,0.15766468722383922,0.10800748204726442,0.24405183533778374,0.16736785360886805,0.10321155683769934
300,0.10688030553447403,0.05894226579760422,0.050497095105532325,0.1578854166187609,0.11090406424756447,0.24539010959406252,0.16700173633779297,0.10249900676320854
301,0.10564002322331671,0.06391718536506226,0.0594748353214836,0.15037964426934342,0.10376677044770342,0.2562788383305311,0.18371030111249984,0.07683240192905959
302,0.12802814829039202,0.05893405290724425,0.0714774989779326,0.13111376734177652,0.11371992400900649,0.2757534092947936,0.16372628583841944,0.05724691333943513
303,0.12284146236992886,0.06743944936781913,0.04868375527419243,0.17780228042305818,0.13845275363371204,0.2649050080281355,0.1337656673394655,0.04610962356268831
304,0.12146650606235354,0.07822239802445759,0.0605594611276679,0.14562109000493184,0.15047130879629425,0.2732975543219139,0.12377543790180794,0.04658624375957304
305,0.12693570348565564,0.08789650587204005,0.0643178568691217,0.15718313497811456,0.15304328337334358,0.24396348334183707,0.11885523975007577,0.047804792328811574
306,0.11630291392712977,0.08402860181539851,0.04370775559651822,0.1504970886299148,0.15869434790134396,0.28860075970759064,0.11344431339839003,0.04472421902271394
307,0.11414819904402926,0.06925720650178774,0.05955663937648969,0.13846538802130712,0.151289116675688,0.3007950392166857,0.1282845075480651,0.03820390361494733
308,0.07802208939004501,0.07186669968748668,0.0619758084554556,0.13108749870023462,0.1373292860984801,0.32120960028226714,0.11799333238032272,0.080515685004708
309,0.07423801384176366,0.06671984282075245,0.061622970040533125,0.1369795342791236,0.14300064961521106,0.333176392771993,0.10922236263442657,0.07504023399519644
310,0.07144016358729606,0.055226824395702825,0.08789618091748141,0.09343398485420935,0.11748550217883824,0.35814161492015323,0.11593111624521893,0.10044461290010005
311,0.07865469603419804,0.05350012267532405,0.08491484815107088,0.09441160229231653,0.1134685020985833,0.357850467400005,0.1169499836977179,0.1002497776497843
312,0.08696884666446286,0.053564287894931464,0.08402426364346463,0.09986875089838641,0.11761758512487229,0.33753638389472806,0.1204802264637476,0.0999396554144067
313,0.11055586098494093,0.05668637468187971,0.06959336613824517,0.126442676788061,0.10762455827998194,0.286543171862085,0.14688303931539587,0.09567095194841033
314,0.12445132590959372,0.06189225963846057,0.087309645801305,0.12081679065512599,0.10726629970518876,0.26375972420362936,0.13115627086802736,0.1033476832176691
315,0.13008700544215393,0.07540611445579402,0.09416177267970119,0.11230002409636068,0.09541208457110491,0.25660435734189807,0.1346032796295425,0.1014253617824446
316,0.14214607983472866,0.06507055129972153,0.10561375568984697,0.12548958188098933,0.09052366512555898,0.2296261911515936,0.13338785998089928,0.10814231503566164
317,0.14539911565691357,0.06114638237833551,0.11101983134646687,0.12589517050909146,0.09678658529201925,0.23151958166168574,0.12727687605407315,0.10095645710041443
318,0.16566148299814218,0.053637549761545826,0.1199338123444125,0.1329286855525678,0.08791480898852816,0.21246947546803285,0.12619965941457612,0.10125452547119457
319,0.16356665604597842,0.05206982684084141,0.11628381150497642,0.1338087568005263,0.08688398550100783,0.2136091415515099,0.13097440748628433,0.10280341426787552
320,0.16536749847651702,0.058000999769112375,0.1263985228117443,0.1332925700845719,0.07906436758653367,0.20894872563381828,0.1290873570629733,0.09983995857372914
321,0.15320600793746258,0.051688545696969214,0.15304438679760254,0.15161905897799488,0.1000613493292159,0.14450718391768433,0.14552129786728893,0.10035216947478162
322,0.11509790224300576,0.05515968607431477,0.15382032342539195,0.15716926970995013,0.11553351588292471,0.14839028511922503,0.14858515233907504,0.10624386520511254
323,0.10443882272390094,0.04881538913064228,0.1553114151909002,0.16226041763622776,0.10794712231581487,0.1606253126138052,0.15226482820824483,0.10833669217946386
324,0.11385215555793335,0.04766194862845493,0.1644134569379183,0.15261502030825924,0.11240354878164505,0.1560588331391244,0.1563919212268756,0.09660311541878909
325,0.10415172712165723,0.04457817408690641,0.17637378851693503,0.15075095419492548,0.07543850623118721,0.1736953543912729,0.19471116583269885,0.08030032962341682
326,0.11693114169076613,0.03471818912067604,0.19338974630143443,0.13731034517465462,0.06156157413903213,0.17933769705440875,0.19336512851476753,0.08338617800326033
327,0.13334250212890617,0.036115140571409084,0.1473824833788603,0.15084017159151478,0.07125336533453376,0.19241442402521333,0.1740732472971759,0.09457866567138667
328,0.12171783911764701,0.05241702708725262,0.12993478750362475,0.17317423131277,0.056321989770297204,0.16730707825221863,0.1976437940414494,0.10148325291374034
329,0.12445611971714245,0.05362129989462265,0.11827010083190813,0.17574782147013074,0.06360971456733468,0.16565463753583667,0.1956669498376661,0.10297335614435846
330,0.12645618257345168,0.051270982378040626,0.11808728152108722,0.1772448106191129,0.06103837807456248,0.1649111177302662,0.20016233002225875,0.10082891708022013
331,0.13774121065475062,0.05187709599155594,0.10868897808171973,0.17825570501657226,0.05795337468714784,0.16035559339310662,0.20225534642674325,0.10287269574740363
332,0.1472006709528793,0.08419978162716373,0.09924984215799183,0.16496390612129327,0.0706138993068685,0.15066439019566052,0.19079050074134862,0.09231700889579415
333,0.1451947615060623,0.09468440674713312,0.10799848886911628,0.15597105481020704,0.06722585160953905,0.15856751600152197,0.16645576562117176,0.10390215483424839
334,0.1632406923802268,0.0990120977931356,0.10459878188298499,0.14905766377227264,0.04269708670713289,0.18791436161033265,0.15147581610548663,0.10200349974742762
335,0.14046794908321897,0.11813638951033793,0.10990260137071738,0.14936352263795744,0.0716392798371603,0.16482230090072697,0.1306352814249005,0.11503267523398049
336,0.14082247245946788,0.1210173040597421,0.10934295900671002,0.15018708709319237,0.07032610196209015,0.15926413078351062,0.13229538695307336,0.1167445576812134
337,0.14163963237170055,0.12421889302989436,0.10568336076419756,0.15750580231740435,0.06379831082773649,0.16867902969322818,0.11513159203745141,0.12334337895738695
338,0.1315658662533556,0.1325422851144451,0.0984204660122233,0.15313928201888685,0.07518775185671309,0.1733691584903464,0.11165277507683284,0.1241224151761967
339,0.12921941698493927,0.13475803248796506,0.09922397479440097,0.16800170346580373,0.06034115637857069,0.16051035276531328,0.11766401669605023,0.13028134642595676
340,0.13157443910141609,0.13912302948188027,0.09890305798189454,0.16910789172295854,0.059408491675539306,0.15824450358279882,0.11432696145437024,0.1293116249981422
341,0.12498926989562575,0.13925614302775235,0.10156163193220559,0.1636862653493072,0.05999862288313586,0.15658667559486963,0.12290475405754721,0.1310166372585564
342,0.1057495700159343,0.15368708826608424,0.11449935065453491,0.17145350113406813,0.05214596870366778,0.14949732852281497,0.12197151972082496,0.1309956729810708
343,0.09539267053720543,0.15814390056726696,0.10314068027801085,0.14513110170803858,0.07940689693241529,0.11570750939252783,0.14395772596616524,0.15911951461736978
344,0.12592809633826657,0.17648125270025278,0.10454875729326298,0.12067330237149675,0.07358150852516392,0.12272901219563617,0.13304588019325525,0.14301219038166557
345,0.1411374743358609,0.1840198062191562,0.0927694998757048,0.10017680427889479,0.1173555240469052,0.12390377394187678,0.1056255260315078,0.13501159126909348
346,0.138357177393104,0.1774881137507337,0.095502960758836,0.07873791775995773,0.1252060033212348,0.1309043775909608,0.12655449174954578,0.12724895767462716
347,0.14073931293254294,0.1823450204529288,0.09152481463556517,0.07705596745233532,0.1204808451995093,0.12168127720462282,0.11955803773281605,0.1466147243886795
348,0.14989308940251417,0.18145201613460774,0.09199031119358067,0.07239619877538304,0.12651090338505278,0.10696933315016652,0.1170835530420484,0.15370459491564675
349,0.15269239928883302,0.18158969790128465,0.08269546073039917,0.07544799120860643,0.11445594944951752,0.09608135502682154,0.14240553279112603,0.1546316136024115
350,0.1613665198212397,0.16550368405510812,0.07718108616221171,0.09219168285401991,0.09566143182704143,0.09420882805001082,0.16165677322379998,0.15222999400556828
351,0.1646410082944626,0.1536564087406919,0.07153656234417415,0.1018305603786924,0.1040710622479035,0.09237912593873879,0.13918123072536778,0.17270404132896885
352,0.1728714657505675,0.14522643327915272,0.06877608918041926,0.10046290769383467,0.10465408349915449,0.09111452671486181,0.14436747998907387,0.1725270138919358
353,0.1924610539511594,0.13754881070193228,0.05814329482621256,0.0893818708465217,0.11949625338206306,0.08921749962339326,0.13105684630201994,0.18269437036569774
354,0.1905637952520567,0.12449331262952247,0.06517703724312035,0.09958737850246782,0.10200163218026732,0.10361613451062375,0.12484353665634929,0.18971717302459226
355,0.1905277848799764,0.12010204482257153,0.06006195514277568,0.09770714807236967,0.10790062082169034,0.10462754347360677,0.13853222924520298,0.18054067354080658
356,0.19402827632832484,0.12885887884917865,0.060629262043854826,0.10714431870628573,0.10386305062731298,0.09761394871045351,0.13486675814264984,0.17299550659093954
357,0.1942926355640154,0.15146875730018225,0.031768202167789354,0.12442677355665391,0.11958846243909758,0.08064820271130203,0.1059246225682938,0.19188234369166557
358,0.19770245588405708,0.13958545905871358,0.04269262703583859,0.12787087881310175,0.12416745265529355,0.08208507708614184,0.11268870099267467,0.17320734847317892
359,0.2072668705171519,0.14008370610430937,0.047925504663264264,0.10640655570962848,0.12410211520945846,0.07981244394772946,0.12224578555215394,0.1721570182953041
360,0.21913403581579005,0.18932799275210055,0.006020152105448923,0.15800676770339425,0.13643756804591228,0.05141636150595357,0.10203945783116593,0.13761766423923455
361,0.2017691736487982,0.18044894606218875,0.024379549062788945,0.14961797832082363,0.14632423473129533,0.04127342248506368,0.12568019574391837,0.13050649994412306
362,0.19495430921910847,0.17040283386762617,0.029889657596743165,0.13674252939727496,0.1453081705470385,0.051620379595741145,0.1259469527759366,0.14513516699953086
363,0.18091252715152684,0.16541118605673777,0.0418335358544898,0.11708146660333325,0.1552024382066778,0.07257600642493268,0.1126642339825075,0.15431860571879435
364,0.15841912959702786,0.16162250626866564,0.045798029925002946,0.10941449299516841,0.17670549317530543,0.07918956645400517,0.12100363218643272,0.14784714939739182
365,0.13799540270528754,0.1765693027309023,0.04340514069294727,0.10368873045193101,0.1782381149273559,0.08194483705031932,0.12337488092991325,0.15478359051034335
366,0.12232060375690494,0.1700637383839643,0.045209625173428934,0.11026733032558687,0.1842500104165538,0.0846368295599549,0.12430700375842056,0.1589448586241856
367,0.12031945814753796,0.17157264272857747,0.05115257965419978,0.10122975099837372,0.1690573512454434,0.07620209787902199,0.1300842195523407,0.18038189979350489
368,0.10740766553354908,0.1800622517346483,0.05210752399065148,0.10638530920116943,0.18441880129705246,0.08123203181674918,0.11533628749545824,0.17305012892972177
369,0.1052224455697898,0.1838469952509485,0.05045026215735118,0.11015986971990144,0.18839393404057783,0.07572007389496266,0.11186963902110728,0.17433678034436145
370,0.12276144931690243,0.15444611305903153,0.04818627712457128,0.06047429816952838,0.20426542858511987,0.09500074353406204,0.10602600635800206,0.20883968385178234
371,0.13492369330650705,0.1284685214328742,0.04834376278080544,0.05393918572613136,0.21409691269910866,0.11310860005774233,0.08737784241592296,0.21974148157990778
372,0.16140781772213145,0.13040912131416912,0.05307423116347399,0.035980904085771696,0.19675061159388776,0.10554826545407273,0.10386611662483737,0.21296293204065586
373,0.175107124205034,0.13389504269322985,0.05851171940441989,0.016254425391661692,0.19614545933569966,0.09470409546387919,0.12205465953456725,0.20332747397050843
374,0.18954657418641593,0.1602590887076381,0.0617610744280568,0.024470614059386803,0.1843828572585235,0.09009693170759123,0.11498322195911956,0.1744996376922681
375,0.1865995473837517,0.12108674239287195,0.08467073563470988,0.05872297478342714,0.1918178529280224,0.07865136597781057,0.09411062083457915,0.18434016006382695
376,0.18145989662492734,0.1312305008362477,0.06766025670487019,0.07947309220252295,0.16772691746929025,0.06868711773542689,0.099055836708007,0.20470638171770744
377,0.17819854480272848,0.1468483299946128,0.09813867634938242,0.061362805866057434,0.1541578559895043,0.052413143674215304,0.11808854894749572,0.19079209437500347
378,0.17895505068264667,0.12145999186323592,0.1056677738671925,0.04822470009956205,0.16563245228315152,0.055840662393172584,0.09871924205171695,0.22550012675832162
379,0.16773356212122612,0.12364318528303717,0.1226199745354314,0.01805813677784239,0.1517692193155415,0.07153700930265627,0.10821112218622964,0.23642779047703555
380,0.16315542558226614,0.12871060977794743,0.13511382357185311,0.017014192687784285,0.15497855208720404,0.07001124779681805,0.10794616842716463,0.22306998006796222
381,0.14861818765779922,0.1348610459181713,0.1440358733472068,0.02599074543317901,0.14661447280998055,0.07669103428878545,0.11170624991880618,0.2114823906250714
382,0.13273316322800857,0.1225697024964684,0.12272007141957621,0.044534376437370266,0.16156832583974742,0.08485173384758625,0.11880112774154275,0.21222149898870007
383,0.12460517552537245,0.10802153959191747,0.11402356124654875,0.03707177233702916,0.16497478937400686,0.09068191644084739,0.1462863471552147,0.21433489832806313
384,0.11776247683794146,0.08106095053045026,0.09616372559128578,0.0796760299643695,0.17836006859048717,0.04969875748428922,0.17799827963911205,0.21927971136106444
385,0.11399053680035558,0.040597118132806975,0.10533850311987386,0.08306728227578047,0.20072049310579124,0.057758744552690866,0.17053316002743663,0.2279941619842643
386,0.12998701913372854,0.03736506614608062,0.107052249688141,0.07233612326181925,0.20015468068135553,0.053303067481225,0.16645063486184064,0.23335115874480944
387,0.13605157651051628,0.05034143279817161,0.11922930976271424,0.04370222384870331,0.20288430548664182,0.03796246615698068,0.2000619865858843,0.20976669884938767
388,0.14259965032144037,0.040334894082949165,0.13387292094070408,0.042024608769715206,0.19261268947605484,0.03557036411209017,0.20425831257619645,0.20872655971984966
389,0.1473419207240584,0.045836462535701034,0.12489872945737016,0.04448616938521766,0.20328141944206085,0.035939740948276726,0.2036499888276392,0.19456556867867586
390,0.15394264869881136,0.019483492345607287,0.12265590258795764,0.04905534554301366,0.2077380477647538,0.04039722632463231,0.21255561854251065,0.19417171819171333
391,0.1497470708506721,0.001819477713364237,0.12232072580723644,0.06913524665407553,0.2096353111617731,0.04503785336002903,0.1931251715571822,0.2091791428946673
392,0.1558430282172896,0.00019968191536068048,0.12025582203148,0.07619649942213325,0.21209323233756552,0.024586293349862738,0.19512075544075638,0.21570468728455183
393,0.15410510898485466,0.006792982249038996,0.09383778795867236,0.10188070105990715,0.20496252313600005,0.05087235065368021,0.18099426339822539,0.20655428255862113
394,0.14890696527854957,0.0010340780502062013,0.1025947797772649,0.11286579925125266,0.20103968783124254,0.05702052019840526,0.17560168829014744,0.2009364813219314
395,0.14763076748965226,1.199292774192483e-18,0.11726354211750423,0.11198542007689224,0.16501432364649427,0.05715700255769909,0.1983000735512403,0.20264887055951758
396,0.14331993456203262,0.0025659635854116264,0.12409421043342989,0.12459061438163815,0.15244332508906577,0.06789141856377971,0.1849967405663796,0.20009779281726256
397,0.1464682356711426,0.003814085700174552,0.13457799280995222,0.1370977230360852,0.160486287449607,0.05545992801980395,0.18955939295192192,0.17253635436031253
398,0.1436654665369615,3.953261583509476e-20,0.12705588618217373,0.13607615302104503,0.16294115503470583,0.0704730331167779,0.18891751687736752,0.1708707892299684
399,0.14830675747341188,0.006561581245041283,0.12785566712634577,0.13634062050824228,0.16314069268435283,0.053697966758842045,0.18959971407543835,0.17449700012732544
