oos_period,model_1,model_2,model_3,model_4,model_5,model_6,model_7,model_8
150,0.021044003720818796,0.1733171670001383,0.2750880449240778,0.0065036418647739635,0.0687938591128417,0.28814795046139785,0.09021773135173775,0.0768876015642139
151,0.04322218312854029,0.24472436073867124,0.14472957955767546,0.01350169815106423,0.08162526171530281,0.3235085075312745,0.0656832061366288,0.08300520304084269
152,0.25043501295604353,0.14543268239484972,0.09722780490852354,0.01078177890363953,0.06959293173213212,0.19495854771739457,0.0861774073176652,0.14539383406975184
153,0.00493332938544753,0.23202613761056143,0.10509851270276936,0.013977553421423178,0.09660546004616397,0.23813291540701056,0.1419236300610535,0.16730246136557056
154,0.02431859468903969,0.06979709199045649,0.04139034904462968,0.05502803638974659,0.08230064063977266,0.2718898510669609,0.17490113375777444,0.2803743024216195
155,0.04824832813667976,0.0896450585204946,0.0005514292772451742,0.16857940300058064,0.09343049524153854,0.19431977991892865,0.23804144438000716,0.16718406152452547
156,0.04591336695354619,0.14260433084663393,0.016670091429003237,0.11495691065380594,0.09245515801302849,0.22099830342708962,0.29730074842538184,0.0691010902515107
157,0.07942538925359272,0.11461418493722964,0.02597186972998392,0.12142844647425484,0.12900532699264275,0.23265584231589134,0.14597174717117609,0.1509271931252288
158,0.08131997218501248,0.12435943357625023,0.020380893925726944,0.1911023715722932,0.1358048385085316,0.26247768738925104,0.11999844418768704,0.06455635865524748
159,0.08850128535193087,0.13927541334520244,0.0329679344233597,0.08395286690216301,0.11400777808168118,0.20990692087419283,0.17042244492840783,0.16096535609306226
160,0.08943394005632789,0.1219384385345439,0.043740193967132926,0.2740743292912302,0.10133813506935112,0.06324265628987936,0.1693538926573836,0.13687841413415117
161,0.09203664959409652,0.11461428762820529,0.014731793034875668,0.32919725170381825,0.1263421992955166,0.10900780845192348,0.11308655793782707,0.10098345235373715
162,0.0647993886493926,0.13391032866088137,0.026231642489125937,0.24816741871029221,0.13534592940317342,0.13884418344621532,0.15101378445372346,0.10168732418719557
163,0.10967677432389866,0.20721723757223906,0.025207491064585884,0.23341396657867128,0.15368703341782972,0.1708723819537294,0.08738538204140826,0.012539733047637705
164,0.11189755239783283,0.0708389844010617,0.013464414119416781,0.15259145760534173,0.16382420070496834,0.2243565232701757,0.20492702992216003,0.05809983757904289
165,0.11782228594160676,0.015513937075610667,0.009071073311325673,0.23215299068415887,0.31507434435348447,0.10368638410412488,0.12838885923678595,0.07829012529290273
166,0.2623340341714382,0.1284211043858345,0.03954145204891543,0.09937527319736632,0.026405570117966837,0.11438452430236978,0.24799496636661655,0.0815430754094923
167,0.18322442299059644,0.12373643042095346,0.023269139124525565,0.1915072461248121,0.09013085693765437,0.08903997924896084,0.23600835256764413,0.06308357258485314
168,0.10526260854364501,0.11457230029633757,0.023541878458144667,0.2721785380575618,0.12880653497569283,0.09984695405137033,0.19642042597824286,0.05937075963900504
169,0.2227520947911575,0.1305150083513004,0.06363955300340338,0.15421319240948342,0.07282642325337944,0.13215848368584435,0.11652071455380775,0.10737452995162373
170,0.16325943138567353,0.13350616657007258,0.043452451966399255,0.1298692511165152,0.1267149686526454,0.14576437977070109,0.1742757092879129,0.08315764125008021
171,0.03308981216672706,0.1878446183692197,0.1290342103893033,0.21232733002660725,0.15684390776732765,0.02254735874128418,0.03820793480414604,0.2201048277353848
172,0.06654555102723915,0.20358253800152562,0.06408017649714502,0.04450168020717661,0.0957079358130261,0.15680831382784938,0.1329920212730468,0.23578178335299144
173,0.0633405078624202,0.24422447203280065,0.07805307491420647,0.049877045148876586,0.15245043509976555,0.15548029452256082,0.1550285806696733,0.10154558974969655
174,0.06161530806345929,0.23244308721481496,0.08447347468612644,0.06246326209089297,0.07709528031229196,0.22055684191051875,0.19033400808683454,0.07101873763506106
175,0.08390822559303847,0.07633179907506071,0.12961909536118874,0.02195228385833988,0.13976443894023155,0.00044514561483587924,0.40112387101823704,0.14685514053906776
176,0.10448588143372785,0.1855762834259942,0.15736114562310938,0.03574300121853179,0.169518140394971,0.007935117295736656,0.23680118223062246,0.10257924837730664
177,0.12118817507739421,0.20551892051631437,0.13535628990261317,0.04124542562938533,0.14298976991904738,0.03513432688978621,0.22187694858972165,0.09669014347573765
178,0.11133290303363191,0.1495259456786418,0.1856901990564442,0.010802307002946659,0.21809657039983898,0.03308314849518362,0.1464616931816762,0.14500723315163666
179,0.08427277872294067,0.25289340905496555,0.13940714896058132,0.026212336441434184,0.18141863449013046,0.042281242040163924,0.207989860724364,0.06552458956541997
180,0.09857329463765822,0.2079220080153431,0.13024643641884195,0.03609472929005762,0.2220118160816929,0.05039799875813016,0.1915754363800965,0.06317828041817952
181,0.1118539860104135,0.20068131416831891,0.1942412634369415,0.021551587465271117,0.1267527558752409,0.03349912979736562,0.22522026641830584,0.08619969682814256
182,0.12153076050793515,0.14868721332215615,0.17583194074299302,0.02163842372163138,0.154920590091672,0.06357849496640901,0.21110201544936766,0.10271056119783557
183,0.09735426658824162,0.008110235156054666,0.35770931305282916,0.05054745471542141,0.11640926468322478,0.18270965132813913,0.09116397304460082,0.09599584143148845
184,0.06097946307824267,0.03912938168161007,0.2605360513790221,0.02257398947142161,0.25868750266138896,0.009372347027515004,0.2249944987272705,0.12372676597352919
185,0.06272977888573333,0.05819758275559822,0.40787934790998626,0.028804414488209043,0.1238938578693792,0.030299357412744157,0.1588090857149302,0.12938657496341968
186,0.09662903363003836,0.04945339824222114,0.09503125151384924,0.049240691640372376,0.1233822516013743,0.07554029113814911,0.331365653014352,0.17935742921964365
187,0.11012813023867567,0.06699628032853419,0.13851326917469164,0.06323030861203414,0.20946157177371644,0.06513249928318328,0.27076253599737166,0.07577540459179301
188,0.11838386416591701,0.05356636067951942,0.14799573015982054,0.064770245077484,0.2435702925035801,0.05928150456019953,0.21621979710835115,0.09621220574512827
189,0.13905666036311376,0.05408028696283462,0.10076448581621646,0.06703447688441697,0.23263025671470106,0.054960716146460156,0.2287375263294163,0.12273559078284067
190,0.12779561868885592,0.07202682526363399,0.10079439117707438,0.06576087400350197,0.2289388739035832,0.05780020889924174,0.22580242504606718,0.12108078301804162
191,0.0785564033045662,0.09916277988125557,0.12197668360255218,0.09765714468862974,0.19161448654376168,0.08614036447003368,0.23653527953470402,0.08835685797449688
192,0.06893314234336166,0.09642008196422855,0.08128422771103753,0.09096934911046851,0.1892551264441364,0.0904681535558542,0.2647197858534743,0.11795013301743892
193,0.0778948571124829,0.11640623954924763,0.007139988522030926,0.11042554170641451,0.21482600261419757,0.13062677438987402,0.18352937687704593,0.1591512192287066
194,0.09895958708427888,0.19029920831276115,0.04446644731982291,0.12045498062043378,0.2045990237846355,0.07504338045503879,0.15629978180572543,0.10987759061730348
195,0.06723020563718078,0.052820499618552924,0.046784367281342776,0.12003599771957008,0.24834146939656873,0.11474924100047436,0.18251812502158227,0.16752009432472809
196,0.08314773297706803,0.0545185931948935,0.01589701938407843,0.15182759884757438,0.2927609185515109,0.07015762196967444,0.13679145854568958,0.19489905652951073
197,0.05826237387384423,0.07102826889977532,0.015206480691633023,0.050101619825035845,0.22663941048448025,0.13683642097756954,0.21949841775334167,0.22242700749432015
198,0.11010766494013638,0.11836108069141192,0.018898462392019512,0.108506207448021,0.3030552451210671,0.12158014348098087,0.15554377883449352,0.06394741709186964
199,0.1041009469766028,0.03795396864102995,0.005516253058668487,0.14282472495929863,0.22946342141720327,0.07090557026789339,0.26411757573148886,0.14511753894781468
200,0.07447457783510483,0.07729589153276874,0.012658406383822466,0.15222384760295013,0.22898704979792026,0.09369232210816904,0.17999723598598436,0.1806706687532801
201,0.08402327571112976,0.0550465568480222,0.01608399447812501,0.17331795856068719,0.206662686927511,0.12244202569737826,0.1969096408862066,0.14551386089093993
202,0.008778416470522394,0.001005377948939178,0.0010780528884734874,0.006535667088142427,0.012881179163593767,0.03357027455880291,0.037025950932809,0.8991250809487169
203,0.10782067514738215,0.05856667136133915,0.022907958842040485,0.21718223774316892,0.23593116220304186,0.0334486977775647,0.2899055066987405,0.034237090226722236
204,0.14922525745383022,0.052722440911672074,0.03245866285548286,0.26924453067584225,0.242138155045588,0.036791142753102,0.17844381199105927,0.03897599831342337
205,0.19377577646100114,0.06703675252125989,0.10604118045852377,0.3347446037654041,0.18817893165027205,0.050201663463254345,0.018214491710903162,0.04180659996938152
206,0.24473404798721154,0.03201088987405932,0.057685450385058894,0.0859236718890811,0.25625294288296413,0.07218861207443394,0.18883018339695154,0.06237420151023951
207,0.19075817937369466,0.10162257980618121,0.06838156809194379,0.0882158310530178,0.26526473986524424,0.05467071361099872,0.15473615245617847,0.07635023574274113
208,0.34622941231911475,0.00851779038083214,0.038927501261694746,0.07913705464611515,0.20167992118952363,0.07116416958791298,0.17980612794830553,0.07453802266650109
209,0.17523309646096852,0.025249184385703626,0.0401593156954486,0.09160390420068225,0.28114810894350806,0.10828611490540542,0.19728665685390143,0.08103361855438213
210,0.18681368488370906,0.03642555599691371,0.07974031978591467,0.07237520185778382,0.2491709826757415,0.06782071775978055,0.18469860602807622,0.12295493101208044
211,0.26338393541034405,0.012468803324165147,0.0701990045965606,0.08434859695424989,0.22505854681241033,0.08894155054840988,0.13512833328301205,0.12047122907084802
212,0.22905416381884636,0.011479735904024112,0.062359396428287674,0.07683034259883828,0.24346003216267997,0.14784279150669796,0.141643303550689,0.08733023402993662
213,0.3355302440004925,0.03145430199478992,0.05887103433540457,0.006366840380071107,0.2319419698318027,0.07630944691164288,0.13485935879452018,0.12466680375127608
214,0.28169890594114944,0.03812857236469525,0.0823091095995021,0.025527594685776776,0.22333552464624754,0.07900098809087343,0.12074914492071527,0.1492501597510402
215,0.3207699534798136,0.020399376401537606,0.11788646784781476,0.03521621593665175,0.1434263745711308,0.10275597832364851,0.18877314848923854,0.07077248495016451
216,0.17742457220916705,0.024284649124332508,0.008038060359653522,0.025738586388069536,0.22436818155248947,0.09323596766331733,0.06877685551125061,0.3781331271917201
217,0.3482421991658387,0.04055428866737596,0.11822703102252081,0.04981759961292825,0.1372810329897397,0.10185557162586632,0.17454732551910623,0.029474951396623914
218,0.3828972347294731,0.04364266544558112,0.028149840815439565,0.0515732451022061,0.13282226952108175,0.09757804866292029,0.2128243102196174,0.050512385503680556
219,0.38911315895273,0.05243503386122689,0.07558434448750226,0.054465864111243184,0.12777619742677537,0.12582148902622592,0.138584200690387,0.036219711443909425
220,0.12298179435410507,0.6713152274446972,0.019477104294102578,0.021754271663090203,0.054285707424474035,0.06495692699254031,0.025867144396442124,0.019361823430548514
221,0.2623264117868422,0.013887543014481876,0.05560677233221656,0.049111067403740924,0.21937662908440173,0.16135143362037813,0.1809177719440906,0.0574223708138481
222,0.2775408714289951,0.018049374782967812,0.021139652481735854,0.04126809460264648,0.3121308762836542,0.1581131202522067,0.09687947520097055,0.07487853496682317
223,0.26526436458352604,0.024634637498427595,0.07560779555368158,0.05845699591702734,0.15464958923686695,0.21609668118984285,0.14937279017049296,0.05591714585013475
224,0.28493940315619015,0.020972068489095472,0.04672010429220922,0.06704608355798775,0.15095521280198562,0.23016422439996453,0.13015544719022712,0.06904745611234006
225,0.19099495865694738,0.028318112495806916,0.044050404127082554,0.06317038607196901,0.20271082907803564,0.19898967595194011,0.17536820896682867,0.09639742465138963
226,0.215202038885157,0.02712719184368102,0.04661275401732636,0.05496341418199641,0.18607660281294094,0.2348881967201183,0.14995533663603872,0.08517446490274139
227,0.24889257203901355,0.03327098355210208,0.045262382065268766,0.05279051716440932,0.19640478481427706,0.25779361170945253,0.07984040171893741,0.08574474693653936
228,0.1603930598561305,0.043079201128488356,0.08294171521960078,0.0668133706860379,0.20544306352573294,0.2557500596884126,0.11983882173348488,0.06574070816211215
229,0.019486593911257982,0.01567895384079529,0.9004687538113508,0.014442072524324365,0.01591478029298967,0.020534656295902894,0.005276110783768158,0.008198078539610834
230,0.2080997777891126,0.058445047479655156,0.023123880397295536,0.09043650335729755,0.23675746008781343,0.2225567908059446,0.11478519537189699,0.04579534471098418
231,0.0013397864279724922,0.0005888857504447772,0.9960251778504133,0.0004908595854120468,0.0007070247003613541,0.0002990664235332787,0.0005117333070039021,3.7465954858839066e-05
232,0.20665932143402718,0.06855252515683878,0.005093109537098989,0.036499576231990336,0.250650146091776,0.23667402840618137,0.15906750980238174,0.03680378333970565
233,0.19884863386727525,0.09150468663068781,0.007891396322222424,0.06908960497212284,0.23780963405471436,0.2179835010203715,0.1383562769364216,0.038516266196184236
234,0.23327216421450195,0.10326842327051163,0.029233703763062172,0.055701042277860074,0.24058645576900348,0.19467404853279655,0.10287138366863768,0.04039277850362648
235,0.2282120568434914,0.12824689497262726,0.0031713049598520305,0.058023733799707655,0.21503193121513994,0.21313344228060896,0.11602025334287203,0.03816038258570082
236,0.35112839653815914,0.11921762379402047,0.001991075857814158,0.05955325526325632,0.14089058078207284,0.21797134314639927,0.0456618113894143,0.06358591322886356
237,1.0100312419267848e-05,0.034918229906106144,0.003897546254612585,0.10621836257144271,0.3892858426509684,0.276090153950485,0.0910234855611663,0.09855627879279955
238,0.06209479648661912,0.10414976121097035,0.0026406228066073894,0.10715929179637236,0.2747810998237247,0.25669640802179533,0.11028907015106815,0.08218894970284255
239,0.01987906651121108,0.20105737330237605,0.0023302412837989095,0.07669110775208168,0.22699410303685744,0.29495858938052766,0.10047443028125001,0.07761508845189719
240,0.013336881691709995,0.02753808362252065,0.00340490921576303,0.07660548212005464,0.24872649879546296,0.45220581394874465,0.08520880736231994,0.09297352324342407
241,0.04009135104398272,0.09848549527294981,0.008290845803680153,0.10850951304676618,0.26524760796199787,0.28630953213842003,0.1125300123475933,0.08053564238460992
242,0.003646918078602309,0.133940781486522,0.007580658225612554,0.16511546275892508,0.28922929738828657,0.192599048209767,0.09795611727235158,0.10993171657993299
243,0.02519404165500383,0.12427945767683655,0.007449186789827155,0.17095727143058362,0.24382904788336351,0.16196003391282984,0.16039658898165846,0.1059343716698971
244,0.01515621056368508,0.13460872746078828,0.00998500941932129,0.12665086574770756,0.09962040686873933,0.37182181026074784,0.17171225093793002,0.0704447187410807
245,0.041588522769321117,0.11147187833283922,0.018121895563640723,0.11923970311683911,0.22209626490546036,0.12993874420713727,0.18484280124285193,0.1727001898619102
246,0.03247026196494728,0.0494008698651658,0.01952162930448942,0.14222437866109255,0.1699103904669985,0.24920915153371948,0.1954170414807682,0.1418462767228188
247,0.06327714479901139,0.10078156181460428,0.021869107419260594,0.19184424062932298,0.18828476104783165,0.15763055850986635,0.15342929070814534,0.12288333507195746
248,0.01932623730808208,0.1077909294772929,0.018190147462074813,0.24314770292410678,0.18242744177295384,0.1412120300681446,0.20173617813043637,0.08616933285690863
249,0.04061795381816275,0.06063228706469581,0.02124334930341238,0.07044663958345426,0.1006742781451544,0.4438251659932184,0.19627773227156664,0.06628259382033545
250,0.018618418378834375,0.07614908443709338,0.03200341780836805,0.06464550287108298,0.43339965031525435,0.00304637376757054,0.22803162107539482,0.1441059313464015
251,0.02115895329581411,0.09737631878171223,0.010621616543113627,0.05170210028622487,0.038540460036026215,0.07661245477578814,0.5972160522579261,0.10677204402339467
252,0.031805682947749665,0.2130540651128323,0.028232038441856042,0.1283436675017514,0.102150561513015,0.11176468472989469,0.1507322657644662,0.23391703398843475
253,0.041260144295264804,0.21798722733252587,0.019687202257921234,0.10988190737814647,0.08087305139882846,0.14770314342348026,0.15084505347681082,0.23176227043702208
254,0.0421716956430203,0.22606613877960238,0.01090754967154368,0.18546022808487597,0.0731950512639194,0.12507221419388653,0.13489368490228287,0.20223343746086891
255,0.030913937124313874,0.172311690862898,0.024737263248042547,0.030050391297247816,0.2743463983859677,0.07377775579315601,0.17190072978467608,0.2219618335036981
256,0.039262236522903816,0.24967793132885333,0.0316693581329895,0.07448716250305135,0.03490815371231001,0.14368213419032477,0.164751677229966,0.2615613463796012
257,0.03780706564792861,0.31444639449415535,0.03391733479974975,0.10937207609508745,0.03435103333067845,0.08760939881719843,0.1955505531425925,0.18694614367260945
258,0.059137823891900185,0.3229469949626617,0.03304870539858015,0.149486968629321,0.07626542271994512,0.07787782311582044,0.11969400116447555,0.16154226011729586
259,0.11693917103432314,0.3686817773484712,0.020800087908078083,0.025556283129132974,0.01848929790243977,0.11800320301697576,0.13357672359899198,0.19795345606158715
260,0.013012621533256677,0.20377552615722805,0.018910982851258713,0.05897041563806185,0.049497480797458075,0.11152046618689566,0.27196737475902827,0.2723451320768127
261,0.023957121840735226,0.12030209925897292,0.025932924715346535,0.06873965554304032,0.04626403988136451,0.1734559488547654,0.2975207261108981,0.24382748379487706
262,0.04544617691187604,0.15038631111256046,0.03270519359593393,0.10954365187405361,0.044664191875040206,0.1660974548251859,0.22220547165696755,0.22895154814838226
263,0.02529060285735482,0.14551279051557459,0.03699166053772998,0.07415239875900412,0.03313031485310506,0.20389341058414395,0.2728655422909134,0.20816327960217412
264,0.028466216412634412,0.17700049750722652,0.05442935752224908,0.05451103937597665,0.08618441254300784,0.1450918022751151,0.2460998039161673,0.20821687044762321
265,0.05489638701644234,0.2061867414225472,0.04847264252198757,0.09741346270794496,0.026557288647740467,0.18908235001232826,0.31786426511297317,0.059526862558036124
266,0.0596571429227375,0.14976977470232003,0.028543104952498368,0.028601832266509305,0.02830301239166851,0.2208618912552136,0.3676812438205635,0.11658199768848919
267,0.02647806395482564,0.18661230546583044,0.04523987350109098,0.1561627624674073,0.05548003672346802,0.18455177007236645,0.20182567424228728,0.14364951357272382
268,0.04807356807912256,0.11918343739266671,0.050158265001109016,0.04576899189707134,0.061407442661656306,0.26532526726244465,0.27163399276165434,0.13844903494427507
269,0.04819669459586122,0.15656180569499148,0.041754554763856505,0.06741127562135746,0.0734144188905199,0.20282137464262925,0.19917417056098116,0.21066570522980305
270,0.052811440867632314,0.05394749373983548,0.07236924211676797,0.06274726667442083,0.07675163607277632,0.2175307753843789,0.35667317662321996,0.10716896852096824
271,0.06509621762690525,0.06851402907185423,0.0849588193550363,0.06682930167507377,0.07217891018956495,0.2884253322146566,0.268847735158698,0.08514965470821095
272,0.08642921146903469,0.06717581058300447,0.08013311472673927,0.0695932649392448,0.07290802542404841,0.25643516987574866,0.26312539695345566,0.10420000602872397
273,0.09872433910408673,0.06755524004394246,0.0906951183559622,0.05380626214213841,0.1667035111229842,0.188421541740918,0.19154433053778813,0.14254965695217986
274,0.06760493830763989,0.0828836960331729,0.08590759783977854,0.09731284250074822,0.05265094475076388,0.279254472993456,0.24391924112041546,0.09046626645402502
275,0.026729689650586558,0.07957249765907048,0.10080958927820283,0.2107906805879442,0.03597874350518266,0.2303492083688738,0.23230021704188128,0.08346937390825819
276,0.06537939974744894,0.07499088593477314,0.10028508796339766,0.05586504495576287,0.08087755994760461,0.12936523858038412,0.3730989181290401,0.12013786474158855
277,0.12597521303163478,0.10366357508750476,0.044792478731614974,0.38303911876238705,0.03973553051864297,0.08885170443478647,0.08039079510477505,0.13355158432865397
278,0.05247612419830709,0.18963925023734077,0.1517714322938263,0.008439829811035176,0.0761664692875674,0.18652093073697532,0.16374926194016257,0.17123670149478543
279,0.30281304355809746,0.062277328398863574,0.07133865709628281,0.033486648501705095,0.08051121551555802,0.07704913999040765,0.23878853176921766,0.13373543516986766
280,0.08342020455948998,0.09257317204248827,0.10923528971908454,0.10852497076851678,0.11044491686241759,0.08088849784799719,0.23630663253127585,0.1786063156687299
281,0.117186003558624,0.10513461160269749,0.13060558704835007,0.07225654612550217,0.10273634126035332,0.08746015421332964,0.2332112698891687,0.1514094863019747
282,0.06977586021973342,0.12893226703957147,0.11511325689697503,0.057024145638525904,0.11086208483508313,0.07776492422875811,0.3170591360527402,0.12346832508861261
283,0.4316379421596374,0.04163795026002673,0.12594153257118273,0.04146920524006634,0.06915257235679435,0.06361874307023098,0.115422229341076,0.11111982500098541
284,0.060726077536287906,0.06162340549489343,0.08030957375587698,0.016505748305745818,0.1779246609910343,0.09963923579164208,0.40123525887530903,0.10203603924921047
285,0.3827526747830367,0.06973366338642531,0.10495174990592034,0.0357000558650398,0.06676743463233183,0.1432782778966519,0.04976783724564529,0.14704830628494894
286,0.046689375194034786,0.15003834126710924,0.18816913866781992,0.04442870408710519,0.1771053586940591,0.1328064618101536,0.11592107882981864,0.14484154144989939
287,0.07197116267786806,0.09685848101926885,0.12491635223226329,0.2227271754730807,0.16662458191814186,0.10663138056868263,0.09883715432867768,0.11143371178201697
288,0.21541879170934522,0.1009967435082595,0.18777157218314552,0.02384276768106966,0.1705710458524547,0.08490656266953578,0.08561786348488615,0.13087465291130346
289,0.17842882166637142,0.09928688492314676,0.1748270068561583,0.01731938654798047,0.20476961873162672,0.11071675456645373,0.09119130815781169,0.12346021855045095
290,0.06349048663649383,0.12293698291395176,0.27928310472322987,0.019224025989079106,0.17603167584701465,0.1023210331465855,0.10385904626442338,0.13285364447922196
291,0.0433007622611866,0.0994347334786571,0.3825185904173801,0.021402596679125644,0.16389508370603298,0.12289956957757224,0.07951349303621379,0.08703517084383162
292,0.10241854640253964,0.15159450001033423,0.1510856672753512,0.02966025446221733,0.25639790127703554,0.14278432932053334,0.07173370966306881,0.09432509158891994
293,0.11829880867889639,0.1589086203700746,0.15106129850141004,0.03597251883784835,0.24381233591754936,0.1498454495542523,0.06463445422931836,0.0774665139106506
294,0.3468207584589593,0.146398236762526,0.32351061148455684,0.026379011089949254,0.1036867202119442,0.019646744271792926,0.024264213717123877,0.009293704003147623
295,0.10748948339507866,0.19654179019054518,0.06753034544372555,0.05659693617040336,0.2757897176371665,0.05342576244772675,0.11307769216779485,0.12954827254755907
296,0.077343719938975,0.19975325881938377,0.07131814744277769,0.052449043813472096,0.302270917694893,0.06026724685509606,0.1098633692553202,0.12673429618008225
297,0.0801025926808586,0.17954723426556438,0.07535688813354678,0.029680258192345703,0.314572070222551,0.06664187209514334,0.1224126326468919,0.13168645176309837
298,0.10791904356399251,0.1994589998519688,0.05792075949774143,0.03777045248089014,0.29451358579557674,0.0613266972464637,0.1055104541339424,0.13558000742942436
299,0.04939754229424154,0.21815391901446668,0.09477577001754751,0.037087043336263684,0.10905743198021704,0.10063804447575085,0.1926195126995956,0.19827073618191707
