oos_period,model_1,model_2,model_3,model_4,model_5,model_6,model_7,model_8
150,0.021044003720818837,0.1733171670001382,0.27508804492407773,0.006503641864774002,0.06879385911284183,0.28814795046139774,0.09021773135173772,0.07688760156421393
151,0.04322218312854026,0.24472436073867138,0.14472957955767543,0.01350169815106421,0.0816252617153028,0.32350850753127447,0.06568320613662876,0.08300520304084262
152,0.2504350129560431,0.1454326823948497,0.09722780490852345,0.010781778903639544,0.06959293173213206,0.19495854771739501,0.08617740731766538,0.14539383406975182
153,0.004933329385447539,0.23202613761056168,0.10509851270276956,0.013977553421423237,0.09660546004616408,0.2381329154070101,0.14192363006105332,0.16730246136557053
154,0.0243185946890397,0.06979709199045656,0.041390349044629744,0.05502803638974653,0.08230064063977278,0.27188985106696095,0.17490113375777425,0.2803743024216196
155,0.0482483281366798,0.08964505852049467,0.0005514292772451732,0.1685794030005803,0.09343049524153857,0.19431977991892838,0.23804144438000777,0.1671840615245254
156,0.0459133669535462,0.14260433084663393,0.016670091429003227,0.1149569106538059,0.09245515801302871,0.22099830342708982,0.2973007484253817,0.06910109025151064
157,0.07942538925359273,0.11461418493722968,0.025971869729984005,0.12142844647425437,0.1290053269926428,0.23265584231589165,0.14597174717117603,0.1509271931252289
158,0.08131997218501248,0.12435943357625025,0.020380893925726964,0.191102371572293,0.1358048385085316,0.262477687389251,0.11999844418768707,0.0645563586552476
159,0.0885012853519308,0.1392754133452025,0.03296793442335974,0.08395286690216303,0.11400777808168129,0.20990692087419277,0.17042244492840758,0.16096535609306237
160,0.08943394005632786,0.12193843853454385,0.04374019396713284,0.27407432929123043,0.10133813506935112,0.06324265628987931,0.16935389265738354,0.13687841413415106
161,0.09203664959409649,0.1146142876282055,0.014731793034875743,0.3291972517038176,0.12634219929551682,0.10900780845192365,0.11308655793782697,0.10098345235373721
162,0.06479938864939258,0.13391032866088146,0.026231642489125885,0.24816741871029227,0.13534592940317344,0.13884418344621532,0.15101378445372343,0.10168732418719556
163,0.1096767743238984,0.2072172375722395,0.025207491064585957,0.23341396657867122,0.1536870334178299,0.17087238195372934,0.08738538204140786,0.012539733047637742
164,0.11189755239783282,0.07083898440106189,0.013464414119416792,0.15259145760534115,0.16382420070496853,0.2243565232701761,0.2049270299221599,0.05809983757904289
165,0.11782228594160707,0.015513937075610745,0.009071073311325664,0.2321529906841594,0.3150743443534832,0.10368638410412512,0.128388859236786,0.07829012529290276
166,0.2623340341714385,0.12842110438583437,0.03954145204891553,0.0993752731973665,0.02640557011796688,0.11438452430236994,0.24799496636661586,0.08154307540949235
167,0.18322442299059633,0.12373643042095382,0.023269139124525683,0.19150724612481157,0.09013085693765452,0.08903997924896107,0.23600835256764385,0.0630835725848533
168,0.10526260854364507,0.1145723002963375,0.023541878458144656,0.272178538057562,0.12880653497569272,0.09984695405137037,0.19642042597824264,0.05937075963900501
169,0.22275209479115748,0.1305150083513004,0.06363955300340327,0.15421319240948358,0.07282642325337944,0.1321584836858444,0.11652071455380766,0.10737452995162375
170,0.16325943138567356,0.1335061665700725,0.043452451966399214,0.1298692511165155,0.1267149686526454,0.14576437977070075,0.17427570928791294,0.08315764125008018
171,0.03308981216672692,0.18784461836921962,0.12903421038930304,0.21232733002660736,0.1568439077673273,0.0225473587412842,0.03820793480414592,0.22010482773538567
172,0.06654555102723919,0.20358253800152548,0.0640801764971451,0.04450168020717668,0.09570793581302606,0.1568083138278494,0.13299202127304668,0.23578178335299144
173,0.06334050786242025,0.24422447203280043,0.07805307491420653,0.04987704514887656,0.15245043509976552,0.1554802945225609,0.15502858066967315,0.1015455897496966
174,0.06161530806345917,0.23244308721481535,0.08447347468612648,0.06246326209089274,0.07709528031229201,0.22055684191051822,0.19033400808683515,0.07101873763506088
175,0.08390822559303841,0.07633179907506076,0.12961909536118887,0.021952283858339826,0.1397644389402319,0.0004451456148358791,0.4011238710182369,0.1468551405390675
176,0.10448588143372793,0.1855762834259942,0.1573611456231092,0.0357430012185319,0.1695181403949711,0.007935117295736685,0.23680118223062227,0.10257924837730675
177,0.12118817507739425,0.2055189205163144,0.1353562899026131,0.04124542562938538,0.14298976991904733,0.035134326889786176,0.22187694858972185,0.09669014347573761
178,0.11133290303363201,0.14952594567864153,0.1856901990564442,0.010802307002946652,0.21809657039983904,0.03308314849518356,0.14646169318167648,0.1450072331516366
179,0.08427277872294067,0.25289340905496566,0.13940714896058132,0.026212336441434114,0.18141863449013051,0.04228124204016381,0.20798986072436398,0.06552458956541991
180,0.09857329463765821,0.2079220080153432,0.1302464364188417,0.03609472929005755,0.22201181608169315,0.050397998758130065,0.19157543638009653,0.06317828041817941
181,0.11185398601041352,0.20068131416831883,0.19424126343694165,0.021551587465271055,0.12675275587524085,0.03349912979736557,0.22522026641830595,0.0861996968281426
182,0.12153076050793517,0.1486872133221563,0.17583194074299327,0.021638423721631335,0.15492059009167186,0.0635784949664089,0.2111020154493678,0.10271056119783548
183,0.09735426658824124,0.008110235156054538,0.3577093130528311,0.050547454715421096,0.11640926468322456,0.18270965132813857,0.09116397304460072,0.09599584143148816
184,0.06097946307824259,0.03912938168160998,0.26053605137902225,0.022573989471421578,0.2586875026613892,0.009372347027514959,0.22499449872727048,0.12372676597352912
185,0.06272977888573353,0.05819758275559846,0.40787934790998487,0.02880441448820918,0.12389385786937936,0.030299357412744327,0.15880908571493035,0.12938657496341996
186,0.09662903363003846,0.049453398242221225,0.09503125151384907,0.049240691640372466,0.12338225160137463,0.07554029113814911,0.33136565301435156,0.17935742921964354
187,0.1101281302386757,0.06699628032853439,0.13851326917469156,0.06323030861203417,0.20946157177371633,0.06513249928318336,0.27076253599737143,0.07577540459179312
188,0.118383864165917,0.053566360679519205,0.14799573015982062,0.06477024507748387,0.24357029250358034,0.05928150456019938,0.21621979710835132,0.09621220574512816
189,0.13905666036311382,0.05408028696283454,0.1007644858162165,0.06703447688441695,0.23263025671470122,0.05496071614646012,0.2287375263294163,0.1227355907828406
190,0.12779561868885592,0.07202682526363408,0.10079439117707435,0.065760874003502,0.2289388739035831,0.057800208899241805,0.22580242504606704,0.1210807830180417
191,0.07855640330456644,0.09916277988125557,0.12197668360255214,0.0976571446886297,0.1916144865437617,0.0861403644700337,0.23653527953470388,0.08835685797449688
192,0.0689331423433616,0.09642008196422851,0.08128422771103752,0.09096934911046846,0.18925512644413645,0.0904681535558541,0.26471978585347455,0.11795013301743888
193,0.0778948571124829,0.11640623954924759,0.0071399885220309435,0.11042554170641457,0.2148260026141974,0.13062677438987413,0.1835293768770459,0.15915121922870656
194,0.09895958708427884,0.19029920831276084,0.044466447319822876,0.12045498062043385,0.20459902378463565,0.07504338045503882,0.15629978180572554,0.1098775906173036
195,0.06723020563718082,0.05282049961855295,0.046784367281342776,0.12003599771957023,0.2483414693965685,0.11474924100047434,0.18251812502158232,0.1675200943247281
196,0.0831477329770681,0.05451859319489358,0.015897019384078434,0.15182759884757413,0.29276091855151104,0.07015762196967441,0.13679145854568978,0.1948990565295107
197,0.058262373873844316,0.07102826889977551,0.01520648069163313,0.050101619825035915,0.22663941048448,0.13683642097756962,0.21949841775334178,0.2224270074943198
198,0.11010766494013646,0.11836108069141218,0.018898462392019512,0.10850620744802102,0.30305524512106696,0.12158014348098092,0.15554377883449336,0.06394741709186959
199,0.10410094697660263,0.03795396864102985,0.005516253058668429,0.14282472495929877,0.22946342141720344,0.07090557026789339,0.26411757573148875,0.14511753894781482
200,0.07447457783510479,0.07729589153276864,0.012658406383822427,0.15222384760295005,0.2289870497979206,0.09369232210816901,0.17999723598598436,0.18067066875328017
201,0.08402327571112964,0.05504655684802204,0.016083994478124933,0.17331795856068732,0.2066626869275111,0.1224420256973782,0.1969096408862068,0.14551386089093993
202,0.008778416470522393,0.0010053779489391714,0.0010780528884734891,0.0065356670881424024,0.012881179163593798,0.033570274558803036,0.037025950932809026,0.8991250809487167
203,0.10782067514738206,0.05856667136133887,0.022907958842040298,0.21718223774316944,0.23593116220304197,0.0334486977775645,0.2899055066987408,0.03423709022672201
204,0.14922525745383028,0.05272244091167223,0.03245866285548302,0.26924453067584186,0.24213815504558783,0.03679114275310217,0.17844381199105924,0.038975998313423514
205,0.19377577646100105,0.0670367525212601,0.10604118045852375,0.33474460376540377,0.18817893165027202,0.05020166346325443,0.01821449171090326,0.04180659996938161
206,0.24473404798721163,0.03201088987405931,0.057685450385058915,0.08592367188908111,0.2562529428829642,0.07218861207443387,0.18883018339695154,0.06237420151023954
207,0.1907581793736947,0.10162257980618113,0.06838156809194379,0.08821583105301778,0.2652647398652442,0.054670713610998706,0.1547361524561786,0.07635023574274113
208,0.34622941231911447,0.008517790380832169,0.03892750126169479,0.0791370546461152,0.20167992118952374,0.07116416958791304,0.17980612794830556,0.07453802266650113
209,0.17523309646096852,0.025249184385703696,0.04015931569544864,0.09160390420068222,0.28114810894350784,0.10828611490540535,0.19728665685390157,0.08103361855438224
210,0.18681368488370895,0.03642555599691378,0.07974031978591466,0.07237520185778377,0.24917098267574148,0.06782071775978052,0.1846986060280765,0.12295493101208041
211,0.2633839354103443,0.012468803324165095,0.07019900459656049,0.08434859695424986,0.22505854681241041,0.0889415505484098,0.13512833328301202,0.120471229070848
212,0.22905416381884663,0.011479735904024083,0.062359396428287646,0.07683034259883828,0.24346003216268,0.14784279150669777,0.14164330355068888,0.08733023402993673
213,0.3355302440004922,0.031454301994790004,0.05887103433540464,0.006366840380071123,0.23194196983180265,0.0763094469116429,0.13485935879452032,0.12466680375127621
214,0.28169890594114905,0.03812857236469541,0.08230910959950226,0.025527594685776908,0.22333552464624704,0.07900098809087351,0.12074914492071534,0.14925015975104045
215,0.32076995347981335,0.020399376401537626,0.11788646784781479,0.03521621593665177,0.14342637457113094,0.10275597832364845,0.18877314848923848,0.07077248495016464
216,0.17742457220916658,0.024284649124332525,0.008038060359653527,0.025738586388069532,0.22436818155248922,0.09323596766331704,0.0687768555112505,0.378133127191721
217,0.3482421991658387,0.04055428866737598,0.11822703102252072,0.0498175996129283,0.13728103298973973,0.10185557162586638,0.17454732551910623,0.029474951396623938
218,0.382897234729474,0.04364266544558098,0.028149840815439444,0.05157324510220592,0.13282226952108178,0.09757804866292018,0.21282431021961734,0.05051238550368036
219,0.3891131589527299,0.052435033861226804,0.07558434448750227,0.05446586411124316,0.12777619742677548,0.12582148902622584,0.13858420069038713,0.036219711443909425
220,0.12298179435410396,0.6713152274446992,0.019477104294102533,0.021754271663090193,0.05428570742447391,0.06495692699253978,0.025867144396441943,0.01936182343054851
221,0.2623264117868419,0.013887543014481911,0.055606772332216683,0.04911106740374098,0.21937662908440173,0.1613514336203781,0.18091777194409062,0.05742237081384815
222,0.27754087142899553,0.018049374782967732,0.021139652481735837,0.041268094602646396,0.31213087628365405,0.15811312025220686,0.09687947520097047,0.07487853496682305
223,0.26526436458352576,0.024634637498427633,0.07560779555368162,0.05845699591702738,0.15464958923686692,0.21609668118984274,0.14937279017049307,0.05591714585013479
224,0.2849394031561901,0.02097206848909547,0.0467201042922093,0.06704608355798772,0.15095521280198554,0.23016422439996484,0.13015544719022706,0.06904745611234003
225,0.19099495865694727,0.028318112495807013,0.04405040412708267,0.06317038607196912,0.20271082907803556,0.1989896759519402,0.17536820896682842,0.09639742465138966
226,0.2152020388851571,0.027127191843680957,0.04661275401732633,0.05496341418199634,0.18607660281294092,0.2348881967201185,0.14995533663603855,0.08517446490274136
227,0.24889257203901383,0.033270983552101986,0.04526238206526874,0.05279051716440922,0.19640478481427726,0.25779361170945236,0.07984040171893744,0.08574474693653926
228,0.1603930598561305,0.043079201128488266,0.08294171521960077,0.06681337068603785,0.20544306352573294,0.2557500596884129,0.1198388217334847,0.06574070816211205
229,0.019486593911257868,0.015678953840795245,0.9004687538113514,0.014442072524324296,0.015914780292989483,0.02053465629590286,0.005276110783768114,0.00819807853961076
230,0.20809977778911262,0.058445047479655184,0.023123880397295533,0.09043650335729757,0.23675746008781348,0.22255679080594418,0.11478519537189713,0.04579534471098431
231,0.001339786427972504,0.000588885750444783,0.9960251778504133,0.0004908595854120517,0.0007070247003613642,0.00029906642353328143,0.0005117333070039071,3.746595485883967e-05
232,0.20665932143402713,0.06855252515683882,0.0050931095370990035,0.03649957623199031,0.25065014609177594,0.23667402840618126,0.1590675098023819,0.0368037833397057
233,0.19884863386727517,0.09150468663068805,0.007891396322222495,0.06908960497212302,0.23780963405471417,0.21798350102037103,0.13835627693642175,0.03851626619618441
234,0.23327216421450203,0.10326842327051157,0.02923370376306207,0.055701042277860026,0.24058645576900362,0.19467404853279657,0.10287138366863771,0.04039277850362646
235,0.2282120568434915,0.12824689497262715,0.0031713049598519785,0.0580237337997075,0.21503193121513997,0.2131334422806096,0.11602025334287179,0.038160382585700585
236,0.35112839653815975,0.11921762379402012,0.0019910758578141566,0.05955325526325611,0.14089058078207273,0.2179713431463996,0.045661811389414164,0.06358591322886345
237,1.0100312419267873e-05,0.03491822990610626,0.0038975462546125632,0.10621836257144292,0.38928584265096866,0.2760901539504844,0.09102348556116638,0.09855627879279948
238,0.062094796486619135,0.10414976121097044,0.002640622806607395,0.10715929179637236,0.27478109982372473,0.2566964080217951,0.1102890701510683,0.08218894970284264
239,0.019879066511211033,0.20105737330237652,0.0023302412837988874,0.07669110775208161,0.2269941030368575,0.2949585893805277,0.10047443028124972,0.0776150884518971
240,0.013336881691709946,0.02753808362252043,0.0034049092157630067,0.07660548212005441,0.24872649879546246,0.45220581394874637,0.08520880736231966,0.09297352324342376
241,0.04009135104398267,0.09848549527294975,0.008290845803680117,0.10850951304676613,0.2652476079619981,0.28630953213842003,0.11253001234759333,0.08053564238460985
242,0.003646918078602306,0.13394078148652164,0.007580658225612507,0.1651154627589248,0.2892292973882868,0.19259904820976742,0.09795611727235151,0.109931716579933
243,0.025194041655003833,0.12427945767683662,0.007449186789827143,0.1709572714305841,0.24382904788336354,0.16196003391282915,0.16039658898165846,0.10593437166989714
244,0.015156210563685102,0.13460872746078842,0.009985009419321319,0.1266508657477077,0.09962040686873927,0.3718218102607474,0.17171225093793013,0.07044471874108078
245,0.041588522769320964,0.11147187833283972,0.018121895563640685,0.11923970311683924,0.22209626490546047,0.1299387442071371,0.18484280124285193,0.17270018986190994
246,0.032470261964947164,0.04940086986516569,0.019521629304489377,0.1422243786610928,0.16991039046699868,0.24920915153371948,0.19541704148076827,0.14184627672281858
247,0.06327714479901145,0.10078156181460417,0.02186910741926058,0.19184424062932304,0.1882847610478315,0.15763055850986643,0.15342929070814534,0.12288333507195746
248,0.019326237308081976,0.10779092947729287,0.018190147462074768,0.2431477029241071,0.18242744177295375,0.1412120300681446,0.20173617813043648,0.08616933285690849
249,0.04061795381816284,0.060632287064695874,0.021243349303412425,0.07044663958345432,0.10067427814515455,0.443825165993218,0.1962777322715666,0.0662825938203355
250,0.01861841837883442,0.07614908443709328,0.032003417808368115,0.064645502871083,0.4333996503152547,0.0030463737675705473,0.22803162107539465,0.14410593134640134
251,0.021158953295814006,0.09737631878171223,0.010621616543113584,0.051702100286224746,0.038540460036026084,0.076612454775788,0.5972160522579268,0.10677204402339462
252,0.03180568294774966,0.21305406511283242,0.02823203844185606,0.12834366750175147,0.10215056151301496,0.11176468472989462,0.15073226576446608,0.23391703398843477
253,0.041260144295264485,0.21798722733252637,0.01968720225792118,0.10988190737814635,0.08087305139882812,0.14770314342348018,0.15084505347681085,0.23176227043702255
254,0.04217169564302018,0.2260661387796027,0.010907549671543657,0.18546022808487564,0.07319505126391934,0.1250722141938863,0.13489368490228312,0.2022334374608692
255,0.03091393712431388,0.17231169086289813,0.0247372632480426,0.03005039129724788,0.27434639838596747,0.07377775579315601,0.17190072978467605,0.221961833503698
256,0.039262236522903796,0.24967793132885344,0.03166935813298951,0.07448716250305133,0.034908153712309986,0.14368213419032475,0.16475167722996595,0.26156134637960127
257,0.037807065647928614,0.3144463944941554,0.03391733479974975,0.1093720760950874,0.03435103333067846,0.08760939881719844,0.19555055314259268,0.18694614367260923
258,0.059137823891900185,0.3229469949626617,0.033048705398580146,0.149486968629321,0.07626542271994513,0.07787782311582044,0.11969400116447555,0.16154226011729586
259,0.11693917103432307,0.36868177734847096,0.020800087908078083,0.025556283129132988,0.01848929790243981,0.1180032030169758,0.13357672359899211,0.19795345606158724
260,0.013012621533256708,0.20377552615722813,0.01891098285125874,0.05897041563806189,0.04949748079745818,0.1115204661868957,0.27196737475902805,0.2723451320768126
261,0.023957121840735257,0.12030209925897291,0.025932924715346563,0.06873965554304036,0.04626403988136455,0.17345594885476534,0.29752072611089797,0.24382748379487704
262,0.04544617691187611,0.15038631111256043,0.032705193595934,0.10954365187405371,0.04466419187504029,0.16609745482518584,0.2222054716569676,0.22895154814838212
263,0.025290602857354804,0.14551279051557456,0.03699166053772999,0.07415239875900412,0.03313031485310509,0.2038934105841439,0.27286554229091325,0.20816327960217432
264,0.028466216412634363,0.1770004975072265,0.05442935752224909,0.054511039375976594,0.08618441254300777,0.14509180227511512,0.24609980391616731,0.20821687044762333
265,0.05489638701644227,0.20618674142254714,0.04847264252198751,0.0974134627079449,0.026557288647740446,0.1890823500123283,0.31786426511297333,0.05952686255803618
266,0.05965714292273753,0.14976977470232014,0.028543104952498382,0.028601832266509326,0.028303012391668506,0.22086189125521347,0.36768124382056344,0.11658199768848922
267,0.026478063954825642,0.18661230546583044,0.04523987350109105,0.15616276246740735,0.055480036723467956,0.18455177007236642,0.2018256742422874,0.14364951357272382
268,0.04807356807912258,0.11918343739266667,0.050158265001109016,0.045768991897071364,0.06140744266165628,0.26532526726244476,0.27163399276165434,0.13844903494427507
269,0.04819669459586123,0.15656180569499142,0.041754554763856505,0.06741127562135744,0.0734144188905199,0.20282137464262945,0.19917417056098108,0.21066570522980296
270,0.0528114408676323,0.05394749373983543,0.07236924211676792,0.06274726667442082,0.07675163607277628,0.21753077538437882,0.35667317662322007,0.10716896852096833
271,0.06509621762690529,0.06851402907185425,0.08495881935503627,0.06682930167507382,0.07217891018956496,0.2884253322146565,0.268847735158698,0.08514965470821097
272,0.08642921146903472,0.06717581058300448,0.08013311472673927,0.0695932649392448,0.0729080254240484,0.25643516987574877,0.26312539695345555,0.10420000602872395
273,0.09872433910408678,0.06755524004394244,0.09069511835596221,0.053806262142138385,0.16670351112298423,0.18842154174091813,0.19154433053778805,0.14254965695217978
274,0.06760493830763988,0.08288369603317289,0.08590759783977851,0.09731284250074815,0.0526509447507639,0.27925447299345607,0.2439192411204155,0.09046626645402502
275,0.026729689650586527,0.0795724976590705,0.10080958927820267,0.21079068058794426,0.03597874350518259,0.23034920836887435,0.23230021704188097,0.08346937390825816
276,0.06537939974744898,0.07499088593477315,0.10028508796339775,0.05586504495576286,0.0808775599476046,0.12936523858038412,0.3730989181290401,0.12013786474158857
277,0.125975213031635,0.10366357508750475,0.04479247873161502,0.38303911876238683,0.03973553051864294,0.08885170443478646,0.08039079510477502,0.133551584328654
278,0.05247612419830709,0.18963925023734077,0.1517714322938263,0.008439829811035164,0.07616646928756741,0.18652093073697526,0.1637492619401625,0.1712367014947854
279,0.30281304355809757,0.06227732839886358,0.07133865709628276,0.03348664850170511,0.08051121551555802,0.07704913999040763,0.2387885317692178,0.1337354351698676
280,0.08342020455948991,0.09257317204248826,0.10923528971908454,0.10852497076851678,0.11044491686241757,0.08088849784799716,0.23630663253127596,0.1786063156687299
281,0.11718600355862398,0.10513461160269748,0.13060558704834999,0.07225654612550217,0.10273634126035332,0.0874601542133296,0.23321126988916882,0.15140948630197468
282,0.06977586021973345,0.12893226703957147,0.11511325689697516,0.057024145638525904,0.1108620848350832,0.07776492422875807,0.3170591360527402,0.12346832508861262
283,0.43163794215963724,0.041637950260026764,0.12594153257118262,0.041469205240066365,0.06915257235679441,0.063618743070231,0.11542222934107609,0.11111982500098545
284,0.06072607753628791,0.06162340549489341,0.08030957375587679,0.016505748305745797,0.17792466099103432,0.09963923579164204,0.4012352588753093,0.10203603924921041
285,0.38275267478303665,0.06973366338642531,0.10495174990592039,0.0357000558650398,0.06676743463233185,0.1432782778966518,0.049767837245645284,0.14704830628494886
286,0.0466893751940348,0.15003834126710927,0.18816913866781998,0.044428704087105184,0.17710535869405913,0.13280646181015365,0.1159210788298187,0.1448415414498994
287,0.071971162677868,0.09685848101926883,0.12491635223226326,0.22272717547308085,0.1666245819181419,0.10663138056868257,0.09883715432867761,0.11143371178201689
288,0.21541879170934525,0.1009967435082595,0.18777157218314536,0.023842767681069663,0.17057104585245472,0.08490656266953572,0.08561786348488618,0.13087465291130349
289,0.1784288216663714,0.09928688492314677,0.17482700685615832,0.017319386547980462,0.20476961873162672,0.1107167545664537,0.09119130815781168,0.12346021855045095
290,0.06349048663649377,0.12293698291395179,0.2792831047232299,0.01922402598907908,0.1760316758470146,0.10232103314658549,0.10385904626442334,0.1328536444792219
291,0.04330076226118659,0.09943473347865711,0.38251859041738007,0.021402596679125623,0.163895083706033,0.12289956957757225,0.07951349303621377,0.08703517084383161
292,0.10241854640253967,0.1515945000103342,0.15108566727535122,0.029660254462217366,0.25639790127703566,0.1427843293205333,0.07173370966306879,0.09432509158891993
293,0.11829880867889636,0.1589086203700746,0.15106129850140998,0.03597251883784832,0.24381233591754942,0.14984544955425227,0.0646344542293184,0.07746651391065061
294,0.34682075845895916,0.14639823676252622,0.3235106114845567,0.02637901108994925,0.10368672021194413,0.01964674427179294,0.02426421371712393,0.009293704003147624
295,0.10748948339507866,0.19654179019054516,0.06753034544372559,0.05659693617040339,0.27578971763716653,0.05342576244772678,0.11307769216779492,0.12954827254755905
296,0.077343719938975,0.1997532588193837,0.0713181474427777,0.05244904381347208,0.302270917694893,0.060267246855096025,0.10986336925532017,0.12673429618008228
297,0.08010259268085863,0.17954723426556432,0.07535688813354675,0.029680258192345696,0.31457207022255096,0.06664187209514336,0.12241263264689194,0.13168645176309834
298,0.10791904356399247,0.19945899985196877,0.05792075949774139,0.037770452480890136,0.2945135857955769,0.061326697246463655,0.10551045413394232,0.13558000742942436
299,0.04939754229424156,0.21815391901446668,0.09477577001754751,0.03708704333626368,0.10905743198021708,0.10063804447575089,0.19261951269959557,0.1982707361819171
