oos_period,model_1,model_2,model_3,model_4,model_5,model_6,model_7,model_8
150,0.058956689082200746,0.2649285431067348,0.17182304332109052,1.650796283459454e-17,0.1321406434535191,0.09836496236548478,0.1675594613396586,0.10622665733031138
151,3.066586833363681e-19,0.1974006474029118,0.20616751608100928,0.17773537119694227,0.14302729898155023,0.14707467502260418,0.0,0.12859449131398215
152,0.03951241256670687,0.1584007655722251,0.1658407436651228,0.14825799252767738,0.15250633254723023,0.1074373584969651,0.10837783326603348,0.11966656135703904
153,0.10070677883496268,0.21480320912445008,0.10387490937452033,0.10070677883487726,0.17778798732548012,0.10070677883488971,0.10070677883488746,0.1007067788349323
154,0.03869846738449605,0.19152637964193497,0.2147609073369151,0.04677112403731078,0.13134189075655126,0.17053501536900778,0.0022241131359673266,0.20414210233681668
155,0.05863211233834764,0.17586008885835563,0.1762703857626117,0.026965796886227553,0.2197715594719209,0.12062146188670558,0.12554769539165525,0.09633089940317575
156,0.04370399460898599,0.19815184223263607,0.16085236894188595,0.13936634269892093,0.14493017794202312,0.20255157537389643,0.03864620278543714,0.07179749541521438
157,0.05141595710529364,0.18713250697329625,0.15696885415831102,0.1282221702293129,0.173741490268,0.1821844414673406,0.04055319666011432,0.07978138313733121
158,0.05170121048535671,0.1820072217983967,0.15981620504283878,0.12389142879615424,0.18073922111856142,0.18163758514912354,0.0372290881306354,0.08297803947793331
159,0.046826260209766976,0.17088484165051088,0.17983191084648198,0.15225949420925614,0.1497410460982695,0.23029706626510554,0.0,0.07015938071960896
160,0.04408473167463114,0.1617914345773559,0.18496163771409213,0.13607053056723623,0.16578973057716873,0.2290493640029881,0.0,0.0782525708855279
161,0.0407522451746973,0.18547124953446623,0.16833464935007722,0.1521337918370436,0.1449535516720755,0.24676164273992643,1.681728330234568e-17,0.06159286969071362
162,0.032648862876866976,0.18735101579402416,0.17167469603972152,0.1613029391523379,0.12868008596995048,0.2607540127409647,0.0,0.05758838742513419
163,0.013183440660288231,0.16141715807031465,0.17686600115448628,0.1768504893616792,0.1255750786345125,0.29893431792203395,0.0,0.04717351419568509
164,0.022371488642314016,0.18498685275167678,0.15699999708176415,0.18550584657331037,0.11959454403221267,0.26965998944656056,3.888675321281401e-18,0.060881281471161425
165,0.01287363032278835,0.1982249561384203,0.14354214288349726,0.06471507846203428,0.17838751903136724,0.14419283941133584,0.15521680906110352,0.10284702468845314
166,0.017206091246727256,0.19692749546401997,0.13853570858606928,0.17000149179959792,0.13922602039492243,0.2527807894926667,0.0,0.08532240301499648
167,0.018469518867931464,0.19022532024869576,0.15111834131621907,0.16773583060227712,0.13754210530182612,0.2530066351884437,0.0,0.08190224847360678
168,0.009096373496380266,0.17864766973356302,0.15507341515209583,0.16849037936445233,0.13527862725426007,0.26175942919419765,0.008062110486316632,0.08359199531773416
169,0.025816253074871367,0.22346411068924812,0.14414043225226403,0.05242565361816472,0.17817951594045872,0.13845240542687215,0.13174973514544294,0.10577189385167791
170,0.027265571690242005,0.22378654452982957,0.1445340544344132,0.05414086257357107,0.17339191369876283,0.13150478782865357,0.14026540038969115,0.10511086485383657
171,0.009651993792008196,0.169515090676359,0.1660997807299318,0.07323040509281062,0.174513829523316,0.17421114470034482,0.11524773478547687,0.11753002069875272
172,0.0,0.14252273560686335,0.17683238024364922,0.12662340215297005,0.15328869317571453,0.22090079833026535,0.03777623512167534,0.1420557553678621
173,0.005289487896500362,0.14865716020243944,0.17196063967104733,0.14398840165837345,0.1476277348417848,0.22205381582511627,0.020406956687750655,0.14001580321598758
174,3.2589971888749794e-19,0.14620548371613878,0.18180823984526154,0.1145209271873311,0.15411810313643068,0.23687932124182615,0.018746384472062522,0.14772154039994928
175,0.0,0.14682490369384524,0.18334454984059262,0.10901684446671045,0.15250323724895598,0.24123601599768013,0.0433482496023947,0.12372619914882087
176,0.00337628459367858,0.1449829810982594,0.18584542145078017,0.13714937296206614,0.13861985153222117,0.25068375971484436,0.035700810117356915,0.10364151852979323
177,0.011769594140860262,0.13790943757116111,0.18109962558524748,0.13446937335640805,0.15671704480304796,0.2298517809007736,0.03520756239580995,0.1129755812456915
178,0.010700613480313974,0.1244858712431034,0.1865823257571559,0.1335517524541641,0.16116347358194652,0.21976607035282023,0.046204768667697536,0.11754512446179835
179,0.008479016605085486,0.125246563773798,0.2006457501849747,0.14369305878206326,0.1434034116010055,0.25272883344745695,0.020783722098774514,0.10501964350584168
180,0.008593642970918504,0.12768689938467043,0.19873595774468572,0.1406498081856675,0.1455926135048036,0.24736993862996423,0.019999769165235427,0.11137137041305453
181,0.005849623021928183,0.12398625389681549,0.1902209737054007,0.1504362471093172,0.14746655873128484,0.25265527154627343,0.026997961476844884,0.10238711051113521
182,0.0,0.1267610019132728,0.18973284160468618,0.16177002480206448,0.13484354071466909,0.2544855115919498,0.032192743086871464,0.1002143362854861
183,0.06854414991722307,0.1405038383340992,0.14297463427610366,0.14423104435135894,0.1606227159613346,0.10224627024436403,0.11070274740846932,0.1301745995060471
184,0.06652840035144764,0.06627401171992413,0.14524228864765956,0.27469156246139576,0.21457750729622052,0.18167364085545504,0.009947151231430479,0.0410654374354668
185,0.021688433281715477,0.09698171163800115,0.18828699200759733,0.16890078447466617,0.18880517829999088,0.11750974365748935,0.14400176067021372,0.07382539596932595
186,0.12214973658693445,0.12588160081674374,0.12567911913754365,0.1330465700339984,0.1267937636629763,0.12214973658693445,0.12214973658693445,0.12214973658693445
187,0.0,0.11093922196496898,0.15263357835452618,0.24578536871263512,0.19291582394691928,0.06899018924524795,0.10759656443468588,0.12113925334001657
188,0.12220108039049601,0.122201080390496,0.122201080390496,0.13612801430816598,0.13066550334785795,0.122201080390496,0.122201080390496,0.122201080390496
189,0.11983365619292514,0.11983365619292509,0.11983365619292509,0.16009429059411076,0.11983365619292509,0.11983365619292512,0.12090377224733853,0.11983365619292512
190,0.10849597541823622,0.10849597541822009,0.10849597541821383,0.10849597541821383,0.24052817207147023,0.10849597541821436,0.10849597541821736,0.10849597541821383
191,0.002004964460350851,0.0,0.24410199369052,0.15235958293607696,0.31779266892250124,0.19141978377365437,0.010531245662996472,0.08178976055290013
192,0.09185745199609811,0.09185745199648164,0.09185745199589435,0.09185745199618632,0.24986786417822623,0.19898742384386067,0.09185745199635824,0.09185745199589435
193,0.09241156092776642,0.10310549388253436,0.14900806543839576,0.16908855301639483,0.27177112865377545,0.21461519808013313,1.9521150774703376e-17,0.0
194,0.0743647093173327,0.09097538536255309,0.13932882123927517,0.2002088348757659,0.25159253318552244,0.22445322193577985,0.016792936133518524,0.0022835579492523745
195,0.07140263959015469,0.09187432289791789,0.13967348660994028,0.2027155625393254,0.2443531735776182,0.22606274717504013,0.009022935780237759,0.01489513182876556
196,0.07067024846709205,0.07161295714969435,0.13659171600111403,0.17340691288482102,0.2622926293466146,0.22664369138107654,0.006837580203205444,0.0519442645653818
197,0.11901445499618454,0.03869548373766159,0.1267814198939276,0.14131003333581207,0.34714936794263396,0.15699601804425575,0.029321190869814263,0.0407320311787101
198,0.11807024564299398,0.033298557753688784,0.1317472013436082,0.1406186749110124,0.34421132880891586,0.15900410149369726,0.029414028227751875,0.04363586181733172
199,0.11904987678141925,0.0425511780708295,0.13334391570520007,0.13840457367557613,0.3437079711645031,0.15993175452705446,0.02205370146814909,0.04095702860626827
200,0.11520801826015913,0.03385679059458801,0.11440296194595703,0.14582860889279417,0.3449377023564109,0.16885316279752147,0.031550940837749904,0.04536181431381942
201,0.1380253895375972,4.0551702349759076e-20,0.1544456177333816,0.13264554774301793,0.37543733448664535,0.13972808976481196,0.04446330753510761,0.015254713198438291
202,0.30809053662972025,0.09884394216020602,0.0988437974103425,0.09884442647359133,0.09884386313162269,0.09884463147682761,0.09884453367014678,0.09884426904654289
203,0.19503999359062718,0.11499430101250027,0.11499421249931334,0.11499433398062016,0.11499409583964097,0.11499452331152514,0.11499440511245164,0.11499413465232122
204,0.29608427449097396,0.06045850368543859,3.4694469519501444e-18,0.1350483215606954,0.0467658070708614,0.19041562774920343,0.21508342073707146,0.05614404470475563
205,0.14706770596101534,0.008435966823055727,0.132590830720375,0.11385316323408398,0.40121097509769604,0.15177191166289136,0.02372423807758998,0.021345208422292573
206,0.1547069105476707,0.00979889443293194,0.1239541803142586,0.10949206621114728,0.4178648785265716,0.14727845178503285,0.01934956884048611,0.017555049340900884
207,0.15337666678111325,0.028114431302540727,0.15818534578087895,0.08074798562533105,0.41270457059553795,0.12920465638392217,0.021237337807071422,0.01642900572260441
208,0.1555096444598871,0.02765304677233502,0.1494218191399643,0.08564697622938941,0.4144637154604828,0.13151359725147577,0.013703674102228143,0.022087526583237236
209,0.1441274646743867,0.01614118985196101,0.15559932896982012,0.06957307747677742,0.43187757803801013,0.1430671702024639,0.039614190785580684,1.4602186266159491e-18
210,0.1457421874526054,0.02590036007658225,0.1447337904451041,0.05511233850651871,0.45322864700157256,0.1487527931129978,0.026529883403619038,3.9814730746089365e-17
211,0.14378820528017208,0.056384148674711566,0.11550549776012259,0.07587231360206934,0.43669034093990583,0.13666354937882136,0.03509594436319715,3.966397424020637e-18
212,0.1542341696068047,0.042433504243391984,0.07396336294535552,0.06188761402361608,0.4657535150248429,0.1334456430423995,0.026958593004003766,0.04132359810858551
213,0.1205248238064738,0.040989996452151664,0.06627092376832033,0.10761162284193103,0.4011959864389262,0.16240058139953814,0.045580054188652706,0.055426011103006136
214,0.11820704842740068,0.06722646932850433,0.07809419051058084,0.11136062929363709,0.3834549798932652,0.14890441009895924,0.0385672990604669,0.054184973386185706
215,0.023200616056942576,0.07473777692549691,0.020283823735455713,0.2549520876343477,0.2917313965326806,0.08453216370022797,0.11236045295917178,0.1382016824546767
216,0.10004509195722934,0.07025489226425287,0.06758164540072562,0.21693310853804854,0.24199130450271872,0.04511122614112835,0.1494576254781344,0.1086251057167622
217,0.1131788624198902,0.07376483418002446,0.012807163994228711,0.10060011762832866,0.41403789084681797,0.1738876749521421,0.0533579385933954,0.05836551738417252
218,0.10541723099090274,0.07880550984193667,0.012258104297128205,0.09959043348123792,0.40298150356534945,0.17446324640163263,0.062130463437923646,0.06435350798288872
219,0.13740842969624723,0.10379957994548616,0.0,0.1237734337329676,0.43746600374764055,0.16546407859878773,0.03177698063032992,0.0003114936475408417
220,0.10353667920007079,0.07615172998499098,3.732272838240643e-18,0.13861249048062171,0.38842451332094785,0.18828819714593084,0.06507149718300667,0.0399148926834311
221,0.11173370547955405,0.12019872941862195,0.0,0.1318134964800576,0.38708388234243535,0.15235467982992257,0.08516459470719655,0.011650911741211882
222,0.11379399168575159,0.09496788118650022,6.440944410033665e-18,0.12446314533232088,0.38869367319383785,0.15905899559575795,0.0826715250843338,0.03635078792049779
223,0.08660772557012272,0.0946479523257152,0.005152018101291723,0.12901210835045626,0.36616476329017794,0.17360020762023662,0.10324196055796121,0.04157326418303811
224,0.09494415570732513,0.10848922073911478,1.144751793323241e-19,0.12543925707418496,0.3848010131438136,0.16931898751012148,0.09888582277170825,0.018121543052731674
225,0.09661905006297282,0.08746281012812555,0.009628593883808613,0.1418586938951748,0.37139993625909895,0.17392381515785046,0.10228802074257452,0.01681907986939432
226,0.09596165946690165,0.08723242048484302,0.011825285088659262,0.14021743486950664,0.3724319924573629,0.1749482548602126,0.1021555254216952,0.015227427349818645
227,0.10241834229218465,0.0925893471650791,0.0,0.1437324782798352,0.3876684280882998,0.18317684089197012,0.09041456328163114,1.211045356335625e-18
228,0.10346176026184102,0.08245356301323803,0.0,0.15522613215234532,0.38314062172809715,0.19077432164886052,0.08494360119461784,6.210022052788692e-18
229,0.09532904665244253,0.0749759618837276,1.220362718755413e-18,0.14645329891702885,0.3913288283084615,0.20767458699857852,0.08423827723876108,4.164013968697977e-18
230,0.0930163064042874,0.07937794059455779,0.0,0.13831144883310503,0.4000779941479269,0.21328136081387902,0.07593494920524385,0.0
231,0.09439732337224087,0.07762851013679765,3.39996907445168e-17,0.14741537800539434,0.3898023007659747,0.2029597823605152,0.08779670535807714,0.0
232,0.10150061163143875,0.08158047358853183,6.1252658185041435e-18,0.15458811859311886,0.3849750254084607,0.19114155801141589,0.08621421276603401,0.0
233,0.08849977698871991,0.07529428054533026,3.308041680564671e-17,0.1397790929167852,0.3913343576934407,0.2061941984384625,0.09889829341626136,0.0
234,0.1159386209281391,0.09534987533526913,3.123181206601913e-17,0.17921737179120661,0.36929608981499723,0.16140349673158844,0.07879454539779931,1.504412570638898e-17
235,0.11751667061850306,0.0974409190672424,0.0,0.17008167590965165,0.37911533303426703,0.16321801212169784,0.07262738924763805,1.40017325507854e-17
236,0.12127189418438329,0.09888530834922077,0.0,0.1658509591745383,0.38332765866573254,0.15803683346147124,0.07262734616365368,0.0
237,0.12488718225425842,0.09752466848828895,0.0,0.17859300457853633,0.3737088638143194,0.15216731614858817,0.07311896471500856,6.036380298601733e-18
238,0.1313875858093273,0.09751895934369326,0.0,0.2002126894774536,0.35749091411593437,0.1447297184169905,0.06866013283560089,1.0669703459637326e-17
239,0.11134214475918885,0.09069490788859039,0.0,0.24736813546049832,0.2913900046980824,0.13529548714247028,0.12390932005016973,2.1917295147538323e-17
240,0.11475703141176638,0.0777816624667509,1.7758045739168646e-18,0.2550734980065844,0.2819019213369069,0.13353054032566258,0.13695534645132867,5.824198545314744e-18
241,0.10280699849774502,0.06747356829601792,0.0,0.25309342540674706,0.27748107941446326,0.14315335906462862,0.155991569319398,0.0
242,0.06468690349648182,0.027824412682846838,1.6678131302423882e-17,0.22266386665961282,0.2927858084743494,0.20537430426238876,0.18666470442332028,0.0
243,0.050285005257480864,0.028165460200164572,1.1048667034214287e-16,0.21243661104575556,0.2997162496032114,0.22590084499222596,0.18349582890016142,0.0
244,0.0700154182676606,0.011424163687270367,4.040347158398973e-17,0.23900173411917647,0.26733964485819056,0.18431672766188345,0.22790231140481854,8.303389866542719e-17
245,0.05032463856046449,0.008945803042174887,0.0,0.22654909269800347,0.2748555009716428,0.2130125388448332,0.22631242588188072,3.1102288486111004e-16
246,0.049634625812620015,0.006557604460327887,3.2169796499472903e-16,0.2262424083077446,0.27609143735697605,0.2163202447801935,0.22515367928113772,0.0
247,0.014046750592402863,0.11741777470776117,1.7347234759750718e-18,0.17398022854496772,0.33345242582685003,0.11823685007628715,0.13351154147827274,0.10935442877245813
248,0.030107749941532785,0.11872176651550877,0.031763576886577535,0.20363365060586724,0.24299904247409054,0.133821471282245,0.13107417247935185,0.10787856981382622
249,0.09620909616445036,0.09620909616395701,0.09620909616448846,0.09620909616395701,0.3265363268499402,0.09620909616395701,0.09620909616414958,0.0962090961641002
250,1.1077709452063796e-17,0.017917735184340193,2.0072660229907723e-18,0.4272932678271726,0.2861435275168578,0.014320281044154358,0.2543251884264751,7.861510043170563e-20
251,6.11067455518468e-17,0.13965968074107635,0.0,0.238903850837641,0.26493095322963023,0.15755628914509281,0.19894922604555937,0.0
252,2.434329675443459e-16,0.040602064322278905,0.0,0.2528937362196719,0.24445220728211653,0.25589057684576794,0.20616141532916446,7.366572870746319e-18
253,0.0,0.05801546898842582,1.4841561124579846e-16,0.2541916190748005,0.25082187444488857,0.2548333558222841,0.18213768166860073,2.702330835578582e-17
254,3.843045683423158e-17,0.042531089400804675,0.0,0.2584948807230819,0.24875554189640012,0.266191735290807,0.18402675268790578,3.148507201539319e-16
255,3.5505678129511814e-17,0.041218383133789685,3.024586048683453e-16,0.2645191672170573,0.24542255638708724,0.26827817062717985,0.18056172263388554,0.0
256,0.0,0.03440840668042146,6.217804396536159e-16,0.25970051857997073,0.2506665418184273,0.2695849884596251,0.18563954446055453,1.8316520227997957e-16
257,0.0,0.018417870618407977,4.963079224994152e-16,0.27388658937694643,0.24116181961847682,0.2941176133261079,0.17241610705906033,0.0
258,0.0,0.023883326498085413,2.0338095850773476e-16,0.2867524608383609,0.23381327658199316,0.2972857065587388,0.15826522952182148,0.0
259,1.3967349953785165e-16,0.05027167780409914,3.1593862951809274e-17,0.30703139724680206,0.21360443476237012,0.26830916578200936,0.16078332440371845,6.719335311402572e-16
260,9.967084788040542e-16,0.0,0.0,0.9999999999989961,0.0,1.6510328716032245e-15,3.57566476992763e-16,8.537773629561785e-16
261,0.0,1.110223024624046e-16,0.0,0.3150563690030191,0.2488469372801293,0.19693096765329182,0.2391657260625596,0.0
262,9.323885509473826e-17,0.05375989830389659,7.280305829338254e-16,0.30437415671441687,0.24900368675024498,0.23553864778740646,0.1573236104430343,0.0
263,0.0,0.18385247831420395,5.026379773515267e-18,0.4614873477480579,0.14648563000970785,0.0957332364759802,6.24500451351026e-17,0.11244130745105002
264,0.0,5.986222290896102e-16,3.4944381684644163e-16,0.24294349068600646,0.3273114352742606,0.2739595111260929,0.15578556291263898,0.0
265,0.0,0.0,0.0,0.27118108244873285,0.28981187295120237,0.3448887839918012,0.0941182606072626,9.64917669793563e-16
266,8.534454051919204e-16,0.0,0.0,0.27614164402126373,0.30208987874395266,0.38437835321340885,0.037390124020373554,3.5202141393883525e-16
267,1.1322181763283193e-15,7.818154081273039e-16,0.0,0.0,0.9999999999989979,0.0,7.543241353580575e-17,0.0
268,0.0,7.030198905546866e-17,2.5633416200470716e-17,0.17338714581003245,0.7127948313276142,0.11381802286135319,0.0,0.0
269,0.0,1.0598371140911323e-15,0.0,0.34886578474452484,0.24972416165068156,0.40141005360379134,1.2443644252138377e-15,0.0
270,7.359808400072835e-18,0.07127686411646471,0.0,0.6924215371667622,0.08866561896526268,0.07655770400381233,0.07107827574669802,5.204170427925217e-18
271,8.969766487588768e-18,0.0,0.0,0.5460436474947219,0.17150843869110965,0.2266169042895695,0.0010420718915606039,0.054788937632038265
272,1.1695825977281655e-15,0.0,0.0,2.1649348980168843e-15,0.9999999999989949,4.506543504421483e-16,1.0920061816962102e-15,0.0
273,1.3352843244791411e-17,0.0,1.1469683751410512e-17,0.3602886253307167,0.6397113746682831,5.696491438111454e-18,0.0,1.4672522930354715e-18
274,3.278063721777539e-17,0.0,0.0,0.44590848948614653,0.25283283732165535,0.2250411700884534,0.07621750310274454,0.0
275,0.0,1.4010126339634306e-15,1.4046736655674138e-15,0.38710757513915084,0.21151018741281782,0.4013822374470274,9.601657800856533e-16,0.0
276,0.0,0.09002813034602562,0.0,0.47061244885825665,0.31197917106872475,2.1833622561820165e-18,0.002771465080129241,0.12460878464586354
277,0.0,0.09274107275692023,4.1633363423401733e-17,0.30909366709984765,0.18080924566600537,0.18562902423450417,0.1847644778715887,0.046962512370133755
278,0.0,2.771236977466366e-15,0.0,0.38406805743240785,0.2151260488039661,0.40080589376262127,1.731740453919698e-15,0.0
279,3.3300596397797114e-16,0.0,4.716573781871245e-16,0.45293614957258893,0.24229729025624622,0.3047665601701639,0.0,0.0
280,0.0,0.07767257807621691,0.0029995920214178845,0.246485351044489,0.26694683389723045,0.22220251228439863,0.16664346511209224,0.017049667563154968
281,0.02001735732603796,0.14235757563506293,0.04863174004052347,0.23634455310324717,0.20356023938874865,0.136107040792717,0.14116716325044953,0.07181433046221324
282,0.0,0.1718138112429256,0.011389949480637783,0.2366474126868043,0.2661948083058376,0.1336090353962033,0.1208566908386742,0.05948829204791714
283,0.0,0.043848754596430575,0.0,0.3024383557650808,0.35415470922760983,0.14469807320509206,0.15486010720478666,0.0
284,0.0,0.0,0.0,0.18592287067939253,0.5371196767627483,0.13922471004912065,0.1377327425077384,1.0056321694704732e-17
285,2.1331944659586102e-17,0.010640198766724906,6.259504254151163e-17,0.23382462746038096,0.27564048841984246,0.2623136523834553,0.18422454528228982,0.03335648768630647
286,1.781475261669608e-17,0.11018713848260879,4.270829061792097e-18,0.5677853169490267,0.13091151220336844,0.08866671640385562,0.10244931596014027,1.561251128377565e-17
287,0.0,7.103115289424357e-17,0.0,0.190511865419894,0.8094881345791058,0.0,2.599142282389322e-17,1.7576922516080273e-18
288,0.0,1.0887668645487074e-16,0.0,0.19409575060234308,0.3824460759135535,0.40354380946530777,0.019914364017795456,0.0
289,4.9065389333818897e-17,0.026013280320271205,0.008920633668052827,0.21205368283847084,0.2709390660045452,0.28064752677511495,0.18872760097244395,0.012698209420100899
290,3.0226636285973117e-15,0.0,0.0,1.379669387948891e-16,0.9999999999989968,0.0,0.0,0.0
291,0.0,1.0501529838902863e-16,4.862490545200451e-16,0.3938139727150763,0.4959454378220022,0.1102405894619209,0.0,0.0
292,0.0,1.14725703850969e-16,0.0,0.13251226855632062,0.507575847765831,0.0,0.35991188367684823,0.0
293,1.0188729521613573e-16,0.0,4.324098513062399e-16,0.3518321950706222,0.5531116802208543,0.09505612470752278,0.0,0.0
294,0.0,0.14600630010773197,0.04229009256944664,0.26073610987117535,0.2087149442422518,0.19337741984808754,0.136842500482199,0.012032632878107715
295,3.7954225476693375e-16,1.5758512442003686e-16,0.0,0.37190726579487887,0.5539552294926628,0.0741375047114577,0.0,0.0
296,1.962088315402427e-17,0.0,7.223413293290109e-18,0.2071328295921857,0.40498108284402246,0.3253335882615125,0.06255249930127907,1.6705168649762695e-18
297,4.831295020925008e-17,0.0,8.481217542611921e-17,0.40393095590906686,0.5662241560347,0.029844888055232565,1.7318779170908168e-16,0.0
298,0.0,4.647122744218757e-17,3.7263946297901397e-16,0.40268384911579774,0.565518890347578,0.0317972605356236,0.0,0.0
299,0.0,5.4680448221167963e-17,5.4736454690079885e-18,0.3354457448434914,0.4751902102321122,0.15370336921414127,0.03566067570925506,5.2177376212272495e-18
