oos_period,model_1,model_2,model_3,model_4,model_5,model_6,model_7,model_8
150,5.588650589348675e-07,2.3823407843162758e-05,0.003346454386070639,9.750660250673047e-05,2.0334878526708143e-05,6.973189165341562e-06,0.00011960621881776848,0.9963847424520106
151,4.467811120540989e-07,2.275921834283927e-05,0.9972326512111488,0.00011983102094381129,1.4877961671389196e-05,4.943469689811551e-06,0.00015990538545351802,0.0024445849516377843
152,5.258339028708848e-07,0.00013847669224615366,0.9983808728891719,0.0001289643701609149,2.5920313287413375e-05,7.3230921605069735e-06,3.430132220086452e-05,0.0012836154868694231
153,2.0133491028545832e-07,4.110181383157755e-06,0.9964033440907492,6.95929053386026e-06,2.8293837249421935e-06,1.2293309278431494e-06,2.7634962489689738e-06,0.0035785628915218754
154,1.9040126474792307e-07,2.8774435095828353e-06,0.9947169056543447,6.384153570622636e-06,1.6540850351021179e-06,1.1643103646140385e-06,4.730353686565948e-06,0.005266093598224039
155,5.497908216140266e-07,0.0005867415392669491,0.9968339207792362,0.0012738197384101063,1.3118177385205864e-05,9.36728653758767e-06,0.0004953850913806574,0.0007870975969617166
156,5.749775281563611e-07,0.034060103256069424,0.9407492258864383,0.010753035389967185,2.0011848572792297e-05,1.1081872494499574e-05,0.007353691477502944,0.007052275291426739
157,6.224002101474972e-07,0.0005295541233461615,0.9984755517336474,0.0007432251473265916,1.1887759751553695e-05,1.5092540675556973e-05,5.0264129666201345e-05,0.00017380216537629483
158,5.321118613743229e-07,0.0005562389738122843,0.998209879231048,0.0009452195707534716,8.91628288903255e-06,3.186167147697991e-05,2.746364547560556e-05,0.00021988851268327716
159,6.146455426670555e-07,0.00046335723717111994,0.9971936287278976,0.001871695569051114,1.199594574515625e-05,3.0856545671167164e-05,8.40742972176603e-05,0.00034377703170361063
160,4.536461579773677e-07,0.0003875336933012643,0.9239728969076556,0.07539428481390001,7.075533742495879e-06,3.5510221381920984e-05,1.931378432612913e-05,0.00018293139953458922
161,6.956707300676678e-07,0.0015226804599737613,0.7313931843869652,0.2664625878187776,1.2301676107773808e-05,8.754470546721951e-05,5.6919420638741126e-05,0.00046408586133967356
162,4.734297987597917e-07,0.0007345909897757419,0.8373254733420338,0.1614934889469779,6.013060930726279e-06,9.405384685071502e-05,2.4108147440779997e-05,0.00032179823619156277
163,4.444060233756102e-07,0.0007134530597660797,0.8194897298801483,0.17950127886352565,5.683984533481561e-06,0.00012047118642590171,1.8846857091261156e-05,0.00015009176248593467
164,2.2582167237364682e-07,6.261598251213264e-05,0.05680442679016375,0.9430872726415319,1.5086041905362754e-06,3.098144058343244e-05,4.0838091179636555e-06,8.88491022779309e-06
165,2.9058547521716734e-07,0.0001087780588495734,0.07025916612977028,0.9295652196298584,2.4741374497591033e-06,1.7195273398287073e-05,7.04245234866646e-06,3.9833732849833704e-05
166,2.9439177082428873e-07,0.00014500185759084945,0.9667130905483575,0.033068434787820455,2.6485771408532964e-06,3.0359334915351435e-05,7.950978647675353e-06,3.2219523756386675e-05
167,2.8175238002240354e-07,0.00010512457640635628,0.9737909689934702,0.026060036092688994,2.1146835391022436e-06,2.661721132120012e-05,6.292167140120435e-06,8.56452305396717e-06
168,3.1286124509408384e-07,0.00013835848668791964,0.9706262292462137,0.0291853851397694,2.5906562031899968e-06,2.7564258384987982e-05,8.477508588729584e-06,1.1081842906952127e-05
169,2.610391382876705e-07,0.00010160466854300582,0.03691355315843315,0.9629408566270101,1.8823627572688547e-06,2.8168384583491516e-05,6.18871951503641e-06,7.485040019479816e-06
170,1.8566876782944901e-07,0.09612063490442116,0.020775235238880616,0.8830668660798784,9.904108697298064e-07,2.8970601352195757e-05,2.9831237653874244e-06,4.133972064688599e-06
171,2.015855711776027e-07,2.893036173789801e-05,0.021522374109704985,0.9784149935773387,1.1420610836867252e-06,2.3318868978885434e-05,3.2757752733403366e-06,5.763660311360692e-06
172,2.158257016472296e-07,3.0140852983577183e-05,0.026360859056981392,0.9735746328172203,1.172756146712276e-06,2.444949340158753e-05,3.1326362822668874e-06,5.396561282429511e-06
173,2.1927400919458175e-07,2.8412368404015243e-05,0.022834715485224703,0.9771018692539283,1.0799738979730396e-06,2.5245190734536414e-05,3.1552771061948627e-06,5.303176695090546e-06
174,2.0521982709517994e-07,2.414476912649617e-05,0.02049803477673262,0.9794404090778912,9.969550003954263e-07,2.8404640033361628e-05,2.9085837263418553e-06,4.895977662536038e-06
175,1.96602574216779e-07,0.0007740320434422691,0.9970192447383776,0.00011912058830478847,9.463712736219572e-07,0.0020783255721867856,2.251372410314651e-06,5.882711430434089e-06
176,1.318129989918723e-07,0.00013213354604291332,0.9914840328483834,0.007967040038903877,4.677692056491694e-07,0.00041342879702255904,8.499036431201794e-07,1.9152837995139803e-06
177,1.258832826753728e-07,0.00010681594763801359,0.9909830961740907,0.008604006844520553,4.3764335718523027e-07,0.0003029656562585963,7.230136793551213e-07,1.8288371729028807e-06
178,5.839384588509272e-07,0.00144879890013373,0.9961299168195856,0.001967729117138887,7.5665178573251024e-06,0.0002676429614256447,2.8725597614089688e-05,0.00014903614778590798
179,5.286756944273041e-07,0.0015848398947758571,0.996628401268734,0.0014296698169636978,6.270007869331904e-06,0.00019199009042992365,2.5256322340861248e-05,0.00013304392319202083
180,4.478656429158781e-07,0.0005649640043366483,0.9964867381754037,0.0026183143198199622,4.753742832945176e-06,4.02668988229722e-05,1.8500228523696855e-05,0.0002660147646171531
181,5.145726566412745e-07,0.0009529795404074932,0.9980611060241935,0.0005798034044052604,6.483444070280112e-06,4.8897423385044e-05,2.786826633679581e-05,0.000322347324544971
182,5.041870877809886e-07,0.0013988247028330217,0.9976299991005327,0.0006523106448796723,6.529044048620749e-06,2.1905403893106563e-05,3.272845667042506e-05,0.00025719846005461657
183,3.633926464201199e-07,0.0037061946125518464,0.9920612664471082,0.00010383441347638945,3.5990535366426464e-06,9.891996282475175e-06,1.5952216880516278e-05,0.004098897867517362
184,2.9247423423790374e-07,0.0010608506771521947,0.9972526015832174,0.0016332195130044672,2.4679555581647507e-06,6.067291261662267e-06,5.294540645826331e-06,3.920596492593132e-05
185,5.929682871365925e-07,0.002150636675780603,0.9965427345398691,0.000279234337201182,9.619933984758e-06,2.942429653538728e-05,3.4757967637736586e-05,0.0009529992807041608
186,5.89854696629607e-07,0.002562471865445284,0.9956649662607834,0.00026693179244648537,9.967585729732292e-06,2.475646005799479e-05,6.28046290105519e-05,0.0014075115518300374
187,5.480035117131204e-07,0.0024189750743717478,0.9964407069835333,0.00014758945668447683,8.609814287853832e-06,1.4692359690460335e-05,6.142825963020759e-05,0.0009074500482901933
188,6.076817017288035e-07,0.0034208487720703332,0.995234592560021,0.00011407382079086372,8.261858978754898e-06,1.7164378696140527e-05,8.997198496524897e-05,0.0011144789427759156
189,5.120803877111914e-07,0.002039027218356306,0.9969393237544787,7.024938353666767e-05,6.0436628912966695e-06,1.24049048998315e-05,0.00011052230672836776,0.0008219166887210638
190,1.4749137576558672e-06,0.8446434334501955,0.05427969906754237,0.001915926532369916,4.627508867330343e-05,0.0001336291589273346,0.005458651243767153,0.09352091054476672
191,1.1074203014960005e-06,0.8961725600832046,0.014476157668102375,0.0006054652418101938,2.695536939366092e-05,7.313108731592444e-05,0.0027417765578788334,0.0859028465719931
192,5.757929716760334e-07,0.9954930195779952,0.0008252948051743755,6.389585267925665e-05,7.86544571753781e-06,9.57318768639278e-06,0.00018833022608459292,0.0034114451116909117
193,5.335733086372559e-07,0.9930664210407738,0.0006185278447123472,4.791613332176542e-05,7.497293699419243e-06,7.154871218704485e-06,0.00016229034678997867,0.006089658896175434
194,6.032340966813695e-07,0.0009314574065392969,0.001629402807496048,5.883414971711521e-05,1.3964084750922857e-05,9.323650471316245e-06,0.0002838969030105004,0.9970725177639181
195,6.303584723889592e-07,0.0013179782278452715,0.0015835335933949296,6.355801738861633e-05,2.3013250659001484e-05,1.0018344196895188e-05,0.0004064717010748819,0.996594796506968
196,5.914121204485512e-07,0.0010610422488536227,0.0014810955667305767,7.030566100943641e-05,1.8708075600087508e-05,8.926471679778532e-06,0.00038723568674755275,0.9969720948772586
197,5.640779269662079e-07,0.0006713750449153353,0.0015257029845227612,7.030003260489467e-05,1.8691900734352605e-05,6.5249374633848325e-06,0.0003665865606933566,0.9973402544611389
198,5.677058964293439e-07,0.0007734991410441586,0.0016089673515130303,7.679381325675062e-05,2.3142959688533326e-05,6.785859591638982e-06,0.0004529098263048319,0.9970573333427046
199,5.799800268132094e-07,0.0007896757530391819,0.001662936591885392,6.486219128852001e-05,2.5782444392377272e-05,7.225928920306917e-06,0.0005121829001896793,0.9969367542102576
200,6.081720675685561e-07,0.001092862148403044,0.002083135184798312,0.00010223492230245203,3.217846449940537e-05,8.110258082481964e-06,0.0007998236184215274,0.9958810472314252
201,5.695517933625407e-07,0.00042471361581665744,0.002119779815309791,8.017965665142823e-05,3.0945978030415426e-05,7.290726482604337e-06,0.0011943405138443767,0.9961421801420713
202,5.234953182822772e-07,0.00042536253861306044,0.0020335107370618288,2.0140969638648125e-05,7.134365029973093e-05,6.073327042173445e-06,0.0012651624437340842,0.9961778828382921
203,5.615999000794643e-07,0.0003787896172043301,0.0019780441120139385,4.486942603043973e-05,3.0110728633738243e-05,6.859761824888479e-06,0.001260800887515429,0.9962999638668772
204,5.670277964288464e-07,0.0004118138196235605,0.0018585023156078022,5.5333004419360243e-05,3.15689172365724e-05,6.216849717757282e-06,0.0014350431780851814,0.9962009548875134
205,6.02230620188402e-07,0.0005512449287250578,0.00227120333557201,7.268784801822762e-05,3.917696547780633e-05,6.990245779348241e-06,0.0021448405930867853,0.9949132538527207
206,5.669491039816618e-07,0.0005180398507221905,0.0020674700702057974,8.04388122487892e-05,3.688518313149193e-05,6.308421837145632e-06,0.002584843237574152,0.9947054474751764
207,5.661018518130575e-07,0.00038882387742165416,0.001609515394233255,4.6862348988057744e-05,2.8738033662067493e-05,5.8506108837861865e-06,0.00300534750889128,0.994914296124068
208,5.609386137002069e-07,0.0003426977895667926,0.0013778767993521692,4.040055597036046e-05,2.2339711527801915e-05,5.552523046534961e-06,0.0021128727176898685,0.9960976989642327
209,5.712588252052086e-07,0.0003674797316367737,0.0014308041886550932,4.795444330168426e-05,2.471206304268141e-05,5.650548793224102e-06,0.002609983823322607,0.9955128439424228
210,5.298927882444676e-07,0.0002753049313193981,0.0011481729863904132,4.742851906040829e-05,2.1198005455524724e-05,4.530064702787691e-06,0.002844654464476598,0.9956581811358065
211,5.02201565136394e-07,0.00023289802652599664,0.000866318504923719,3.429746692367174e-05,2.0868274693926626e-05,4.176727723053205e-06,0.00252030474128438,0.9963206340563602
212,8.926234365853552e-07,0.0016998327466759328,0.008923071408273113,0.00027670581230841707,0.00011793784934584594,1.2708682436740454e-05,0.06991547923197834,0.9190533716455451
213,9.641811910372422e-07,0.0025704571356222608,0.01137115410483762,0.00040682518776585677,0.00015982462187715007,1.387647891849351e-05,0.15021274916295607,0.8352641491268316
214,9.604419789716772e-07,0.002080798185934456,0.009784820118879527,0.0004056485957325787,0.00011299706183055786,1.3165609581892537e-05,0.16014061143385097,0.8274609985522111
215,1.0568043386028861e-06,0.0024290845224171787,0.006260311845061279,0.0006362933586335697,0.00015491603082037233,1.561064169931267e-05,0.33945044409262903,0.6510522827044007
216,1.3071566517686855e-06,0.00286100860870936,0.01032638316099222,0.0016076887673151883,0.0002811580582345286,2.4074830737857025e-05,0.2856844155246663,0.6992139638926926
217,1.401555820150358e-06,0.003456199854315255,0.007808858761954289,0.002434617859987529,0.0003554854593687135,2.6272853302240026e-05,0.5812081260314457,0.40470903762380606
218,1.5685084097839536e-06,0.0031391760376992288,0.009084975009982947,0.005077813042975247,0.0004426143561791107,3.2442419664791056e-05,0.3711769072852342,0.6110445033398546
219,1.4347479576976936e-06,0.001575141378141281,0.0066852855187646155,0.0022900848601766235,0.00036741236629330814,2.753693123581135e-05,0.24482093522208653,0.744232168975344
220,1.6520984806892966e-06,0.0017372810321864562,0.005639514229804479,0.008510893408230547,0.0005973696619836179,3.706445787519092e-05,0.3597230654645347,0.6237531596469044
221,1.4345866947325713e-06,0.0010043959008808666,0.003285143796281976,0.00647878572753491,0.00024248826448807482,2.6545160345751634e-05,0.20718461004321387,0.7817765965205598
222,1.4644954985484467e-06,0.0007757977437616811,0.003195700615294128,0.006883187770112853,0.0002467290540566587,2.787372570881765e-05,0.22851953007051068,0.7603497165250566
223,1.3699725507812259e-06,0.0003857760201239547,0.002218585602253258,0.006077128381255253,0.0002102335021471816,2.5315184691431413e-05,0.8410586110745084,0.15002298026246963
224,1.281662943754467e-06,0.00018173992057677967,0.0015522301235231391,0.006068584428978483,0.00025790718710646534,2.26298802425047e-05,0.8721020472557912,0.11981357954083773
225,1.3941532074187963e-06,0.00020096121789117083,0.0002367082113684108,0.004462552244959757,0.0005480147593714821,2.535383975655371e-05,0.9179567189070011,0.07656829666644398
226,1.4594601995300881e-06,0.0007913424041378564,0.00014518209455393173,0.006709780860066332,0.0005625020662761994,2.7648915095707266e-05,0.8695725645795029,0.12218951962016746
227,1.4823869772948738e-06,0.0004674354709388869,5.0959078335517615e-05,0.008831018474413305,0.0011074219868346495,2.961517165106205e-05,0.8558370136666736,0.13367505376417568
228,1.2166659287828912e-06,0.00033166444940817296,1.4792195769747371e-05,0.010298787797901087,0.002328293846969645,7.99259270975049e-05,0.8580707449892786,0.12887457412764652
229,1.64949597086005e-06,0.00033365184241235506,1.2989581673821425e-05,0.01689645718032156,0.004601738811886533,0.00012452188155251433,0.6769357464091332,0.3010932447970492
230,1.0189360109159958e-05,0.00029214701755685216,1.1124435760007685e-06,0.00784213423104955,0.0025113152999672885,0.0001689008973150166,0.08229621550878033,0.9068779852416458
231,1.6826395064824945e-06,0.00013750767609402626,1.0813599589203413e-05,0.012571822502141863,0.0033514466219281914,0.00019864599304732602,0.17922027234209995,0.8045078086255929
232,1.7867389535079114e-06,0.0002031738488325442,8.387251490127046e-06,0.01478555859161724,0.003235732880663784,0.0001639249119219385,0.21259449292113552,0.7690069428553853
233,1.0556467639830363e-05,0.00018587533276967147,1.4307946565040465e-06,0.01478583111457923,0.0038796703112969036,0.00034009445995838354,0.17519845816652987,0.8055980833525695
234,1.778801988587625e-06,0.0002521338198770163,3.828383829871529e-06,0.00935748243476199,0.003028518131092888,9.150994570988648e-05,0.14188897692873664,0.8453757715540031
235,2.0369542705729975e-06,0.00024976568400088365,3.019312110874621e-06,0.0034601528767001038,0.005407357200182017,0.00011379764821842473,0.1317709427200272,0.85899292760449
236,1.6793998072470696e-06,0.00020366987166236354,5.596932301722935e-06,0.00277267110186458,0.010204331705732088,0.00011502576579924878,0.1724163364516379,0.8142806887711949
237,1.6253963734315667e-06,0.0002059879661793971,4.872923623224858e-06,0.003066549389173616,0.015547057608460101,0.00010783036894901282,0.20097520708859257,0.7800908692586487
238,1.8162081474535835e-06,0.0001330976655154097,1.609390786016656e-06,0.0021023032062476954,0.016550687000371548,7.496071037637544e-05,0.17484670987167114,0.8062888159468844
239,1.771532610167539e-06,0.00020402302407468228,2.1333441666068134e-06,0.003944641618575056,0.0444241857341839,9.89102838071669e-05,0.5540537517382684,0.39727058272431387
240,0.04711250108433172,0.0070532693914066216,0.00378999170569976,0.10799537834596894,0.14237006155309456,0.06956017199771924,0.2908021523629929,0.3313164735587862
241,1.1921675405199418e-06,0.001074221072574182,1.094243264763733e-06,0.008578730235204696,0.04962972777711053,4.396299339501716e-05,0.748025887367372,0.19264518414353848
242,0.06599605712607393,0.08532577173190689,0.01116270221087857,0.14976284392364653,0.10944584791605413,0.08451416424743913,0.27716865593558937,0.21662395690841138
243,1.6689385646340397e-06,0.00059282278180145,1.014690976101622e-05,0.0079681649877479,0.10594580153712899,0.0003351395369834195,0.83048600050334,0.05466025480467261
244,1.7480062479249065e-06,0.00046128483823312393,9.662562397951688e-06,0.005887194454841404,0.15926799149893228,0.0003563218708830959,0.8067903840421431,0.027225412726321105
245,1.4725525717876844e-06,0.0003975533650126318,9.681916749304e-06,0.019853562188615625,0.16227228040039313,0.0008394485043763567,0.8063848651937103,0.010241135878570794
246,1.5978682931121326e-06,0.00041349034658326147,7.255404162928538e-06,0.014169699220788248,0.18063087106107567,0.0012211425776032718,0.790554233969315,0.013001709552178515
247,2.2582912211128488e-06,0.0002499711892171405,2.2320049501080678e-06,0.024350422541340913,0.25055000399995103,0.001511518541238574,0.7222369867390636,0.001096606693017533
248,4.326672039184312e-06,0.00033446603691837597,2.166608573092783e-06,0.02895257206379535,0.3330228249133806,0.001142739127596442,0.635027103138731,0.0015138014389659174
249,4.592268923074687e-06,0.0003045012528060499,1.977377317553281e-06,0.049901694168762785,0.612722740306147,0.004840251949459338,0.33161863856441154,0.0006056041121725981
250,6.284745593592634e-06,0.0007947883290837624,1.5952594894971608e-06,0.050215420828818254,0.6834254905477924,0.006848385490986315,0.2584104932603893,0.0002975415378469743
251,3.5765786239233543e-06,0.0005083095638408304,1.430277878391175e-06,0.1010247117637705,0.8738858587105233,0.0014560146027162702,0.02294284505240954,0.0001772534502372091
252,2.72436391251773e-06,0.0006127369398399495,1.185492234768298e-06,0.09960977169973846,0.8797808294027936,0.0013977514774769694,0.01848042163985786,0.00011457898414585865
253,2.5579761070262175e-06,0.0008305813827398595,1.0997848077765457e-06,0.10524378524528442,0.8762692704490407,0.0013145412139119565,0.016238919009944553,9.924493816378787e-05
254,3.1404578724140855e-06,0.000496678488140984,1.019428835436806e-06,0.0891098038234832,0.890621369600846,0.002227959078512998,0.017442157463391627,9.787165891722761e-05
255,2.4366829481706537e-06,0.0004633622612400625,9.19863386593264e-07,0.09627148289425945,0.887299299500776,0.002054882098784536,0.013836522325505753,7.109437309945703e-05
256,1.7100962598981527e-06,0.0004124343056479674,9.788572122315569e-07,0.08206515225437302,0.9010572433071264,0.0018388926657656993,0.014563135938563494,6.045257505127938e-05
257,1.5203786209658755e-06,0.0003447389621507289,8.957136078843834e-07,0.08922640580747385,0.8985634615740603,0.001744900232751365,0.010067027080328042,5.105025100677946e-05
258,1.8595850353939355e-06,0.0003794383999802823,8.485040964054294e-07,0.07589447176255196,0.9137085410866964,0.002293049933055309,0.007672004374690981,4.9786353893313336e-05
259,1.510934365218695e-06,0.00035107190802706364,8.332812792949208e-07,0.06992298125275934,0.9225328674336347,0.001391283294190055,0.005755975157254745,4.347673848951929e-05
260,1.2037028499232264e-06,0.0003029960941296336,7.811330765137332e-07,0.07516817187198661,0.9203527603061474,0.0009648938929333371,0.003173663847957836,3.552915091873345e-05
261,1.8286314407402802e-06,0.0005101648667694039,8.348634237669112e-07,0.054522995101392364,0.9371482544700102,0.0018847354852362481,0.005881475489091309,4.97110926360032e-05
262,1.952217306929985e-06,0.0005710215916667272,8.517421614109023e-07,0.059836084200420026,0.9325274717401207,0.0024051431780959596,0.00460276299886109,5.471233136697464e-05
263,1.0489901966668896e-06,0.00041244439343543564,8.887061663192934e-07,0.04762630314625332,0.9469012937549298,0.0029506727223479966,0.0020689711942656927,3.8377092404789944e-05
264,8.017614134128599e-07,0.00033412754436329883,9.296053558630012e-07,0.03804351553410394,0.9566101332222892,0.0033458600154376602,0.0016341489374237076,3.048337961287422e-05
265,7.853575733030236e-07,0.00039166290603558145,1.4489071606693796e-06,0.06444787017968202,0.9268471846425763,0.006309278776118269,0.001964881772516998,3.6887458336851e-05
266,7.018509519424451e-07,0.000249177902844809,1.110368538628156e-06,0.06182232083775963,0.9297919117059872,0.006873637206988115,0.0012336576136903962,2.7482513239276506e-05
267,6.343677822639898e-07,0.00023978410551360859,1.5427219868508473e-06,0.06189195595451205,0.9291385696999463,0.007593227155854909,0.0011065647691831774,2.772122522088678e-05
268,6.137611124943716e-07,0.00024568439496993775,1.645434075030392e-06,0.061689162258633426,0.9288940411050188,0.008099606195289828,0.0010417514504924585,2.7495400408023836e-05
269,5.837050270267838e-07,0.00018038426869347268,1.4458522496731402e-06,0.05870655155641994,0.933094043084003,0.0071521705152968445,0.0008408836657169219,2.393735259299531e-05
270,5.671166191508168e-07,0.00019661262449939367,1.6891705900238189e-06,0.07125956105779323,0.9189462926451324,0.008676954181434491,0.0008927827369080348,2.5540467023225552e-05
271,5.553484669206533e-07,0.00018905949309834327,1.5955123889799445e-06,0.06582852488998714,0.9252646417771256,0.007869544171525734,0.0008217397492170321,2.4339058190256445e-05
272,5.467503436845834e-07,0.00018856830901953437,1.560924828740135e-06,0.07980775368041,0.9102062251801686,0.008964135841189165,0.0008076285359852829,2.3580778054992333e-05
273,5.200276206599924e-07,0.00017674481426059986,1.533000083451177e-06,0.07693010373323622,0.9132514134482567,0.008847376293295637,0.0007708117523972444,2.14969308494679e-05
274,4.963996514325821e-07,0.00016189348313934822,1.537061756920081e-06,0.0808490870045164,0.909411212625955,0.008815913110974141,0.0007391978307185833,2.0662483288138563e-05
275,4.6001190866709884e-07,0.000140125207102783,1.4869564815588132e-06,0.09182031835318145,0.8996504186535159,0.007719082644009164,0.0006498710695110835,1.8237104289267155e-05
276,1.8929985755021864e-07,9.52185262290077e-06,3.799714542307722e-07,0.1268219815338702,0.8730012612619621,0.0001369668916422421,2.726642988880597e-05,2.4327587019632203e-06
277,8.444586637496071e-08,1.153344094113856e-06,1.2758676475448648e-07,0.0026455731430571287,0.9973424055136985,7.827896052788554e-06,2.363929454149845e-06,4.6414101219718884e-07
278,1.0354126475997888e-07,2.0123211696196065e-06,1.7751923507447343e-07,0.006933767764635751,0.9930409322155404,1.7705207134531384e-05,4.61037444559821e-06,6.910565742235542e-07
279,1.1022015917752504e-07,2.3875129794030303e-06,1.9230563264821818e-07,0.009010158133803766,0.9909607772910783,1.991706349842155e-05,5.7089417152156625e-06,7.485311330829937e-07
280,1.1468950539656224e-07,2.6431530473118568e-06,2.08532016171071e-07,0.010758964655662003,0.9892039234324741,2.6247956874218154e-05,7.056217299362431e-06,8.413631213981715e-07
281,1.1628113331396401e-07,2.684668628447042e-06,2.2308975200651426e-07,0.011714308726578953,0.988252693138718,2.1465393213336283e-05,7.599373082342167e-06,9.093288936027402e-07
282,1.4095299637328892e-07,4.1914324487699125e-06,3.104676099706533e-07,0.028746591318646264,0.9711837076508697,4.8747919214571464e-05,1.492463319230265e-05,1.3856250220910745e-06
283,2.744989816713985e-07,3.207985220999963e-05,9.684827037006849e-07,0.9940777053535573,0.004786927475001601,0.0009255238267890969,0.00016990522447729532,6.615286279349137e-06
284,2.623125079643967e-07,2.641478497291594e-05,9.040327525806002e-07,0.9953270744447816,0.0037455864087004224,0.0007466331181541273,0.00014721698344346987,5.907914686943163e-06
285,2.759773506144489e-07,3.1238266434154315e-05,9.744576220111581e-07,0.9931764637481753,0.005597254852060231,0.001007164068297317,0.00017996534604413023,6.663284016295485e-06
286,2.5534101301477927e-07,2.6265825107581916e-05,8.815210309365496e-07,0.9943496491192341,0.004752154343446619,0.0007206186698350427,0.00014433225758272102,5.842922749945493e-06
287,2.5448845396724127e-07,2.8423468068877984e-05,9.300177079078722e-07,0.9915974794660662,0.007343675605065341,0.0008662100864015621,0.00015693400807394113,6.092860162104477e-06
288,1.3522597847189828e-07,4.4384271820803e-06,3.240758963231915e-07,0.979831898361676,0.020088913511153536,5.59894707630209e-05,1.6916139838860193e-05,1.3847875116653827e-06
289,1.3476840284010968e-07,4.7357183909348985e-06,3.364852676239363e-07,0.9782801794929235,0.021636397434828727,6.0308938821065884e-05,1.6492203613889354e-05,1.4149577514210234e-06
290,2.624998414744095e-07,3.9747560737787946e-05,1.0888632209534502e-06,0.9946835604794811,0.004366078495504168,0.0006980836910074797,0.000204100539271414,7.0778709356835265e-06
291,2.6186891079033486e-07,3.492944258773366e-05,1.1287713643564099e-06,0.9948480489213344,0.004286958044328032,0.0006411617445195411,0.00018176814992352844,5.743057031558548e-06
292,1.5042016768262183e-07,6.330133925244098e-06,4.198991939765156e-07,0.9731009068236197,0.026806744884657306,5.9621029566737294e-05,2.4366902785120406e-05,1.4599060842657852e-06
293,1.866021980376032e-07,1.2638464212042043e-05,6.199821730193032e-07,0.9230079021116925,0.07676592437272078,0.00015685175762563167,5.358676868085722e-05,2.2899406970534605e-06
294,1.8116359702484833e-07,1.0958319180927227e-05,5.942131955281504e-07,0.944201897156427,0.055604325790902735,0.0001331307499688669,4.687548635547749e-05,2.0371203722829905e-06
295,2.4815244495149623e-07,3.112335422140397e-05,1.0424243119554184e-06,0.7201232496956892,0.2791575467451034,0.0005340216083795208,0.000148292393391953,4.475626457448253e-06
296,1.973745286593698e-07,1.5886272942412175e-05,7.159113200833398e-07,0.9364200576586038,0.06331832599714908,0.000176945178992433,6.531819765361925e-05,2.553408809878954e-06
297,2.7720666855860236e-07,4.396847409614853e-05,1.3212184341008146e-06,0.6058952504422034,0.39306319806180484,0.0007600339720673026,0.00023088838456454013,5.062240161198885e-06
298,1.8048651888833188e-07,1.184598111530776e-05,5.912317023369751e-07,0.0466745838837494,0.9531472161294398,0.00011851599035630385,4.52349404764995e-05,1.831356641476748e-06
299,1.9416787881089095e-07,1.4550510461270141e-05,6.875198715879179e-07,0.05846811618851344,0.9412892335389254,0.0001672835629958284,5.7991810281156686e-05,1.9427010726185133e-06
