oos_period,model_1,model_2,model_3,model_4,model_5,model_6,model_7,model_8
150,0.06817430240518275,0.270841368713348,0.15500262460155007,0.004123671620536321,0.13424333525952925,0.09839367242992204,0.1734074099035539,0.09581361506537764
151,0.0852994555106377,0.09436968076016627,0.27320834869450666,0.0805452980807488,0.07177623276270191,0.09100609509342629,0.04507593041464246,0.2587189586821699
152,0.07327289308057516,0.1314616669159321,0.310602395143486,0.07264446185361345,0.0864034487101686,0.13610995878496768,4.597401023138166e-17,0.18950517551025695
153,0.09625073691123924,0.17997760072004904,0.24350729573918753,0.07519704523188517,0.11273294420373023,0.13446051107425047,0.0,0.15787386611865828
154,0.04346682046429163,0.21313177752876294,0.17704468522465194,0.0688532641849123,0.12401300558045719,0.1566692141685281,0.05031824140425383,0.16650299144314204
155,0.04960981284583013,0.18648108696713445,0.16563156656555522,0.054423850118017265,0.19372705806743837,0.12231391507906998,0.12974194122771598,0.09807076912823853
156,0.046245464767982476,0.21176756942398134,0.1481521021469931,0.14244485655303055,0.13523330376678086,0.17290157469929368,0.07139693429944276,0.07185819434149512
157,0.048345442940128144,0.2026669378958409,0.14324518682063062,0.13578574473958308,0.15953515844845648,0.15721108731453132,0.07451570724920015,0.07869473459062933
158,0.0487286757333333,0.19974431986434063,0.1444299105878032,0.13234610779761288,0.16330097588000042,0.1581029803185471,0.07091975821772502,0.08242727159963736
159,0.0507618953606953,0.19793145251277597,0.16127337402422523,0.1518064387948364,0.14489831490939412,0.19527589049738936,0.027616845411304287,0.07043578848837925
160,0.052184337761077164,0.18164920140522384,0.1708777643553467,0.1371882658832462,0.1567822986784362,0.204289015926467,0.015791201309815213,0.08123791467938747
161,0.050300636814460155,0.19642669893633438,0.1585738600976476,0.14971634725112412,0.13851937078831203,0.2255120423728641,0.012385004588178731,0.06856603915007878
162,0.04316300391987149,0.20061148182325156,0.16228437859442632,0.1538580343309964,0.13041080585616213,0.22977172406381674,0.015760782450287166,0.06413978896018818
163,0.01639555493634639,0.14747483218926324,0.20418910893471132,0.16503124427574498,0.12981169603676648,0.2534113647868939,0.011621268613900445,0.07206493022537322
164,0.02014650120393571,0.15812805776359884,0.18321338656071637,0.19071964635813068,0.10784946422185121,0.25337171290431104,0.00873179188337241,0.07783943910308365
165,0.015722911204624553,0.2103201659085851,0.12723976217428773,0.08596968922089501,0.16285289865308314,0.13917934005263347,0.15740395077487873,0.10131128201001227
166,0.027128321029819234,0.1431586281047516,0.18672938405758924,0.1770956287624671,0.12286438383991026,0.20532854700945535,0.02955043796885539,0.1081446692261519
167,0.03153135986846426,0.1350403143598285,0.21003431300680087,0.15608559629111457,0.12339850085712252,0.20291213829320287,0.03538202302951082,0.10561575429295553
168,0.02572421199192424,0.13958008401808902,0.20257990862606656,0.1640678416828889,0.12046571260011245,0.20478311649563735,0.03867611369644671,0.10412301088783467
169,0.03195992196480083,0.20121017217012402,0.14253352404128528,0.1157890149859877,0.14087140795800732,0.1298412543385407,0.11950604788708165,0.11828865665317247
170,0.03383937235964442,0.19723361069824677,0.14314046856308196,0.12205119870336772,0.13686287136928055,0.12883394734769793,0.12065033135287245,0.11738819960480819
171,0.0,0.15321634208014706,0.1572381333235757,0.1348151722503516,0.1415048750082689,0.17370730680346944,0.11538469149570153,0.12413347903748569
172,0.0,0.12091123919360344,0.16871382406215515,0.17961532213930884,0.12567934200517045,0.21740626707222116,0.04192868394320483,0.1457453215833361
173,0.0,0.13972057017628015,0.16320656559565366,0.18917220394362014,0.1289744321720749,0.2066213640453268,0.038039680655842456,0.1342651834102019
174,0.0,0.12938488037352863,0.16708922941027635,0.17555853961768733,0.12647450260341692,0.2313754353619926,0.025586593215094895,0.14453081941700324
175,0.0,0.1359564536070617,0.1890405236474786,0.12714164512109283,0.13810786553906107,0.24038447827330192,0.04560087373586008,0.12376816007514387
176,0.0,0.1458165377118774,0.18864484833044162,0.14946349587888635,0.1288051524558272,0.23533955041571816,0.04607091060568154,0.10585950460056773
177,4.200496873456869e-05,0.1430674217551566,0.18361908548321587,0.15248363775300655,0.14259620703894033,0.21998414581594206,0.04545000775832275,0.1127574894256813
178,0.025438145499573014,0.13596155752317593,0.18197558944828077,0.14911071476986165,0.1458638309751965,0.16864998604479625,0.07179848849281728,0.12120168724529852
179,0.0,0.15013736811131692,0.18900930754568646,0.16272387075597203,0.1342532185010143,0.2249855424792957,0.033285156015358204,0.10560553659035647
180,0.0,0.11662497811154426,0.21114578574673665,0.1600294546965615,0.13780918054413574,0.22011410760699163,0.03367584747111357,0.12060064582191656
181,0.027410517120301018,0.10133410045075983,0.2265391357547242,0.1247814698842132,0.14918524600399322,0.17568551032677,0.05994125750449154,0.13512276295374698
182,0.0,0.12375789183210134,0.21467907076803008,0.14605021139111551,0.1395866604808828,0.22118715273757053,0.034501179991961825,0.12023783279733788
183,0.04428340036255472,0.0443457537024612,0.4021451158054354,0.06567157661532234,0.13686349932733993,0.10196001485414759,0.03563259222352644,0.1690980471082123
184,0.07227219231379473,0.05451502993690746,0.17890493212149736,0.24867667531469398,0.20061482185222884,0.16008584297616396,0.025778687756489612,0.05915181772722404
185,0.053505186727000664,0.07731356730064019,0.27325813306305907,0.12813705883558743,0.17767577614642757,0.1219399626326255,0.04118699693396493,0.1269833183596947
186,0.0608581494639197,0.050377184257970345,0.23421291075456463,0.13095215962319565,0.2270990798584097,0.13678729454728017,0.03482346313184258,0.12488975836181712
187,0.06767843922293494,0.06669069355401702,0.22946715515037505,0.12839261135750377,0.2439622099676106,0.1451004279591381,0.03138246278223847,0.08732600000518205
188,0.0480812288690714,0.08949828028729104,0.23362042830586185,0.12147815679415833,0.21257080507033962,0.17502778233229227,0.03218609774971025,0.08753722059027524
189,0.053057230268770655,0.06778118629721688,0.26580742750689573,0.1101984715808573,0.21919258637414166,0.1778219283319174,0.03816788935459266,0.06797328028460765
190,0.05556840843976619,0.11658546178351284,0.18769994994492464,0.11357811076568439,0.24608719402725465,0.21092899724548977,0.04056885855705225,0.028983019235315197
191,0.10139557146068426,0.1332390663736136,0.15797423785089632,0.08746321942782022,0.30616573506231737,0.1806158235153941,0.024042119666282648,0.009104226641991455
192,0.16238000521764515,0.11382571275351544,0.14893791056661215,0.07384535511639766,0.3908071254683465,0.1102038908764829,0.0,6.092522105455007e-17
193,0.10134472616740044,0.10262586634345441,0.1600020245313091,0.14394144968031405,0.2848262622883252,0.18913204673317507,0.002928742640053859,0.01519888161496792
194,0.1141750665448102,0.08512862316659339,0.12920242406101554,0.1589278879600403,0.24817349776989447,0.1982639061062075,0.042271665190812484,0.023856929199626054
195,0.1148378361142801,0.08502569678763346,0.12872742259532527,0.1582558661886187,0.24535539597696301,0.19592144368072756,0.037755416377903216,0.0341209222775484
196,0.11047655092198082,0.07023963998834845,0.12746722585209927,0.13669067004749388,0.2559654008264791,0.19927956114399034,0.03378764531324498,0.06609330590536315
197,0.1364694837490798,0.05085751140323926,0.12092859136102653,0.12045916188059992,0.31777337104121556,0.1447269835830235,0.050112110826254115,0.05867278615456121
198,0.1357317508046854,0.04809349141249081,0.12385699702420229,0.12018029624536763,0.3152975456926673,0.1460686687771006,0.050252893262571624,0.06051835677991436
199,0.1416366132037546,0.06009129137938678,0.12335236075372417,0.11569274979635948,0.3104668316586161,0.14638466083705098,0.04401662258346266,0.05835886978664521
200,0.13079832628006724,0.05306447044630631,0.1134806776695866,0.124372836019299,0.32180526114739477,0.14991926914613501,0.0491813320079542,0.057377827282256856
201,0.1426828732299619,2.383083427186552e-19,0.17877090192907993,0.07059301923126333,0.2883821747546123,0.1283174009266126,0.05278653133097113,0.13846709859649875
202,0.1235413015178574,4.308687196088866e-17,0.08300284519286197,0.06046154037857641,0.3535571543859859,0.10633504242361932,0.03315424770959376,0.23994786839050522
203,0.12096528202694201,1.5410229228059686e-17,0.07996605596039578,0.03741285507402759,0.35230476662653176,0.14147000424717507,0.013524329806424627,0.25435670625750306
204,0.11749423113788288,0.0,0.058461083449385394,0.05954023415805247,0.17331471524479708,0.024669636815789275,0.14333827546273786,0.42318182373035484
205,0.13212316592444737,0.03144831020773116,0.12914195673669449,0.10489987000766447,0.3836662215212302,0.1373635310800516,0.04215440065415593,0.03920254386702474
206,0.14201853237910506,0.03280341447162797,0.1196065275192235,0.10179103870930134,0.3931037755888956,0.13362414722591065,0.040392273008197754,0.036660291096738205
207,0.13891628463720143,0.03989982719361901,0.14280174049510475,0.0678260937636824,0.38345620528186913,0.12556426453095726,0.04171142046555336,0.05982416363101274
208,0.14095447471997727,0.04430523201444261,0.1357585715626985,0.08082659764744572,0.3995682724630293,0.12581273194157735,0.032296550366596254,0.04047756928323291
209,0.10640066349357383,0.011780152440332195,0.1399228623556919,0.03665939267245091,0.3619818591286805,0.1421289854078336,0.06495238626282768,0.13617369823760928
210,0.06515986186514254,7.877776986371539e-18,0.11304073280021658,2.3751333236578864e-19,0.32285195343013506,0.15692000015499707,0.06554098262955659,0.276486469118952
211,0.10354399750875234,0.04329581653604848,0.0920745954413675,0.033904003055207466,0.3589781366060429,0.13645506669122576,0.05652211839760375,0.17522626576275177
212,0.0703482521374943,0.009973372785645,0.05268264674815189,2.85865149368568e-17,0.29117805653707907,0.12589288992106432,5.280826909651655e-18,0.4499247818695654
213,0.16663695040421167,0.049133761044464055,0.0565279792228627,0.09310901520652173,0.34278088193678646,0.15401892534626974,0.0694998359657605,0.0682926508721231
214,0.16485277644086413,0.0718032627985549,0.06643857590627943,0.09566919496056742,0.323235796001827,0.14522759019312145,0.06487811613036532,0.06789468756742027
215,0.0,3.9412917374153575e-15,3.1225022567551245e-15,2.817190924983512e-15,1.3877787807800553e-15,1.026956297777241e-15,0.9999999999989875,4.163336342340166e-17
216,0.0,3.7970843301724505e-16,0.0,2.2818703639588805e-16,7.481155754416728e-16,0.0,0.2652597079575684,0.7347402920414303
217,0.18899786223848902,0.06985109527648592,0.015742066889855206,0.08431902269095207,0.3223721626066153,0.16146108681507207,0.07829911863276487,0.07895758484876554
218,0.18745003937064209,0.071535493451996,0.016184290395051457,0.0839128903038062,0.3134383806486539,0.16189805521528172,0.08312964392409251,0.08245120668947602
219,0.04558161701641847,0.0,3.8024606021408e-17,0.05651443194342879,0.14813480227301895,0.07407935155754279,0.1741051531843715,0.5015846440242194
220,0.17344046408659608,0.07286020086719157,0.0009662655845591187,0.11804643724428975,0.3195574866595586,0.17234782155854966,0.08258615772371575,0.060195166274539455
221,0.06683946379394194,2.336085104789502e-17,2.0135223853300762e-17,0.051431948196636955,0.14318339150472692,0.07289939855446481,0.24348076773399013,0.4221650302152391
222,0.04802872132178063,8.763230818716817e-18,0.0,0.05430349512480633,0.18234076701629104,0.05297929368697911,0.24607259019347244,0.41627513265567023
223,0.15406122168069927,0.080345179879027,0.018585839113174057,0.11018081506040513,0.3042089834052725,0.16005523252620737,0.11593994454735905,0.05662278378685553
224,0.15985031536305247,0.08935080678344039,0.014585954080508275,0.10740588462011444,0.31994960565440517,0.15793630808770195,0.11258353625929703,0.03833758915048026
225,0.13218436369613518,0.07746808641506656,0.01737222271158251,0.12772088973176796,0.33764439315622446,0.16278969007679772,0.11190854576720594,0.03291180844421954
226,0.1329095228872884,0.07855431862582495,0.016296221182352306,0.12663325389467217,0.3362555630182555,0.1651884678549802,0.11172047357369554,0.03244217896193095
227,0.1801455936371446,0.08688869512046904,0.0,0.12217334958455199,0.31119712032520164,0.17602434254513616,0.10862791213507589,0.014942986651420655
228,0.1885375105334014,0.07959450183244596,1.4163383494812804e-18,0.13024211047996323,0.30185245439007746,0.18130795505499592,0.1053841300320881,0.013081337676027984
229,0.10697121924091307,2.1966952454071055e-16,0.0,0.08287257014150623,0.22765831817162785,0.20237520275236182,0.11669760476554161,0.26342508492704925
230,0.10447792399178414,9.35482774583619e-17,0.0,0.0816806292121893,0.24678306843370146,0.20159320303148323,0.022933155879091435,0.3425320194507504
231,0.10993290420392454,5.2662136515985876e-17,0.0,0.08893666093183922,0.2306332511886856,0.1904898711030101,0.07610248110341823,0.3039048314681222
232,0.1555717977015761,4.2333436154306704e-17,0.0,0.09448371725115529,0.2029439895400223,0.17289875174171446,0.11032818446157958,0.2637735593029521
233,0.11844674427029556,0.0,2.9023458844116835e-16,0.07743528079854989,0.13057080973851348,0.11158916076413797,0.02261331872600431,0.5393446857014983
234,0.14979382677463005,6.185110876879255e-17,1.6896326630856024e-16,0.12508239422674702,0.12061998395170243,0.09843443337682581,0.024873629651695622,0.4811957320173989
235,0.11972871587953683,0.035418685964060975,6.797026473147177e-17,0.11292547194103854,0.10859620222836272,0.10337196536932727,0.08630524318968077,0.4336537154269929
236,0.12525122441352662,1.1090983994767763e-16,4.80648443168891e-16,0.14056686194002813,0.10530714994466771,0.08102219203988623,9.850905141943906e-17,0.5478525716608906
237,0.09937520000839065,4.1568755894131016e-16,0.0,0.1756839050703346,0.11840927240607826,0.07883287980847264,7.614960566882492e-17,0.527698742705723
238,0.08315655810548177,4.75813780671382e-18,0.0,0.20510733736425055,0.10234002900227993,0.04841213898966431,3.730062049161087e-16,0.5609839365373231
239,0.009971495523368889,1.3349916875072172e-15,0.0,0.07162055116423732,5.309778495788756e-16,1.1094437543125685e-15,0.6584969248010932,0.2599110285102976
240,0.0,0.0,1.261988636932818e-14,0.12135904389534061,0.0,0.0,0.4507265213664587,0.4279144347371881
241,0.174457876410453,0.10525110079260822,0.0017430131727987318,0.17335022919252083,0.15419515029645578,0.15624330269922715,0.14777488448767861,0.08698444294725752
242,0.037165811317137726,5.921994984171154e-16,0.0,0.1926286714617223,0.12443268183818273,0.14371534589765247,0.2859444382782786,0.21611305120602542
243,0.14385605025892656,0.040587304908783546,0.0,0.17435317450652627,0.20823913823594506,0.24581077063257645,0.18715356145624207,7.194576092984665e-17
244,0.12140991142544932,2.4344650037627845e-16,0.0,0.17664450066112483,0.16423447817903808,0.18260967286744953,0.3551014368659378,7.524715786855065e-17
245,0.12412908842436615,0.024183636444572196,0.0,0.18764516209522433,0.2041769310653758,0.23693878793578416,0.22292639403367723,5.377798285477882e-17
246,0.12011421656227356,0.015209573712294389,0.0,0.18276845509304546,0.19784343725371006,0.23363938816930643,0.25042492920837,8.930744818925987e-18
247,0.010616554260417766,0.0,1.6612502499435312e-16,1.3144405506244853e-16,0.3429442621057697,8.36730909032483e-18,0.6464391836328123,0.0
248,5.380419488982037e-16,0.0,2.4059267274333158e-17,4.463382587924145e-16,0.46525922130143454,8.388895227624776e-16,0.5347407786975634,0.0
249,0.03611803354389714,0.042704267229220584,4.587038260479568e-17,1.1123903418648028e-17,0.47956088900383986,9.045515234822251e-17,0.441616810222042,7.913903787421076e-17
250,0.017285108520276232,0.02601377913670672,3.240530531722358e-16,0.0,0.5136703886104336,0.0,0.4430307237315829,1.2101571615440534e-16
251,0.0,0.163931256707765,0.0,0.0925923856015538,0.4440158746678944,0.15616838138525416,0.1432921016365325,0.0
252,0.0,0.054162979363331185,2.5242127542776484e-16,0.11758924353467146,0.3700477081624303,0.30843358809602955,0.1497664808425373,1.2176773998973512e-17
253,0.027852843240701638,0.09296660510917151,4.0972024288319095e-16,0.11594752318621676,0.4274333091259771,0.22822151533179952,0.10757820400513303,0.0
254,0.03404091480371881,0.0840253920502025,3.2681352433985564e-16,0.09560965098532513,0.4356185433973651,0.2453625516432155,0.10534294711917228,1.3403311630299371e-16
255,0.028754779931367158,0.0908552014612255,0.0,0.10142291621276693,0.4130228277241948,0.2567271538449213,0.10921712082452426,1.3057521101680334e-16
256,1.565664882717963e-16,0.0651441257122634,0.0,0.03578412364239091,0.4988463589969418,0.3040570587668187,0.09616833288058492,2.7627580231145668e-17
257,4.1905226073749574e-17,0.06500516653962371,0.0,0.04135619335834175,0.49188778451849563,0.30564061308737256,0.09611024249516617,0.0
258,0.0,0.05222410917028647,5.587144981641068e-16,0.0,0.5343959557440147,0.3713354890544666,0.04204444603023158,5.142629924320651e-17
259,0.061508472384631585,0.12976305826819282,0.0,0.08216804580006169,0.4262449838326155,0.1885879552647669,0.11172748444873125,1.18152969919519e-16
260,0.0,0.14526782558938053,0.004023988118041141,0.19516944335663192,0.4728429662979855,0.12476093796971885,0.05793483866724192,2.5952600544966818e-17
261,2.01028704037027e-17,0.17381847093328395,0.024918038197240065,0.04084849693134337,0.4893696240333623,0.16772674272476376,0.10331862717900638,0.0
262,0.0,0.06447635517128283,3.2874538507721756e-16,1.0569666859338772e-16,0.6984296554713516,0.18871219329040145,0.04838179606596246,1.3164031133617044e-15
263,0.0,1.4383860869061533e-16,0.07244552433539071,9.231981451897261e-17,0.7782887235853301,0.1492657520782789,0.0,0.0
264,0.0,0.003654019811254188,0.0,0.0,0.6976459209339508,0.21145602836070693,0.08724403089308755,4.512981915805085e-16
265,0.0,0.0492280622130591,1.176250900423737e-15,0.0,0.67224426803023,0.27852766975570914,0.0,4.1870959916782553e-16
266,8.797257075973757e-16,0.03959556668214889,6.880102397346604e-15,2.303791863353939e-15,0.6503383723946262,0.31006606092220884,1.7310064602637637e-15,4.169841984407477e-15
267,1.8488212189618816e-16,0.0,3.608319163154477e-16,2.0487586552427407e-16,0.9457548297261001,0.054245170272899004,0.0,0.0
268,2.5450511116840714e-16,0.0,0.010732127642195222,9.622346190491004e-17,0.919340093215336,0.06992777914146808,0.0,2.7398984776715767e-16
269,0.0,0.028061205493530493,4.256757463393194e-16,2.0669278647238904e-16,0.6027556980749562,0.3691830964305122,0.0,3.6100032901691763e-16
270,5.5377183051309213e-17,2.2628006532143675e-16,0.0,0.03373316714184387,0.8784932109818642,0.08777362187529165,0.0,0.0
271,0.0,1.6436066531544009e-16,0.0,0.037190045488140686,0.9521647791110875,0.010645175399771167,2.0615497063895293e-16,0.0
272,3.9787370807412963e-16,0.0,7.523440740093352e-17,1.6152983679426577e-16,0.9440950235934076,0.05590497640559181,0.0,0.0
273,0.0,2.2698517960150696e-16,4.540291435305338e-17,0.06179485912307568,0.7371158520925769,0.20108928878334711,2.6604217372032465e-17,0.0
274,1.3508670377795523e-16,0.0,2.4869222187604593e-16,0.018497309068129502,0.9675956517058524,0.013907039225017447,2.49420123732044e-16,0.0
275,0.0,2.5726819458572587e-16,7.063749742480375e-16,4.778766558856475e-16,0.5849631082901113,0.4150368917088871,4.7606901186672954e-17,0.0
276,0.0016526190174404195,0.0,3.3303323782756026e-16,0.061040568120617,0.9373068128609421,0.0,0.0,0.0
277,0.013589966682619192,0.0,2.5893557432090527e-16,0.02497451406791569,0.9614355192484643,1.7578551087126077e-16,3.577434058128295e-16,0.0
278,0.0,0.0,0.0,5.690004079021185e-18,0.5940390931915374,0.40596090680746133,0.0,1.2630964211618458e-15
279,0.0,5.122789830510095e-17,6.12209898930569e-17,0.0504511178799769,0.6620210772171963,0.2875278049018265,2.1293045725992428e-18,4.016744818298348e-17
280,6.083855614546249e-16,0.0,0.0,0.12682367512044518,0.8731763248785541,0.0,0.0,2.5409085100863464e-17
281,0.008346576258053741,0.0,0.0,0.052474531460761996,0.9391788922801837,0.0,0.0,4.2305568770341893e-16
282,0.012224673448686512,2.6283237494895027e-17,0.0,0.10078364721825443,0.8869916793320582,5.857339694750953e-16,0.0,1.159601779290825e-16
283,0.009822616752598826,0.0,0.0,0.15244881149139666,0.8377285717550035,8.631214910535841e-16,0.0,0.0
284,0.006854586637142237,1.3685680735363408e-16,0.0,0.18696364288986855,0.8061817704719882,0.0,0.0,6.231388458883122e-16
285,0.017052712282211637,8.177052784877491e-16,1.958242059691319e-15,0.11166230832961774,0.8712849793871615,3.449063951107435e-15,2.7219979742393835e-15,0.0
286,0.0017530596890401246,0.0,0.0,0.2537757949765678,0.7444711453333914,4.90244656065435e-16,0.0,0.0
287,0.014351530878185942,0.0,3.894761253007414e-16,0.14697207034130744,0.8386763987795047,2.8173565199247033e-16,9.727502125595206e-16,5.855390533597349e-17
288,3.157651269481372e-17,0.0,0.0,0.3408363326204539,0.6591636673785451,6.181761896585839e-16,0.0,8.820623826028822e-17
289,8.817036473863461e-17,0.010047678675581906,0.0,0.30370524797420867,0.6862470733492093,0.0,0.0,6.480249875601687e-17
290,0.0,2.450157964337554e-16,0.0,0.20686304924805093,0.7931369507509479,7.60654299630756e-16,0.0,4.5144456161163856e-17
291,0.006283089045355308,3.340415919371086e-17,0.0,0.3244918331565743,0.6332627869125302,0.03596229088454013,0.0,2.446231151667973e-18
292,0.0,0.0,5.942567910025201e-16,0.2745808577514882,0.7254191422475111,5.1367256931639773e-17,0.0,4.5059794567857995e-17
293,0.0019542088339205006,0.0,4.129245913191181e-17,0.24016163782710184,0.7483873370588944,0.008244336243642365,3.577619478235963e-16,0.0012524800354403293
294,3.543929481811425e-17,0.012948783296275109,0.0,0.15334957550008058,0.8337016412026439,0.0,3.140033228180098e-16,0.0
295,0.013569566241736402,0.0,1.881768395618271e-17,0.27606826985512994,0.7103621639021335,0.0,6.130485659041592e-17,0.0
296,6.988691124622521e-16,0.013370686798784573,0.0,0.264405023399202,0.6936756492900098,0.0,0.0,0.02854864051100288
297,0.002443877187557362,0.0,1.8617976734297836e-16,0.31012536616731723,0.6802117363400485,0.0,2.863886157299704e-16,0.007219020304076387
298,5.057215184751189e-17,0.0,0.0,0.27556400030580147,0.7244359996931982,1.1009051550972857e-16,0.0,0.0
299,0.0,0.0,5.083990348119977e-16,0.320042472946481,0.6799575270525182,1.9811108153373363e-17,1.5134059765006755e-16,0.0
