oos_period,model_1,model_2,model_3,model_4,model_5,model_6,model_7,model_8
150,0.06817430240518262,0.27084136871334785,0.1550026246015502,0.004123671620536132,0.13424333525952936,0.098393672429922,0.1734074099035542,0.09581361506537762
151,0.1028473539148449,0.14437721122401367,0.3007936218385548,0.0892175621949927,0.08830549453739868,0.14625178345957918,0.008326649754115636,0.1198803230755004
152,0.0893164074065042,0.16268453525586038,0.2599465148621063,0.08554497521879742,0.12098749041132942,0.15534618514687074,0.0,0.1261738916975314
153,0.0987460415539485,0.17681493916908564,0.2545987086612442,0.08573503103114177,0.12568301263304735,0.14540519946187838,5.450127619983938e-18,0.11301706748865409
154,0.04413936245394239,0.21643698828219066,0.1750606105023567,0.06505805889014266,0.1420979857679187,0.15576725887763906,0.05108195425404876,0.15035778097076105
155,0.05765567922872415,0.19360757126858388,0.15189816270304263,0.057541109645351474,0.19188323264700294,0.12200233222017905,0.13098285961615222,0.09442905266996364
156,0.04624623994452135,0.21153480985907835,0.14829861883845294,0.1423193113062551,0.1353102888642534,0.1729669283604536,0.0713986053559046,0.0719251974700806
157,0.048350175153607525,0.202557889777444,0.14333496101229504,0.13567502632596604,0.15959612864868788,0.15723421575676566,0.0745177191083833,0.07873388421585045
158,0.048730160921764215,0.19950082371725908,0.14462094683624752,0.1321416517421297,0.16341482874798716,0.1581467978228476,0.0709551278139171,0.08248966239684763
159,0.05069425981530159,0.19807241086786376,0.16076489070764613,0.15290810064057223,0.14438129694902285,0.19540398788168054,0.02749277516000823,0.0702822779769046
160,0.05219685010254906,0.18100438457228787,0.17155704955089354,0.13622241663546156,0.1572839671672611,0.20434586016595807,0.01594768872839864,0.08144178307619013
161,0.05008676762308847,0.19414909410045622,0.16043041691422824,0.14818054360668642,0.13940738208417328,0.22596263246048104,0.012513298988908085,0.06926986422097828
162,0.042884992148908126,0.19834493115652455,0.1624976277716905,0.15572359685848275,0.12975254967476277,0.23081929804287896,0.01567051513427934,0.06430648921147296
163,0.04443815612852095,0.13359212970090922,0.2050739454251183,0.12779525162018449,0.13954494545974175,0.2130701683520428,0.04814627992374101,0.08833912338874139
164,0.022480243575279345,0.13487875875492236,0.21784514863046975,0.14127151359454,0.13129265621844,0.24035647233593058,0.023248684995762253,0.08862652189365566
165,0.014542115379635854,0.20973544351277137,0.11323455978834894,0.11176424840233974,0.15171154998042521,0.14056352448664663,0.1589536203589702,0.099494938089862
166,0.021528451911939653,0.12644366176384303,0.21134595613811344,0.12998301249758337,0.13888410248635105,0.25144365956285974,0.008950611523223836,0.11142054411508581
167,0.026714131220327043,0.11561738651625325,0.22545890030388924,0.12454531746093682,0.1326020038829297,0.2501267235931507,0.01662609556409256,0.1083094414574207
168,0.017333801542789407,0.10888927086544672,0.23268621946806947,0.12448284534491674,0.13328955491903008,0.2547072020503174,0.02015086968529317,0.10846023612313697
169,0.0350715171669575,0.1646470739006615,0.17972798137844948,0.054931054183856805,0.16344448120699434,0.14194383905483948,0.13197224449269698,0.1282618086145438
170,0.04589580448646473,0.3122610299350513,0.09730711390366498,0.06853328856785021,0.141911356113841,0.11351134317485158,0.1211248175622277,0.09945524625504841
171,0.006848351671172128,0.3069655156015928,0.09698969809418946,0.09961033700285526,0.14608469310494668,0.15480775488417997,0.09985877153999384,0.08883487810006982
172,0.010927503821340369,0.14228922865060592,0.13458768264762005,0.16783238266473416,0.11727885489723144,0.21431337987916813,0.07418722945359528,0.13858373798470466
173,0.022496033312224564,0.11810999813007003,0.19909900834277056,0.11247544854335519,0.1564975600315035,0.18218035902863086,0.0671525167446375,0.14198907586580772
174,1.601984662277811e-18,0.11446474851105724,0.22115217321675557,0.09162536665222598,0.16271281511993146,0.21498567326733098,0.040474695860520465,0.15458452737117834
175,9.778432772595347e-18,0.11597294802662968,0.200383523960659,0.12085903403214884,0.1366864742205147,0.24957971263790193,0.05000541198271325,0.12651289513843256
176,0.02798540492894462,0.11048316792218632,0.2103255752433108,0.1123019102974101,0.14738414605166353,0.19989653217183345,0.06614152147639502,0.12548174190725614
177,0.02978437940485206,0.10596626245478125,0.20601006661858318,0.11280253341494688,0.1602007425934288,0.18843170368815595,0.0645501490487454,0.13225416277550653
178,0.026692484209831155,0.09433782933483939,0.21589203988498612,0.11142917473792839,0.1641922962967685,0.18265810016380404,0.07127020905091962,0.13352786631992275
179,0.02993870059667851,0.09336243318507186,0.22603921368616275,0.11468356837508138,0.1541839966226994,0.19795883929543617,0.05678206271848299,0.12705118551938674
180,0.02784466684974312,0.09500905422271846,0.22706035363307964,0.114419257332963,0.15598441054640777,0.19498824554815694,0.055988131134101976,0.12870588073182898
181,0.027390416750945976,0.08849493125328269,0.22502251056886802,0.11902945460350818,0.1569696012298366,0.19824359184034357,0.05726407880602563,0.12758541494618925
182,0.01933317038969773,0.0913277363542543,0.22950887821720664,0.12525772802427462,0.15192989707747348,0.19711712227507516,0.05963538588231216,0.12589008177870584
183,0.04690799645961346,0.039747849309712285,0.41079542135313907,0.06401425832716223,0.13706286694307482,0.09989422299630492,0.036598600485257135,0.16497878412473596
184,0.07017303178401861,0.047680417878800625,0.2024755929437893,0.2424913878453619,0.20112136131931305,0.15849340275064877,0.022697183433057908,0.054867622044009794
185,0.05214521610244248,0.0552427564331199,0.32442883704176906,0.1269746254449718,0.17722738778842032,0.11439580809377636,0.03504185846513285,0.11454351062936714
186,0.06207567874071344,0.04994959823112207,0.22817029837801303,0.13252598910093544,0.23030786182113783,0.1379173330658325,0.03690165633623838,0.12215158432500738
187,0.06437306296748603,0.05662662031992133,0.32571168734560235,0.1170355433400605,0.1832496354585576,0.12554656665967986,0.02776377208222355,0.09969311182546874
188,0.05069393059945889,0.07356456424109754,0.328715559352294,0.10938476481110364,0.16402462604050577,0.14802021018246805,0.028616261283622667,0.0969800834884494
189,0.052869726212230676,0.06372111340053359,0.2738755923404961,0.11012427068103812,0.21869825347086586,0.1762522193119976,0.03738100587249281,0.06707781870934525
190,0.053732055913064715,0.10164200788079433,0.20842736732458775,0.11477469829960275,0.2471782939904137,0.20793466510221864,0.03915365478995845,0.027157256698359666
191,0.10139557146068427,0.13323906637361357,0.15797423785089632,0.08746321942782016,0.30616573506231726,0.18061582351539407,0.02404211966628289,0.009104226641991436
192,0.1623800052176447,0.11382571275351552,0.14893791056661204,0.07384535511639781,0.39080712546834684,0.11020389087648307,0.0,2.533599695012981e-17
193,0.1005609438024962,0.10587291869535863,0.15897085693127172,0.1441861670188921,0.28353225856517955,0.18916108484010957,0.0024621555343622725,0.015253614611329906
194,0.1141750665448102,0.0851286231665933,0.12920242406101526,0.15892788796004031,0.24817349776989503,0.19826390610620737,0.04227166519081258,0.023856929199625905
195,0.11483783611427971,0.08502569678763358,0.12872742259532519,0.1582558661886188,0.24535539597696307,0.19592144368072809,0.0377554163779031,0.03412092227754842
196,0.11047655092198076,0.07023963998834841,0.12746722585209935,0.13669067004749402,0.2559654008264795,0.19927956114399034,0.03378764531324467,0.06609330590536289
197,0.1364694837490801,0.05085751140323948,0.12092859136102654,0.12045916188059995,0.31777337104121467,0.14472698358302322,0.05011211082625456,0.05867278615456145
198,0.13573175080468527,0.0480934914124908,0.12385699702420223,0.12018029624536763,0.31529754569266755,0.14606866877710067,0.0502528932625715,0.060518356779914274
199,0.14163661320375492,0.06009129137938682,0.12335236075372395,0.11569274979635936,0.31046683165861566,0.14638466083705118,0.04401662258346295,0.05835886978664511
200,0.13079832628006727,0.05306447044630624,0.1134806776695867,0.12437283601929901,0.3218052611473951,0.14991926914613482,0.0491813320079541,0.057377827282256696
201,0.17428930195410927,0.02103074453031982,0.1380179653539772,0.10964307447932582,0.32901863837730866,0.12936127287575855,0.06342066992951566,0.03521833249868505
202,0.1555826590937449,5.959147420975774e-18,0.04610483165025298,0.06041044569183511,0.40602824095193857,0.1263696831271792,0.008599645789929724,0.19690449369411955
203,0.08481508791559783,0.006206765533048824,0.015283757621973962,0.03529865750552015,0.3427326201668669,0.14719489798650615,1.8356898032876837e-17,0.3684682132694862
204,0.1448876043062818,0.0005421172854602323,0.0,0.05388145731480167,0.26992022682539285,0.04566309732570922,0.07703789046440664,0.40806760647694756
205,0.1321231659244472,0.03144831020773109,0.12914195673669443,0.10489987000766449,0.3836662215212305,0.13736353108005167,0.04215440065415585,0.03920254386702494
206,0.14201853237910497,0.03280341447162796,0.11960652751922357,0.10179103870930131,0.3931037755888957,0.1336241472259106,0.04039227300819774,0.036660291096738025
207,0.1358363088000569,0.038814766979478964,0.1397053918302105,0.06574210645792884,0.38473832964757104,0.12746683226231215,0.033997019375848724,0.07369924464559285
208,0.14095447471997768,0.0443052320144426,0.1357585715626984,0.08082659764744579,0.3995682724630291,0.12581273194157752,0.032296550366595955,0.040477569283232824
209,0.0940134233744601,0.008213630573974897,0.12243965930685619,0.026803818996966725,0.3658036121322396,0.1490877100975903,0.026626883983711883,0.20701126153320032
210,0.10977379530479503,0.017238824558926145,0.11104142570815123,0.016270238935598234,0.3693164685360662,0.15577931276075732,0.02248458236184898,0.19809535183285673
211,0.09530417968201113,0.0388875413177303,0.08877509174078617,0.028826560042257855,0.3630664722966998,0.13784447316852505,0.028063073292176173,0.21923260845881343
212,0.0937302200680146,0.023466494372939798,0.04748779850251521,1.7808867716003855e-19,0.311727041319919,0.12559347215065417,0.06992776148830449,0.3280672120966528
213,0.16663695040421123,0.04913376104446398,0.056527979222862415,0.09310901520652196,0.3427808819367861,0.15401892534627043,0.06949983596576086,0.068292650872123
214,0.16485277644086396,0.07180326279855487,0.06643857590627954,0.09566919496056725,0.3232357960018272,0.14522759019312131,0.06487811613036519,0.06789468756742058
215,1.4675057146411567e-16,3.3349328444524463e-18,0.0,0.0,3.7735861233629744e-16,2.0964367352016525e-17,0.5276127303848492,0.47238726961414995
216,0.0,0.0,1.192787890469725e-15,0.0,1.1002459964156774e-16,2.3482521819565623e-16,0.4281082507924381,0.5718917492065604
217,0.1889978622384892,0.06985109527648588,0.015742066889855275,0.08431902269095208,0.3223721626066152,0.16146108681507193,0.07829911863276513,0.07895758484876535
218,0.18745003937064217,0.07153549345199609,0.01618429039505123,0.08391289030380619,0.31343838064865354,0.1618980552152819,0.08312964392409261,0.08245120668947623
219,0.04378113395302142,0.0,2.0707382697769653e-16,0.06760602823189772,0.16402214357859785,0.06230859216093151,0.08387839151495531,0.578403710559596
220,0.17344046408659575,0.07286020086719155,0.0009662655845591079,0.11804643724428984,0.31955748665955874,0.1723478215585498,0.0825861577237157,0.060195166274539524
221,0.0705339575172398,0.0,6.14979801023897e-17,0.05659988086349836,0.14355592393292194,0.08117671517440211,0.2690546078718228,0.37907891463911486
222,0.09997896647056585,0.012867536917357154,2.0756422229284206e-17,0.09256417832896721,0.26304627745007503,0.1143069827137849,0.10071206650169173,0.3165239916165581
223,0.1540612216806994,0.08034517987902716,0.018585839113173883,0.11018081506040531,0.30420898340527214,0.1600552325262076,0.1159399445473593,0.05662278378685518
224,0.159850315363053,0.08935080678344047,0.014585954080508202,0.10740588462011445,0.3199496056544047,0.15793630808770173,0.1125835362592971,0.03833758915048031
225,0.13218436369613465,0.07746808641506639,0.017372222711582445,0.12772088973176782,0.3376443931562246,0.16278969007679803,0.11190854576720638,0.03291180844421979
226,0.13290952288728847,0.07855431862582468,0.016296221182352362,0.1266332538946718,0.33625556301825527,0.16518846785498018,0.11172047357369588,0.03244217896193119
227,0.18014559363714472,0.08688869512046893,0.0,0.12217334958455214,0.31119712032520125,0.17602434254513635,0.10862791213507575,0.01494298665142076
228,0.18853751053340134,0.07959450183244594,5.0008031112455815e-19,0.13024211047996315,0.3018524543900776,0.18130795505499553,0.10538413003208814,0.013081337676028164
229,0.1877248513117849,0.07696348068501219,0.001592044190898424,0.1210185467433008,0.3064356694941521,0.19584831550394155,0.11041709206991003,8.216219588358497e-20
230,0.10565105701914877,0.0,2.5612601812110094e-17,0.08171262160763053,0.24555850432819706,0.2031213414778066,0.03657915466143733,0.3273773209047796
231,0.11262741494879795,4.435953221183314e-18,1.568592718924846e-17,0.09144407508348784,0.2278567568219831,0.19632501376772638,0.1152949682863209,0.2564517710906838
232,0.11412886018710906,0.045017137919084994,0.0,0.10480115141295229,0.11297531305869785,0.11017427883917681,0.22003969260524806,0.29286356597673086
233,0.11892216972965745,0.0,0.0,0.07959573383638925,0.1283170868096932,0.1225552376766338,0.06709668981605996,0.48351308213056626
234,0.01651334195286997,3.048650483147961e-15,7.956423790095151e-15,0.08847222534803119,3.398304664098434e-16,4.503023944280114e-16,4.185911482724168e-16,0.8950144326980866
235,0.02956520433308568,4.101470395293917e-17,2.0724519721374924e-15,0.08155500374138086,1.2245640039602657e-15,5.363918169215329e-16,0.012577388236157235,0.8763024036883722
236,0.0163573534649566,4.931493581545373e-16,6.837222845175546e-15,0.08217754151129344,0.0,0.0,0.1716668586194787,0.7297982464032637
237,0.10463112791094994,2.6962339848410123e-16,0.0,0.14569536747995204,0.14335349145560639,0.1007679360342634,0.11630217584990898,0.3892499012683189
238,0.08736493772826896,4.3345256052725866e-16,0.0,0.19512071771513137,0.14840931191089782,0.06919700546106958,0.0039311784297351455,0.4959768487538966
239,0.14968825343960404,0.08464677196898379,5.224869795573723e-19,0.14956719147030165,0.13937341821543742,0.1332919513978215,0.24913131943983577,0.09430109406701571
240,0.1131008005459393,0.04535471283603817,1.8418013626143728e-17,0.1267713774994342,0.11483927185919747,0.10586301860230148,0.32749666585634607,0.1665741527997433
241,0.17335647635170273,0.10443038945809664,0.0009455892595278117,0.1721993647677961,0.15318956509572257,0.15536583177978996,0.15349995513854295,0.08701282814782117
242,0.016510968996647033,9.400012328012597e-16,0.0,0.16297781608215983,0.1902034603311219,0.10609081162973123,0.5242169429593383,6.423595362999237e-16
243,0.009114746433680012,0.0,5.583408254234268e-16,0.07956330709878202,0.18728531252826017,0.15434383612746205,0.5696927978108152,5.314284711068164e-17
244,0.00864324839231551,0.0,1.5293767491768256e-16,0.11559361657082731,0.2521900296990455,0.0927521767834134,0.5308209285533977,3.827701595543477e-16
245,0.025812535372107013,0.0,1.688861669393412e-16,0.264702722569387,0.07707751503777631,0.0743644837741372,0.5580427432455922,3.198871118852361e-19
246,3.9818039260930267e-16,5.744900462291384e-16,0.0,0.12248358936127023,0.19484154329082595,0.10390055210752508,0.5787743152393776,8.6735430685704e-17
247,0.021879788415273653,0.10295783141570093,2.930453165587508e-17,0.36861311129667784,0.15881711677804078,0.1278016991581437,0.21993045293516308,1.9267275529896467e-17
248,0.03823633930223298,0.046401387685898667,8.289939381380545e-17,0.0801617922808944,0.466404798553525,0.006172565763017809,0.362623116413431,7.83288313696452e-17
249,0.035483980450732866,0.0533191555101859,1.5605865962108486e-17,0.019830207648017167,0.47663864701057884,5.54334394864912e-17,0.4147280093794851,1.936256647056627e-17
250,0.0,5.544596004626736e-16,1.640878961083856e-16,0.0,0.4569671271173636,1.4056722265250882e-16,0.5430328728816354,6.050594023199279e-17
251,0.0041697854018405865,0.15112435551363215,0.0,0.2428698825532178,0.2826749080181117,0.16234937149478004,0.1568116970174176,4.7754129379373594e-17
252,0.03615521787220496,0.08002218104111562,1.422191093394902e-16,0.16648123927503558,0.38174669970298447,0.21017828630522722,0.12541637580243184,1.1992494706424798e-16
253,0.03791068594952961,0.0945206046900203,2.2998148582844702e-15,0.1875765023226309,0.3302479658053829,0.22037833921713934,0.12936590201429346,9.474757857441776e-16
254,0.00507347806890001,0.07206301809156992,0.0,0.15319518076910432,0.36546235567950797,0.27515321819834015,0.1290527491915773,1.8280326254445121e-16
255,7.313988750297165e-17,0.0678426638634987,0.0,0.11774466937743273,0.42196205212488147,0.2811627347934069,0.11128787983978003,0.0
256,8.113260017639889e-18,0.05862540021029223,1.3034088982714004e-16,0.0524925217064811,0.4175528205148655,0.2987610162597624,0.1725682413075985,0.0
257,2.0535078829509257e-16,0.06662056328259346,0.0,0.1258871837446241,0.39537615500797246,0.2965386501920295,0.11557744777178033,2.7029040830804663e-17
258,0.0,0.09147193345741052,0.0,0.08031859058331865,0.4061182619546068,0.3186048946923281,0.10348631931133528,4.809474046558595e-16
259,0.0635529544786627,0.12887001935635112,1.4309456973544613e-17,0.12863799499270215,0.37532390241772523,0.18571089736722068,0.11790423138633778,0.0
260,1.4299801108993654e-17,0.1986683364860749,0.005758937059380319,0.3773880239074837,0.21293750980339568,0.061450641655195204,0.14379655108747,2.88658940116631e-17
261,0.0,0.17975090462063867,7.636332272008941e-19,0.11681215272508721,0.4258222809222256,0.14574319537592814,0.13187146635512026,0.0
262,0.0,0.10019984845132679,0.0,0.02609603912764532,0.5781750566299791,0.19736595551469227,0.09816310027535625,2.838262425487921e-16
263,0.0,4.6012052687604566e-17,0.05135706363905897,0.2160596459925498,0.566023064815988,0.166560225551403,3.99908098406734e-17,5.55193929896593e-17
264,0.0,0.028440593208049255,0.0,0.0,0.6373165064964131,0.22228842635212281,0.11195447394241466,0.0
265,3.8624438152010954e-15,0.09001070640570863,1.0973248777518018e-14,0.06895821148091887,0.5193748215116889,0.3074554833792041,0.014200777221455189,9.350673585242141e-15
266,0.0,0.08701951288160396,1.3781522268713934e-16,0.009870623548996127,0.5566811204911117,0.34023802845134055,0.006190714625947351,0.0
267,7.557729169230585e-17,0.0,0.025673437175639302,0.09782443352838097,0.7623905887917867,0.11411154050319242,0.0,4.2563059888650816e-16
268,0.0,2.1049425651972576e-16,0.03838504473087351,0.17089038830455527,0.6528588403796541,0.13786572658391685,4.7369704904130095e-17,0.0
269,0.0,0.01588599740600582,6.419264365492637e-17,0.6024067683648268,6.408201486682202e-17,0.3607624033124413,0.020944830915725906,1.3184374758442008e-16
270,4.552067750095345e-17,2.978077785238484e-17,0.0,0.5081724223701859,0.356693600330691,0.13513397729812276,0.0,8.206766995741906e-17
271,0.0,2.7040836142641364e-16,1.6626785386029716e-16,0.18531204008759414,0.7675844006985505,0.04710355921285478,0.0,3.704786248837843e-17
272,5.168768396746158e-17,0.0,0.0,0.31849068173639417,0.5662126318070775,0.11529668645552825,4.2210502891883426e-17,0.0
273,0.0,3.8155910240847564e-17,0.0,0.16497460667320263,0.7729265671301578,0.06209882619563947,0.0,3.255542320995969e-17
274,2.2828148328938626e-17,0.0,0.0,0.2103898183576063,0.7437058439968626,0.04590433764453027,6.067261623629053e-16,9.592067845802354e-17
275,2.458759929077929e-16,0.0,3.324466871796013e-17,0.6519762231506746,1.4598580155552543e-16,0.34802377684832364,0.0,1.3176022461433207e-15
276,0.0014629310384048268,2.7560090187856976e-16,3.057334900209848e-16,0.0017368798922683313,0.9968001890683256,1.6242703796532223e-16,3.9715680830819926e-17,4.873635276641636e-16
277,0.0,5.5511151231202286e-17,1.2351231148942509e-15,7.077671781978292e-16,0.9999999999989957,1.6653345369360686e-16,1.4988010832424617e-15,3.7470027081061543e-16
278,0.0,3.3133862615383295e-16,2.1296639622749843e-16,0.6553590752682802,1.1949781121654079e-15,0.3446409247307165,1.4208975867411798e-15,0.0
279,0.0,1.7715867784805158e-17,0.040885971185323985,0.658780372991396,6.101144063044101e-17,0.2970485578441083,0.003285097978171608,0.0
280,8.465450562758352e-16,7.674416657713719e-15,1.0824674490084451e-15,1.6098233857048671e-15,0.9999999999989823,1.901256929668679e-15,3.12250225675513e-15,1.44328993201126e-15
281,0.0,0.0,0.0,0.0,0.9999999999989999,0.0,0.0,0.0
282,0.05392585998494374,0.0,3.103206846216695e-16,0.8066482542647433,0.1183025340890823,1.4253273503544297e-16,0.0,0.02112335166022997
283,0.054013862083929914,1.0388235642338466e-16,0.0,0.8106247243301465,0.13536141358492332,0.0,1.1004124569372384e-17,0.0
284,0.0,0.0,1.4035604602604264e-17,0.9757306303404129,2.7710183602168328e-17,0.0,6.502738368181437e-17,0.024269369658587062
285,2.7755575615601155e-17,0.0,0.0,0.0,0.9999999999989999,0.0,0.0,0.0
286,2.382716383738466e-17,1.7790075193211527e-17,0.036244607965761844,0.8069009926054382,0.06599165439787134,8.791071797867957e-18,0.03001451954347074,0.06084822548645763
287,1.5959455978970665e-15,1.5959455978970665e-15,8.326672684680347e-16,2.2482016248636937e-15,0.9999999999989891,2.1510571102090896e-15,2.2065682614402918e-15,2.2204460492480924e-16
288,0.0,0.0,1.1294723955283924e-16,0.9193214978117503,0.0806785021872495,0.0,3.3911363727843745e-17,0.0
289,1.6518282425720666e-16,1.274309408243255e-17,0.03350444243877406,0.9022462577810735,0.06424929977915213,7.316327055595546e-17,2.4784287978147833e-17,0.0
290,4.302114220418179e-15,5.329070518195422e-15,2.4563684419807023e-15,4.121702978916772e-15,0.9999999999989734,3.5249581031813466e-15,3.080868893331728e-15,3.733124920298355e-15
291,0.0,6.750477470433851e-17,0.02217576880656437,0.7083547592894316,0.17733257350591944,0.0921368983970843,9.478167474606719e-18,4.3534912231695715e-17
292,0.0,0.03432444955955657,0.0,0.8867215832011207,0.07895396723832251,9.636291447357857e-17,0.0,0.0
293,0.0,0.0,0.025294776205285845,0.6869156165603528,0.2107845554448417,0.07700505178851952,0.0,8.196485007646482e-17
294,0.0,0.03962132356166831,2.5051905019676316e-16,0.0,0.9175078928115925,0.0,0.0,0.04287078362573878
295,1.1213889115682969e-17,0.004515770934695721,0.006844331072926224,0.6993489399265286,0.2296830065150185,0.0596079515498308,5.731456768793957e-17,0.0
296,5.272229413260508e-16,3.3465821008238245e-16,5.172466197047107e-17,0.0,0.9920546417362627,0.0,5.939511813846812e-16,0.007945358262735831
297,0.0,3.7084616331815973e-17,0.006259724588220705,0.7142645015199893,0.2794757738907899,9.85995496485805e-18,0.0,0.0
298,0.002195670673773854,0.0022357798338825297,0.0,0.7473845998281551,0.24046741469499938,0.0077165349681891805,1.6247838933774944e-17,0.0
299,0.0,6.848383932790359e-18,3.1490743125220254e-16,0.0,0.9458393992909988,0.0,2.3282665981633005e-17,0.05416060070800074
