oos_period,model_1,model_2,model_3,model_4,model_5,model_6,model_7,model_8
150,0.06817430240518275,0.270841368713348,0.15500262460155007,0.004123671620536321,0.13424333525952925,0.09839367242992204,0.1734074099035539,0.09581361506537764
151,0.10284735391484495,0.14437721122401367,0.30079362183855485,0.08921756219499268,0.08830549453739868,0.14625178345957915,0.00832664975411565,0.11988032307550042
152,0.08931640740650436,0.1626845352558604,0.25994651486210635,0.0855449752187974,0.12098749041132938,0.15534618514687085,0.0,0.12617389169753124
153,0.09874604155394841,0.1768149391690856,0.25459870866124423,0.08573503103114183,0.1256830126330473,0.1454051994618784,0.0,0.1130170674886543
154,0.0441393624539419,0.21643698828219127,0.17506061050235663,0.06505805889014313,0.14209798576791846,0.15576725887763898,0.05108195425404846,0.15035778097076116
155,0.057655679228724006,0.19360757126858386,0.15189816270304268,0.05754110964535145,0.1918832326470027,0.12200233222017921,0.13098285961615183,0.09442905266996429
156,0.04624623994452127,0.21153480985907822,0.14829861883845305,0.14231931130625505,0.13531028886425348,0.17296692836045377,0.07139860535590434,0.07192519747008079
157,0.04835017515360787,0.20255788977744404,0.14333496101229495,0.13567502632596606,0.1595961286486878,0.15723421575676533,0.07451771910838312,0.07873388421585067
158,0.04873016092175517,0.1995008237172511,0.14462094683625282,0.1321416517421275,0.16341482874798424,0.15814679782285188,0.0709551278139243,0.082489662396853
159,0.050694259815301394,0.1980724108678637,0.1607648907076462,0.15290810064057223,0.14438129694902305,0.1954039878816806,0.027492775160008275,0.07028227797690452
160,0.05219685010254828,0.1810043845722877,0.17155704955089374,0.13622241663546167,0.15728396716726148,0.20434586016595818,0.01594768872839873,0.08144178307619024
161,0.05008676762308878,0.1941490941004563,0.16043041691422813,0.14818054360668645,0.13940738208417333,0.22596263246048076,0.012513298988908062,0.06926986422097814
162,0.04288499214890808,0.19834493115652463,0.16249762777169038,0.1557235968584827,0.12975254967476274,0.2308192980428789,0.015670515134279358,0.06430648921147306
163,0.04443815612852068,0.13359212970090917,0.20507394542511834,0.12779525162018457,0.1395449454597417,0.21307016835204295,0.048146279923741056,0.08833912338874152
164,0.022480243575279397,0.13487875875492247,0.21784514863046966,0.14127151359454,0.13129265621843994,0.24035647233593047,0.023248684995762308,0.08862652189365576
165,0.014542115379635696,0.20973544351277135,0.11323455978834901,0.11176424840233976,0.1517115499804254,0.14056352448664675,0.15895362035897023,0.09949493808986191
166,0.02152845191194025,0.1264436617638431,0.21134595613811338,0.12998301249758323,0.1388841024863513,0.2514436595628593,0.008950611523223644,0.11142054411508569
167,0.026714131220326717,0.11561738651625306,0.22545890030388935,0.12454531746093693,0.1326020038829295,0.25012672359315075,0.016626095564092624,0.1083094414574209
168,0.017333801542789542,0.10888927086544668,0.23268621946806947,0.12448284534491678,0.13328955491903002,0.25470720205031705,0.020150869685293102,0.1084602361231372
169,0.0350715171691474,0.16464707389252636,0.17972798138149437,0.054931054180655546,0.16344448120630817,0.1419438390573872,0.13197224449346706,0.12826180861801367
170,0.04589580448646438,0.3122610299350473,0.09730711390366739,0.0685332885678498,0.14191135611384148,0.11351134317485244,0.12112481756222811,0.09945524625504913
171,0.006848351671171816,0.30696551560159185,0.0969896980941896,0.09961033700285608,0.14608469310494607,0.15480775488418008,0.09985877153999376,0.08883487810007067
172,0.010927503821340273,0.14228922865060575,0.13458768264762017,0.167832382664734,0.1172788548972315,0.21431337987916782,0.07418722945359561,0.13858373798470483
173,0.022496033312224464,0.11810999813006999,0.1990990083427707,0.11247544854335521,0.1564975600315034,0.1821803590286306,0.06715251674463729,0.1419890758658082
174,0.0,0.11446474851105723,0.22115217321675557,0.09162536665222598,0.1627128151199315,0.21498567326733095,0.040474695860520174,0.15458452737117845
175,0.0,0.11597294802662957,0.20038352396065892,0.12085903403214904,0.13668647422051453,0.2495797126379017,0.050005411982713244,0.12651289513843286
176,0.02798540492894451,0.11048316792218625,0.2103255752433108,0.11230191029741012,0.14738414605166333,0.19989653217183342,0.06614152147639528,0.12548174190725625
177,0.029784379404852023,0.10596626245478127,0.20601006661858312,0.11280253341494689,0.16020074259342895,0.1884317036881561,0.06455014904874536,0.1322541627755061
178,0.026692484209831276,0.09433782933483931,0.2158920398849862,0.11142917473792838,0.16419229629676851,0.18265810016380382,0.07127020905091959,0.13352786631992292
179,0.029938700596678518,0.09336243318507181,0.22603921368616287,0.11468356837508142,0.1541839966226993,0.19795883929543645,0.056782062718482844,0.1270511855193868
180,0.027844666849742968,0.09500905422271849,0.22706035363307975,0.1144192573329631,0.15598441054640771,0.19498824554815705,0.05598813113410182,0.12870588073182904
181,0.02739041675094565,0.08849493125328274,0.22502251056886818,0.11902945460350825,0.15696960122983675,0.19824359184034365,0.057264078806025645,0.12758541494618925
182,0.019333170389697812,0.0913277363542543,0.2295088782172066,0.12525772802427468,0.15192989707747348,0.1971171222750752,0.0596353858823122,0.1258900817787057
183,0.046907996459613195,0.039747849309712285,0.41079542135313896,0.06401425832716236,0.1370628669430749,0.09989422299630506,0.03659860048525735,0.16497878412473585
184,0.07017303178401867,0.0476804178788007,0.2024755929437894,0.24249138784536184,0.20112136131931324,0.1584934027506488,0.022697183433057842,0.05486762204400948
185,0.052145216102442674,0.055242756433119974,0.32442883704176917,0.1269746254449718,0.1772273877884203,0.11439580809377638,0.03504185846513261,0.114543510629367
186,0.062075678740713576,0.04994959823112195,0.22817029837801323,0.13252598910093538,0.23030786182113758,0.1379173330658323,0.03690165633623831,0.12215158432500768
187,0.06437306296748614,0.05662662031992136,0.3257116873456024,0.11703554334006049,0.1832496354585577,0.12554656665967978,0.02776377208222363,0.09969311182546847
188,0.05069393059945891,0.07356456424109761,0.32871555935229396,0.10938476481110371,0.16402462604050574,0.14802021018246797,0.02861626128362271,0.09698008348844932
189,0.05286972621223082,0.06372111340053356,0.273875592340496,0.1101242706810381,0.218698253470866,0.1762522193119976,0.037381005872492844,0.06707781870934512
190,0.053732055913064826,0.10164200788079458,0.20842736732458778,0.11477469829960277,0.2471782939904134,0.20793466510221859,0.03915365478995844,0.02715725669835958
191,0.10139557146068426,0.1332390663736136,0.15797423785089632,0.08746321942782022,0.30616573506231737,0.1806158235153941,0.024042119666282648,0.009104226641991455
192,0.16238000521764515,0.11382571275351544,0.14893791056661215,0.07384535511639766,0.3908071254683465,0.1102038908764829,0.0,6.092522105455007e-17
193,0.1005609438024955,0.10587291869535866,0.1589708569312718,0.14418616701889228,0.28353225856517994,0.1891610848401097,0.002462155534362122,0.015253614611329866
194,0.1141750665448102,0.08512862316659339,0.12920242406101554,0.1589278879600403,0.24817349776989447,0.1982639061062075,0.042271665190812484,0.023856929199626054
195,0.1148378361142801,0.08502569678763346,0.12872742259532527,0.1582558661886187,0.24535539597696301,0.19592144368072756,0.037755416377903216,0.0341209222775484
196,0.11047655092198082,0.07023963998834845,0.12746722585209927,0.13669067004749388,0.2559654008264791,0.19927956114399034,0.03378764531324498,0.06609330590536315
197,0.1364694837490798,0.05085751140323926,0.12092859136102653,0.12045916188059992,0.31777337104121556,0.1447269835830235,0.050112110826254115,0.05867278615456121
198,0.1357317508046854,0.04809349141249081,0.12385699702420229,0.12018029624536763,0.3152975456926673,0.1460686687771006,0.050252893262571624,0.06051835677991436
199,0.1416366132037546,0.06009129137938678,0.12335236075372417,0.11569274979635948,0.3104668316586161,0.14638466083705098,0.04401662258346266,0.05835886978664521
200,0.13079832628006724,0.05306447044630631,0.1134806776695866,0.124372836019299,0.32180526114739477,0.14991926914613501,0.0491813320079542,0.057377827282256856
201,0.17428930195410894,0.02103074453031987,0.1380179653539774,0.10964307447932597,0.3290186383773084,0.1293612728757586,0.06342066992951559,0.035218332498685195
202,0.15558265909374466,0.0,0.04610483165025306,0.060410445691835,0.406028240951939,0.12636968312717897,0.008599645789929526,0.1969044936941198
203,0.08481508791559787,0.006206765533048801,0.015283757621973952,0.035298657505520276,0.34273262016686684,0.14719489798650598,0.0,0.36846821326948603
204,0.1448876043062816,0.0005421172854601298,0.0,0.05388145731480172,0.269920226825393,0.04566309732570926,0.07703789046440689,0.4080676064769473
205,0.13212316592444737,0.03144831020773116,0.12914195673669449,0.10489987000766447,0.3836662215212302,0.1373635310800516,0.04215440065415593,0.03920254386702474
206,0.14201853237910506,0.03280341447162797,0.1196065275192235,0.10179103870930134,0.3931037755888956,0.13362414722591065,0.040392273008197754,0.036660291096738205
207,0.13583630880005712,0.038814766979478846,0.1397053918302105,0.06574210645792875,0.38473832964757076,0.1274668322623123,0.0339970193758487,0.07369924464559292
208,0.14095447471997727,0.04430523201444261,0.1357585715626985,0.08082659764744572,0.3995682724630293,0.12581273194157735,0.032296550366596254,0.04047756928323291
209,0.09401342337446011,0.008213630573974857,0.12243965930685653,0.026803818996966693,0.3658036121322398,0.14908771009758992,0.026626883983711876,0.20701126153320024
210,0.10977379530479461,0.017238824558926016,0.11104142570815126,0.01627023893559823,0.36931646853606653,0.15577931276075735,0.022484582361848915,0.19809535183285704
211,0.09530417968201148,0.038887541317730395,0.08877509174078606,0.02882656004225797,0.3630664722966992,0.13784447316852522,0.02806307329217634,0.21923260845881326
212,0.0937302200680144,0.023466494372939715,0.047487798502515124,5.900166812771538e-18,0.31172704131991863,0.12559347215065425,0.06992776148830485,0.328067212096653
213,0.16663695040421167,0.049133761044464055,0.0565279792228627,0.09310901520652173,0.34278088193678646,0.15401892534626974,0.0694998359657605,0.0682926508721231
214,0.16485277644086413,0.0718032627985549,0.06643857590627943,0.09566919496056742,0.323235796001827,0.14522759019312145,0.06487811613036532,0.06789468756742027
215,0.0,1.7231165579189668e-17,1.0725151100061825e-15,1.823899959625171e-15,0.0,2.7253677557617496e-16,0.5276127303848399,0.4723872696141568
216,1.683214737282432e-16,0.0,1.4118785180797122e-15,0.0,6.978430194840028e-16,4.500551382400774e-16,0.4281082507924316,0.5718917492065657
217,0.18899786223848902,0.06985109527648592,0.015742066889855206,0.08431902269095207,0.3223721626066153,0.16146108681507207,0.07829911863276487,0.07895758484876554
218,0.18745003937064209,0.071535493451996,0.016184290395051457,0.0839128903038062,0.3134383806486539,0.16189805521528172,0.08312964392409251,0.08245120668947602
219,0.04378113395302037,0.0,9.96793666283784e-17,0.06760602823189787,0.1640221435785989,0.06230859216093092,0.08387839151495306,0.5784037105595987
220,0.17344046408659608,0.07286020086719157,0.0009662655845591187,0.11804643724428975,0.3195574866595586,0.17234782155854966,0.08258615772371575,0.060195166274539455
221,0.0705339575172394,6.007157661921489e-18,0.0,0.056599880863498354,0.14355592393292232,0.08117671517440206,0.26905460787182095,0.3790789146391168
222,0.0999789664705678,0.012867536917357997,0.0,0.09256417832896692,0.26304627745007203,0.11430698271378519,0.10071206650169955,0.3165239916165504
223,0.15406122168069927,0.080345179879027,0.018585839113174057,0.11018081506040513,0.3042089834052725,0.16005523252620737,0.11593994454735905,0.05662278378685553
224,0.15985031536305247,0.08935080678344039,0.014585954080508275,0.10740588462011444,0.31994960565440517,0.15793630808770195,0.11258353625929703,0.03833758915048026
225,0.13218436369613518,0.07746808641506656,0.01737222271158251,0.12772088973176796,0.33764439315622446,0.16278969007679772,0.11190854576720594,0.03291180844421954
226,0.1329095228872884,0.07855431862582495,0.016296221182352306,0.12663325389467217,0.3362555630182555,0.1651884678549802,0.11172047357369554,0.03244217896193095
227,0.1801455936371446,0.08688869512046904,0.0,0.12217334958455199,0.31119712032520164,0.17602434254513616,0.10862791213507589,0.014942986651420655
228,0.1885375105334014,0.07959450183244596,1.4163383494812804e-18,0.13024211047996323,0.30185245439007746,0.18130795505499592,0.1053841300320881,0.013081337676027984
229,0.18772485131178454,0.07696348068501205,0.0015920441908984636,0.12101854674330073,0.30643566949415224,0.1958483155039416,0.11041709206991028,4.853498787762287e-19
230,0.10565105701914858,0.0,2.0492268092902793e-17,0.08171262160763057,0.24555850432819717,0.2031213414778065,0.036579154661437484,0.32737732090477956
231,0.11262741494879884,0.0,7.381892135313843e-18,0.09144407508348752,0.22785675682198275,0.19632501376772618,0.11529496828632022,0.2564517710906843
232,0.11412886018710897,0.04501713791908502,5.419220185996257e-18,0.10480115141295233,0.11297531305869798,0.1101742788391769,0.22003969260524836,0.29286356597673047
233,0.1189221697296562,2.0215500077387728e-17,1.0766498892636597e-16,0.07959573383638989,0.128317086809694,0.12255523767663404,0.06709668981606007,0.4835130821305656
234,0.01651334195303979,0.0,0.0,0.08847222534792863,4.61185631482385e-16,2.939072449887997e-16,5.01735179708536e-16,0.8950144326980302
235,0.029565204333174104,1.5860593961455693e-15,2.353139089607427e-15,0.0815550037414328,0.0,0.0,0.012577388235939568,0.8763024036884496
236,0.016357353464954406,5.887082271318828e-16,0.0,0.08217754151128934,3.3736481944213753e-16,1.9560362394708346e-16,0.1716668586194825,0.7297982464032725
237,0.10463112791094918,0.0,1.260526638834007e-16,0.1456953674799529,0.14335349145560689,0.10076793603426307,0.11630217584990628,0.38924990126832143
238,0.0873649377282688,3.9412252122417784e-16,0.0,0.1951207177151316,0.1484093119108974,0.06919700546106973,0.003931178429734832,0.495976848753897
239,0.14968825343960407,0.08464677196898372,0.0,0.14956719147030167,0.139373418215437,0.1332919513978214,0.24913131943983555,0.09430109406701646
240,0.11310080054593917,0.04535471283603811,4.608528256738218e-17,0.12677137749943423,0.11483927185919751,0.10586301860230146,0.32749666585634546,0.16657415279974402
241,0.17335647635170243,0.10443038945809656,0.0009455892595277244,0.17219936476779613,0.15318956509572254,0.15536583177979005,0.15349995513854303,0.0870128281478215
242,0.016510968996646617,2.424579420206935e-16,0.0,0.16297781608216036,0.19020346033112284,0.10609081162973115,0.5242169429593387,7.102130952007413e-18
243,0.009114746433680456,0.0,2.0776278240116869e-16,0.07956330709878151,0.18728531252826058,0.1543438361274618,0.5696927978108152,5.851769467747842e-17
244,0.008643248392315103,3.112762769439808e-16,0.0,0.11559361657082645,0.25219002969904897,0.09275217678341373,0.5308209285533951,2.7531341555709195e-16
245,0.025812535372107398,0.0,6.806162782274486e-16,0.2647027225693836,0.07707751503777388,0.07436448377413767,0.5580427432455967,0.0
246,0.0,5.723231447322626e-16,0.0,0.12248358936127035,0.19484154329082698,0.10390055210752529,0.5787743152393765,3.044659315143725e-16
247,0.02187978841528313,0.10295783141571829,4.1644186045008745e-17,0.3686131112966685,0.1588171167780394,0.12780169915813003,0.21993045293516053,2.819352971683615e-17
248,0.03823633930223923,0.04640138768589785,3.6188000720856385e-17,0.08016179228088174,0.46640479855352923,0.006172565763031148,0.36262311641342065,4.8077551605000615e-17
249,0.035483980450738965,0.053319155510173445,9.20883949606041e-18,0.019830207648020244,0.4766386470105801,3.075976047197319e-17,0.4147280093794872,3.035478280935619e-17
250,4.429961264718748e-18,4.861690334632967e-16,0.0,9.035498119313052e-17,0.4569671271173615,2.2646941427348856e-16,0.5430328728816376,0.0
251,0.004169785401840608,0.15112435551363215,1.4007277969611949e-18,0.2428698825532175,0.28267490801811196,0.16234937149478032,0.15681169701741732,0.0
252,0.036155217872203015,0.08002218104111726,2.409196374196037e-16,0.16648123927503564,0.38174669970298025,0.21017828630523144,0.1254163758024319,1.0680583360933092e-16
253,0.03791068594290775,0.09452060468420788,1.4806334644426318e-16,0.18757650232912135,0.33024796580103677,0.22037833921830047,0.12936590202342538,6.207797248756314e-17
254,0.005073478068899837,0.07206301809156894,2.492580794541682e-16,0.15319518076910255,0.3654623556795113,0.27515321819833977,0.12905274919157736,0.0
255,0.0,0.06784266386349841,4.923106703579323e-16,0.11774466937743265,0.421962052124881,0.2811627347934078,0.11128787983977932,0.0
256,1.4314523524883665e-16,0.05862540021029244,0.0,0.05249252170648116,0.4175528205148653,0.298761016259762,0.172568241307599,1.7757998011262586e-18
257,0.0,0.06662056328259285,6.505846734491137e-17,0.1258871837446242,0.39537615500797213,0.2965386501920308,0.11557744777177965,4.090830573074976e-16
258,0.0,0.09147193345741043,2.3993086144509825e-16,0.0803185905833184,0.4061182619546068,0.31860489469232867,0.10348631931133495,4.827705126460699e-16
259,0.06355295447866267,0.12887001935635112,8.838608810088494e-17,0.12863799499270218,0.37532390241772545,0.18571089736722077,0.11790423138633768,0.0
260,3.6111766677775793e-17,0.19866833648607482,0.005758937059380322,0.3773880239074843,0.21293750980339557,0.06145064165519503,0.14379655108746978,6.384218919170327e-17
261,0.0,0.17975090462063875,0.0,0.11681215272508742,0.42582228092222535,0.1457431953759281,0.13187146635512018,1.198083002686674e-16
262,2.6768189105580183e-18,0.1001998484513266,2.2590199652761674e-16,0.026096039127645642,0.5781750566299786,0.19736595551469227,0.09816310027535646,3.7468951914892313e-16
263,1.0093228054962692e-17,0.0,0.05135706363905897,0.21605964599255006,0.5660230648159877,0.16656022555140293,0.0,2.612075010567865e-16
264,0.0,0.028440593208048738,0.0,0.0,0.6373165064964135,0.22228842635212348,0.11195447394241416,6.818167861479289e-17
265,0.0,0.09001070640576635,2.1312651093836727e-17,0.06895821148109312,0.5193748215118303,0.307455483379361,0.01420077722094888,0.0
266,4.64105980317737e-16,0.0870195128816117,1.549570469076441e-16,0.009870623548995977,0.5566811204911067,0.3402380284513355,0.006190714625947793,1.5396115719502059e-15
267,0.0,3.374232515279464e-17,0.025673437175639545,0.097824433528381,0.762390588791787,0.11411154050319233,0.0,0.0
268,0.0,0.0,0.03838504473087317,0.17089038830455525,0.6528588403796538,0.1378657265839175,0.0,1.303444929966124e-16
269,5.817747767432419e-17,0.0158859974060059,0.0,0.6024067683648269,3.0033794790595757e-16,0.36076240331244086,0.020944830915726083,0.0
270,0.0,0.0,3.535647605859032e-18,0.508172422370185,0.35669360033069203,0.13513397729812282,4.942807201446848e-17,0.0
271,0.0,0.0,0.0,0.1853120400875936,0.7675844006985512,0.04710355921285461,5.523426284372263e-16,4.0816762186354396e-17
272,1.9884265887385087e-16,0.0,3.453038612021854e-16,0.31849068173639244,0.5662126318070783,0.11529668645552851,0.0,1.4848538434442798e-18
273,1.3558151631396064e-16,3.152687238871381e-16,0.0,0.1649746066732014,0.7729265671301588,0.062098826195639056,1.532138529530828e-16,9.404405086493583e-17
274,0.0,4.190256696845788e-18,0.0,0.21038981835761017,0.7437058439968578,0.045904337644531557,3.9212105253308957e-16,0.0
275,2.458759929077929e-16,0.0,3.324466871796013e-17,0.6519762231506746,1.4598580155552543e-16,0.34802377684832364,0.0,1.3176022461433207e-15
276,0.0014629310384055639,0.0,3.1758517501311494e-16,0.0017368798922693016,0.9968001890683247,0.0,0.0,1.3760301801693241e-17
277,0.0,5.5511151231202286e-17,1.2351231148942509e-15,7.077671781978292e-16,0.9999999999989957,1.6653345369360686e-16,1.4988010832424617e-15,3.7470027081061543e-16
278,0.0,3.3133862615383295e-16,2.1296639622749843e-16,0.6553590752682802,1.1949781121654079e-15,0.3446409247307165,1.4208975867411798e-15,0.0
279,0.0,0.0,0.040885971185324034,0.6587803729913956,5.209086609390947e-17,0.29704855784410866,0.0032850979781715675,9.325047138935233e-17
280,0.0,7.549516567443515e-15,2.234323837055893e-15,1.873501354053078e-15,0.9999999999989829,1.44328993201126e-15,3.1086244689473294e-15,8.187894806602341e-16
281,0.0,0.0,0.0,0.0,0.9999999999989999,0.0,0.0,0.0
282,0.05392585998494353,2.6845650472014126e-17,0.0,0.8066482542647438,0.1183025340890824,2.780364473535778e-17,0.0,0.021123351660230036
283,0.054013862083929824,3.1805866363123776e-16,0.0,0.8106247243301465,0.13536141358492318,0.0,3.850359074030111e-17,1.0299920638601989e-17
284,0.0,0.0,1.4035604602604264e-17,0.9757306303404129,2.7710183602168328e-17,0.0,6.502738368181437e-17,0.024269369658587062
285,2.7755575615601155e-17,0.0,0.0,0.0,0.9999999999989999,0.0,0.0,0.0
286,1.35310890260428e-17,2.5951259923224244e-17,0.036244607965795296,0.8069009926054208,0.06599165439786332,3.341354251530954e-18,0.030014519543481076,0.06084822548643942
287,1.5959455978970665e-15,1.5959455978970665e-15,8.326672684680347e-16,2.2482016248636937e-15,0.9999999999989891,2.1510571102090896e-15,2.2065682614402918e-15,2.2204460492480924e-16
288,0.0,0.0,1.1294723955283924e-16,0.9193214978117503,0.0806785021872495,0.0,3.3911363727843745e-17,0.0
289,1.8542052832319138e-16,0.0,0.03350444243877415,0.9022462577810735,0.06424929977915196,1.4835329946129032e-16,0.0,0.0
290,4.996003610808208e-15,5.648259637774835e-15,3.4416913763345435e-15,3.580469254412549e-15,0.9999999999989718,3.705369344682754e-15,2.9282132274459217e-15,3.858025010568561e-15
291,2.2703380466597664e-18,0.0,0.022175768806564675,0.7083547592894316,0.17733257350591938,0.09213689839708426,0.0,5.736552352497285e-17
292,8.268753745376605e-17,0.03432444955955662,0.0,0.8867215832011206,0.07895396723832245,0.0,1.0980951094118673e-16,9.205461525374212e-17
293,0.0,2.2429511661727615e-17,0.025294776205287983,0.686915616560352,0.21078455544484095,0.07700505178851899,0.0,0.0
294,0.0,0.039621323561668524,0.0,6.802357768994226e-17,0.9175078928115923,8.976620965049654e-17,0.0,0.04287078362573892
295,0.0,0.00451577093469573,0.006844331072926067,0.6993489399265285,0.22968300651501883,0.059607951549830854,0.0,4.328517603148192e-17
296,3.8409000087880084e-17,1.3429775833509426e-16,0.0,1.0215384671673519e-16,0.9920546417362637,7.30123412064826e-17,2.105364500188212e-17,0.007945358262735963
297,0.0,3.7084616331815973e-17,0.006259724588220705,0.7142645015199893,0.2794757738907899,9.85995496485805e-18,0.0,0.0
298,0.0021956706737596607,0.002235779833861404,0.0,0.7473845998281634,0.24046741469504568,0.0077165349681697325,4.052315518599416e-17,9.40787933597913e-17
299,0.0,6.848383932790359e-18,3.1490743125220254e-16,0.0,0.9458393992909988,0.0,2.3282665981633005e-17,0.05416060070800074
