oos_period,model_1,model_2,model_3,model_4,model_5,model_6,model_7,model_8
150,0.06817430240518275,0.270841368713348,0.15500262460155007,0.004123671620536321,0.13424333525952925,0.09839367242992204,0.1734074099035539,0.09581361506537764
151,0.08219783437622077,0.15535759987416967,0.3101627813424137,0.0907649020763633,0.05033450191410927,0.17437185625465199,0.0,0.1368105241610712
152,0.08854800771119943,0.14707609367288996,0.2746192200102261,0.08471929236095753,0.1110303956494474,0.14210195015551874,0.0,0.1519050404387606
153,0.08713735723658603,0.19086234805027447,0.2539354942055932,0.07854167220501874,0.12331108433518546,0.14173751204547247,0.0,0.12447453192086967
154,0.04116046929384884,0.18911710180007257,0.193948797368895,0.055840605100326186,0.1516073152027991,0.14305732545121674,0.050738965593991874,0.17452942018784956
155,0.057655679228724006,0.19360757126858386,0.15189816270304268,0.05754110964535145,0.1918832326470027,0.12200233222017921,0.13098285961615183,0.09442905266996429
156,0.04442927035784021,0.21922831852042063,0.1441115820183473,0.1452162402057037,0.13442739513108154,0.1739533634059003,0.07040515885045864,0.0682286715092476
157,0.04878241245378179,0.20345679131330247,0.14171542153132238,0.13643734049057005,0.1588236801190251,0.1572023376370912,0.07523390404047935,0.07834811241342764
158,0.04791923176536735,0.20661344039427104,0.14042995311380227,0.13471887676488403,0.16324992433811936,0.15866538808928898,0.06876424909050566,0.0796389364427612
159,0.050580650370605613,0.19962025398093636,0.1596605091164152,0.15370153234595496,0.14401207314827116,0.19589501610989518,0.02682105290423285,0.06970891202268858
160,0.04763827629095731,0.17071766423450724,0.18169201482425318,0.13439718257996855,0.15681479163692327,0.198353152985098,0.024423076262086323,0.08596384118520611
161,0.04469813163921567,0.18568633086547554,0.17231105982497494,0.14470826495639694,0.14075981739146967,0.2149287201162531,0.02102601718190567,0.0758816580233085
162,0.03809831435099669,0.18830328944757826,0.17634355304979782,0.1489156773403621,0.13241742706937176,0.22156777045236548,0.02249311168932183,0.07186085659920606
163,0.01920494282859124,0.14557417249529456,0.19771179246079224,0.16182071534036585,0.12572807606355846,0.2654864974686773,0.014969205857452882,0.06950459748426746
164,0.01901383311603906,0.14375029757469884,0.18969482906428087,0.17334816671572784,0.10467483832747544,0.28522886904476036,0.010148240614257934,0.07414092554175959
165,0.005851606173507603,0.1965573148777072,0.1264940153685052,0.11731816203233841,0.15163717480803665,0.1421579635502942,0.15425954185710822,0.10572422133150255
166,0.026350144945541425,0.12128117220158809,0.21578040828039075,0.1346665593368677,0.13619685381182034,0.21126864543505056,0.03853868755708122,0.11591752843065989
167,0.031822186711056764,0.10982802214209962,0.23015873730998346,0.12757166610979695,0.13049936276990506,0.21153983410988797,0.0465943045387154,0.11198588630755477
168,0.02506969732866118,0.10899599431292747,0.23548465889392298,0.12821137867643365,0.1331384082169446,0.2092694736347407,0.047796361522622385,0.11203402741274697
169,0.005612640487578844,0.19147863154563816,0.16482205350447568,0.07094363529317567,0.15272200010201725,0.16859503557552213,0.1331455123279787,0.11268049116261354
170,0.014696017053330662,0.249616369556959,0.12223181916967417,0.10001562923409453,0.1401057008256834,0.13365395815395004,0.13660272567138834,0.10307778033391983
171,0.0,0.20109674071352485,0.12410583168154235,0.14854679786029026,0.12840613431097955,0.17491753367736654,0.11155337577359797,0.11137358598169843
172,0.0,0.10375316211888755,0.15433551732426107,0.23855653858668485,0.11038183005352611,0.2020936296713743,0.052694868318077695,0.13818445392618836
173,0.0025973512938770463,0.1468457420513732,0.16685926599887355,0.15228756795114287,0.13651438680229208,0.2145541480606635,0.04561506393582609,0.13472647390495157
174,0.0,0.12353351303726444,0.19328331978955132,0.12273347215960954,0.13741103398888596,0.2497418971121734,0.02733926692157739,0.14595749698993796
175,0.0,0.12642940740022732,0.1610044306581519,0.16072240791055956,0.10745004647105812,0.26952233555546207,0.06235825092256923,0.11251312108097175
176,2.7138699737333807e-18,0.12245975281074165,0.2072889314783378,0.13089545134190844,0.12845272433983562,0.25628476230319563,0.04314521817930855,0.11147315954567232
177,0.0041305578961765045,0.11740762694091869,0.1994874039061623,0.13654764455370946,0.14121531129083395,0.23629723042080156,0.04600760565394396,0.11890661933645347
178,0.008691573162129169,0.1209783987847684,0.18378104442746357,0.144576670361859,0.14910662321987309,0.21010962877440156,0.061307466033757606,0.12144859523474742
179,0.011014627911034797,0.12171661124247649,0.1931386398851011,0.1526543168858279,0.13309591678547117,0.2349624969995544,0.04147269087939231,0.11194469941014182
180,0.007179994761200708,0.12092028844470874,0.19027561573960555,0.16221103730307584,0.12987823950515762,0.2313729621781423,0.039916442763630156,0.11824541930347897
181,0.0015980473920390698,0.1086821235063561,0.2162570529910204,0.14079418469911625,0.1425769837922878,0.2256110243781324,0.03784757113839482,0.12663301210165312
182,1.4664850602304082e-18,0.11939762578957513,0.18878533818608842,0.17100706288564105,0.12391088992550925,0.23819856327495922,0.04814948867056106,0.11055103126666595
183,0.03953475074965083,0.05100482572415382,0.4194535991921103,0.06555868948371471,0.12251790700225068,0.10106769376975626,0.03450162301312415,0.1663609110642392
184,0.059642958901567365,0.04683136189184418,0.21494465890149844,0.2531465386077219,0.18759815383848882,0.15758527111233464,0.02331611237057236,0.05693494437497224
185,0.05124212173428184,0.06811068409179769,0.27310899558320145,0.142736532342174,0.17951883672234237,0.12314394160823933,0.04376003685507288,0.11837885106189043
186,0.061538612947957545,0.0500275643501427,0.23018368106344778,0.13223894480197598,0.22924199198152317,0.13763445793429696,0.03627762828163093,0.12285711863802486
187,0.06767843922293494,0.06669069355401702,0.22946715515037505,0.12839261135750377,0.2439622099676106,0.1451004279591381,0.03138246278223847,0.08732600000518205
188,0.0505585137778097,0.09243794233419093,0.28046392490098365,0.11290186575236649,0.16790160115579664,0.15711431550773716,0.03655517739427143,0.10206665917584394
189,0.052872126386806106,0.06653187541008275,0.2668296657182061,0.1104686871310349,0.21920960580249432,0.17776625244744937,0.0385458488294494,0.06777593827347697
190,0.05623782941148391,0.10543026403650112,0.19327257229871614,0.11481493173700152,0.24872159041028294,0.21080998801924822,0.041955675707228225,0.028757148378537878
191,0.10139557146068426,0.1332390663736136,0.15797423785089632,0.08746321942782022,0.30616573506231737,0.1806158235153941,0.024042119666282648,0.009104226641991455
192,0.16238000521764515,0.11382571275351544,0.14893791056661215,0.07384535511639766,0.3908071254683465,0.1102038908764829,0.0,6.092522105455007e-17
193,0.10134472616740044,0.10262586634345441,0.1600020245313091,0.14394144968031405,0.2848262622883252,0.18913204673317507,0.002928742640053859,0.01519888161496792
194,0.09830250965984462,0.09111933052296291,0.14564102464071793,0.14824680111304236,0.2237096239875656,0.198736207385255,0.03625431715159106,0.05799018553802045
195,0.1148378361142801,0.08502569678763346,0.12872742259532527,0.1582558661886187,0.24535539597696301,0.19592144368072756,0.037755416377903216,0.0341209222775484
196,0.11047655092198082,0.07023963998834845,0.12746722585209927,0.13669067004749388,0.2559654008264791,0.19927956114399034,0.03378764531324498,0.06609330590536315
197,0.1364694837490798,0.05085751140323926,0.12092859136102653,0.12045916188059992,0.31777337104121556,0.1447269835830235,0.050112110826254115,0.05867278615456121
198,0.1357317508046854,0.04809349141249081,0.12385699702420229,0.12018029624536763,0.3152975456926673,0.1460686687771006,0.050252893262571624,0.06051835677991436
199,0.1416366132037546,0.06009129137938678,0.12335236075372417,0.11569274979635948,0.3104668316586161,0.14638466083705098,0.04401662258346266,0.05835886978664521
200,0.13079832628006724,0.05306447044630631,0.1134806776695866,0.124372836019299,0.32180526114739477,0.14991926914613501,0.0491813320079542,0.057377827282256856
201,0.17428930195410894,0.02103074453031987,0.1380179653539774,0.10964307447932597,0.3290186383773084,0.1293612728757586,0.06342066992951559,0.035218332498685195
202,0.1700601469292904,0.0,0.07920642069448429,0.07540104125115775,0.4209515246305287,0.11692525089461088,0.03931995444451192,0.0981356611544162
203,0.12074826355120181,0.001975136695434999,0.07388271612603255,0.03903904657909342,0.3614083553517548,0.1457639235133799,0.019344478832909337,0.23783807934919315
204,0.09289388122166473,0.019352609183997373,0.04829040453901649,0.05642072025963377,0.15938641603053147,0.010984715048357114,0.16250677842696218,0.45016447528883685
205,0.13212316592444737,0.03144831020773116,0.12914195673669449,0.10489987000766447,0.3836662215212302,0.1373635310800516,0.04215440065415593,0.03920254386702474
206,0.14201853237910506,0.03280341447162797,0.1196065275192235,0.10179103870930134,0.3931037755888956,0.13362414722591065,0.040392273008197754,0.036660291096738205
207,0.12267048358000075,0.03226524171602369,0.1477943766844128,0.06176191164194251,0.3789852254547083,0.12570845080456383,0.03802577103314,0.0927885390842081
208,0.14095447471997727,0.04430523201444261,0.1357585715626985,0.08082659764744572,0.3995682724630293,0.12581273194157735,0.032296550366596254,0.04047756928323291
209,0.10855186093554559,0.021417153854957856,0.1412209460775244,0.042186904199921355,0.3670567436979706,0.13832903950276512,0.05733637114690348,0.1239009805834116
210,0.0776642162910656,0.006794475392370152,0.13639720738638667,0.006590836042543185,0.34427863444802076,0.1438004226596035,0.05178087834799077,0.23269332943101936
211,0.11147452389471194,0.048193943894949534,0.10737091045870323,0.04516223007305267,0.36683834307914903,0.1293353282009031,0.05779916793425391,0.13382555246327657
212,0.10819629161588568,0.02485467641980971,0.07884083115662957,0.007754993214301275,0.32720622062058197,0.1113973786994673,0.05319530043592077,0.28855430783640373
213,0.16663695040421167,0.049133761044464055,0.0565279792228627,0.09310901520652173,0.34278088193678646,0.15401892534626974,0.0694998359657605,0.0682926508721231
214,0.16485277644086413,0.0718032627985549,0.06643857590627943,0.09566919496056742,0.323235796001827,0.14522759019312145,0.06487811613036532,0.06789468756742027
215,0.030255322638187653,0.017790003209715587,5.968532959526731e-17,6.110723321590985e-17,0.0,0.06140528350133456,0.27019309208146985,0.6203562985682921
216,0.021790147905068745,0.035047826623126443,1.3968632091393506e-17,0.0,0.0,0.06166760571084957,0.2571577376020333,0.6243366821579218
217,0.18899786223848902,0.06985109527648592,0.015742066889855206,0.08431902269095207,0.3223721626066153,0.16146108681507207,0.07829911863276487,0.07895758484876554
218,0.18745003937064209,0.071535493451996,0.016184290395051457,0.0839128903038062,0.3134383806486539,0.16189805521528172,0.08312964392409251,0.08245120668947602
219,0.026212888015438893,0.002713619046468322,3.2480775381634145e-17,0.0869296424215753,0.1332661378895184,0.06064815998377308,0.1758264537176668,0.5144030989245592
220,0.17344046408659608,0.07286020086719157,0.0009662655845591187,0.11804643724428975,0.3195574866595586,0.17234782155854966,0.08258615772371575,0.060195166274539455
221,0.01725619220836395,0.0,1.155207720225371e-16,0.052724885811541486,0.17117848710069805,0.04961272279986727,0.22252685342971867,0.4867008586488105
222,0.10899729383674402,0.02492872040575524,4.145976799132908e-17,0.09813875387085376,0.25437375487724306,0.1215638881939606,0.14707742581349914,0.24492016300094407
223,0.15406122168069927,0.080345179879027,0.018585839113174057,0.11018081506040513,0.3042089834052725,0.16005523252620737,0.11593994454735905,0.05662278378685553
224,0.15985031536305247,0.08935080678344039,0.014585954080508275,0.10740588462011444,0.31994960565440517,0.15793630808770195,0.11258353625929703,0.03833758915048026
225,0.13218436369613518,0.07746808641506656,0.01737222271158251,0.12772088973176796,0.33764439315622446,0.16278969007679772,0.11190854576720594,0.03291180844421954
226,0.1329095228872884,0.07855431862582495,0.016296221182352306,0.12663325389467217,0.3362555630182555,0.1651884678549802,0.11172047357369554,0.03244217896193095
227,0.1801455936371446,0.08688869512046904,0.0,0.12217334958455199,0.31119712032520164,0.17602434254513616,0.10862791213507589,0.014942986651420655
228,0.1885375105334014,0.07959450183244596,1.4163383494812804e-18,0.13024211047996323,0.30185245439007746,0.18130795505499592,0.1053841300320881,0.013081337676027984
229,0.18772485131178454,0.07696348068501205,0.0015920441908984636,0.12101854674330073,0.30643566949415224,0.1958483155039416,0.11041709206991028,4.853498787762287e-19
230,0.020984517510195224,1.2937356243222627e-16,0.0,0.07674572206860239,0.18277059600966328,0.1676200989461625,0.10990300491355483,0.4419760605508215
231,0.012414372646138153,0.0,4.103413851885931e-17,0.09212161987335749,0.17486042067070565,0.1439886444001187,0.1273137159654296,0.4493012264432502
232,0.0651469809629277,1.5104686294795108e-17,0.0,0.09199897721700905,0.14696395679628715,0.11788285959317536,0.140935147911262,0.4370720775183385
233,0.07100126611085983,0.0,2.966932479893415e-16,0.09484491569370627,0.14654784497001644,0.13481553881282,0.13644114526912515,0.4163492891424719
234,0.10169773527308591,2.5569822643894133e-16,0.0,0.14843671685987228,0.10884681461482541,0.09284153824804302,0.1119626634386681,0.4362145315645051
235,0.09949322344739636,0.0,1.1454389488017005e-16,0.11575275004116008,0.13669287701621807,0.10098066287379509,0.1128838884255588,0.43419659819487155
236,0.07531841427699246,2.260507795977424e-16,0.0,0.11046369379789368,0.16740388510741558,0.0923052142372429,0.13113399465583145,0.4233747979236236
237,0.04536572924441913,0.0,2.023685589557035e-16,0.14596853974379767,0.2116554402708855,0.09175601828971243,0.10324618473496086,0.402008087715224
238,0.042011296569544616,0.0,1.355720568959985e-17,0.16945159165473847,0.21814327785091486,0.07931617423177405,0.08705695298183437,0.40402070671019374
239,0.10280015021600818,0.013877121619049967,6.753224281862334e-17,0.12833676577024103,0.15341650002233276,0.11854953396135876,0.4452004158838298,0.03781951252617954
240,0.11996253042515906,0.016120050071154385,0.0,0.1445788227129373,0.13353768318028783,0.12770498539644518,0.38535885232117456,0.07273707589184157
241,0.12296599342657251,0.019378328196310694,0.0,0.16423929838459808,0.13777098576486999,0.12548009956641873,0.38038956017229403,0.0497757344879359
242,0.06119685110023928,0.01270341496586177,0.0,0.18612889556079482,0.24190520354947473,0.12577617976177016,0.3722894550608592,6.628075163905634e-17
243,2.33051819591855e-17,1.370999708648003e-16,5.354179792341759e-17,0.09410207225108047,0.2461499396499374,0.1458436159332406,0.5139043721647414,0.0
244,0.030942007556263477,4.367603485580536e-16,9.609535399115623e-17,0.137494379293067,0.22941857065054236,0.10999265566406764,0.49215238683505896,6.996215113481634e-17
245,2.297345893707654e-16,3.7007533745978243e-16,6.8776847289973666e-15,0.2263915619440354,0.12527750138222468,0.08572395298757345,0.5626069836851573,1.5750726862592394e-15
246,0.02132114065860132,2.871806219420518e-17,8.060255289133052e-15,0.14804878188305604,0.22331219455930706,0.12740910709651795,0.47990877580150715,2.29844080138002e-15
247,0.014791003820635513,0.10536119398973962,0.0,0.2994860910432472,0.189363509435405,0.11545017309582006,0.2755480286141526,1.1426778860914503e-17
248,0.0,4.442457280501465e-16,7.597894009266762e-16,0.11537022083336093,0.3716830752156126,0.0,0.5129467039500253,0.0
249,0.012185467365742601,0.04910322257047405,1.501408250654108e-17,0.040992419660352504,0.4801549446266715,0.007252515530527775,0.41031143024523126,2.898949086151262e-17
250,0.0,0.043512951419767694,1.462383570276112e-17,0.009897499956286521,0.4641790014083038,0.0,0.4824105472146417,1.1699844862417108e-16
251,0.0,0.15069601270503222,0.0,0.17831933701453226,0.3287081320128231,0.14764386197763948,0.19463265628897272,2.888972032265255e-17
252,0.0174100412879756,0.07363477896237136,5.073546520865937e-16,0.1974640190418074,0.3313469254507495,0.20676811011856122,0.17337612513753364,5.803925104564718e-16
253,0.01568723269833978,0.09291203524090068,0.0,0.1732509945436239,0.3255741059799592,0.2238695904109077,0.16870604112526838,8.352359181081062e-17
254,0.0,0.05809265352995496,3.8484982531248113e-16,0.16290846493646002,0.3573173386890143,0.28171058033619134,0.13997096250737895,7.761870740380428e-17
255,0.0,0.056050936714341526,0.0,0.14701635647474623,0.35171187506365115,0.28373991834897455,0.16148091339728635,4.9148428142520453e-17
256,0.0,0.04703584467233735,5.478243645608214e-16,0.09528899704568966,0.3425117844616993,0.296484838697164,0.21867853512210886,2.546233772602984e-16
257,2.015284805131992e-16,0.010310066384548518,0.0,0.11562991321603765,0.3811831860344758,0.3381682215053651,0.15470861285857276,0.0
258,0.0,0.0349868795089595,2.6098239633613495e-16,0.10138334366530487,0.37829951456922883,0.37075408590648756,0.11457617634901882,0.0
259,1.0159477799216467e-16,0.07566500514439281,3.5655375529757655e-18,0.10722247933707454,0.32715225117730146,0.3372942290134424,0.1526660353267886,0.0
260,0.0,0.1343682678458939,0.0,0.37193564712868543,0.28600545244626974,0.07981765338523535,0.1278729791929154,6.501472431383486e-17
261,0.0,0.17447942881645437,8.446790196845582e-17,0.17977198528011534,0.3367319974156091,0.1302737176808649,0.17874287080595608,5.980296701650442e-17
262,0.0,0.1968464579044536,9.707423715724427e-17,0.07677583606615322,0.2879340742848513,0.21936435614335323,0.21907927560018858,0.0
263,0.0,0.06427632291113311,0.1026647730865329,0.20768519838031826,0.3259041278243614,0.2802753127979983,0.01919426499865609,3.6390900346882505e-17
264,0.0,0.10601431286995901,1.1836939830284152e-16,0.008179617012478385,0.3326170405165045,0.2917903795672305,0.2613986500328274,7.247212747329565e-17
265,5.3226120687431635e-17,0.16776671580819022,0.0,0.09041563946716243,0.25916575093249156,0.32109883420482727,0.16155305958632823,4.657254197236439e-17
266,2.1104290869570827e-16,0.10335805389954361,0.0,0.05017603666914626,0.3009033411036725,0.437881463409534,0.1076811049171034,0.0
267,1.2129019470868861e-17,9.504301193748148e-17,0.1099008932613462,0.10258140775936532,0.5012103363968382,0.2863073625814502,1.1031531645199633e-17,0.0
268,1.5796891555631287e-17,1.2620124871662145e-16,0.12594681480182493,0.10016331103605298,0.47420994509717485,0.299679929063947,0.0,0.0
269,1.2366476705955938e-16,0.03675048516096081,0.0,0.3130658040513727,0.059981215853473026,0.4766492205324249,0.11355327440076833,0.0
270,2.322033645873019e-17,5.64333540660132e-17,2.5692719384800684e-18,0.4235669665450152,0.2548081806370899,0.3216248528168947,9.018406203615944e-17,0.0
271,0.0,1.214573935738179e-16,0.0,0.22431344821316895,0.5212816710306276,0.2544048807552031,0.0,0.0
272,0.0,2.3895549768425376e-16,0.0,0.17477388207472377,0.5062242802469451,0.31900183767733065,7.501208742308668e-17,8.304777395416287e-17
273,0.0,0.0,0.0,0.1698447596901403,0.5550733925016632,0.27508184780719636,0.0,6.989938251736924e-17
274,0.025787373381254714,0.0,5.321581493988036e-17,0.20655795262546772,0.54794075417123,0.21971391982104752,0.0,0.0
275,5.662974248012755e-17,0.06977659710705665,0.0,0.35092531347132677,0.003472450109043844,0.45136022597784387,0.12446541333372879,0.0
276,0.05958778931576407,0.0,1.158774953160614e-16,0.3121074006000527,0.6033895091567449,0.02491530092643799,0.0,1.335745817279969e-16
277,0.0835243320509955,3.805549625420314e-17,0.0,0.2722896459464145,0.6011228761937386,0.04306314580785101,7.712864041153132e-17,1.3893970696657797e-16
278,0.0,0.0953833413154545,0.0,0.3608657793397343,0.007087678516429539,0.43671788171067155,0.09994531911670997,2.068875830945939e-16
279,0.00028279363634169596,0.0071624633126644716,0.041692283732372944,0.5001475743177305,0.04985162368549358,0.3557942410147116,0.04506902029968521,0.0
280,0.10330265376028494,3.6056226018775355e-17,1.0842021724844199e-16,0.35784915207427936,0.538848194164435,2.111825333267033e-18,3.9096623242734395e-16,4.2621920548002993e-17
281,0.09660904316081581,0.0,1.8509575721619269e-16,0.33134223700587356,0.5720487198323101,1.9283636780466837e-16,0.0,1.0994911171823448e-17
282,0.06566775082332608,0.0,0.0,0.623561994872661,0.252065851567019,2.542348215357558e-17,4.1913254872909786e-17,0.05870440273599388
283,0.06748866782423733,0.0,2.928135730375417e-17,0.6339680259510694,0.26654018281175407,0.0,1.870279387402409e-16,0.032003123411939005
284,0.005839864995632172,5.6175225061849e-17,0.0,0.8133235355713256,0.12870272195426713,2.733205914197442e-17,0.0,0.0521338774777749
285,0.07807087237724235,3.3091862007474187e-16,2.3823225157976967e-17,0.36469431068614516,0.5159452008053173,0.0,0.0,0.04128961613029484
286,4.76691771477552e-18,5.247198854094064e-17,0.0,0.8160799717337811,0.18392002826521864,0.0,9.451558420922693e-18,4.2971414403972035e-17
287,0.02484633445907445,0.0,2.805546498359826e-17,0.3353184127542414,0.6072192951140103,0.0,0.0,0.03261595767167382
288,0.0,0.0,7.96045836552258e-17,0.7003358393633523,0.2996641606356474,0.0,3.218034614558026e-17,2.2223280110474215e-17
289,3.874699846491652e-17,5.5166998871718387e-17,0.0,0.6516869158836099,0.3483130841153898,0.0,8.550276179772317e-17,0.0
290,1.6176487744494236e-16,1.4498900458535116e-16,0.0,0.27502849124543155,0.724971508753568,0.0,0.0,7.488692688142382e-17
291,6.486642023334918e-17,0.0,0.0,0.5274979001231642,0.34827528434765326,0.12422681552818218,9.646434460984006e-17,0.0
292,0.0,0.028500624296584537,1.0097655149774875e-16,0.627975533725551,0.3435238419768641,6.893493862760207e-17,0.0,0.0
293,0.0,0.0031912077691254545,0.0,0.5305776106289803,0.3706646663463752,0.09556651525451906,6.670850483283975e-17,0.0
294,0.0,0.07754535897401466,5.2207068740411636e-17,0.2507527193239242,0.6583051314506827,7.401651540706065e-18,2.3696320191580376e-17,0.013396790250378345
295,0.0,0.0,0.0,0.5180474316424475,0.40969285083667967,0.07225971751987255,7.088924075373319e-17,0.0
296,1.0918613864685274e-16,0.009854995769662431,1.2381808726362933e-16,0.21787616603871263,0.7542242400495168,0.0,0.0,0.01804459814110776
297,0.0,6.486839928659055e-17,0.0,0.5430979210386808,0.4439628976209369,0.012939181339382214,0.0,2.880866625792875e-17
298,0.0,0.0,0.0,0.5578597509238368,0.4132174820155506,0.028922767059612404,1.0861341668727082e-16,7.085513266558053e-17
299,0.0,0.049613804565122516,1.0979495292865962e-16,0.3305616662465476,0.6198245291873294,2.6177054464555377e-17,1.1854718646135113e-16,0.0
