oos_period,model_1,model_2,model_3,model_4,model_5,model_6,model_7,model_8
150,0.05895668908220084,0.2649285431067351,0.17182304332109044,8.163497577656257e-18,0.132140643453519,0.09836496236548471,0.1675594613396587,0.10622665733031122
151,0.0,0.19740064740087962,0.2061675160806578,0.17773537120013516,0.14302729897588448,0.14707467502673882,1.7347234759750722e-18,0.12859449131470402
152,0.03951241256668037,0.15840076561356328,0.1658407435886495,0.14825799254619132,0.15250633258041862,0.10743735846350655,0.10837783327495124,0.11966656136503907
153,0.10070677883496189,0.21480320912444728,0.10387490937452318,0.10070677883487666,0.1777879873254794,0.10070677883489018,0.10070677883488974,0.10070677883493158
154,0.038698467384495165,0.19152637964193484,0.21476090733691489,0.04677112403731111,0.13134189075655064,0.17053501536900884,0.0022241131359682113,0.2041421023368162
155,0.058632112338347836,0.17586008885835552,0.17627038576261175,0.02696579688622732,0.21977155947192117,0.12062146188670508,0.12554769539165528,0.09633089940317593
156,0.04370399460898823,0.1981518422326372,0.1608523689418859,0.13936634269891882,0.14493017794202603,0.2025515753738959,0.0386462027854368,0.07179749541521102
157,0.0514159571052946,0.187132506973297,0.15696885415831072,0.12822217022931254,0.17374149026800065,0.1821844414673396,0.040553196660114095,0.07978138313733063
158,0.05170121048535663,0.18200722179839657,0.15981620504283883,0.12389142879615406,0.18073922111856147,0.1816375851491234,0.03722908813063554,0.0829780394779334
159,0.04682626020976661,0.17088484165051088,0.17983191084648184,0.1522594942092567,0.14974104609826908,0.23029706626510643,2.941268969778413e-18,0.07015938071960845
160,0.04408473167463051,0.1617914345773548,0.18496163771409269,0.13607053056723614,0.1657897305771686,0.22904936400298923,1.0151650168163235e-17,0.07825257088552792
161,0.040752245174697214,0.1854712495344665,0.1683346493500771,0.15213379183704373,0.14495355167207533,0.24676164273992635,0.0,0.06159286969071376
162,0.032648862876866476,0.18735101579402413,0.17167469603972166,0.1613029391523382,0.12868008596994956,0.26075401274096477,0.0,0.057588387425134925
163,0.013183440660288159,0.16141715807031462,0.17686600115448625,0.1768504893616791,0.1255750786345125,0.2989343179220341,7.40545023915933e-19,0.04717351419568508
164,0.022371488642314044,0.18498685275167684,0.15699999708176407,0.18550584657331035,0.11959454403221269,0.26965998944656067,9.444285012977996e-19,0.06088128147116123
165,0.01287363032278848,0.19822495613842062,0.14354214288349715,0.06471507846203414,0.17838751903136724,0.14419283941133576,0.15521680906110363,0.10284702468845286
166,0.01720609124672669,0.19692749546401975,0.13853570858606942,0.17000149179959823,0.13922602039492174,0.2527807894926672,7.012751040237324e-18,0.08532240301499694
167,0.01846951886793119,0.1902253202486956,0.15111834131621918,0.16773583060227737,0.13754210530182578,0.25300663518844446,0.0,0.08190224847360635
168,0.009096373496380336,0.17864766973356325,0.15507341515209566,0.16849037936445202,0.13527862725426032,0.26175942919419737,0.008062110486317059,0.08359199531773401
169,0.02581625307487084,0.2234641106892478,0.1441404322522642,0.052425653618164904,0.1781795159404581,0.13845240542687226,0.13174973514544328,0.10577189385167854
170,0.027265571690242747,0.22378654452983007,0.144534054434413,0.05414086257357077,0.17339191369876347,0.1315047878286529,0.14026540038969085,0.1051108648538362
171,0.009651993792008729,0.16951509067635886,0.16609978072993203,0.07323040509281045,0.1745138295233165,0.17421114470034416,0.1152477347854761,0.11753002069875314
172,0.0,0.14252273560686296,0.17683238024364967,0.12662340215296938,0.15328869317571475,0.22090079833026527,0.03777623512167587,0.14205575536786205
173,0.005289487896500336,0.14865716020243913,0.17196063967104747,0.14398840165837345,0.14762773484178485,0.2220538158251162,0.02040695668775112,0.1400158032159874
174,0.0,0.146205483716139,0.18180823984526137,0.1145209271873312,0.1541181031364306,0.23687932124182662,0.01874638447206237,0.14772154039994878
175,0.0,0.1468249036938451,0.18334454984059287,0.10901684446671027,0.15250323724895595,0.24123601599768024,0.043348249602394404,0.12372619914882108
176,0.003376284593678546,0.14498298109825977,0.18584542145077987,0.13714937296206647,0.13861985153222098,0.2506837597148439,0.03570081011735675,0.10364151852979363
177,0.01176959414086043,0.13790943757116117,0.1810996255852476,0.13446937335640796,0.1567170448030481,0.22985178090077368,0.03520756239580968,0.11297558124569146
178,0.010700613480314022,0.12448587124310301,0.18658232575715614,0.1335517524541637,0.1611634735819468,0.21976607035281942,0.04620476866769788,0.11754512446179899
179,0.008479016605084851,0.1252465637737981,0.20064575018497435,0.143693058782064,0.14340341160100445,0.25272883344745706,0.020783722098775086,0.10501964350584193
180,0.008593642970918797,0.1276868993846706,0.19873595774468558,0.14064980818566752,0.14559261350480399,0.24736993862996437,0.019999769165235177,0.11137137041305394
181,0.0058496230219281945,0.12398625389681552,0.19022097370540067,0.15043624710931708,0.14746655873128495,0.25265527154627315,0.026997961476844985,0.10238711051113543
182,1.173394338768428e-18,0.12676100191327272,0.1897328416046863,0.16177002480206457,0.13484354071466897,0.2544855115919496,0.032192743086871374,0.10021433628548648
183,0.06854414975086558,0.1405038384277478,0.14297463434851235,0.1442310443703985,0.16062271568281414,0.10224627031310157,0.11070274751191721,0.1301745995936428
184,0.06652840035144796,0.06627401171992428,0.14524228864765934,0.2746915624613956,0.21457750729622097,0.18167364085545498,0.009947151231430282,0.04106543743546646
185,0.02168843320478498,0.09698171169813738,0.18828699192226522,0.16890078459292338,0.18880517816531478,0.11750974369359339,0.1440017607703651,0.0738253959516157
186,0.12214973658693454,0.1258816008167438,0.1256791191375437,0.13304657003399797,0.12679376366297626,0.12214973658693454,0.12214973658693454,0.12214973658693454
187,0.0,0.1109392219265005,0.15263357850990678,0.24578536843519552,0.19291582409445743,0.06899018911658039,0.10759656449881498,0.12113925341754436
188,0.12220108039049601,0.12220108039049599,0.12220108039049599,0.136128014308166,0.13066550334785795,0.122201080390496,0.12220108039049599,0.12220108039049599
189,0.11983365619292509,0.11983365619292509,0.11983365619292509,0.16009429059411093,0.1198336561929251,0.11983365619292509,0.12090377224733842,0.11983365619292512
190,0.10849597541822309,0.10849597541822054,0.10849597541822054,0.10849597541822054,0.24052817207145255,0.10849597541822076,0.10849597541822108,0.10849597541822072
191,0.0020049643897786084,0.0,0.24410199365418292,0.15235958289060936,0.3177926689501292,0.19141978373766985,0.010531245650355384,0.0817897607262747
192,0.09185745199624903,0.09185745199624903,0.09185745199642284,0.09185745199624903,0.2498678641775672,0.19898742384375928,0.09185745199624903,0.09185745199625439
193,0.09241156092776567,0.10310549388253465,0.1490080654383956,0.1690885530163953,0.27177112865377445,0.2146151980801342,0.0,2.161130405344782e-18
194,0.07436470931733227,0.09097538536255356,0.1393288212392756,0.20020883487576605,0.25159253318552127,0.22445322193577988,0.01679293613351869,0.002283557949252523
195,0.07140263959015483,0.091874322897918,0.1396734866099407,0.20271556253932538,0.2443531735776181,0.22606274717503982,0.009022935780237447,0.01489513182876574
196,0.07067024846709202,0.07161295714969422,0.13659171600111342,0.17340691288482118,0.262292629346615,0.22664369138107718,0.006837580203205271,0.05194426456538168
197,0.11901445499618421,0.03869548373766157,0.12678141989392733,0.141310033335812,0.34714936794263385,0.15699601804425597,0.029321190869814714,0.04073203117871023
198,0.11807024564299384,0.033298557753689055,0.1317472013436083,0.14061867491101224,0.34421132880891553,0.15900410149369693,0.029414028227752326,0.04363586181733184
199,0.11904987678141872,0.04255117807082941,0.1333439157052,0.13840457367557574,0.34370797116450275,0.1599317545270548,0.022053701468149216,0.04095702860626927
200,0.11520801826015904,0.03385679059458803,0.1144029619459569,0.14582860889279411,0.34493770235641097,0.16885316279752155,0.031550940837750265,0.04536181431381913
201,0.13802538953759613,5.115907288340089e-19,0.15444561773338183,0.13264554774301823,0.37543733448664396,0.13972808976481269,0.044463307535108416,0.01525471319843872
202,0.30809136702747153,0.0988440904245066,0.09884409042450207,0.0988440904245033,0.09884409042451253,0.09884409042450089,0.09884409042450089,0.09884409042450212
203,0.19503999359063356,0.11499430101250031,0.11499421249931406,0.1149943339806195,0.11499409583964122,0.11499452331151995,0.1149944051124501,0.11499413465232126
204,0.2960842739245321,0.06045850332580957,2.6020852139626083e-18,0.13504832181014637,0.04676580692774124,0.19041562809142107,0.2150834210636804,0.05614404485566907
205,0.14706770596101598,0.008435966823055472,0.13259083072037506,0.11385316323408361,0.40121097509769704,0.1517719116628912,0.023724238077589214,0.021345208422292487
206,0.15470691054767052,0.009798894432931953,0.1239541803142586,0.10949206621114733,0.41786487852657134,0.14727845178503282,0.019349568840486546,0.01755504934090092
207,0.15337666678111336,0.02811443130254073,0.1581853457808788,0.08074798562533096,0.4127045705955382,0.12920465638392226,0.02123733780707133,0.016429005722604282
208,0.15550964445988757,0.027653046772334988,0.14942181913996427,0.08564697622938884,0.4144637154604837,0.13151359725147538,0.013703674102228294,0.022087526583237056
209,0.14412746467438656,0.01614118985196125,0.15559932896981965,0.06957307747677736,0.43187757803801025,0.1430671702024642,0.0396141907855806,0.0
210,0.14574218745260545,0.025900360076582505,0.14473379044510415,0.05511233850651847,0.45322864700157267,0.1487527931129975,0.02652988340361925,5.518049154801507e-19
211,0.14378820528017208,0.05638414867471158,0.11550549776012234,0.07587231360206904,0.43669034093990616,0.1366635493788215,0.03509594436319728,0.0
212,0.15423416960680508,0.04243350424339182,0.07396336294535583,0.06188761402361593,0.46575351502484325,0.13344564304239911,0.02695859300400361,0.04132359810858541
213,0.12052482380647295,0.04098999645215192,0.06627092376832028,0.10761162284193099,0.40119598643892507,0.16240058139953834,0.045580054188653366,0.055426011103006975
214,0.11820704842740028,0.06722646932850429,0.07809419051058093,0.11136062929363733,0.3834549798932646,0.14890441009895938,0.038567299060467575,0.054184973386185595
215,0.023200616046079144,0.07473777688325031,0.020283823767757857,0.25495208750111525,0.2917313966596835,0.08453216377963546,0.1123604529515627,0.13820168240991568
216,0.10004509214398963,0.07025489225738833,0.06758164535164891,0.21693310847885916,0.24199130447609418,0.0451112260315978,0.14945762553518271,0.10862510572423918
217,0.11317886241989016,0.07376483418002468,0.012807163994228436,0.10060011762832809,0.4140378908468183,0.17388767495214197,0.05335793859339582,0.05836551738417252
218,0.10541723099090339,0.07880550984193645,0.01225810429712835,0.09959043348123793,0.4029815035653501,0.17446324640163255,0.062130463437922355,0.06435350798288873
219,0.13740842969624745,0.10379957994548626,6.9173210335249275e-18,0.12377343373296798,0.43746600374764033,0.16546407859878742,0.031776980630329535,0.00031149364754097893
220,0.10353667920007081,0.07615172998499097,1.2061765712501422e-18,0.13861249048062124,0.38842451332094796,0.1882881971459303,0.06507149718300688,0.039914892683431576
221,0.11173370547955394,0.12019872941862206,1.5573196250950716e-17,0.13181349648005714,0.38708388234243557,0.15235467982992265,0.08516459470719612,0.011650911741212387
222,0.1137939916857516,0.0949678811865001,1.9927852982456374e-17,0.12446314533232139,0.38869367319383735,0.1590589955957579,0.08267152508433388,0.03635078792049775
223,0.08660772557012256,0.09464795232571534,0.005152018101291413,0.12901210835045596,0.3661647632901781,0.1736002076202369,0.10324196055796135,0.0415732641830383
224,0.09494415570732476,0.1084892207391146,4.182159002614921e-19,0.1254392570741853,0.38480101314381315,0.16931898751012184,0.09888582277170864,0.01812154305273166
225,0.09661905006297265,0.08746281012812529,0.00962859388380879,0.14185869389517458,0.37139993625909873,0.17392381515785038,0.10228802074257469,0.01681907986939481
226,0.09596165946690141,0.08723242048484313,0.011825285088659076,0.1402174348695064,0.3724319924573629,0.17494825486021262,0.10215552542169558,0.01522742734981878
227,0.10241834229218492,0.09258934716507923,7.795350092691937e-19,0.14373247827983504,0.38766842808830004,0.18317684089196964,0.09041456328163107,1.930149858774205e-18
228,0.10346176026184074,0.08245356301323768,2.1618133698480238e-17,0.15522613215234607,0.3831406217280966,0.1907743216488612,0.08494360119461755,0.0
229,0.09532904665244238,0.07497596188372749,2.5135702709746224e-19,0.14645329891702882,0.39132882830846144,0.20767458699857874,0.08423827723876105,5.965229531032445e-19
230,0.09301630640428721,0.07937794059455756,1.0702016443086066e-17,0.13831144883310487,0.40007799414792694,0.21328136081387922,0.07593494920524424,0.0
231,0.09439732337224144,0.07762851013679818,2.2824593769543295e-17,0.14741537800539437,0.38980230076597494,0.20295978236051443,0.08779670535807657,0.0
232,0.10150061163143843,0.08158047358853157,0.0,0.1545881185931193,0.3849750254084601,0.19114155801141638,0.08621421276603414,0.0
233,0.08849977698872039,0.07529428054533056,1.4872244192545537e-17,0.13977909291678545,0.39133435769344077,0.20619419843846193,0.09889829341626097,0.0
234,0.11593862092813947,0.09534987533526947,9.164940294601523e-18,0.17921737179120736,0.3692960898149968,0.16140349673158794,0.0787945453977989,8.385947915814164e-18
235,0.1175166706185034,0.09744091906724256,8.975902262926437e-19,0.1700816759096516,0.3791153330342672,0.1632180121216974,0.07262738924763783,0.0
236,0.12127189418438282,0.09888530834922032,9.879792296764278e-18,0.16585095917453735,0.3833276586657333,0.1580368334614722,0.07262734616365399,0.0
237,0.12488718225425806,0.09752466848828889,0.0,0.17859300457853608,0.3737088638143193,0.15216731614858825,0.07311896471500931,0.0
238,0.13138758580932824,0.09751895934369359,0.0,0.2002126894774541,0.3574909141159342,0.14472971841698898,0.06866013283560074,0.0
239,0.11134214475918916,0.09069490788859053,0.0,0.24736813546049852,0.29139000469808235,0.13529548714246986,0.1239093200501696,1.0706019997250819e-17
240,0.11475703141176637,0.07778166246675097,2.0683274022508453e-17,0.2550734980065848,0.2819019213369066,0.13353054032566264,0.13695534645132867,0.0
241,0.1028069984977447,0.06747356829601796,0.0,0.25309342540674623,0.27748107941446365,0.14315335906462875,0.1559915693193985,1.3386077240986066e-16
242,0.06468690349648183,0.027824412682847067,0.0,0.2226638666596126,0.29278580847434954,0.2053743042623885,0.18666470442332034,0.0
243,0.050285005257480656,0.02816546020016467,0.0,0.2124366110457555,0.29971624960321125,0.22590084499222615,0.18349582890016158,6.176890574123831e-17
244,0.07001541826766003,0.01142416368726997,1.541733371690477e-16,0.23900173411917627,0.2673396448581905,0.18431672766188412,0.22790231140481887,3.779566889763314e-18
245,0.050324638560464596,0.008945803042175448,0.0,0.22654909269800375,0.2748555009716427,0.21301253884483315,0.22631242588188025,1.1135609134626535e-16
246,0.049634625812619945,0.006557604460327707,2.1729503972665287e-16,0.22624240830774467,0.27609143735697583,0.2163202447801933,0.2251536792811381,8.593584092572902e-17
247,0.014046750331153643,0.11741777498657621,8.673617379875361e-19,0.17398022879206468,0.33345242551277504,0.11823684998339191,0.1335115415576124,0.1093544288354261
248,0.030107750110909503,0.11872176646813894,0.031763576482906286,0.20363365086974453,0.24299904210615983,0.1338214714088997,0.13107417265707447,0.10787856989516675
249,0.0962088229183494,0.0962093710910383,0.09620879372379602,0.09620969613603066,0.3265356426527576,0.09620939783638534,0.09620911466973894,0.09620916097090364
250,9.825743481168136e-18,0.01791773526128092,0.0,0.42729326778654836,0.2861435275729963,0.014320280946532343,0.25432518843164204,6.0001454562981215e-18
251,1.2675837635686236e-16,0.13965968074107576,0.0,0.23890385083764099,0.2649309532296302,0.1575562891450933,0.19894922604555967,0.0
252,3.0223369091679236e-17,0.0406020643222781,0.0,0.25289373621967254,0.24445220728211592,0.2558905768457683,0.20616141532916513,0.0
253,0.0,0.05801546898842574,7.299708612274083e-17,0.25419161907480015,0.2508218744448886,0.25483335582228384,0.18213768166860128,1.2080181313230348e-16
254,0.0,0.04253108940080475,1.196364127572353e-16,0.2584948807230824,0.24875554189639984,0.26619173529080703,0.1840267526879056,2.1577934337329457e-17
255,3.867417389469312e-17,0.041218383133789574,3.160958919374581e-16,0.26451916721705715,0.2454225563870874,0.26827817062717985,0.18056172263388545,0.0
256,9.026260392594475e-17,0.034408406680422395,0.0,0.25970051857996984,0.2506665418184276,0.26958498845962464,0.18563954446055536,0.0
257,0.0,0.018417870618408445,0.0,0.273886589376946,0.24116181961847677,0.2941176133261073,0.17241610705906132,2.058418695926587e-16
258,8.971522863545512e-17,0.023883326498084955,1.1134710082764121e-16,0.2867524608383601,0.2338132765819939,0.2972857065587389,0.15826522952182173,0.0
259,5.768861575700209e-17,0.050271677804098816,7.896170585633729e-16,0.30703139724680134,0.21360443476237143,0.26830916578201003,0.16078332440371731,3.5081818126878525e-17
260,1.4270713489150736e-15,9.77049492556203e-16,0.0,0.9999999999989956,0.0,5.929374355473538e-16,8.899564741268692e-16,5.826032911639375e-16
261,4.968858006825599e-17,1.318389841741055e-16,1.110428962675293e-17,0.3150563689924718,0.24884693729239626,0.1969309676436462,0.23916572607048547,5.362265528257774e-18
262,0.0,0.053759898303922186,2.214191524848617e-16,0.30437415671441814,0.24900368675024295,0.23553864778738165,0.15732361044303453,2.493449653789861e-16
263,6.4398323500637305e-18,0.18385247825688159,0.0,0.461487347797745,0.1464856299238383,0.09573323651771305,0.0,0.1124413075028221
264,0.0,1.1527530797895742e-15,0.0,0.24294349068600318,0.32731143527426965,0.27395951112611183,0.15578556291261395,0.0
265,6.728330847000504e-16,1.6116710565352387e-16,0.0,0.2711810824487326,0.2898118729512031,0.3448887839918001,0.09411826060726321,0.0
266,4.869241381955467e-16,5.761679361477334e-17,0.0,0.27614164402126357,0.3020898787439535,0.3843783532134097,0.03739012402037273,0.0
267,1.5718536230569995e-15,0.0,0.0,5.260309051181988e-16,0.9999999999989969,0.0,1.0094090732537344e-15,0.0
268,1.6038466570557145e-17,0.0,1.8795668495887865e-17,0.1733871296110768,0.7127948359766093,0.11381803441131388,1.7347234759750722e-17,0.0
269,2.08513783945225e-15,0.0,0.0,0.34886578474452506,0.2497241616506819,0.4014100536037904,0.0,3.150396179663965e-16
270,0.0,0.0712768640912996,0.0,0.6924215371625181,0.08866561898204035,0.07655770401201412,0.07107827575112789,0.0
271,7.973125766745572e-18,0.0,0.0,0.5460436475654246,0.17150843856087455,0.22661690413985416,0.0010420717346491548,0.05478893799819745
272,0.0,4.424923174062691e-16,0.0,5.551115123120225e-16,0.9999999999989981,7.314665131240518e-16,0.0,2.283906211595456e-16
273,0.0,3.789948951752339e-17,0.0,0.36028862533071687,0.639711374668283,1.4703231611428883e-17,1.7347234759750722e-18,0.0
274,2.571050630185433e-18,0.0,5.6751295181454735e-18,0.44590848950368295,0.25283283731638406,0.22504117006226101,0.07621750311667182,1.235891156116564e-17
275,1.1872494240737945e-15,0.0,0.0,0.38710757513915195,0.21151018741281838,0.40138223744702706,0.0,1.3935722980808267e-15
276,0.0,0.09002813033239045,0.0,0.47061244907706523,0.31197917079056275,0.0,0.002771465277613187,0.12460878452136825
277,9.123095829256951e-18,0.0927410723894612,0.0,0.3090936668388533,0.1808092458878513,0.18562902438578974,0.18476447810534252,0.046962512391701836
278,2.7592687143686867e-16,0.0,1.2402315141421869e-15,0.3840680574324132,0.21512604880396463,0.4008058937626197,0.0,7.438335143373316e-16
279,0.0,1.07589820641742e-16,1.3283187280611098e-16,0.45293614957258765,0.24229729025624658,0.30476656017016546,3.832035488149219e-17,0.0
280,5.443191629220534e-18,0.07767258360676609,0.0029995885888652353,0.24648537614371852,0.2669468339212915,0.22220247074169003,0.16664348098459245,0.017049666012076206
281,0.020017357243280336,0.1423575756425212,0.04863174012120951,0.23634455319422695,0.2035602392435724,0.13610704079628252,0.1411671632646656,0.07181433049324144
282,0.0,0.17181381136238352,0.01138994943680812,0.23664741286967217,0.26619480803951184,0.13360903541681507,0.12085669092993269,0.05948829194387657
283,0.0,0.04384875469567927,1.9712470290898378e-17,0.30243835556273857,0.35415470943153016,0.14469807318160277,0.15486010712744908,3.432586974122767e-18
284,4.6861847776795384e-17,0.0,0.0,0.18592287068385702,0.5371196767612353,0.1392247100433241,0.13773274251058348,0.0
285,5.519856300054621e-18,0.010640198725785949,0.0,0.23382462748144042,0.2756404883942763,0.2623136524065028,0.18422454525422344,0.03335648773677113
286,2.851925755028223e-17,0.1101871385282703,0.0,0.5677853169704986,0.13091151211011173,0.08866671643453014,0.10244931595558895,1.3877787807800578e-17
287,2.2703433055093334e-17,0.0,1.5128429847676045e-17,0.19051186541988135,0.8094881345791186,0.0,0.0,5.0007685160918615e-18
288,0.0,0.0,1.669963349965075e-17,0.1940957505735257,0.3824460758700182,0.40354380951953184,0.01991436403592417,1.0716358379872511e-17
289,0.0,0.02601328028439702,0.008920633806954062,0.2120536827489067,0.2709390659210615,0.28064752698719964,0.18872760087921187,0.012698209371269151
290,0.0,6.117560751556381e-16,0.0,0.0,0.9999999999989975,0.0,0.0,1.7286775611791356e-15
291,4.853019983485451e-16,0.0,0.0,0.3938139727150767,0.4959454378220021,0.1102405894619207,0.0,0.0
292,2.1821191074109312e-17,0.0,0.0,0.13251227028302398,0.5075758506001901,1.3877787807800575e-17,0.3599118791157858,0.0
293,1.601559307764801e-16,0.0,2.427430141625503e-16,0.3518321950706218,0.5531116802208538,0.09505612470752384,1.6201296884205726e-16,0.0
294,2.1558237730580948e-19,0.14600630003259948,0.04229009250113073,0.2607361101729509,0.20871494412666966,0.19337741974536152,0.13684250030947254,0.012032633110815169
295,0.0,0.0,4.189199360994708e-16,0.37190726579487915,0.5539552294926627,0.0741375047114576,0.0,0.0
296,6.390185195241396e-18,0.0,3.468836675360317e-17,0.20713282958022183,0.40498108283323453,0.32533358828116965,0.06255249930437397,0.0
297,0.0,2.392608131648364e-16,0.0,0.4039309559090666,0.5662241560347001,0.02984488805523291,0.0,0.0
298,1.4975111781885676e-17,5.643477331218787e-16,0.0,0.4026838491157975,0.5655188903475771,0.031797260535624164,5.010957999278753e-16,3.8625655003253116e-18
299,8.057753455564634e-19,3.515416210704271e-17,0.0,0.33544574434486757,0.4751902101698796,0.15370337071218565,0.03566067477206715,0.0
