oos_period,model_1,model_2,model_3,model_4,model_5,model_6,model_7,model_8
150,0.041990655986676194,0.27677110193194776,0.18007817269440354,0.0,0.14552370778660806,0.09543205961974002,0.16226116482362016,0.0979431371560042
151,0.13792564758125161,0.19546438740521377,0.20543909348771985,0.12171598062864938,0.028871164685200706,0.19210644649399883,0.0,0.11847727971696571
152,0.11663489418418939,0.2067706883840688,0.16340011385745515,0.10857006644504291,0.1277953848157734,0.16699729096331406,9.609680583576896e-18,0.10983156134915606
153,0.0911134461134164,0.2523272353115028,0.17946526445754676,0.11026383214681881,0.143460684158864,0.15745357602907425,2.2190966198839987e-16,0.06591596178177657
154,0.021470096111562954,0.20299059114915116,0.21987275010527138,0.05290028658965101,0.13858997401683448,0.16777951619996737,0.0012046394057325016,0.19519214642082916
155,0.0431725619544338,0.18582879157584062,0.1845771017193691,0.03410590723425498,0.22754962136887583,0.11726075488881017,0.11788793138354962,0.08961732987386578
156,0.005276085991490069,0.22526710629807456,0.17476151041200338,0.1497800075976025,0.1606411738008677,0.19331179436995957,0.03442068476233517,0.056541636766666986
157,0.013818482182501701,0.21396881418194494,0.17092643555647818,0.14000595443063685,0.18749235339943757,0.17226839796319385,0.03602846492691127,0.06549109735789554
158,0.017290528540941694,0.20635339344591322,0.17278150078313875,0.13401546579332907,0.19472716422127104,0.17239666335619602,0.031881350416661486,0.07055393344154869
159,0.018964477436142494,0.18946018760411146,0.1898213602375978,0.1595380050822316,0.16037076663994548,0.22172793597617926,0.0,0.06011726702279192
160,0.027919777457876868,0.1728079463518296,0.19101813148785382,0.13986472381186468,0.1726665823581684,0.2234098206246118,0.0,0.0723130179067947
161,0.026418128443137845,0.19402976003150943,0.1748501214487606,0.1548837499421706,0.15166806212330156,0.24019241437285216,0.0,0.05795776363726754
162,0.013923501757892576,0.19662690865312807,0.18049192616987683,0.16388851903852908,0.13736910658960721,0.2535787578495399,1.6620092077611044e-18,0.05412127994042646
163,0.015198688153862338,0.16064784749436015,0.17592349660935525,0.1765036035353766,0.12467787609697435,0.2993908959158235,0.0,0.04765759219324774
164,0.054819306814005424,0.17674058647206053,0.13907586124188104,0.17941218415827936,0.10847733764689942,0.2733965405500626,1.0233216794005784e-18,0.0680781831158117
165,0.0,0.20746217099600922,0.1506765808871989,0.06688559635089177,0.19029212277535565,0.13977019448330696,0.14879412539782622,0.09611920910841118
166,0.07993190743110921,0.18238886015950856,0.10273575092600226,0.1585249920076813,0.11754191144864365,0.2595037697897492,0.0005496080101060421,0.0988232002261997
167,0.08120615065048443,0.1757652414649265,0.11332477615256657,0.1550259217822592,0.10932638516082112,0.25854845065512333,0.008266349418927647,0.09853672471389119
168,0.06624928474559534,0.1615481136365249,0.11794157886425827,0.15528520463641043,0.10836426655275289,0.26777042753852004,0.024036949604839722,0.09880417442009841
169,0.02306383071259122,0.2247286423859226,0.14531771428957915,0.053120461483296556,0.1796568161478182,0.13821036312887017,0.13108635473376812,0.10481581711715399
170,0.025956808003279843,0.2243833858989871,0.14509235563341427,0.05447149252011376,0.17408878300122452,0.13138103269850224,0.13996815045280456,0.10465799179067374
171,0.011392744736182571,0.16877278113187635,0.1653381594615872,0.07276962361291803,0.17359145046255472,0.17435416976314413,0.11567839686119863,0.11810267396953837
172,2.5173563399663202e-18,0.1415468857092304,0.17606955993964982,0.12698987823709196,0.15073818839182304,0.2220653321075139,0.0394369557123767,0.14315319990131414
173,0.0,0.1529441352313387,0.17569462000599295,0.1441580361586624,0.1555775604011967,0.21887208199895358,0.0169131015869862,0.13584046461586938
174,2.0256243496945255e-18,0.147470931023912,0.18292164947609024,0.11385901837930566,0.1579285540628052,0.23510104238987758,0.016695260373321055,0.14602354429368813
175,0.0,0.14764097915952304,0.18404461708922332,0.10858035568952487,0.15495041511953087,0.24005279069456625,0.0419602937358693,0.12277054851076234
176,1.469281411249078e-19,0.14688872150449997,0.18746749784929337,0.1376999406048121,0.1412403996454614,0.24970148726448085,0.03472475875072939,0.10227719437972294
177,0.006283583195154299,0.14069302078386883,0.18343140253329665,0.13552407203472755,0.160086664776495,0.22865761008442437,0.03407737575796599,0.11124627083306737
178,0.0033635112986195146,0.1281467799150278,0.18978503963412022,0.1349312088563804,0.16568607188025794,0.21817376841021338,0.04470205226373351,0.11521156774064721
179,0.005853557809905835,0.1265576915184226,0.2017639730686896,0.14417634604612772,0.14500334747523316,0.2521291140796303,0.02032648924155853,0.10418948075943235
180,0.0034209657260884717,0.13000103377911723,0.20108137569450701,0.14184240009752133,0.14849759986117797,0.24678375195796157,0.019161066841685306,0.10921180604094105
181,0.007043079695365125,0.12346428131679663,0.1896065016188075,0.15018054192576094,0.14680955648040447,0.2528508311688404,0.02724829997279881,0.10279690782022627
182,1.8729313846885383e-18,0.12677004855848187,0.18974557467736367,0.16176529764930483,0.13488021614682055,0.2544669282379902,0.032172198037097643,0.10019973669194124
183,0.05511132160173916,4.918482096684388e-19,0.46113667348297244,0.016745064980796424,0.12044268955007487,0.10224320801392266,0.0,0.2443210423694943
184,0.06798005245762025,0.06558967019284025,0.144446879605401,0.27458402116332853,0.21380904793908,0.1816035518581218,0.010365999551673733,0.041620777230934464
185,0.0,0.004863726023387593,0.32601975126797456,0.1693301088759563,0.3191661750677943,0.10770199689872068,0.0,0.07291824186516653
186,0.0,5.511474983190945e-17,0.3156831552311264,0.1581845721797385,0.2903539886274252,0.14001634978656177,0.0,0.09576193417414797
187,3.544543140594974e-18,0.0,0.3219756359850825,0.15574543792144996,0.28885207950174907,0.14411479990775194,5.510173571668288e-17,0.08931204668296648
188,7.977677731576345e-17,0.04531469049727549,0.3073205296947384,0.14804347378668697,0.20821613463546979,0.2000702081026538,1.3930093734651753e-17,0.0910349632821754
189,0.0,0.0029199364517343202,0.3556948106226602,0.14136587875847176,0.2523173744727342,0.19666142638290918,0.0,0.05104057331049026
190,0.0,0.07861480078092735,0.2314949962563319,0.14715680461466427,0.2986478104931665,0.24408558785391002,1.4830098602519304e-17,0.0
191,0.055874813383867794,0.10072588667479582,0.1773815900191925,0.07126501255481651,0.4145009020804121,0.1802517952859151,0.0,5.856809313784002e-17
192,0.12921140586535856,0.09892046919567048,0.1620302453175094,0.07481518267661591,0.4175312407474421,0.11749145619640368,0.0,0.0
193,0.07931939678768803,0.10339128753200298,0.1551964439792301,0.16891247135610657,0.28110622330177915,0.21207417704219322,0.0,8.013964002422132e-18
194,0.09835122210346613,0.09213866709864414,0.12524729263130152,0.19630107926645635,0.23170609708829357,0.22904030706314193,0.020236854006142713,0.006978480741553577
195,0.09661459863509868,0.09293724250446389,0.12520384297116832,0.19837421599355276,0.22324580254570747,0.23119906069094062,0.012667596937197,0.019757639720871228
196,0.09522361920070001,0.07384231791611481,0.12439587899488894,0.17002835119423962,0.23837240277072955,0.2321765459741598,0.00952725853474353,0.05643362541342387
197,0.13427054067416389,0.03907119203010129,0.11985780771776236,0.13888281724782905,0.33449212670154144,0.15896486937153465,0.031004924479404852,0.043455721776662404
198,0.13222296604082726,0.033879522463722736,0.12539216936720177,0.13831218544060414,0.332679979500853,0.16065280745191463,0.030784315782762497,0.046076053951114
199,0.13764287106366282,0.04431840472973451,0.1241117601776904,0.13544640045516104,0.32791736667896015,0.16193375076182653,0.024801227577467975,0.043828218554496534
200,0.12123949897834181,0.03454611581088933,0.11172209593164449,0.14478238699407173,0.3398448465773094,0.16936910564278326,0.032295037492607294,0.04620091257135251
201,0.17021970268893433,0.0,0.14448905952219562,0.12613066290648633,0.35132114248860313,0.14090422175093978,0.048804810459883836,0.018130400181956927
202,0.2351833462045499,1.6453663295356723e-17,0.07036490360000502,0.05963290320416097,0.45313859503809567,0.14987836173500726,0.03180189021718094,0.0
203,0.26448938097083635,3.4458359085454546e-19,0.054603432328070335,0.02528273461367448,0.4322197850846468,0.21053523394241444,0.010427834599813121,0.0024415984595443528
204,0.4163093366595598,0.06161812067858702,0.01896885816951601,0.06775874711550071,0.19073765581660423,0.05199888933709766,0.19260839222213455,0.0
205,0.11418926296445506,0.0033496607106014084,0.14537343303821357,0.12279371304041899,0.42938549875375764,0.14939054449661185,0.0146798306212881,0.02083805637365331
206,0.12776801829279744,0.005326431945888565,0.13456710950171624,0.11693037709706458,0.4420402431076943,0.14463979551533304,0.011649485926439194,0.017078538612066554
207,0.13722479809821736,0.02497147750602674,0.16344346786436406,0.08490240882435887,0.42455528783052354,0.12852775511215164,0.017317231862430945,0.019057572900926786
208,0.12872699865693366,0.022211246901325064,0.15985332743734343,0.09237150157634957,0.43464056426445835,0.12910938041319914,0.006713941853850982,0.026373038895539738
209,0.1481998147249456,0.016779029099807944,0.15402686276737063,0.06834997890908202,0.42860362419804204,0.14351813198315516,0.04052255831659648,2.047522155483932e-17
210,0.16990412120444626,0.0312603711418191,0.1349468468773026,0.04765504693506361,0.43117909062071086,0.15252300002692248,0.03253152319273507,0.0
211,0.15870795801427756,0.059766794939441634,0.10919554195390699,0.07156308468025047,0.4228143020238839,0.13917601720472728,0.03877630118251214,5.236569438157661e-18
212,0.21770321004118348,0.059747335431710145,0.053693175728157905,0.05274343477690158,0.41295414161947397,0.13367592433498315,0.03923405998752151,0.030248718079068256
213,0.16146663196178196,0.04435796350336957,0.048246390591435304,0.1019419700544374,0.3527935121866329,0.17178594068022018,0.05790654648619027,0.06150104453493237
214,0.15952890065867809,0.07139038138401513,0.060252285840198164,0.1057841994003876,0.3339035048642615,0.15801242143039673,0.05085094534530979,0.060277361075752794
215,0.2959202544997005,0.15489573259610237,3.9265271061117894e-18,0.0,0.17239388151010013,0.1808876874970149,0.08918516427752589,0.10671727961855619
216,0.293284558677198,0.12631771749328968,3.1920966012838418e-18,3.358194468284324e-17,0.11609303277199064,0.2504064092162806,0.11644025765033376,0.09745802418990723
217,0.18260202347618437,0.0743308684008703,0.0,0.09123624032370095,0.3307372122108279,0.18107397667102693,0.06897519138161566,0.07104448753477378
218,0.1795600241830482,0.07776618244185264,0.0,0.09008594943946857,0.32095924642228757,0.18112601871210263,0.07504228237944759,0.07546029642079255
219,0.27488765359692063,0.10856226236581042,3.7421915609657555e-17,0.09247852824845969,0.31284246155672957,0.17244698613710174,0.03878210809397778,1.929541053843366e-18
220,0.16337847275935571,0.070886997984186,1.070159954405734e-18,0.13280997039247425,0.326566794382452,0.18882404425605037,0.07241147139869773,0.04512224882578381
221,0.2286649781417147,0.12131979171218164,0.0,0.11091792900320346,0.27349957562948296,0.16026387817450666,0.10533384733791053,1.805390019701283e-17
222,0.20932244582696738,0.10582104504523318,0.0,0.11057675238348946,0.29931994429365094,0.16551023434862708,0.10392427296241866,0.00552530513861322
223,0.14041346529217716,0.09523806256009926,1.0628550672843746e-18,0.1209402369463903,0.3079994678364166,0.17747402556779943,0.1144617153807877,0.04347302641532951
224,0.1486517276542926,0.10576062809553353,7.223536678846852e-19,0.11814698510141546,0.32855110092690115,0.17094782682216417,0.10909509399263699,0.01884663740605601
225,0.11878147546706114,0.09025691839173935,0.004433929463578305,0.13745044274611334,0.34710081765889467,0.17641093482197706,0.10731829701315024,0.018247184436485916
226,0.1207184832083389,0.09124314472349318,0.004633728109269231,0.135017422841648,0.34595268123629236,0.17813534629984976,0.10731453216743132,0.016984661412677165
227,0.17363000354567149,0.09169906233961768,0.0,0.1317176705449403,0.31838525282980534,0.18410362260032742,0.10046438813863776,0.0
228,0.18204665769778594,0.08369494364374712,3.552307950015214e-17,0.13985386365484295,0.30786329171210464,0.1898420121370162,0.09669923115350322,0.0
229,0.17783606296188695,0.07748178529793716,0.0,0.12657975258853302,0.310491742181772,0.2062225199131534,0.10138813705571734,1.760505041307099e-17
230,0.18399481852962973,0.0827327784732841,1.2261108345812414e-17,0.11559481079210573,0.3127619897172745,0.21223273560629966,0.09268286688040646,1.8260640679355368e-17
231,0.1866814425364599,0.08124684664691902,1.3336097003142194e-17,0.12340355497030715,0.30218383002577115,0.20291157871516893,0.10357274710437368,0.0
232,0.22676256586547497,0.09014832337893916,7.684865232634565e-18,0.13125032727202796,0.2710459862172411,0.177795334684291,0.10299746258102585,0.0
233,0.23732284699495498,0.08197924886477279,6.8559905541878574e-18,0.10188495410056672,0.25278042166787507,0.198941320726023,0.12709120764480744,0.0
234,0.27570183296187506,0.10258264041343283,7.408621019457411e-17,0.13923768889369853,0.220460398422134,0.15279900350440037,0.10921843580345914,0.0
235,0.28096937731738614,0.10492563567878871,1.2311068022957308e-17,0.13162780090760426,0.2240334018925235,0.15568147267234578,0.1027623115303516,0.0
236,0.28038542443928677,0.10504975895827119,2.6274591446887697e-17,0.1322294437042881,0.22103185187810837,0.16108041705169812,0.10022310396734738,2.093653687373723e-18
237,0.2665549951990772,0.1054496346665366,0.0,0.14819716289884,0.22720706801109505,0.16310274525138943,0.08948839397206157,8.186914895361487e-17
238,0.2663797003919417,0.10557041953411975,4.893224632988473e-17,0.16550640679874476,0.2190638829939997,0.15761868556595734,0.08586090471423648,0.0
239,0.28430798185904976,0.10205190788682302,1.446795801379942e-17,0.19531656385584112,0.13039987715414056,0.15271922338462965,0.13520444585851582,0.0
240,0.2833888579668351,0.08288838243751691,6.755445096370912e-18,0.20366441488156886,0.1217608076103497,0.16372978400599372,0.14456775309673559,5.148479335132282e-17
241,0.28503034055891185,0.07341629497905892,0.0,0.19861062884622185,0.1059341594703568,0.17300659158742984,0.16400198455702045,1.6034974260174225e-16
242,0.14314562926886956,0.02984101187748274,0.0,0.19211582849468373,0.2115740126864573,0.2286743326788007,0.1946491849927059,2.229517772113177e-17
243,0.13558508237208364,0.03135254149043681,0.0,0.1748303360606377,0.2091592760110441,0.25529795763370033,0.19377480643109746,0.0
244,0.14630829581587615,0.015317283906437428,1.4384816436070571e-16,0.20291847314359895,0.18893832136800698,0.2102002611436567,0.23631736462142364,0.0
245,0.11616847263135104,0.01186374010376915,4.0143036051560837e-17,0.1899957205273121,0.20411175777894108,0.24406362215543187,0.23379668680219473,0.0
246,0.11802429131309904,0.009652416571435094,7.149265124262524e-17,0.18953502952895815,0.2029375126191003,0.24585406080825226,0.2339966891581551,0.0
247,0.10946714854072623,0.14577646544964815,1.1365911602720465e-17,1.0421681624769678e-17,0.26134256350723906,0.03170191053634966,0.45171191196503696,1.6354088629096053e-18
248,0.10285092058366493,0.16831035466987893,0.0,5.584382342123612e-18,0.2573500849658649,0.024262221754432538,0.44722641802515883,1.0919048783485065e-17
249,0.04084951752035029,0.27724756713324533,0.0,1.1361549383042107e-16,0.23222888849142967,0.0059414420118231795,0.4437325848421515,0.0
250,5.592043726547656e-17,0.2890694286006728,6.194958172085562e-17,4.8187273577973365e-17,0.18215625676362118,5.001239174952854e-17,0.5287743146347057,8.229304188620212e-17
251,0.017954480566187852,0.2890462748606834,0.003906077271477341,0.0550882992388536,0.06363207918761825,0.28023909589819607,0.24296712210212631,0.04716657087385712
252,0.10556908977094585,0.07771947781839653,1.9337568956405245e-16,0.13090393097232836,0.08777749383193137,0.3539523279023213,0.24407767970307637,0.0
253,0.10435226676963326,0.09819369912556236,0.0,0.11784032090025816,0.07366766512249742,0.37243904911840453,0.23350699896264418,0.0
254,0.10150106862252443,0.10013448620102955,1.954447066421814e-16,0.11986922852614865,0.07014601727026785,0.3679375641189117,0.2404116352601175,0.0
255,0.10228917520113279,0.11197314223237996,0.0,0.1194864489367646,0.06294482657335364,0.36678851191003,0.23651789514533897,9.080966112121387e-17
256,0.10567405973292755,0.11730782791927656,5.149536802827369e-18,0.0889838323201497,0.06256252319287356,0.38390139629006925,0.2415703605437033,0.0
257,0.10781864891369314,0.10263798267860055,0.0,0.12011196017453298,0.06286891705297243,0.3687739408437095,0.23778855033549132,1.212831533336803e-16
258,0.10686276457046448,0.13398740584282293,5.695315070851841e-16,0.10441287484462525,0.06973146166832841,0.3564911928956616,0.22851430017709662,0.0
259,0.093533268301957,0.17485288783619624,0.0,0.09937371579130873,0.04649404116805116,0.332397346813308,0.2533487400881789,0.0
260,4.441612438309082e-17,0.34607037071551616,0.0447605115179249,0.21351361708178437,5.302054808798815e-18,7.174638477044848e-18,0.36741591831547377,0.02823958236830073
261,9.195829650763573e-18,0.3917729442238755,0.06363927610986993,0.08821529654510234,0.0,0.0,0.4388389671233846,0.01753351599676748
262,0.11292792735158474,0.359927028852429,0.01781612755983686,0.002413373576939737,0.028820595617086147,0.12337591636275405,0.3384630735505972,0.016255957127772235
263,0.0579593089087614,0.26974689919930156,0.2805051543404409,0.0,0.0,0.15569986400006391,0.23608877355043215,4.0324062245184707e-19
264,0.04229610900093713,0.2694454039950437,0.12879714817818785,1.2081245485054785e-16,0.01781272324460608,0.2252954666793861,0.31635314890083904,6.7556105324934226e-18
265,0.036637745312253125,0.23156232428268428,1.1948410359619502e-18,0.04568393879125211,0.060548072701219126,0.3373379455905113,0.28822997332108,1.7736389184033075e-17
266,0.06777015572587922,0.21622417099857574,0.0,0.02711899334960153,0.044475102909688896,0.3691173698243715,0.2752942071908831,2.107915604623103e-17
267,0.22107943092947585,0.1155152724135632,0.43578577519190326,3.7218670715708585e-17,0.010091604460611902,0.21752791700344562,9.84319782646497e-18,1.0320914482548567e-17
268,0.22189291329869956,0.1120460565436503,0.4369859488631519,0.0,0.007138090963355421,0.22193699033014277,0.0,0.0
269,0.028524265560797346,0.20527576595324235,0.08554709902982686,0.04126383179545061,2.920981951463315e-18,0.4271209731389815,0.21226806452070113,1.661293660382078e-17
270,0.24615195492028538,0.05590233510233254,0.4407994473494579,0.0,0.0,0.257146262626924,0.0,0.0
271,0.23062986679252936,0.06387779272135521,0.4545853614927876,2.5571726154234735e-17,1.8577192773611735e-17,0.2509069789923276,0.0,1.3529194045336376e-17
272,0.23093117333355107,0.062246259553279296,0.45086160177249435,2.3285359236471057e-17,0.009171769923795963,0.24678919541587932,0.0,0.0
273,0.2242160115883802,0.07640993081596666,0.43382092151056495,2.7631061772354897e-17,0.025130362051994704,0.24042277403209342,4.169096166381497e-17,0.0
274,0.271283396038986,2.6105449555233017e-17,0.3981789170056919,0.0,0.06966068624385335,0.26087700071046854,0.0,0.0
275,0.03094917928232363,0.26892565987519435,0.12899010620428408,0.004851734715678671,0.0,0.3625758014929844,0.20370751842853482,6.9298677090561195e-18
276,0.20250172399234576,0.0,0.3580851904825207,0.056156689273008424,0.14671403063145189,0.15740676938471634,0.07913559623495697,3.948444083621973e-17
277,0.22229903468123832,3.4325836457045215e-17,0.2617534717651395,0.05130932928413493,0.19609106747495644,0.21342650524697204,1.4658056175321708e-17,0.05512059154655866
278,0.0717609637550203,0.26614610842582237,0.12260292678618141,5.254410069609187e-18,2.268486581642756e-18,0.32873160563096526,0.21075839540101063,6.855714950648572e-18
279,0.11743257639029152,0.06195717809740684,0.33205418259126235,0.0,0.0,0.2621767653220566,0.16405440438064986,0.06232489321733288
280,0.23664363992039064,5.013286259305731e-17,0.25895724264117465,0.08293217168483107,0.15349111878560487,0.20925879154745722,0.0,0.05871703541954146
281,0.18427567780296739,0.0,0.2632758964988733,0.04939784812828525,0.15352091439660645,0.1743283035748097,0.0,0.17520135959745797
282,0.14570567939783022,0.0185606650327037,0.10479050791083287,0.09433152200345377,0.20146859274360143,0.10417789509667118,6.921021508713242e-17,0.33096513781390674
283,0.14795715489407116,0.045339924967192635,0.0872494289610927,0.08744271801994825,0.2056261802303596,0.11912173278932292,0.0,0.3072628601370127
284,0.10664828917801834,0.0033566172141794135,0.09322624664599144,0.153721406268271,0.12307916764472351,0.15212870502940248,0.0,0.3678395680184137
285,0.1062635687393354,0.0,0.10490189946680943,0.15899771636688736,0.14797457993366725,0.11622055793466608,5.5634442825390575e-18,0.36564167755763444
286,0.04288488422343353,0.011203102903882513,0.10896210972363277,0.22954786183992693,0.1385318912888928,0.11634159641987828,6.413323195019322e-18,0.3525285535993532
287,0.05076195332131696,0.08510637498278947,0.11458018819987317,0.14964099832115052,0.15709801132990694,0.12474349058498185,7.656680211314706e-17,0.3180689832589811
288,0.10068745835746379,0.08084722029430359,0.06812975787547995,0.20656295572325348,0.2175878559144628,0.12919790131781192,0.0,0.1969868505162245
289,0.04243272384811696,0.2596535760269888,0.05287406807266389,0.07944565342753684,0.1406915711415229,0.1977829525474064,0.11292546028927529,0.11419399464548886
290,0.06386787732980918,0.32393705238661974,0.04710583564686938,0.025586472231040446,0.14580745529229153,0.15114299487683008,0.21849160241510007,0.02406070982043943
291,0.11734879446470012,0.1737234117135719,0.325043350152728,1.7382439566620944e-18,0.00019002765679678523,0.22530359487981386,0.13958587175633463,0.01880494937505453
292,0.11466292455938175,0.2660947245787273,0.03449332540897228,0.10367875484383579,0.24868233330855447,0.09462258138721102,0.09752710798142597,0.040238247930891244
293,0.1298263750846559,0.18348710613354485,0.29349366097917484,0.006015215792350013,0.06212919808264203,0.21094602923941658,0.10872436630501639,0.0053780483821993215
294,0.0,0.2848741335315362,2.211084691078792e-18,0.029757094920034068,0.27752890676771597,0.08691673557425333,0.28881776522449487,0.03210536398096556
295,0.13336630822035306,0.16635561064686505,0.2469553266926023,0.03986299196709466,0.12533526391097083,0.21403644524092713,0.051829031379411236,0.02225902194077582
296,0.04103512131328935,0.22552334786875752,1.1693739823087152e-17,0.10855730250433186,0.33958903933023654,0.09508684299623175,0.05431927534760191,0.13588907063855116
297,0.11616141686871209,0.12619127878771863,0.16433159106016235,0.06614446522379173,0.204089454735574,0.19158489535819762,0.026028333122431968,0.10546856484241154
298,0.11434756113837682,0.12042823806854758,0.16513184627426022,0.10253106740923464,0.21777940851292088,0.16169555941311034,0.02530118898969336,0.09278513019285606
299,0.03142208119347206,0.27729797840122483,0.11779892811061309,0.27667944712088643,0.21158370046541983,0.0022207879578772564,0.05057337663241546,0.03242370011709106
