oos_period,model_1,model_2,model_3,model_4,model_5,model_6,model_7,model_8
150,0.06817430240518275,0.270841368713348,0.15500262460155007,0.004123671620536321,0.13424333525952925,0.09839367242992204,0.1734074099035539,0.09581361506537764
151,0.09444432644534717,0.16398108302916686,0.30455837197030994,0.08558183490732219,0.072855250725848,0.14300512827530598,1.4694433448071314e-18,0.1355740046456998
152,0.09176907577864085,0.16760548335485087,0.2512689330589028,0.08594407053716317,0.12012818047880813,0.15215163899361658,0.0,0.1311326177970175
153,0.09934440276957299,0.17662882665109186,0.2529624456278209,0.0857096551029809,0.12539745603543964,0.14505407801032286,0.0,0.1149031358017708
154,0.038705124657957876,0.210021915780824,0.18614195522671806,0.06600499613225849,0.12730360599275253,0.15780184379797166,0.04772575084914436,0.16629480756137305
155,0.05032277135957562,0.18967915943263403,0.16367037822536815,0.053239497083763104,0.19278943110852817,0.11957236530103835,0.12813582897934195,0.10259056850875056
156,0.04624923779074083,0.2120993535842317,0.1480319044335116,0.14242266847710014,0.135224529262346,0.17279726105747836,0.07139429954174849,0.07178074585184285
157,0.04834676269269184,0.20259901896750557,0.14329219062417517,0.13573909260677766,0.15956340237047162,0.15722794830049197,0.07451601353379156,0.07871557090309447
158,0.04872987974886718,0.19953171010601833,0.14459492889084435,0.1321713849187242,0.1633985660424408,0.15814159878905623,0.07095020476464393,0.08248172673840504
159,0.05076813417549031,0.19781653720542197,0.16139819370367597,0.15162031063319328,0.14499563428078918,0.19528327477667526,0.027644138996997556,0.07047377622675645
160,0.05219470226011516,0.18106987040946954,0.17147439357231023,0.1363497904396387,0.157218477131215,0.20434419479110077,0.01592831517077081,0.0814202562243798
161,0.05008078289035865,0.19387537372887345,0.16155970086827143,0.1461720207614431,0.14034984951675278,0.22568481705550933,0.01265815302602496,0.06961930215176632
162,0.043035044596648926,0.1994499344727737,0.16405676750881565,0.15162384725207181,0.13154508517887356,0.22964115213106207,0.015932724738090348,0.0647154441206639
163,0.015074652166192902,0.139099113976099,0.21489775845390768,0.15377220942644307,0.13581147057347087,0.2539451283733077,0.012555699106808406,0.07484396792277029
164,0.02900219114064127,0.1554652237152962,0.18967205761797074,0.1643715198320666,0.1190566221733475,0.2374663131845223,0.02181743592741233,0.08314863640774306
165,0.0152952685467509,0.20848457924694694,0.12510523122395903,0.0912415284891069,0.1606723682364809,0.13992504813363005,0.15802050505729218,0.10125547106483314
166,0.02505251133702952,0.13890001923294243,0.20042188890586682,0.16149254866857227,0.12895307166094266,0.20516220126568482,0.03003929422182133,0.1099784647061402
167,0.03090893087223548,0.13054806732510502,0.20550845492907233,0.13843734637863647,0.1252509348200034,0.24838010533658486,0.01591595567338351,0.10505020466397903
168,0.021673775382750914,0.1276801006317722,0.20921987603488432,0.1381306965069328,0.12575455802346047,0.25209212091558086,0.021000377846389067,0.10444849465722925
169,0.030088512104946036,0.1607344690626484,0.20161890198626356,0.057245888873337834,0.16307241700415856,0.1361417798443874,0.12098252334486523,0.1301155077783929
170,0.0366706717154097,0.23630816147653594,0.12719868127265266,0.11269632371933665,0.13504435824879932,0.12282330978155379,0.11720025782511156,0.11205823595960038
171,7.120306171558908e-19,0.16223122971705692,0.1229127799575388,0.18341889902738004,0.12020438562724976,0.17071416620213742,0.1202444317738657,0.12027410769377124
172,3.25398104342006e-18,0.12200127134945817,0.13974244632737817,0.2226106061385887,0.10624843884532642,0.21594016393594706,0.05207755766589264,0.14137951573640864
173,4.836762104068048e-18,0.14676664876332585,0.16861469285378355,0.1721577518301707,0.13508452925192355,0.20589163820730627,0.038133011488196554,0.1333517276042934
174,0.0,0.13155745821833326,0.16264285018198762,0.17667026752892173,0.12419913682166633,0.2307545407444214,0.0320577945758828,0.1421179519277868
175,0.007676358346636615,0.14498690384542015,0.14940838963206224,0.14518570749191906,0.1218377702484988,0.2356251721300217,0.07469552193048623,0.12058417637395516
176,0.0,0.13773964571285455,0.19774846612729569,0.13967481037544205,0.1313974462603393,0.2390866439724368,0.04534244487635127,0.10901054267428036
177,0.000496685929948457,0.14857111243872645,0.17883060755370483,0.1523567000826007,0.13942517484435618,0.22389089879408516,0.04521482271783219,0.11121399763774602
178,0.025143027186446763,0.11009952304255348,0.20539682710177226,0.1389303662119442,0.1512526976310795,0.16900754064775245,0.07213414933869003,0.12803586883876122
179,3.3982513761322627e-19,0.1704856499971942,0.1597354078727501,0.1901628945856203,0.12077882116898499,0.22369110626240685,0.035648827602779674,0.09949729250926387
180,0.004143253416716533,0.10866609694157185,0.2063087506777921,0.16018153188225503,0.12725144361433288,0.21505670764785836,0.03626533638961893,0.1421268794288542
181,0.004443900754106064,0.10492809399641818,0.21895163934488202,0.13731096485499636,0.1404420562592106,0.21949234260276365,0.03434739643826015,0.14008360574836295
182,0.022715075547351585,0.12605329814577404,0.22063705964610764,0.11654857318750149,0.1459819171436992,0.17331929458635997,0.060877589540209366,0.13386719220199658
183,0.04482571915410746,0.04512982497517985,0.3962350353646229,0.06577995635085677,0.1369054730625827,0.10274922821934354,0.03690548656047745,0.17146927631182926
184,0.0726846163214599,0.052444362363704235,0.18188518908871606,0.24639589498012807,0.20023353650086662,0.1593185769959218,0.026063295970651972,0.060974527777551295
185,0.05224405622926329,0.0586246672300778,0.2267001946613749,0.14158667569158725,0.23085177155937306,0.13259933070689964,0.042493201237583676,0.11490010268284025
186,0.0597849448068984,0.047156163590204754,0.24191797647711555,0.12823962021297128,0.22224661431836135,0.13458207574424605,0.0326167657449696,0.13345583910423298
187,0.06767843922293494,0.06669069355401702,0.22946715515037505,0.12839261135750377,0.2439622099676106,0.1451004279591381,0.03138246278223847,0.08732600000518205
188,0.0480812288690714,0.08949828028729104,0.23362042830586185,0.12147815679415833,0.21257080507033962,0.17502778233229227,0.03218609774971025,0.08753722059027524
189,0.053058734208483255,0.06771808267226993,0.2659948303590655,0.11020382412576275,0.2191885537800578,0.17778045884855104,0.03815261558499986,0.06790290041980994
190,0.05494207644261428,0.11158587822835862,0.19449998734178653,0.11394693984395592,0.24643989823872262,0.2099642312121525,0.04008735353449672,0.028533635156912783
191,0.10139557146068426,0.1332390663736136,0.15797423785089632,0.08746321942782022,0.30616573506231737,0.1806158235153941,0.024042119666282648,0.009104226641991455
192,0.16238000521764515,0.11382571275351544,0.14893791056661215,0.07384535511639766,0.3908071254683465,0.1102038908764829,0.0,6.092522105455007e-17
193,0.10134472616740044,0.10262586634345441,0.1600020245313091,0.14394144968031405,0.2848262622883252,0.18913204673317507,0.002928742640053859,0.01519888161496792
194,0.1141750665448102,0.08512862316659339,0.12920242406101554,0.1589278879600403,0.24817349776989447,0.1982639061062075,0.042271665190812484,0.023856929199626054
195,0.1148378361142801,0.08502569678763346,0.12872742259532527,0.1582558661886187,0.24535539597696301,0.19592144368072756,0.037755416377903216,0.0341209222775484
196,0.11047655092198082,0.07023963998834845,0.12746722585209927,0.13669067004749388,0.2559654008264791,0.19927956114399034,0.03378764531324498,0.06609330590536315
197,0.1364694837490798,0.05085751140323926,0.12092859136102653,0.12045916188059992,0.31777337104121556,0.1447269835830235,0.050112110826254115,0.05867278615456121
198,0.1357317508046854,0.04809349141249081,0.12385699702420229,0.12018029624536763,0.3152975456926673,0.1460686687771006,0.050252893262571624,0.06051835677991436
199,0.1416366132037546,0.06009129137938678,0.12335236075372417,0.11569274979635948,0.3104668316586161,0.14638466083705098,0.04401662258346266,0.05835886978664521
200,0.13079832628006724,0.05306447044630631,0.1134806776695866,0.124372836019299,0.32180526114739477,0.14991926914613501,0.0491813320079542,0.057377827282256856
201,0.17428930195410894,0.02103074453031987,0.1380179653539774,0.10964307447932597,0.3290186383773084,0.1293612728757586,0.06342066992951559,0.035218332498685195
202,0.13075634479804807,6.5226536681742384e-18,0.0863175541456644,0.055736767715672604,0.35728126488915757,0.1037402102518476,0.060141248259539655,0.2060266099390703
203,0.14804308165012883,1.094927727179017e-17,0.10187708101039475,0.037247017295318055,0.3369202045011126,0.138415045094739,0.03827625521538382,0.19922131523192288
204,0.11145849838978052,0.0,0.03348935776484336,0.05604338136162962,0.17288265266308786,0.027075476088816223,0.14829888588339307,0.45075174784744926
205,0.13212316592444737,0.03144831020773116,0.12914195673669449,0.10489987000766447,0.3836662215212302,0.1373635310800516,0.04215440065415593,0.03920254386702474
206,0.14201853237910506,0.03280341447162797,0.1196065275192235,0.10179103870930134,0.3931037755888956,0.13362414722591065,0.040392273008197754,0.036660291096738205
207,0.1378972656366686,0.039335327703536656,0.1422801968780988,0.06722382046938323,0.3840333473508925,0.12604056302240477,0.038777708316628204,0.06441177062138718
208,0.14095447471997727,0.04430523201444261,0.1357585715626985,0.08082659764744572,0.3995682724630293,0.12581273194157735,0.032296550366596254,0.04047756928323291
209,0.10571396178097135,0.014107099095619352,0.1325224540219413,0.03497622858371999,0.35989965364472315,0.14460363983085778,0.0688606693364853,0.13931629370468185
210,0.17464064324310308,0.052017020466244845,0.12169707107940977,0.05275319850340796,0.40061758262657227,0.14612109782112767,0.0521533862591343,6.121665928478316e-19
211,0.10727817826450696,0.046620761886171584,0.09045963841240781,0.03565283929715223,0.3558130022466451,0.13676315207151352,0.07303709455254792,0.1543753332680549
212,0.07409979427042761,0.01154543708934362,0.05251884510513478,0.0,0.2938568216795743,0.1256934325209792,0.0007129781371765428,0.441572691196364
213,0.16663695040421167,0.049133761044464055,0.0565279792228627,0.09310901520652173,0.34278088193678646,0.15401892534626974,0.0694998359657605,0.0682926508721231
214,0.16485277644086413,0.0718032627985549,0.06643857590627943,0.09566919496056742,0.323235796001827,0.14522759019312145,0.06487811613036532,0.06789468756742027
215,0.0,1.5006279948514224e-15,0.0,1.8756514330213267e-16,0.0,0.0,0.32141511709230275,0.6785848829066953
216,0.0,4.956027398743668e-17,8.883175842308999e-17,7.842998504930014e-17,1.3133094045655617e-16,0.006272307415862847,0.7077491356653259,0.2859785569178107
217,0.18899786223848902,0.06985109527648592,0.015742066889855206,0.08431902269095207,0.3223721626066153,0.16146108681507207,0.07829911863276487,0.07895758484876554
218,0.18745003937064209,0.071535493451996,0.016184290395051457,0.0839128903038062,0.3134383806486539,0.16189805521528172,0.08312964392409251,0.08245120668947602
219,0.04897660879705223,6.675466657304465e-18,7.796464470413167e-17,0.0712988439873234,0.16699176872720128,0.060027946724333224,0.048254040574975295,0.6044507911881144
220,0.17344046408659608,0.07286020086719157,0.0009662655845591187,0.11804643724428975,0.3195574866595586,0.17234782155854966,0.08258615772371575,0.060195166274539455
221,0.16383656621418718,0.09445295671325911,0.05999394879598583,0.14092177034113584,0.16869349986749857,0.13313538286595736,0.13264131210077656,0.10632456310019953
222,0.04352793033601832,0.0,9.842781162890116e-17,0.05651755187038087,0.19245578753764922,0.048393724474053844,0.21435793326435973,0.4447470725165379
223,0.15406122168069927,0.080345179879027,0.018585839113174057,0.11018081506040513,0.3042089834052725,0.16005523252620737,0.11593994454735905,0.05662278378685553
224,0.15985031536305247,0.08935080678344039,0.014585954080508275,0.10740588462011444,0.31994960565440517,0.15793630808770195,0.11258353625929703,0.03833758915048026
225,0.13218436369613518,0.07746808641506656,0.01737222271158251,0.12772088973176796,0.33764439315622446,0.16278969007679772,0.11190854576720594,0.03291180844421954
226,0.1329095228872884,0.07855431862582495,0.016296221182352306,0.12663325389467217,0.3362555630182555,0.1651884678549802,0.11172047357369554,0.03244217896193095
227,0.1801455936371446,0.08688869512046904,0.0,0.12217334958455199,0.31119712032520164,0.17602434254513616,0.10862791213507589,0.014942986651420655
228,0.1885375105334014,0.07959450183244596,1.4163383494812804e-18,0.13024211047996323,0.30185245439007746,0.18130795505499592,0.1053841300320881,0.013081337676027984
229,0.10669400556437818,0.0,4.505749411267381e-17,0.08310696569315139,0.2287849294195482,0.20187749534930396,0.11088872663855387,0.26864787733406414
230,0.1044779187273203,3.3370173211140073e-17,5.605652795267023e-17,0.08168063173257796,0.24678307598949809,0.20159319865067502,0.022933107554770387,0.34253206734415814
231,0.10853777063171295,0.0,1.426658651850175e-16,0.08959701095576272,0.23243703472366392,0.1889930710473342,0.06230650011378095,0.31812861252674507
232,0.15594930755145406,9.804054316390017e-17,0.0,0.09406679007481118,0.20204004806334744,0.17387848574595471,0.11766618080693575,0.25639918775649667
233,0.1173849061014855,5.137052489570846e-16,1.9068680288807232e-15,0.08268688423148128,0.13395919662021769,0.10941637023468245,7.974145426262166e-17,0.5565526428111304
234,0.14943435215203557,1.4617408875879594e-16,1.9169501926522494e-15,0.1265729614623031,0.1215218810898894,0.09650704557101324,0.014260652008739796,0.4917031077150167
235,0.11971898985026319,0.03523996459245452,4.310244866607816e-17,0.11307156961777023,0.10866668672129698,0.10330967831743314,0.0837116497814098,0.43628146111837207
236,0.004254824506588679,1.6662133600886211e-15,5.116528289266732e-15,0.08559635969176321,0.0,0.0,0.12604585656606423,0.7841029592345771
237,0.10723417597191862,3.2164669964908535e-16,0.0,0.16637005654123613,0.11826206272263365,0.08882530576694699,0.04368681997563515,0.475621579020629
238,0.0816276233964261,0.0,0.0,0.2053348522323796,0.10126789720228138,0.046670774603440185,2.2652494809033585e-16,0.5650988525644725
239,0.16118834927755882,0.09310178062861321,0.006129984153486096,0.16045544973455744,0.14757146605321037,0.14222489167743974,0.20300795677220848,0.0863201217019257
240,0.16647772380402176,0.09572110609529409,0.007334757869063677,0.16950825697093272,0.1487312601953234,0.14755140697264907,0.1634730013892728,0.10120248670244246
241,0.174457876410453,0.10525110079260822,0.0017430131727987318,0.17335022919252083,0.15419515029645578,0.15624330269922715,0.14777488448767861,0.08698444294725752
242,0.11795567196506757,0.05792734532314193,2.2873989910139658e-17,0.4061958363648759,0.14730038103627674,0.13294469797809821,0.1376760673315396,0.0
243,0.11002305031159856,0.004798507231253631,0.0,0.14607110021611278,0.18845428667093206,0.23731482037858653,0.31333823519051646,9.9340024053885e-18
244,0.002609619805107755,5.924080670454868e-16,0.0,0.10487483668217576,0.2149065664261116,0.08160784263265407,0.5960011344529501,0.0
245,0.03608939807986046,0.0,4.892710060473016e-16,0.30450023017146505,0.05926377810590641,0.07145948618562004,0.5286871074561472,1.3032893618738933e-16
246,0.0976707851291455,0.0,4.035272198545808e-16,0.16626896147755074,0.1792249759140475,0.20994825901866362,0.34688701845959213,0.0
247,0.009281166489972332,0.10011635623111083,8.630531196128742e-17,0.28275687713566494,0.18833418882621164,0.13425446942459815,0.2852569418914421,0.0
248,0.02591474478839093,0.06274534054340829,6.276196501792868e-18,0.18060050321427565,0.3200444815478306,0.05455207560196202,0.3561428543031324,1.472196201885705e-17
249,0.035340351458227184,0.05215429598447124,2.5678575478633934e-16,0.025739847182532784,0.4679539911178967,2.838777871290026e-17,0.41881151425587154,1.2541352139563865e-16
250,0.012404472788677711,0.029086165959652747,0.0,2.0211826511070392e-17,0.4692378536869442,0.0,0.48927150756372506,5.1170815839601994e-17
251,8.062659940462291e-17,0.1576616310556218,8.942185603446575e-17,0.16700959307911875,0.3754276771747246,0.1592239865727084,0.14067711211682618,8.33437127751177e-18
252,0.04588306216923642,0.08307208113425923,1.2874535897633319e-16,0.26090034267537676,0.2870443310445937,0.1986507811067354,0.12444940186879812,7.99707180619503e-17
253,0.029645229223114168,0.09348737404335326,2.459023466753868e-16,0.13170967843208095,0.4098409349965577,0.22643952254918728,0.10887726075470616,4.1870956165106324e-18
254,0.04064110020121189,0.08685476764167857,1.2477645009214088e-16,0.1614049117561373,0.36238364754109076,0.23662420611673413,0.11209136674214727,0.0
255,0.028222292704543038,0.09056695758373207,6.4760986309047366e-15,0.09636330531449133,0.41854758664056263,0.25749259006736724,0.10880726768829503,1.9773505721864305e-15
256,3.9620711231600284e-16,0.0648922650302342,3.8058996185090986e-16,0.033305091318717436,0.5005696532387649,0.3044323685798758,0.09680062183140674,1.0457436650729685e-16
257,0.0,0.06520132541294703,5.695990399534015e-16,0.0472172479700479,0.48594133270420503,0.304988202190694,0.09665189172110544,0.0
258,3.529312255266961e-17,0.0923900634738102,2.627066122035939e-16,0.08398596129668044,0.40999291717450614,0.3168535382382048,0.09677751981579814,3.806528325232995e-18
259,0.0615396731788856,0.12974784465297004,0.0,0.0830159323740195,0.42542162042473375,0.18852826939093237,0.11174665997745843,1.7708671659277647e-16
260,0.0,0.14252141528571266,0.0028844006779954754,0.2273926382836876,0.451733734180076,0.1179085594492295,0.05755925212229868,0.0
261,0.0,0.17474131303914733,0.020191218692013426,0.052434303662786036,0.482422771641788,0.16517005515344382,0.10504033780982142,1.0267430367034987e-16
262,1.4787078752338924e-16,0.06652315967599115,5.760188739226616e-16,3.894807708657921e-16,0.6937653220752796,0.18900459857991408,0.050706919667813856,0.0
263,5.857245038477134e-17,0.003319392224540968,0.01801846513925332,0.44607154505632207,0.40081318641314956,0.1317774111657338,6.023221747285674e-17,5.038105342849649e-17
264,1.1537517455999424e-16,0.008293219617443236,0.0,1.9196682169200843e-16,0.6881066500874814,0.2121803425139501,0.09141978778012487,0.0
265,0.0,0.0564495710537921,0.0,0.0,0.662217318520339,0.28133311042486636,2.478522540250937e-15,0.0
266,1.4903301114930713e-16,0.06248413519622151,0.0,0.41187332994675235,0.1643959115310609,0.3278271038904446,0.03341951943451982,5.308996762639943e-16
267,9.577160340648459e-17,0.0,0.007693494188062154,0.0,0.9217175171899535,0.0705889886209833,4.1964800663865075e-16,5.293267036705133e-16
268,4.309465853877841e-17,3.5857603732012565e-17,0.01884059438824858,1.8058031416678922e-16,0.904652105034272,0.07650730057647873,1.0158731923947751e-16,1.888059704622696e-16
269,1.7746250341126828e-16,1.7726321748699614e-15,0.0,0.6492731793666378,9.609344501989051e-17,0.3507268206323583,9.847956527055341e-16,6.890678682079035e-16
270,1.5822288850826672e-16,0.0,5.998855918384699e-18,0.18358980000549704,0.7244471725301435,0.09196302746335895,2.286159833917707e-16,0.0
271,0.0,2.787556022455477e-16,0.0,0.0442450600545829,0.9444742299966873,0.011280709947729296,0.0,7.009504806894534e-17
272,0.0,2.3352978952865e-16,0.0,0.05137940607563318,0.8829816789805571,0.06563891494280898,2.1599807645913855e-16,1.3596307675208044e-16
273,0.0,0.0,4.92790348283883e-16,0.2112976258397863,0.7453930010526156,0.043309373106597465,0.0,0.0
274,1.0429085995924705e-16,0.0,0.0,0.13957922939583248,0.837375413464423,0.023045357138744216,7.598176336459277e-17,0.0
275,0.0,0.00033822791198397177,1.636044888360268e-16,0.33195856183817807,0.2429068927289,0.42479631751993746,1.7281592456297997e-16,0.0
276,0.0018021436195724077,0.0,1.9567009005992468e-16,0.049980534873614854,0.9482173215058125,0.0,0.0,0.0
277,0.0,0.0,0.0,0.0,0.9999999999989999,0.0,0.0,0.0
278,3.162791674783504e-16,0.0,0.0,0.010787337124240749,0.5491806295602145,0.4400320333145438,2.375548962412457e-17,4.3601754766996105e-16
279,0.0,2.9385607644323024e-17,0.0,0.023925723477989283,0.6825952490509444,0.29347902747006627,1.1399087087263525e-17,0.0
280,0.007855775844523577,0.0,0.0,0.13982257185059094,0.8523216523038851,0.0,0.0,2.9448042807877825e-16
281,0.0,0.0,0.0,0.0,0.9999999999989999,0.0,0.0,0.0
282,0.020762857485169033,0.0,1.6986737537399645e-15,0.04536005983185255,0.9338770826819763,0.0,8.738669510224423e-17,2.4256543339848787e-16
283,0.0003559562195636739,2.7213474529358916e-16,2.5072175238702188e-17,0.31328073444449195,0.686363309334944,0.0,0.0,0.0
284,0.0,4.83251874023011e-16,1.0083993388938339e-15,0.3777492196352419,0.6222507803637536,6.882711011994557e-16,2.242037872792075e-15,0.0
285,0.018806236078812173,0.0,0.0,0.2798376705213291,0.7013560933988583,0.0,0.0,3.8023393705502205e-16
286,3.083972077520658e-17,8.004436104357769e-16,0.0,0.39466987951514887,0.6053301204838502,1.0942372774537672e-16,0.0,0.0
287,0.012695764851993278,4.072424825507042e-16,0.0,0.17658520054506516,0.8107190346019402,2.967958977946362e-16,0.0,5.057607787666347e-16
288,4.1039502945506843e-16,0.0,2.5674310053914703e-16,0.35756368048784154,0.6424363195111575,0.0,8.214199898165638e-17,2.4648145396107815e-18
289,0.0,0.013418145139681608,1.533140473392169e-16,0.25115877712139445,0.7354230777379236,0.0,0.0,0.0
290,1.0931093131835862e-16,0.0,3.926563672664742e-17,0.1760942291702347,0.8239057708287644,4.271056139235057e-17,5.225275094515452e-16,9.105749568505961e-17
291,0.010472516113842529,0.0,1.4409406861320522e-17,0.29113526133181694,0.6676359392461936,0.030756283307146838,0.0,3.3412114788029905e-17
292,1.4562777714069192e-16,1.9129897818039306e-16,7.60251324860084e-16,0.3831510233946935,0.6168489766043043,9.872943361988147e-16,1.635281356286293e-16,0.0
293,0.002341289631194032,0.0,5.825463800779703e-17,0.24023699300877016,0.7441326359476553,0.011479843444921754,0.0,0.0018092379664585963
294,0.0,0.018811474868408385,0.0,0.19708223723755666,0.7841062878930348,0.0,8.52507327026519e-17,0.0
295,0.011933942290683374,0.0,1.1620148541838584e-16,0.2906856578835717,0.6973803998247443,0.0,4.548283170713713e-16,0.0
296,1.3361843553682034e-16,3.3479780041621074e-16,0.0,0.1585596864796531,0.7953031232274393,0.0,0.0,0.04613719029190711
297,0.0008779381707398757,9.350570448397726e-17,1.0764333309929263e-16,0.4304471239471493,0.5686749378811105,0.0,5.0315333077848107e-17,2.6716855955091618e-17
298,2.0404684087715992e-16,0.0,0.0,0.40553971755551704,0.5944602824434819,0.0,0.0,6.445036924140113e-16
299,2.252975499150642e-16,0.0,1.4960973646903872e-16,0.1994573510389222,0.8005426489600765,5.6348183048002285e-16,2.841993002985854e-16,0.0
