oos_period,model_1,model_2,model_3,model_4,model_5,model_6,model_7,model_8
150,0.0696471743795901,0.19314115087346295,0.3324885007134661,0.02233062430657795,0.14348772423252137,0.14732966646678072,0.0,0.09157515902660078
151,0.04918218082207215,0.36248430650531355,0.1649728924111701,0.013847489788232355,0.09952097373847546,0.23375354530533002,0.02851837444806822,0.04772023698033806
152,0.04027356171492776,0.2709677564918262,0.13273370760598166,0.02509964015617678,0.07167933128429084,0.24994306060085356,0.12670049233970854,0.0826024498052346
153,0.035174990526478635,0.19013484179732779,0.1478366862196331,0.00853327038573031,0.10570589037017725,0.24590351089376258,0.12688655339114177,0.1398242564147485
154,0.038006856075325536,0.18011109413223308,0.08824992696756861,0.020891957548455877,0.17879262303806595,0.23171291150915163,0.10500906759574666,0.15722556313245264
155,0.030080559180159522,0.14788144882652512,0.06605954530848393,0.02231170198286613,0.1779554469924267,0.21943683172080283,0.14781278561429267,0.18846168037344305
156,0.001873432749794152,0.23703664592810936,0.04425062517576747,0.024116895851823864,0.2152548412669369,0.3302573597686915,0.06551274657004046,0.08169745268783628
157,0.007035987093642427,0.21389929851122513,0.05037261094096652,0.010311148950055445,0.2131293667954673,0.36051709585108843,0.04373455894486249,0.10099993291169229
158,2.1958925407535426e-18,0.22704565351590641,0.056931675362889164,0.047050579838183906,0.20521774992072875,0.35081426742795696,0.037172882033646215,0.07576719189968857
159,0.013945939508441495,0.21328377745205174,0.0749699677334446,0.02537024910506711,0.20290856346109243,0.3467204592772834,0.07493956342095028,0.04786148004066902
160,0.07696246231445539,0.20778909168550247,0.13763680188010632,0.11485312969725898,0.2081671895192116,0.16058704738666893,0.08310076419916917,0.010903513316627048
161,0.07411949535068693,0.2076140137303785,0.13674396092150892,0.11454828989893165,0.21073061682568253,0.16820277870211486,0.08537116452933519,0.0026696800403613143
162,0.07049898980459668,0.21667682938359825,0.12489967118271643,0.10478793655579186,0.20894745948805293,0.16756642420694412,0.09392649881883013,0.01269619055846948
163,0.0,0.1610247852487766,0.044607308153291454,0.10035002542779077,0.1374466047971976,0.27989620583416897,0.1597697094575483,0.11690536108022638
164,0.00683434087306625,0.2440296602898623,0.0879496550499367,0.0576735981836984,0.3107639499151949,0.2187168608764309,0.07403193481081043,8.500862363305059e-18
165,0.021080415862955625,0.09695513983639856,0.15139306176836256,0.0417061753640402,0.30514844082698245,0.2019040101740048,0.18181275616625572,6.81371831616399e-19
166,0.0935047063043002,0.10158274067651743,0.12566601077494707,1.7730384819484907e-18,0.24248147785651059,0.16122352115635677,0.275541543230368,0.0
167,0.06634864052699348,0.13464406109685245,0.11928904253807183,0.0,0.26857169314764934,0.18203458922805135,0.22911197346138157,9.429911922654288e-18
168,0.03192954600832292,0.09443733424682024,0.06417622748937749,0.10704329926019666,0.2792885019808153,0.21979048699318704,0.20333460402028028,2.853369449166166e-18
169,0.03249165444587681,0.19138027035304697,0.11431324300405811,0.035352985326746404,0.25938328932553506,0.20819018683191873,0.15888837071181794,0.0
170,0.060353805428715525,0.24201706967844233,0.059098857656346905,0.0703509761728795,0.213914044956131,0.1946107049876443,0.15965454111884045,5.733738073526036e-18
171,0.005092082957772067,0.2618180013333862,0.13752312110512072,0.0,0.2574573697094541,0.19347403026420787,0.1311913281387911,0.013444066490268056
172,9.362972396983939e-19,0.2680725738987722,0.04326001955494484,5.867148069801121e-18,0.14292414450804064,0.27021608548696957,0.18589809720883496,0.08962907934143778
173,0.050264835527474384,0.29915380147415255,0.1324956589095878,0.0,0.22239779057365963,0.1503500053540651,0.13448674237700917,0.010851165783051474
174,0.02635279605409852,0.21184107016492146,0.12459030910666434,1.5623522712089945e-18,0.11200381370419196,0.16323827719754855,0.31398394497216503,0.04798978879941013
175,0.036990812796885375,0.21663453496817475,0.14826359575634962,0.0,0.11931254485845477,0.10134916474098875,0.323684512791123,0.05376483408702371
176,0.04312816819986632,0.1910498754583226,0.13175434721989365,0.00034916606943357633,0.07648177843021842,0.10020182467773799,0.37905365969929117,0.07798118024423624
177,0.07289296970767133,0.3030083873417497,0.12367102306166287,9.507031625523755e-18,0.1160664424943429,0.08492645913759309,0.23682269220421379,0.0626120260517663
178,0.0896140271379501,0.18634515492195747,0.1637536827194826,2.9900279968385645e-18,0.16149263045799123,0.11247834274347297,0.18624008493401695,0.10007607708412858
179,0.0641226147714413,0.2994882320346043,0.1184276681752323,1.56460490246488e-17,0.12071562959885519,0.08249999457151908,0.23853690910352363,0.07620895174382414
180,0.05678216251253832,0.22378116533321876,0.11942666870216803,2.3155756578096378e-17,0.18533390993394236,0.10121563208978548,0.23110891334814698,0.08235154807919999
181,0.07015153453027578,0.12735473180854076,0.15063614697834313,0.0038001662989691023,0.10434797978149027,0.10534924392025503,0.32893490534647873,0.10942529133464712
182,0.045992926807199776,0.06949683563101496,0.1559041994621485,0.0,0.11653781033453742,0.2014275580286001,0.3204446359712256,0.09019603376427364
183,0.09965407604321452,0.15280526005707562,0.16564223289457136,0.0,0.15513681843910135,0.11331281571229468,0.16240382473422485,0.15104497211851756
184,0.03492102709565212,0.17415083331059616,0.21238352373713307,0.0,0.12231178980608964,0.11912832224883556,0.22407469191144344,0.11302981188924999
185,0.033903307752239924,0.15021444715146187,0.15263069752674516,0.0,0.23376172987825883,0.17274971622445848,0.18898702080913093,0.06775308065670474
186,0.05589020469981854,0.13839798217553897,0.1260233291806287,0.0,0.1249031356928073,0.15703832905889642,0.2691415198791241,0.12860549931218607
187,0.054751714025943234,0.16255841575168092,0.10502854761019736,1.2852719122946289e-17,0.15501772783751447,0.15418519953330123,0.2443027766440755,0.1241556185962872
188,0.05974029977990632,0.1505842438694832,0.057626037716304986,1.4857381411299196e-17,0.25713379715990214,0.1316302854716481,0.21665306537093337,0.12663227063082175
189,0.05918819779560633,0.1497445562290878,0.048119583099396984,4.901250270163702e-18,0.2568512075677459,0.12964231035170398,0.21935182885777776,0.13710231609768136
190,0.05592581753342227,0.1248156574919711,0.07553117292621421,9.915579438785735e-19,0.17188035510616562,0.1222376113820993,0.32738792276446677,0.12222146279466048
191,0.10467745639139833,0.08249259976914732,0.09020605119086565,0.03052588796615729,0.1919727918620563,0.09701670090268538,0.26774466220398385,0.13536384971270599
192,0.10309933681287467,0.09487093581709939,0.05885780727490758,0.03728540041302745,0.2074901466529033,0.09838315416441812,0.23619811408299485,0.16381510478077474
193,0.1149103676405338,0.09711687998683026,0.02956190691993709,0.04552578201809622,0.2165256711681951,0.09558415902933048,0.19647008452720738,0.20430514870886957
194,0.09555121906531831,0.05977388309065487,0.04553087740714977,0.05451896957712438,0.2351164053179654,0.11208860029836747,0.19825141529240875,0.19916862995001094
195,0.09328529378809988,0.038949511233373896,0.0008942604768939753,0.07933804466669453,0.23250549479017202,0.15674459573991847,0.13592216652699626,0.2623606327768509
196,0.06511727630836804,0.09575113417597424,0.0,1.0255027892397559e-17,0.22256303699075086,0.23132196168593183,0.13068171169287793,0.25456487914509707
197,0.0,0.10712482188120608,0.011320544870623124,0.11369636031822798,0.3216113236060619,0.1300487878085689,0.17358545431837927,0.14261270719593253
198,0.0,0.0802464633737154,1.569180494097092e-17,0.17715575663585922,0.3339261215928532,0.06998634819959854,0.17836387679007362,0.16032143340690008
199,0.0,0.06000447309813064,2.219157777906058e-17,0.17563317932274117,0.3507021064296111,0.05480974352484137,0.18548672966061142,0.1733637679630643
200,1.684709884971303e-17,0.0386025344415791,0.0,0.22600804451662018,0.316478180288183,0.04509773467986184,0.22269576975976535,0.15111773631299064
201,0.0,0.03905803854032599,0.0,0.19579545147653662,0.2546726646116539,0.1139404727546937,0.26363770744874354,0.1328956651670462
202,0.007159706116291072,0.04036916795127843,4.5730246832167345e-18,0.21313524174066145,0.25700377688179266,0.046956782953904284,0.27070208657449896,0.1646732377805731
203,0.020176164354279897,0.0878148637223421,5.875602857301187e-18,0.2365546705773558,0.22980693571403146,0.07945951092141369,0.22889789201836613,0.11728996269121074
204,0.026025412139430066,0.1411059141108482,0.06376049604327941,0.05022802519096251,0.21228465332243307,0.1272732060789885,0.25255558151330376,0.12676671159975458
205,0.017051262954134404,0.12607438009195063,0.11213761611050521,0.009826488054853378,0.2559812048815947,0.1665831596665212,0.22332579664992097,0.08902009158951923
206,0.008849151925128909,0.13150429483383522,0.10464131207255606,0.0,0.2823108675365659,0.16211682668866648,0.22330007624241308,0.08727747069983434
207,0.010989613560904932,0.13060750298272417,0.10516074026774797,1.3866592279907537e-19,0.28269634021557116,0.16551108294916658,0.21835992064432008,0.08667479937856509
208,0.03119905396385815,0.12469434924103012,0.09405310467199525,0.0013785527710347394,0.2657413912576109,0.16941189289929418,0.22280431096481706,0.09071734422935947
209,0.0,0.12456940774916625,0.07957244143651974,1.9814815272073096e-18,0.34118474840989743,0.16332760635734805,0.21090473046979769,0.08044106557627081
210,0.006705639115640068,0.07803602504923636,0.04826240580993158,4.1012276514828137e-19,0.36126755007033634,0.10184721370976157,0.2554593775915808,0.1484217886525131
211,0.07091801319937509,0.02658566150215657,0.038573012752564154,0.036585818971739355,0.355603878996464,0.07022491741351669,0.2496202640363159,0.15188843312686806
212,0.15895396225525285,0.055803374788264415,0.04915658421176437,0.016208754834888865,0.2602022757314952,0.08043152351921035,0.23579672468480561,0.14344679997331816
213,0.1736322041484909,0.058195547848849505,0.05156518416771149,0.003025173855945524,0.24596161946651207,0.0737381855554557,0.2378112673149124,0.1560708176411224
214,0.1223136926798551,0.059178575433464574,0.051488269776488196,0.025778248224566664,0.2990655619268859,0.08205559805676456,0.24476484074154764,0.11535521315942719
215,0.09862837067200096,0.08504992373033494,0.04946505886634869,0.04362280466526056,0.24980982745909136,0.12950282498293883,0.2338792061762625,0.11004198344676212
216,0.07340511074686923,0.12092156675694615,0.0987379994519927,2.642901614108384e-18,0.26240363764000463,0.1352629104584838,0.24247654263599003,0.06679223230871346
217,0.0952051578483266,0.12549127189636433,0.12586325679521881,0.0032902402171987605,0.18393233148816454,0.14214259934368703,0.26046603629483617,0.06360910611520364
218,0.444680566525127,0.07340097731789554,0.025916205471056348,1.3559515177870096e-17,0.1488823032660588,0.09769286633834554,0.2094270810805168,8.172279754219726e-18
219,0.4829781493902268,0.06709954660464358,0.05924546755743279,0.0,0.1695299466793388,0.06206290014325435,0.15908398962410356,0.0
220,0.08449365423548871,0.10686186194200196,0.11221644228357251,0.0005703254206074768,0.1924282530729591,0.15071386573817822,0.26732315898912384,0.08539243831706816
221,0.39512528128181396,0.04030699130787045,0.014402487312992714,3.74303859391301e-17,0.25048665399349485,0.07836905398011071,0.22130953212271715,4.431146984438034e-18
222,0.4089810186591142,0.032989031539915246,0.030271408763927827,5.213487790345005e-19,0.20317839701792434,0.16134702989573485,0.16323311412238342,2.9089228991051716e-18
223,0.4318193161278543,0.013403181414486825,0.016240628100954238,3.2419947828109507e-17,0.16344002008346528,0.1678890398385438,0.2072078144336955,1.3244035109687583e-17
224,0.10229132334947902,0.10248895362764934,0.09729071061953187,0.002146847133557772,0.19486123137850522,0.1513321601404352,0.2630132768036837,0.08657549694615785
225,0.22818532546879652,1.9861342367251255e-16,1.4172070876478065e-16,0.0,0.3135950235509162,0.11276588972525592,0.3454537612540309,0.0
226,0.12495089237895493,0.08997466972886368,0.08910790338384679,0.0024187161422575235,0.18295486017401805,0.19853129170089642,0.23510722512632878,0.07695444136383382
227,0.07976105336406811,0.09671290100449081,0.10632460830958067,0.02185420518445954,0.21852176838064005,0.1589103222361025,0.2389458829210128,0.07896925859864552
228,0.08313178815042017,0.08083956575326268,0.0956114000243788,0.02367629936847854,0.24614671031816493,0.14759732348645085,0.25380209321595315,0.069194819681891
229,0.09168923641120053,0.09397606225347391,0.07009723597042694,0.04325397118017239,0.25440481375852547,0.13980943238494442,0.2585716782247056,0.048197569815550755
230,0.3133832446172207,7.170242424596847e-17,2.265913719065473e-17,0.0051214420221934705,0.5185866049249712,1.5527040365441854e-17,0.16290870843461447,0.0
231,0.12865325603809113,0.06895501687355446,0.04219798641537097,0.06242842276187478,0.27751831825396306,0.122417317939153,0.25825247233614673,0.039577209380845704
232,0.1845884378522085,9.960842761904593e-18,4.735030642177051e-17,0.08494236351171455,0.4787972255023314,0.04847579225039787,0.20319618088234756,4.939054409390806e-17
233,0.19281784179422295,0.0,3.15339447478375e-17,0.042859189238154544,0.4614000174745318,0.12832925561775568,0.17459369587433501,2.936665274189486e-17
234,0.31222261953944025,0.0,0.0,0.00045000174747605144,0.39909487824980366,0.1743185228994637,0.11391397756281614,1.1130693200246135e-16
235,0.20861192498314987,0.08872473265535533,0.050819917684136205,0.04544752967010414,0.2484902908331975,0.15081057889320293,0.20575374931287088,0.0013412759669830293
236,0.22869496808554493,0.1320881931371503,0.021753854242180418,0.02413284620311586,0.29975755859703374,0.17141851664986685,0.12215406308410792,2.0330484799977385e-17
237,0.0,0.06713630993831185,0.008482151121849673,0.0265889580213902,0.3868975969800359,0.19466841801903884,0.3162265659183735,9.03043289381604e-18
238,0.09328439987275469,0.0771920111340072,0.011061340196768918,0.0,0.5754278608434996,0.10554494366398749,0.13748944428798204,4.5454831974274493e-17
239,0.009862252582995421,0.12820647836679147,0.04540220389541611,0.082315476517517,0.2523173412100977,0.2939184049902478,0.18797784243593452,0.0
240,0.0,0.11163064924319543,0.0490918214314595,0.05517538108214662,0.2894759908776554,0.28447490237736256,0.21015125498718024,9.275674749252927e-17
241,0.0,0.10495139375338208,0.04367902289359001,0.07360662758490055,0.28294344220282736,0.28831988213692583,0.20649963142737418,0.0
242,0.0,0.10624157943364229,0.04011374566910094,0.06865586522178697,0.4256437520866416,0.15853522231940104,0.20080983526842705,5.156019892708612e-17
243,1.142100774548672e-17,0.07192893701089159,0.0338580949729093,0.13281703565182706,0.30215126323263936,0.24220279032872022,0.2170418788020124,0.0
244,0.0,0.18973835268536815,0.04689218020455232,0.033656159992377775,0.221790690744373,0.2403868343925796,0.26753578197974903,5.1568817166785316e-17
245,0.0,0.17018698279204278,0.02653353346457135,0.0,0.32698138563602264,0.16193940004478444,0.2894727010525327,0.024885997009046142
246,0.007284973650869518,0.05554032184018491,0.0359284725263425,0.0275689927271355,0.2812104974794734,0.3232179775968247,0.26924876417816945,4.969436422417604e-18
247,0.03498070891218841,0.039389100831135004,0.020841003662807327,0.13197589264325837,0.22206303984100673,0.20955994280594126,0.24448552212507324,0.09670478917758972
248,0.1305141790426688,0.07609039211941117,0.06489167216266058,0.02702640164003192,0.2914077699362078,0.0,0.4100695850980197,1.71736021045505e-17
249,0.11294655894982496,0.012931329611534448,1.5732101748015993e-17,0.0,0.34837533970802603,0.1993585087741265,0.32638826295548784,0.0
250,0.035364412519612094,0.06044524725787238,0.028440677595094995,6.471659819382098e-19,0.18467170922689627,0.007596775713056252,0.5266031622505198,0.156878015435948
251,0.0479425198919088,0.17152984569090154,0.1929019035615619,0.0014601344725968409,0.05623463106446654,0.05457162031608157,0.2796124733206253,0.1957468716808575
252,6.267037369316576e-18,0.2230203590836672,0.10958943644316278,0.014165901067095612,0.00857911962454696,0.0478297572256107,0.13441245636680463,0.4624029701881119
253,0.0,0.33316703272015125,0.1380071982819682,1.2863297933920257e-17,1.6275231825283972e-17,0.023582320012033732,0.22784327056045214,0.2774001784243946
254,0.0,0.18046851464826827,0.08424534854437367,0.08823608226079417,5.577238981592036e-17,0.08260673050186645,0.23147967272201503,0.3329636513216822
255,4.903394483992211e-18,0.14724172269776276,0.13744778717761277,0.0,0.07848128441270497,0.04916113582523847,0.31818324388430463,0.26948482600137647
256,0.0,0.36875818465272414,0.07175153028486489,0.004848575794392533,0.0,0.012623780853503132,0.27260834344632984,0.2694095849671853
257,0.06987578600878648,0.3390549832720459,0.1184271465200126,0.06504764244802803,6.3182834513595246e-18,0.034982973492743416,0.2527803672651581,0.11983110099222537
258,0.1129788688825533,0.22143189264752905,0.12152579221170962,0.08810814744442642,0.0,0.05709141587487634,0.32451565114449776,0.07434823179340753
259,0.11407968749331351,0.31596409784311164,0.06378795553992699,0.011658743974362352,0.0,0.0,0.39397750977470225,0.10053200537358309
260,0.06731927692205361,0.1466597375578682,0.06594734006713447,0.06784116527558733,6.973241089911416e-17,0.0498455328559528,0.3177251271122614,0.28466182020814207
261,0.07069249385427652,0.08525015384680615,0.06665566183394761,0.07056506963782896,0.0,0.08990926241014444,0.2977575033590872,0.3191698550569092
262,0.1041021868552766,0.11829212192628046,0.057019644759964246,0.1075265958214059,2.8611725426533297e-17,0.07123292384252833,0.3989763750414435,0.14285015175210095
263,0.1141725532454868,0.12366028968179879,0.07589063979547266,0.11866928293357867,0.0,0.0900573308454912,0.32396911041490106,0.15358079308227085
264,0.10233789261881873,0.14572498293405306,0.05284469130397817,0.09371069800993356,1.288252409477777e-17,0.08264277710285657,0.35821828128980865,0.16452067673955129
265,0.08108999731937742,0.18449484025069302,0.06457860601533141,0.16695769794493254,0.0,0.09889429728378879,0.2954854096297154,0.10849915155516142
266,0.0652884185641633,0.16937649143827074,0.06888225429332596,0.15490374768279255,0.003001571777801393,0.18851601419791877,0.22744731827994813,0.12258418376477909
267,1.75490461494679e-17,0.2699061169975793,1.908536082732709e-17,0.1160759434599047,6.081951942323232e-17,0.08138439263861585,0.266345370503898,0.266288176399002
268,0.08605318269152637,0.11049650067672324,0.07698665633919809,0.16185494007248274,0.0037361976116631543,0.15160685802290147,0.30037660593935994,0.10888905864514493
269,0.05195913245528862,0.19859701395463747,0.060964970242763226,0.16266489175938795,0.0,0.1291198853085785,0.24870860772036998,0.14798549855797422
270,0.10600091969876942,0.04246182246776926,0.08837648570030159,0.14332070415997078,0.05565581893254961,0.30790508416495,0.18030639357952094,0.07597277129516831
271,0.10364773643990463,0.03654471052926538,0.08802630210767742,0.13267977976761897,0.05445096513881349,0.3308679003991945,0.18026204442678295,0.07352056118974262
272,0.13757219812315466,0.0032515097002973987,0.08965634067733358,0.17528265455291758,0.04496039351740216,0.2885058208653233,0.1858195269133759,0.07495155564919545
273,0.1094334924940743,8.988395998898426e-18,0.10860101091557667,0.16041974376850102,0.11389100589767343,0.24293057327695025,0.16702246911625812,0.09770170452996627
274,0.10548123368451885,0.019653594612412287,0.045284356101379236,0.16780810128122192,0.03609091165371136,0.2343974392605287,0.3467491959195255,0.04453516748570214
275,0.11595508238128384,8.694012345058449e-18,0.041499460982243976,0.254954529863993,0.12671892493034012,0.14871173836259308,0.21829684726048065,0.09386341621806535
276,0.1276086813379267,0.0,0.02445886282781551,0.22991942758775488,0.06857093249906618,0.10786527745003546,0.3516026256151934,0.08997419268120792
277,0.11301648837442589,0.1083382530816608,0.12227540952790503,0.1615529594054518,0.11131014405720671,0.11709841589860455,0.13896337520602786,0.12744495444771725
278,0.03085405813789158,0.13797852469802185,0.05694545323785295,0.23655330143876124,0.0582634906500911,6.020816068195952e-18,0.2708203217873208,0.20858485004906038
279,0.2422379609065173,0.0331016620886493,0.1392319999376962,0.15155834123125136,0.08765799175201268,0.052075175231149316,0.1838065213190374,0.11033034753268639
280,0.0994827706989837,0.08879732154778244,0.11232732592927928,0.130435289711577,0.10396990912821126,0.08467582336945027,0.23560285533163924,0.14470870428207677
281,0.11945808841958651,0.08498961186638794,0.13717657624933258,0.11606227885046427,0.09895853053753537,0.08219276616892472,0.22417144622575536,0.13699070168101318
282,0.11677886661042321,0.10309078119106632,0.14106864911059594,0.13935194433252054,0.1222995740797793,0.10526827789335404,0.14949678134395938,0.12264512543730119
283,0.2302367090044719,0.07763242936096118,0.1400331999099682,0.11487790428219659,0.10323589868782738,0.08280663316296248,0.13669379409349708,0.11448343149711511
284,0.08349971901761795,1.3592769517293599e-17,0.11046972365013162,0.05121661069180276,0.2476648077682565,0.22530895860296604,0.16162036268991598,0.12021981757830907
285,0.19718451792547415,0.018461649041502944,0.22457400056328675,0.08442016640072808,0.12745625803932537,0.11950987421409556,0.007319066800180366,0.22107446701440672
286,0.10797496428404126,0.11815010511025902,0.13853185741066357,0.13173418978750967,0.129996706542487,0.11540156867670089,0.1251412249051911,0.1330693832821474
287,0.11605834263546619,0.1224389600511715,0.1255129663253194,0.14041488371299596,0.11941984912990614,0.12052326021869222,0.13313409745297272,0.122497640472476
288,0.2220401400397789,0.00514955841204884,0.23904787203461852,0.10006732143211652,0.18179706833412954,0.12759476326807045,0.027060927833732654,0.09724234864450454
289,0.21360589949716113,0.0,0.25393230923785176,0.0,0.41625045772277225,0.0,2.953349777188615e-17,0.11621133354121488
290,0.12317551553012515,0.11290937081393064,0.1287647036005543,0.1436408062100244,0.12464944155597536,0.12256267859274955,0.12524988353988412,0.11904760015575645
291,0.12439230896024338,0.11487025343674004,0.12865605135385377,0.14427013307264594,0.1254277715737657,0.12307822873223526,0.12222570562448844,0.11707954724502734
292,0.11711202636638014,0.10977106898945194,0.132395919639706,0.13220501361738124,0.17025432102141114,0.11646458318387105,0.11373683501243045,0.10806023216836794
293,0.0644377135176546,0.04182214425178779,0.14643865520236563,0.05206212150999953,0.5960778144085773,0.015453271871055134,0.03540733987276364,0.04830093936479641
294,0.12009823198087415,0.11775794016708614,0.12289004359685106,0.1476768451074421,0.12983835960577086,0.11041577524915057,0.12580456884320151,0.12551823544862353
295,0.07540970282241281,0.09616891978316684,0.05039605885500517,0.16124389384049456,0.3524397439484581,0.03726981675260993,0.11707393209718134,0.10999793189967119
296,0.0,0.013354238451246307,3.2041629959425976e-17,1.5570538538646742e-17,0.7162233804369468,0.0,0.1660685902310837,0.10435379087972317
297,1.4114085689104523e-17,0.0,0.0,0.06186321386540841,0.686879180565999,1.430339967510627e-17,0.1653928558657694,0.08586474970182316
298,0.05255846223616212,0.08660383105432005,0.09026894924936392,0.16324507425056675,0.3515179728069501,0.035244825973832966,0.08908277113518423,0.1314781132926199
299,0.10255160092243312,0.14999047290458498,0.12267550451098014,0.13202660997521207,0.12647515585535996,0.10170868661767576,0.12302029395510115,0.14155167525765275
