oos_period,model_1,model_2,model_3,model_4,model_5,model_6,model_7,model_8
150,0.04166927917553315,0.23618318594970958,0.06863359947979386,0.11037698343122383,0.09837663509042859,0.06663332255868284,0.0,0.37812699431362823
151,0.12939948160257495,0.1640578361442301,0.17815436744013396,0.05443870045228459,0.15916244541380298,0.0838090875414739,0.17957865055046895,0.05139943085403049
152,0.012536578139885837,0.3121201827151607,0.006998062621286944,0.178371521690935,0.08462530938564981,0.05108300292080113,0.09000017040345219,0.2642651721218284
153,0.14485931246825337,0.18038841983341125,0.11245871128288888,0.11245871128288928,0.11245871128288977,0.11245871128288965,0.11245871128288888,0.11245871128288888
154,0.05604878584344702,0.0,5.476576601324639e-17,0.06276960133925606,0.36065746220118855,0.17329500656307492,0.15353326520706162,0.1936958788449716
155,0.013382375115625364,0.017003009798703173,0.0,0.07197928220266236,0.20741297139374715,0.42154833362695204,0.0602696268364449,0.20840440102486504
156,0.18983957804739063,0.11379457133595895,0.11379451578981796,0.11379451160566091,0.11728620812337413,0.1137946743486598,0.12254680938847927,0.11514913135965843
157,0.14561328833054935,0.14519192640060888,0.08362139608606096,0.08362139608605952,0.08362139608605972,0.08362139608605952,0.2910878048375425,0.08362139608605952
158,0.21632828842759258,0.13493212196401277,0.09070035681252916,0.09070035681253041,0.09070035681252916,0.09070035681252982,0.1952378055447467,0.0907003568125293
159,0.11389449787028821,0.13564034246137605,0.13264431890486697,0.13570397541460388,0.12542459763133096,0.127743241317795,0.11389450371734693,0.11505452268139195
160,0.22660601354349263,0.19010472805743797,0.05557810704538193,0.05557810704538193,0.05593495678586939,0.05557810704538196,0.29351608425359427,0.06710389622246002
161,0.09405214938460386,0.09405214938460477,0.09405214938460511,0.0940521493846041,0.09405214938460403,0.34163495430677,0.09405214938460416,0.09405214938460386
162,0.12148372673889563,0.11990709786012879,0.11548309077936121,0.11548308687971315,0.11548307444168104,0.17202477979365338,0.12465203505835264,0.1154831084472141
163,0.07663459403684043,0.07663459403684043,0.21997049234381827,0.3202219434341295,0.0766345940368498,0.07663459403684043,0.07663459403684043,0.07663459403684043
164,0.006897641961205758,0.06535180863852721,0.0,0.07979663028493258,0.16927988385590104,0.31731769633501905,0.34812145610112694,0.013234882822287212
165,0.08731564085407725,6.4448759995860996e-18,0.03473805320487858,0.10891096927795353,0.2655673570186793,0.15641005965504273,0.2931425508554596,0.05391536913290891
166,0.01813273037887312,0.1586492346003271,0.11458941281527406,0.14498982527426238,0.08254704242694097,0.15912510496584598,0.23135378454885983,0.09061286498861658
167,0.11241253232687323,0.11241253232687323,0.17431979046928994,0.11241253232687326,0.11241253232687323,0.11241253232687332,0.15120501556847052,0.11241253232687323
168,0.11667469115422521,0.14687271770578925,0.12374538268106768,0.12184635693692246,0.1166747033906852,0.11667471023852047,0.13763593608286467,0.11987550180892499
169,0.0,0.38108451597707704,0.043969512028255546,0.06698325165144753,0.40576197027108063,0.04675470523694146,0.0,0.05544604483419775
170,2.255140518767594e-17,0.0,1.1926223897328622e-17,0.14302518920002488,0.5508814814146356,0.09091128782727285,0.1207903368704463,0.09439170468662036
171,0.0,0.373845294650583,0.26331551944261367,0.15173098178971425,0.0,0.15162933997382722,5.204170427925217e-18,0.059478864142261854
172,0.0,0.28134116972154843,0.038328562509379153,6.4255081953170646e-18,0.16560230747152202,0.30777019346410883,0.18222016611051067,0.0247376007219308
173,0.12179744442584774,0.12856601569488707,0.12283873397594076,0.12465953220334819,0.12387972590039065,0.13055822359780214,0.12179744442584774,0.12590287977493567
174,0.10505143110116426,0.1050514311011659,0.10505143110116426,0.1050514311011653,0.10505143110116426,0.26463998229084235,0.10505143110116426,0.10505143110116934
175,0.10291512358710694,0.10291512358710694,0.10291512358711757,0.10291512358711195,0.10291512358711562,0.10291512358710694,0.2795941348892268,0.10291512358710694
176,0.24464355935642595,0.10790806294893965,0.10790806294894068,0.10790806294893866,0.1079080629489388,0.10790806294893866,0.10790806294893894,0.1079080629489387
177,0.17536630800196273,0.11869890297487704,0.18555600774310502,0.08847504497545734,0.15402036721813805,0.04911343313055176,0.1225230539307094,0.10624688202419848
178,0.15782871426896494,0.10886115340960577,0.1148937059441909,0.08635925464690548,0.18698199349331726,0.035627753128247994,0.2367908286088658,0.07265659649890172
179,0.43902986236513136,9.540979117862897e-18,0.025065577207222665,0.09393126317326118,0.26596670705040926,0.0,0.1713966565162376,0.0046099336867379
180,0.11985797389983754,0.13515078460054214,0.13772946824753612,0.11882985903169625,0.11132206571931814,0.12573660755448496,0.12645930414435771,0.124913936801227
181,3.833233541704603e-18,0.12994332535061254,0.17487118812755525,6.2988080595275956e-18,0.16825149637068532,0.5093198095960236,0.0,0.01761418055412332
182,0.0,0.9280501882169978,0.017502807145218815,0.0,0.010196533921592825,8.673617379875361e-18,0.023992938080168665,0.020257532635021818
183,0.3513646037560889,0.13148435008295312,0.125895054673818,0.0,0.0617748398611318,0.013391826100693985,0.23109929352957953,0.08499003199473461
184,0.0,0.0,0.0,0.0,0.0,0.0,0.9999999999989956,4.2743586448025644e-15
185,0.0,0.13419167994469303,0.06111398282971495,3.528305407904419e-17,0.23935429532411093,0.2102565318310836,0.24988588117612626,0.10519762889327129
186,0.0,0.0,1.0082854848627303e-17,7.717478615735729e-17,0.0,0.9999999999989999,0.0,0.0
187,0.1264520823871174,0.12079234672819524,0.13747189472460572,0.14829058799633554,0.11468617570694536,0.11468611047409101,0.11468617513196935,0.1229346268497403
188,0.1041143282284049,0.10411432822840483,0.20978120553511181,0.10411432822840483,0.10411432822840488,0.10411432822840483,0.10411432822840502,0.16553282509345885
189,0.09972849144414134,0.23820123135485508,0.09972849144414123,0.12771449909821864,0.09972849144414123,0.09972849144414123,0.13544181232522,0.09972849144414123
190,0.1113214084084021,0.10081686244731314,0.10081686244731315,0.14209865501258356,0.1185826959551626,0.15240622021991093,0.13492646279299994,0.13903083271531447
191,0.0,9.974659986856666e-18,0.43238923828253345,0.020862700164021346,0.016453192970252585,0.2510419122245495,0.054976974663502806,0.2242759816941402
192,0.09319409190768896,0.09319409190768896,0.09319409190768968,0.09319409190768896,0.09319409190768896,0.34764135664517665,0.09319409190768896,0.09319409190768896
193,0.10438920142904325,0.10438920142904325,0.10438920142904325,0.12824453392951923,0.15866544252380496,0.10438920142904325,0.1043892014290432,0.19114401640045958
194,0.1743152774494278,0.10906804052129647,0.10906804052129641,0.10906804052129641,0.17127647942179344,0.10906804052129661,0.10906804052129641,0.10906804052129641
195,0.10492642264104805,0.10492642264104614,0.10492642264104442,0.10492642264104442,0.26551504151168215,0.104926422641046,0.10492642264104442,0.10492642264104442
196,0.12036645807980058,0.13409861400515694,0.12036645807980058,0.12129079822594771,0.12036645807980058,0.12036645807980058,0.12051648515923623,0.14262827028945677
197,0.10262959970739687,0.10262959970739562,0.10262959970739359,0.10262959970739204,0.10262959970739204,0.28159280204724496,0.10262959970739292,0.10262959970739204
198,0.16822643424917416,0.03610680648117519,0.05633164097271987,0.05729033787183476,0.25870104787831555,0.22202215911581594,0.1069985713970795,0.09432300203288499
199,0.10601781258683368,0.10601781258683364,0.10601781258683352,0.2578753118911649,0.10601781258683352,0.10601781258683358,0.10601781258683352,0.10601781258683361
200,0.23074772443997335,0.0,4.74880551548176e-17,0.0,0.6206877763551962,0.0,0.0,0.14856449920383036
201,0.08399301148634984,0.1765779731361796,4.553649124434565e-18,0.13630600467328013,0.11717066305787299,1.9244588561598456e-18,0.08772211474562468,0.3982302328996927
202,0.09670152135988846,0.04918877175204823,5.204170427925217e-18,0.10830926216681716,0.11545147010381687,0.23629870930685465,0.13198433632238193,0.2620659289871928
203,0.0,0.0,0.0,0.0,0.999999999998999,5.568557353627968e-16,0.0,3.0083039502834607e-16
204,0.0,0.11854317760097402,0.0,0.011813570870812664,0.24434411138312545,0.13488816850085816,0.3066600330783521,0.18375093856487754
205,2.867887579072977e-18,0.10568446162521515,0.02589152420350002,3.976870420981976e-17,0.2657027776667208,0.18328260194611304,0.2695745801871941,0.14986405437025668
206,7.922538501341013e-20,0.11116109450665805,0.02277796058073934,1.9348678485932473e-17,0.2775294770788056,0.18051976707049358,0.2655530972831777,0.14245860347912565
207,0.0,0.1027011141681825,0.021972278288048333,1.0285726561515365e-17,0.284538152352713,0.18026218470195568,0.2642499744765736,0.14627629601152675
208,0.0,0.09547438726313556,0.012358895803809325,0.0,0.28744204012743263,0.18665818306685905,0.2678624680643068,0.15020402567345653
209,0.0,0.09511405781681424,0.004793955209904182,0.0,0.29088752224715586,0.18125005138327716,0.2699037944349582,0.15805061890689012
210,5.310376076427879e-18,0.05779571588650598,0.0015538748618100927,2.5854500286485145e-18,0.33488212528176414,0.10205159010043495,0.29699785589990346,0.20671883796858131
211,0.05635249338273593,0.014337002707332553,0.02478605965606522,0.018623624181925487,0.31887625947921483,0.07647253398082632,0.3005773534439585,0.18997467316694114
212,0.07837924313927255,0.049245999872988236,0.001941317428496599,0.0,0.30716242439627434,0.0669317206017387,0.29459322482719763,0.2017460697330319
213,0.08483778941399694,0.0512064018863065,0.0019042463917014088,0.0,0.30046528787299676,0.0671228235359052,0.2879060439663553,0.20655740693173782
214,0.12868234848956883,0.0349390122185332,0.0035251105846360983,0.0,0.2638575987776719,0.07653403660245837,0.31232942720877827,0.18013246611735326
215,0.10299398945202229,0.0442012473917227,0.0,0.0,0.2809046622078239,0.10947932171055545,0.292785965856828,0.16963481338004766
216,0.0871730513383197,0.07577295864527417,0.013473639740729597,0.0,0.212739255459977,0.15219157584704623,0.3204333857060988,0.13821613326155455
217,0.07820683866003611,0.07280732614770878,0.010789097182163468,3.882902262350276e-17,0.21473065564828236,0.1547307578140626,0.32809379447999387,0.14064153006675262
218,0.12427790311939527,1.3877787807800578e-17,0.18110730498124322,0.11928500685909141,0.31626489479228537,0.06939807195904643,0.14151394610416304,0.04815287218377514
219,0.09835579943763069,0.09835579943763063,0.17187884803738168,0.09835579943763065,0.23798635533583432,0.09835579943763065,0.09835579943763063,0.09835579943763076
220,0.09513498157519176,0.054202232923045164,0.0,2.2755540127964022e-17,0.2130283309549934,0.15506018119980347,0.31729100982678227,0.16528326351918377
221,0.0327237323504741,0.07010937967898843,1.1657883859638726e-16,0.0,0.26844090564208356,0.26529907678760484,0.017044875594863253,0.3463820299449855
222,5.249996658718617e-16,0.0,0.0,0.0,0.9999999999989984,0.0,5.294220424718429e-16,4.996003610808204e-16
223,0.08952073784093062,0.37335483511248363,0.08952073784093068,0.08952073784093062,0.0895207378409313,0.08952073784093117,0.08952073784093062,0.08952073784093117
224,0.09071256778412382,0.04930752201722491,1.323841214866743e-17,0.0,0.22508317881419443,0.14300352190477922,0.31872321253517366,0.17316999694350393
225,0.10515262717657936,0.10045582308885771,0.10045582308885771,0.10045582308885771,0.2921124342892742,0.10045582308885789,0.1004558230888578,0.10045582308885771
226,0.09291097885872006,0.05636259171688141,1.6125389733337615e-19,1.7429502834752713e-17,0.24121060436126607,0.14426138169797548,0.2925279438075035,0.17272649955665337
227,0.07675231560381177,0.06103710569101119,0.002567919047870997,4.7079950710363935e-17,0.2569871708380318,0.14211188259955518,0.29604061280083827,0.16450299341788052
228,0.0854962891365216,0.04246933605424263,6.30886020982133e-18,0.0,0.2800718142633177,0.1290371866961515,0.3109523223841351,0.15197305146463141
229,0.08987272713663333,0.04846309348741513,0.0,7.781056411707034e-18,0.29284529904997647,0.12552701037956465,0.3143111656106623,0.1289807043347481
230,0.12105189305677813,0.11341729692531038,0.1289886720052818,0.12967720144313552,0.12937828478975236,0.11356548877257669,0.15050384599110403,0.113417317015061
231,0.14615535523385864,0.017388801496398196,0.0,1.6210887121451012e-17,0.31535338409302427,0.09367055263555006,0.3182767492513175,0.10915515728885138
232,0.21575598230585102,0.15945111395100273,0.01602517281763186,0.10746857359756434,0.16272690663936937,0.1268034843214264,0.06626739235184138,0.1455013740143129
233,0.08635984181412253,0.15420464751082874,0.24232645084870513,0.17166969256885342,0.08635984181412253,0.08635984181412253,0.08635984181412253,0.08635984181412254
234,0.05312224958414114,8.673617379875361e-19,0.04229105092111152,0.14178807866212753,0.14675479261088206,0.1614285955368503,0.35337166034925543,0.10124357233463195
235,0.1543381913114142,0.06286217248132933,2.7975368375544944e-17,0.0,0.30900348235303576,0.13006961165469616,0.2653334181608186,0.0783931240377058
236,0.11202966754027051,0.11202966754027051,0.11202966754027051,0.11202966754027051,0.11202966754027051,0.11202966754027074,0.21579232721710612,0.11202966754027056
237,0.0749638157844676,0.06111355550703685,1.7242176362353294e-18,0.006779122247026642,0.348844654622681,0.12875855625986565,0.27606665681372666,0.10347363876419549
238,0.3736630324591921,0.08947670964854385,0.08947670964854396,0.08947670964854385,0.08947670964854401,0.0894767096485441,0.0894767096485441,0.08947670964854396
239,0.06073275375741394,0.07686058110502854,0.0,8.847546334929761e-18,0.35997370836314607,0.14756781241483913,0.261629129383782,0.09323601497479032
240,0.04209019148588748,0.07507679888678322,4.245964406344748e-18,0.0,0.37400261854622374,0.1402296590876466,0.2706802648522631,0.09792046714019571
241,0.03979723610044955,0.07401491289332146,3.9767177787034966e-17,0.0,0.38111529333272076,0.14173493287589115,0.26965801362025427,0.0936796111763627
242,0.04256328386002008,0.07626170057343805,5.533649926509752e-18,0.0,0.3719038025020274,0.1426136753720781,0.2722872839783341,0.09437025371310202
243,0.0367938851090293,0.07076351849696295,1.642227478134995e-17,0.0,0.34285293066474826,0.16287620301245773,0.2978748077426091,0.08883865497319256
244,0.03670800908277105,0.07365573040695121,0.0,2.336355096541439e-17,0.3495867290865683,0.12265704852484176,0.31506336353004505,0.10232911936782267
245,0.05094609268039704,0.046627782156199456,0.0,0.0,0.3653817908793863,0.11564579999021564,0.3279491134799264,0.09344942081287509
246,0.10027706128170366,0.046056477476958846,2.973078572208057e-17,3.6518907761369745e-17,0.34478387476191874,0.08849757112082023,0.3117696137089625,0.10861540164863588
247,0.1162898499837996,0.038382643977027966,0.0,6.85396998231525e-17,0.319797176031011,0.06552639437170256,0.3169812750407023,0.14302266059475657
248,0.1964746506367129,0.0244038212072939,0.0,0.0,0.4007290097764765,0.030218559882436474,0.2700224518990292,0.07815150659705082
249,0.12239705168078993,0.036286873266574204,0.0,1.2024082672515994e-17,0.3308150610739604,0.05674051469261041,0.31479448294940177,0.1389660163356631
250,0.09804590470943253,0.053623803199397656,0.0,4.666608578012448e-17,0.25340790412987996,0.08264541997477318,0.33884722231090775,0.1734297456746087
251,0.11353542332001675,0.11353556032305367,0.1135354667453374,0.11353555213557134,0.20525148992131123,0.11353554397298675,0.11353535927989328,0.11353560430082954
252,0.140522023649232,0.0031946370193499355,0.04705629632362353,0.16203794647965752,0.08544935263011112,0.03959733591390025,0.21501369026468398,0.3071287177184416
253,0.3854235319810405,0.0366537585503188,0.0894292512019604,0.03665361009808696,0.036652854034818105,0.3418798346534931,0.036653662856328234,0.03665349662295393
254,0.0,0.06178484381931301,0.035840392524415204,0.20525800539521963,0.09343650114049169,0.0488559017242414,0.28332882832559997,0.2714955270697192
255,0.9999999999989997,2.8622937353588684e-17,1.0581813203447938e-16,1.3877787807800575e-17,4.523833564691242e-17,0.0,0.0,0.0
256,0.14579868785167827,0.39898868986008046,0.05727099710824166,0.0,0.0,0.14099821251535205,0.14101919133875598,0.11592422132489157
257,0.12011067863840402,0.11811246725605486,0.14483741016917265,0.11234957962005242,0.1123495796200524,0.14873115279866012,0.13115955227655104,0.1123495796200524
258,0.0,0.0,0.9999999999989992,0.0,2.826229223033972e-16,4.837803050089155e-16,0.0,0.0
259,0.11566739870893182,0.13178352081573072,0.11566735549412717,0.11566753290480357,0.11566751700173433,0.17316061348510775,0.11671864854479698,0.11566741304376768
260,0.9999999999989988,0.0,3.330669073872137e-16,3.781697177625656e-16,1.4224732502995587e-16,0.0,2.5847379792028566e-16,5.898059818315242e-17
261,0.13290493966610264,0.0,0.2981336940672978,0.09070650240888169,0.06390344646260436,0.10232281971082195,0.1417924939221187,0.17023610376117282
262,0.12834759415427996,0.2697523450552459,0.4295515837806813,0.0,0.0,0.17138313943625755,0.0009653375725352303,2.0816681711700867e-17
263,0.10046026187042108,0.10109313158306497,0.10046026187042108,0.13312373689862894,0.1508943750788501,0.10046026187042108,0.16456940618428978,0.14893856464290287
264,0.0841616557235335,0.08416165572353357,0.08416165572353365,0.0841616557235335,0.3380288803310375,0.08416165572353362,0.15700118532676097,0.08416165572353351
265,0.4070034389464324,0.2218686855588545,0.2240155309815229,3.4694469519501444e-18,2.6020852139626083e-18,0.08728709070708578,0.010267327311538526,0.049557926493565795
266,0.15235107433215683,0.15663710083424884,0.13332839410228725,0.09514961154806417,0.0863601009639785,0.16322230110409225,0.09733656190523608,0.11561485520893597
267,0.08962296191044854,0.08637167623397957,0.08581401815341816,0.3110700504350622,6.938893903900289e-18,0.2289372857283045,0.07856194122302816,0.1196220663147588
268,0.11341083485257139,0.113410843911495,0.11341090077663063,0.20612366349405178,0.1134110080813472,0.1134108198891259,0.11341092388128433,0.11341100511249379
269,0.1260390073916058,0.128100053599091,0.12638606911116798,0.12124041943548179,0.12088391474693395,0.12916078471000692,0.12467504213873623,0.12351470886597622
270,0.045780021048368466,0.052928048964532876,0.12408061523803526,0.13543351539729456,0.20909471125368492,0.10308017519963603,0.1780967863569394,0.15150612654050827
271,0.10443106968715936,0.10443106968716001,0.10443106968715922,0.10443106968715969,0.10443106968715922,0.10443106968715926,0.10443106968715922,0.268982512188884
272,0.1182824416768211,0.1182824416768211,0.12741832624112925,0.1182824416768211,0.12732647176543807,0.1182824416768211,0.12938125698569194,0.14274417829945624
273,0.09156718380766024,0.0915671838076604,0.13783070927046784,0.09156718380766009,0.09156718380766003,0.09156718380766006,0.11363056711037187,0.29070280457985936
274,0.2727858650841982,0.06726317899585384,0.03550377493705261,0.03550364830158252,0.1774683362266969,0.035503970066372195,0.03550371744824758,0.34046750893899613
275,0.2692979537927568,0.10438600660089177,0.10438600660089217,0.10438600660089177,0.10438600660089188,0.10438600660089178,0.10438600660089181,0.10438600660089177
276,0.08037527443487438,1.3877787807800578e-17,0.09935179558201401,0.4230100669984327,0.04150256508828593,0.13610932001206866,0.11486056751338876,0.10479041036993544
277,0.12154478993529176,0.12154478993529176,0.12653688922844483,0.14132400248338878,0.12154478993529176,0.12154478993529176,0.12441515861070755,0.12154478993529176
278,0.07133241932372872,0.0713324193237283,0.0713324193237283,0.12875142410448306,0.0713324193237283,0.0713324193237283,0.29194169765421313,0.2226447816216619
279,0.10073010120299482,0.01225599344952871,0.186725512309087,0.16878806955691408,0.1215656517825648,0.08759060158182085,0.16745276960992125,0.15489130050616848
280,0.08891943983198637,0.1898200781329124,0.0889194398319863,0.2611319829774533,0.10445073972870242,0.0889194398319864,0.08891943983198634,0.0889194398319863
281,0.04693380578231622,0.0,0.134493454788254,0.09521639509858842,0.08389736600709173,0.12386153211873191,0.13517628910946183,0.3804211570945558
282,0.12481026228895932,0.1243296733293288,0.11739148004965921,0.11126077061671266,0.12160959350240082,0.12723903921322777,0.11590235958533933,0.157456821413372
283,0.09278499228679238,0.09278499228679735,0.09278499228679242,0.09278499228679345,0.09278499228679228,0.0927849922867917,0.0927849922867917,0.3505050539914487
284,6.427957741402509e-17,4.857225732730202e-17,0.07470981444813247,0.053502004157506396,0.1946797490228042,0.1473978658208966,0.16350820952876052,0.3662023570208996
285,0.0,0.009835199656948271,0.29147094881114477,0.22957091224077733,0.09156421228246592,0.0,0.0,0.3775587270076636
286,0.11598134186271024,0.0,0.005502496524918414,0.08658609805694417,0.12122555945539877,0.26874528828836763,0.12479247313146483,0.27716674267919594
287,0.11717560242209533,0.0,0.009328300976910724,0.07781863525969991,0.12061805392498927,0.2645592014833866,0.13317086376338325,0.2773293421685349
288,0.08525010213703044,0.08525010213703262,0.20811848656572693,0.08525010213703044,0.2803809006110873,0.08525010213703044,0.08525010213703135,0.08525010213703044
289,0.33453918951252587,0.0950658300694963,0.09506583006949627,0.09506583006949627,0.09506583006949632,0.09506583006949627,0.09506583006949629,0.09506583006949634
290,0.13836171490283158,3.266845935389979e-17,0.07404434577509228,0.03579689587386919,0.1629114522425784,0.23548056327124103,0.12564490267226266,0.2277601252611247
291,0.14831346097740777,4.575494700547907e-17,0.023184316990034363,0.03847018328403783,0.19087671340199092,0.23538926654931244,0.15230775854121675,0.21145830025499973
292,0.16468654764645918,5.035665929359989e-17,0.03414614830345116,0.03760570977513545,0.20601653586164856,0.22033856634838472,0.14140718617592019,0.1957993058880007
293,0.0984612903147418,0.09846129031474206,0.15768516205956037,0.0984612903147418,0.25154709605098846,0.0984612903147418,0.0984612903147418,0.09846129031474184
294,0.12578751211442932,0.0,1.6553538418394636e-17,0.07071608477831481,0.23424918145998802,0.15772888681033698,0.17309980496285365,0.23841852987307705
295,0.08825964887458113,0.0,4.0546629346053763e-17,0.061775120877545,0.3052491635451432,0.15372652896474,0.17715296147408616,0.21383657626290448
296,9.199760500091057e-19,0.08455780434554874,2.6477168833385145e-17,0.0,0.0,0.18702538768808222,0.4905758593938113,0.23784094857155766
297,0.11712116208713368,0.11328133720764413,0.13265496177627356,0.11469551665061312,0.33187018563437204,0.10078724395985457,1.3877787807800578e-17,0.0895895926831088
298,0.04077590091516065,8.78997347141249e-17,0.0,0.07915140263385026,0.3223306214034769,0.15880436768051126,0.13671992508624828,0.26221778227975256
299,0.057654966730735974,8.144314432070559e-17,0.0,0.06542256293951802,0.2813783822289203,0.18129456665233906,0.14322576200168888,0.2710237594457975
