oos_period,model_1,model_2,model_3,model_4,model_5,model_6,model_7,model_8
150,0.09899769920734855,0.23250305108087493,0.24424006667132583,0.0,0.18144696676483416,0.12175625766316248,3.0103974461861355e-17,0.12105595861145402
151,0.0847164854000204,0.2656149353646242,0.18897675386188956,1.1682900448340266e-18,0.1654919779063264,0.18076809551293846,0.01826459534435964,0.09616715660884138
152,0.008854460336356867,0.34500029950521577,0.09976994190383201,0.021875504224208614,0.0,0.32102856018460824,0.16936333287370892,0.03410790097106957
153,0.005771179447679711,0.27713637241186895,0.11254167816345151,0.061729191216111125,0.044621081021044694,0.33120591994366744,0.16416771842702807,0.002826859368148473
154,0.004671795553617194,0.2827337075241811,5.949347663271442e-19,0.08908609336059302,0.2073510193485497,0.28457227842674626,0.10739489006043611,0.02419021572487661
155,0.028629545589951764,0.19096985800247512,0.05068724186729066,4.1589979454634603e-19,0.2208085053519678,0.24651825334952757,0.10794740030863774,0.15443919552914942
156,0.0,0.28189820186947767,0.017851973613003683,0.014489465227600752,0.3073644043613318,0.22626330813130788,1.7388363948395825e-05,0.1521152584323297
157,0.0,0.2982477265255292,0.009928306085344826,0.015490924464520868,0.3055658637779247,0.23265514977538548,5.706706409987449e-18,0.13811202937029493
158,8.588983260677522e-18,0.3041718593208088,0.027284737487117235,0.04057890770682897,0.2833191376067323,0.24303008979137986,0.0009735529073209218,0.10064171517881193
159,0.0,0.2843100004403893,0.06838194107863166,0.06605860006582819,0.28877766182271214,0.23294392704780129,0.027640820608084805,0.03188704893555246
160,0.02027603177545289,0.2510545712793491,0.1168899460802706,0.1206335470907956,0.25471505659069127,0.17000639328665115,0.06642445389578934,2.274283463375522e-19
161,0.018694639156113153,0.250016782202063,0.11757520735222894,0.11198911354114689,0.2578287472198789,0.17824581602665215,0.06564969450091694,0.0
162,0.017360176627043658,0.2551459310335389,0.11074757588931843,0.10569463973587206,0.2569750776280191,0.1795317786444684,0.07454482044073939,1.595479200380485e-18
163,0.02395719900789029,0.22670461432324254,0.13500031869704773,0.07327711470811439,0.2315514504288802,0.21239011640662964,0.09711918642719514,0.0
164,0.04819147525878073,0.18116385215184697,0.1526793131215888,0.061351758422921364,0.24550786824860862,0.223418752852086,0.08768697994316749,9.711179800701639e-18
165,1.3774729239134539e-17,0.09085530648430531,0.18206660967777097,1.1570928297294298e-17,0.33901777026187946,0.23174374413927104,0.15631656943577316,3.4610987594794676e-17
166,1.4108994624051697e-17,0.09704322077071362,0.15738888225454012,5.21632748102586e-17,0.34401066787846707,0.2052827685163795,0.19627446057889952,0.0
167,2.186160888287536e-17,0.13249401419432977,0.12727712097254962,1.3258828625459395e-16,0.336005219773676,0.21883072022798933,0.18539292483045522,1.1077170698819922e-18
168,3.7299206804537044e-18,0.14528459379600736,0.10998641441365943,0.0,0.31911649326526925,0.2606576312262222,0.1649548672978417,0.0
169,0.0,0.18151902947789325,0.10904662032628833,0.0,0.3120101566053054,0.24124248471854573,0.15618170887096716,0.0
170,4.8536654764276e-17,0.2131580584075808,0.12023328548173673,2.2762671112501922e-17,0.30537156058996384,0.2257403734508371,0.1354967220688813,0.0
171,1.9360906230218406e-17,0.25808707234359257,0.11826317338898368,2.5085070512766677e-17,0.29308516954085223,0.2107548986229274,0.11980968610264403,3.283575834848698e-17
172,0.017101914389540285,0.22950535903896568,0.1090876416853274,0.0026385151676951157,0.21598633452955707,0.25430424131677803,0.13982681893734347,0.03154917493379287
173,3.4418185756416086e-17,0.3352667149901978,0.12687241171225272,0.0,0.2735175752649153,0.14100683115287252,0.1233364668787614,0.0
174,0.01182040123114737,0.35668414176904617,0.18514673329886186,0.0,0.20827679744932368,0.0868621367534353,0.14999055919822515,0.0012192302989603434
175,0.01647758136892875,0.3754039712447874,0.17867817637188207,2.2371715088849998e-17,0.20353836704502715,0.07406397320549485,0.15183793076287974,0.0
176,0.028270674225192374,0.31614358187842667,0.16676370799772963,0.0,0.1377184580595198,0.09895704175147949,0.21839005130194444,0.033756484784707635
177,0.02683606686819623,0.24518966491753924,0.200369096345344,0.0,0.17619259649438734,0.09916652182098308,0.1999156390868586,0.052330414465691415
178,0.03779559193744578,0.21201156881635436,0.16598128385951605,1.9229183149870285e-16,0.17593529762940743,0.10971630761773467,0.21615725332139601,0.08240269681714549
179,0.03964228163719167,0.21214950402072036,0.17217854682166708,0.0,0.17194949090970474,0.11130850717050542,0.21175398415895857,0.08101768528025195
180,0.0618509848779616,0.12020164473045805,0.18646199162631302,1.3974349563787472e-17,0.1133491106147537,0.14164607152638736,0.2539301413555777,0.12256005526754855
181,0.06299285290881687,0.16347266732318155,0.21201594288248918,8.952059608950233e-17,0.12275919180217645,0.1131970758761234,0.21808063028454025,0.10748163892167223
182,0.06212135347267213,0.15401150646857314,0.21241534363913717,3.7814297580650163e-17,0.13248711898741164,0.11645574040268662,0.21324970658663542,0.10925923044188372
183,0.06191314785156079,0.16825906212069544,0.12707435092583647,0.0,0.17752455920804963,0.11504922572539186,0.18145749458649715,0.16872215958096856
184,0.008642854025893341,0.18336655018737608,0.18550981526746765,2.409803440980154e-17,0.11610051179619961,0.13939745347400373,0.25482414480255705,0.11215867044550257
185,0.008524253315923595,0.15665443994411166,0.1497321293085755,0.0,0.25900774310079255,0.18443955598901357,0.19156374206730714,0.05007813627327596
186,0.0913248142535173,0.15780532537079958,0.10363164773927036,1.3971358478692484e-17,0.1376017080431144,0.19722772580071646,0.16320855778822335,0.14920022100335856
187,0.09538641886325677,0.1800688252867428,0.06627685976994985,3.0679850986875293e-17,0.17165317334014057,0.19390440544937776,0.1304420325361664,0.16226828475336577
188,0.10927916559073873,0.1644407144487631,0.02845106193715026,4.958940526173565e-17,0.180395632922066,0.17784381019080064,0.16164731472813496,0.17794230018134616
189,0.1086636884008379,0.1644783788091245,0.02834212307783983,1.4483839881560423e-17,0.1807181442140141,0.17760136461401974,0.1618582144604193,0.1783380864227446
190,0.09541687214675684,0.15738431225222477,0.04067209826295901,2.6436745316727523e-17,0.1845016065499333,0.17234782891382475,0.18664206465042943,0.16303521722287173
191,0.12997109660235429,0.07304988156091269,0.07054024895595529,0.0,0.17647512879203758,0.12690975931280687,0.24740813371220827,0.17564575106272495
192,0.12321558501341721,0.09200180908330291,0.0274718542332303,7.887994321297783e-19,0.19672534503707284,0.1321019865146619,0.21501065534676242,0.2134727647705524
193,0.17607114834248008,0.0732092454557738,2.2205828980086333e-18,3.0215253415306777e-19,0.14325394759531618,0.12996894570213902,0.1996849901196972,0.2778117227835938
194,0.15644620151759225,0.02319153955446988,0.011592024061645275,0.0,0.16954959879544512,0.14399725568334312,0.21267197236353488,0.28255140802296946
195,0.16795113128534778,8.21420788510877e-18,0.0,0.01421778256923105,0.14684406509038825,0.20324299762292453,0.1197735001326347,0.3479705232984737
196,0.05641684756187248,0.09171033649032502,0.0,6.544602719823784e-17,0.206462502294733,0.2661126167765157,0.09281953102133574,0.286478165854218
197,1.6069420688109028e-17,0.1457903060257112,0.008329742269190135,0.07282396184297513,0.26350802006210505,0.19411838889261354,0.13374763449244834,0.18168194641395644
198,6.761015394866715e-18,0.07011935574963668,3.402344654580994e-17,0.19494740566474064,0.2960079526967433,0.059455894537916144,0.19400669854927882,0.1854626928006844
199,0.0,0.06488585864870659,2.2189711626287483e-17,0.18948842265210947,0.3062929331658381,0.04986891930079999,0.19714046308658334,0.19232340314496238
200,0.0,0.054031776840351424,0.0,0.16387998252034167,0.2942257394069708,0.08400944692726257,0.2152912067774926,0.18856184752658092
201,0.0,0.045900084192436456,0.0,0.20511898849200344,0.23265008176378263,0.14128113396009742,0.22366347999104647,0.15138623159963352
202,0.0,0.0385592875017021,1.9047925117803628e-17,0.25319671996929577,0.2607010717371161,0.05776398960026449,0.2780665773449308,0.11171235384569073
203,0.0,0.06851281186134706,4.785755279604341e-17,0.21076598635509025,0.25558221428016664,0.0686294389236589,0.24993503694825214,0.1465745116304848
204,0.0,0.1424471829046014,0.038825039992485495,0.03351029357650909,0.23435490416299928,0.13889001150424868,0.2739045978423478,0.13806797001580826
205,0.0,0.1273814640190405,0.10643082652066788,4.779407565773503e-18,0.2756477842759858,0.1759095792927609,0.2291901710136023,0.08544017487694262
206,0.0,0.13363407131865396,0.09982077916532497,1.6023700997883178e-17,0.2817215623198044,0.17075108229620362,0.22982149706319144,0.08425100783582158
207,0.0,0.1316770842632495,0.09861096941481376,0.0,0.2865846331601601,0.1749030505209847,0.2243215483995418,0.08390271424025013
208,0.0,0.1287439570001508,0.08897291632809365,1.0039393502294095e-18,0.2872027655356746,0.17904339065121752,0.22726264336542976,0.0887743271184337
209,3.9134170011414306e-18,0.13490991233938937,0.08715553970976202,0.0,0.2884550319873176,0.17327107663290614,0.22566485338061423,0.09054358594901057
210,2.625222184208719e-18,0.08140113019628639,0.04846902521342631,0.0,0.3129939541918038,0.11574444627700117,0.27737407448170176,0.16401736963878058
211,0.05624204204823142,0.023842219812830284,0.04247500619151988,0.022459037759297903,0.3086704416345826,0.08214787633822129,0.2911526107601644,0.17301076545415214
212,0.07673349293968644,0.06800948772276336,0.04020749778790213,0.004591775896511473,0.28605446080480806,0.07981795318459785,0.27712844969252426,0.1674568819702064
213,0.07805369942439454,0.07138530687840575,0.04276422621039131,0.0,0.283682662723762,0.08270859829509501,0.27437137520389443,0.16703413126305683
214,0.10844623936076869,0.0663476367524004,0.05790841892927401,0.00871180678373034,0.2505399110659579,0.09773943792807671,0.28540581642848406,0.1249007327503078
215,0.07921280363451595,0.08176510848868933,0.025583101583348374,0.027025207616381948,0.2757180557127856,0.13486310703815596,0.2639367941312992,0.11189582179382358
216,0.08015440852193913,0.1340178796397225,0.11509333726398566,1.1721187330172858e-17,0.1962650430265071,0.15026709157045037,0.2659837575218385,0.058218482454556617
217,0.06576342597105006,0.12932471852253838,0.12374887924599745,0.0,0.19908117769473563,0.1502791811373128,0.2734728077733955,0.058329809653970055
218,0.2156222298533889,0.078098758617076,0.10178157705946901,7.981030302641734e-17,0.20363220861545453,0.11883757249138756,0.28202765336222396,5.295286334699192e-18
219,0.2766977147058888,0.08173446237835796,0.10401579371172891,0.0,0.21551095455141595,0.08740564345331318,0.2346354311982951,2.1146488275346658e-17
220,0.0740640417616499,0.10533295710371884,0.10519425512218417,6.635183788653785e-18,0.19715048255562945,0.15636990887918018,0.27903824322995674,0.08285011134668062
221,0.24468274493824296,0.0675100674920093,0.05460035166475173,2.8001694915588354e-17,0.27900815134846746,0.08878759847265429,0.26541108608287417,1.7659578159050433e-18
222,0.2763696226528838,0.048379390108473204,0.09521872651190602,0.0,0.15521616239237715,0.20643016074501902,0.2183859375883408,6.395092618146155e-17
223,0.29907523164473215,0.020351654886358168,0.01864233790116571,1.1070138285451397e-16,0.23734737149189836,0.12854747324380902,0.29603593083103646,0.0
224,0.07772177395159761,0.1046615916757042,0.09194068752962119,6.522066577486891e-18,0.20697660235179363,0.15589659474811265,0.2782733081370061,0.08452944160516454
225,0.23041056201777677,0.08384287272447681,0.005084821699471302,3.2609921436310694e-17,0.3260594813970248,1.1459455803832766e-17,0.35460226216025026,1.521175882060636e-17
226,0.0860336162336711,0.10194209482628154,0.09706957326425726,0.0,0.20745257091004735,0.1564070248161222,0.2588770777395446,0.09221804220907583
227,0.06550166525989898,0.10081882878915907,0.10189382537238453,0.006304349277777205,0.22875805052997034,0.15470897382778998,0.260515593953807,0.0814987129882129
228,0.07483629448924152,0.08149841629719669,0.08943264918772267,0.008913584798389898,0.2555000591570949,0.14157016837755795,0.2759281579319963,0.0723206697597999
229,0.08216845034575962,0.09583900441164012,0.05880819310735402,0.028606545113599696,0.27029300394495015,0.14635576414942705,0.2772342837231946,0.040694755203074716
230,0.2753065036626249,0.008464672123954398,4.0898138825185746e-17,0.08266890914698187,0.3682486832137111,2.5885326868065537e-17,0.2653112318517277,0.0
231,0.12372437772169517,0.06557954612601105,0.031420798304492764,0.051323688538754214,0.2931465431537559,0.12438975619301676,0.27588059077336297,0.03453469918791109
232,0.20225890430048502,0.0,8.194329800365672e-18,0.13053546328656443,0.359694132735707,0.0645332289754311,0.24297827070081238,5.335497592440944e-17
233,0.18373760069826028,2.964572963739724e-17,2.2175216679977005e-17,0.19853262982052786,0.3063101075857416,0.08439948505820105,0.22702017683626924,5.944053707351109e-18
234,0.26071566105602245,0.029368987987344344,0.025602046395380697,0.03789540543927548,0.3762364814890324,0.03598703061306475,0.23419438701887976,6.557559671046784e-17
235,0.11417291693066421,0.10704352022276088,0.06501373161726785,0.048207201530603046,0.28047181326218373,0.1521010577185047,0.23298975871701544,5.148266253406489e-18
236,0.23326392971811835,0.08459248468125197,0.03899799874497833,4.534167366647735e-18,0.4332223906032198,0.004815395329007422,0.2051078009224241,1.9245859111019338e-17
237,0.04349012399814286,0.11090911851466612,0.0625657871387653,0.10079551987038027,0.29618487260446913,0.15202747730281088,0.23243805926004887,0.0015890413097165367
238,0.13339557644473363,0.11616458700216549,0.015510273962908497,1.1444685666815031e-17,0.5035730988747344,1.7104559820362605e-17,0.23135646371445778,0.0
239,0.030639081576303084,0.12550112899680724,0.07181146608595004,0.10106377447089006,0.2743684922898699,0.17219547597801957,0.22442058060116005,4.273929728493913e-18
240,0.01158853736544615,0.13639964711091127,0.0791084698834933,0.06549653162614943,0.2932827125243377,0.1670227939317582,0.2471013075569039,5.043922382216704e-18
241,0.01716706281209394,0.12579215301654664,0.07502718118220156,0.08369201479511976,0.2781617854679617,0.17437893414230882,0.24578086858276757,2.250235014015032e-17
242,0.024349749190067146,0.12381602574833442,0.07630916448237293,0.08368726546994248,0.2722294672779181,0.17917709414841423,0.24043123368195066,8.913539462184901e-18
243,0.018417204520412216,0.1220520386577712,0.08545127020120032,0.08097561844878849,0.24866173638347308,0.18883832060080238,0.25560381118655234,0.0
244,0.021883956173743356,0.12814658045649405,0.10418934309474394,0.06068087928357327,0.26171052693807995,0.1516934125408323,0.27169530151153315,0.0
245,0.04606895244384185,0.08772101726414976,0.10328426909709645,0.023041449709967667,0.29325801692062736,0.13614477961033736,0.3104815149529793,0.0
246,0.07969165078089334,0.09188651378061678,0.11602261058043088,0.03888593002154042,0.2696957472772218,0.11673050987383993,0.28708703768445665,1.2297131683997025e-17
247,0.09261828919858389,0.08051412097686145,0.12756381077397466,0.041182265243545894,0.24232265265722805,0.1017327135652017,0.3026423860092946,0.011423761574309733
248,0.17560046573625576,0.09521970988643898,0.0974455966363572,0.0,0.29956033289088524,0.0,0.33217389484906285,9.224400553826918e-18
249,0.08777089604933389,0.08094948006522723,0.11897193140868735,0.04890100473295059,0.2684872115161605,0.06710965071271557,0.3034566918862294,0.02435313362769535
250,0.0710128818394468,0.10458455827067668,0.11305282337791922,0.03894853039690495,0.20381878643673712,0.08296343492836142,0.3341476899581755,0.05147129479077828
251,0.013263712160625286,0.20717401207543248,0.2306653254013699,0.0,0.0,0.01728410754249516,0.31100960260614063,0.22060324021293656
252,0.0,0.22038765169938812,0.23063017071590516,1.7396443641528734e-17,0.0,0.004456758939608993,0.31004013891814036,0.23448527972595717
253,0.0011139227760138043,0.20691043565973857,0.23458980033196172,8.298805300715706e-18,0.0,0.0,0.3219315618246073,0.23545427940667846
254,0.0,0.1900613929049004,0.1500977898577327,0.05342906916643738,1.0224643098927058e-17,0.059145606898773705,0.32858689338095,0.21867924779020578
255,8.587790754585312e-18,0.18651219991733864,0.17023654259269785,0.06396583104338827,1.3116139052259547e-17,0.05260123156565792,0.3262433496658196,0.20044084521409758
256,0.02915387072960059,0.19000608871745145,0.12344192864842425,0.09766562015276947,0.0,0.02063378937846142,0.36586207086201766,0.17323663151027513
257,0.12719917692561608,0.21497131704026332,0.15695921248238617,0.07592226343325419,0.0,2.4844958650601472e-17,0.412195480517878,0.012752549599601974
258,0.14214699399328118,0.2188991987335308,0.14173777819762337,0.057783523698047026,7.42126857944929e-17,0.0,0.43943250537651757,0.0
259,0.1552996954705846,0.16798185466012902,0.10469949822741968,0.0858448460841593,3.440478425154077e-17,4.776630547799037e-18,0.4753051122406037,0.010868993316103725
260,0.16931834318061062,0.13213067105091597,0.09118113214647068,0.1395933898578461,9.458409287373447e-17,0.0,0.46777646376315635,2.8812884492010276e-17
261,0.1564560548624193,0.15902573127049266,0.07688300107208622,0.13265421974934766,2.2952581167318856e-17,0.0055108822420841695,0.4147447631116902,0.054725347690879826
262,0.15857168774696265,0.16014802955122096,0.06596377234507256,0.1438070243763412,5.969089507892799e-17,0.0020791737041115526,0.41976010596516206,0.049670206310128855
263,0.15158147072302436,0.15571683294040548,0.06469468038906492,0.14404990235035373,3.6653388722907473e-17,0.010180339199433674,0.39412683109653807,0.07964994330017967
264,0.14808907988445189,0.12550365689326437,0.060116699975697005,0.13373592644900148,6.582516095248961e-17,0.054528216866278845,0.3436824423153889,0.1343439776149175
265,0.05920615502342922,0.28168679211577285,0.045705716363323774,0.23103460227878697,0.0,0.0,0.31668372220583374,0.06568301201185343
266,0.0292576646664535,0.2760251472796552,0.05663197063506768,0.23309420002916326,5.0837223428257753e-17,5.476848210158879e-18,0.32550184719885195,0.07948917018980839
267,0.041625347308017424,0.2405570139345456,0.07065213624702557,0.21898804062048055,0.0,3.235109993136556e-18,0.3293060934664856,0.09887136842244526
268,0.07162018671350025,0.14173002407707713,0.08018760336519148,0.2703913295922173,1.0560552676471881e-16,0.05818869769414533,0.26095648765356644,0.11692567090330205
269,0.1019977062342763,0.0807838022553646,0.06906447099174139,0.20715818121612362,4.635403685712284e-17,0.21400683288313976,0.23862633551512322,0.088362670903231
270,0.16570543218933412,0.01857766100583051,0.10738652623848449,0.2494550842890254,0.01126904408737231,0.180800123549819,0.2013331382196734,0.06547299041946072
271,0.1653756176764828,0.007338380059669149,0.10036289034797256,0.2457342688177732,0.005873996622095021,0.1739279903007591,0.21234203926743941,0.08904481690680872
272,0.18229298016267792,2.59165612079955e-18,0.10301935868673615,0.23351362953560534,0.0184505281532236,0.15780875024566202,0.2173271927425164,0.0875875604725785
273,0.1741925095323871,1.402186943561737e-18,0.09913403946459064,0.2474978289971896,0.03641989707123396,0.13259742664905264,0.2146379840341596,0.09552031425038639
274,0.1420304029682907,0.0,0.06961873237068936,0.280596448271309,0.05962234152728275,0.153218877416803,0.21624230242159695,0.07867089502302811
275,0.12047069602786085,0.0,2.376350933519563e-18,0.2756858913403936,0.12528576467783348,0.1374622921940157,0.23971099118795214,0.1013843645709442
276,0.058420562037378325,3.06070061534115e-18,0.04772463152543727,0.32689462175703654,0.11931953270641046,0.21395678306673527,0.1164469867345205,0.1172368821714816
277,0.03175922393828295,0.04820195361241664,0.11079567707748342,0.2761442238539435,0.10216802007038008,0.16632638003324085,0.1184651472256376,0.14613937418761494
278,0.005197774761510535,0.07503181078954912,0.14903895114408888,0.33593038292203353,0.1453907571485172,0.0840210583522589,0.06076429080463118,0.14462497407641067
279,0.07411338307866136,0.06991831489407989,0.17141518032387082,0.2955179568308788,0.12537445831961716,0.04278716165544165,0.09061057426793288,0.13026297062851727
280,0.07696805240500285,0.06841062263840185,0.1766764088633533,0.27643020451201206,0.13804775884301135,0.053790604744970265,0.08207521648015553,0.12760113151209262
281,0.10486530930780794,0.05749200507314837,0.21991206982262396,0.26539732931103505,0.112685819728991,0.050660260308771965,0.09842341760204709,0.09056378884457462
282,0.09988062197311275,0.05050013417934993,0.2680124181236576,0.24462039881691827,0.1298841868111388,0.04069044572356988,0.07741712694531579,0.08899466742593695
283,0.16150517153515984,0.05084535583163627,0.30501715250986405,0.20572267002824057,0.1268350002395588,0.0026096685878741043,0.07963559455627596,0.06782938671039038
284,0.1519153609444697,0.0566504746029884,0.2847423675010754,0.21209332183098367,0.15762380407038698,1.566766106957573e-18,0.08556734493770353,0.051407326111392246
285,0.10069366215404382,0.043068416143588445,0.23648202195533058,0.23496167747723828,0.21454493479674216,0.058075248884689915,0.047575605780953496,0.06459843280641314
286,0.07731289766267746,0.14988170974488327,0.1236217095612732,0.22471341878838794,0.0800666050769143,0.0759850220285344,0.18760643027648424,0.08081220685984512
287,0.07776750166889349,0.1499234009219443,0.12435665422109521,0.22293692200396822,0.07972468567969601,0.07463227280029573,0.1894101272522293,0.08124843545087772
288,0.17562468611315293,3.061256480712786e-18,0.2077925519694619,0.18485761683447233,0.27912779986415553,0.009232417282202638,0.03885365958816542,0.10451126834738927
289,0.16307412785713657,1.0619379392758449e-18,0.2179422708992761,0.1970535517469799,0.26293370645292474,0.017162020694073785,0.054006349965995994,0.08782797238261283
290,0.12833026553446367,0.016252372935719343,0.14690119428217016,0.23857934677360143,0.13841007665434837,0.1281553344676626,0.11582365697294007,0.0875477523780943
291,0.13067556331395713,0.03145161385879879,0.1553466880990426,0.24451678576331493,0.14013564825438315,0.12878904703059368,0.08855509943784089,0.08052955424106878
292,0.13703757055373247,0.021538935155584228,0.15776442324391823,0.23076519553208338,0.15034717720452806,0.12530357920139895,0.09617811204305547,0.08106500706469916
293,0.1285608272133354,0.0,0.19486455949025513,0.1529237662819174,0.35386991616490393,0.03312270403863281,0.042996509882746586,0.09366171692720876
294,0.09736129076960655,0.08169502998053207,0.1016064430288385,0.2700128554012011,0.1676633357019609,0.048044729572445766,0.12219466263207232,0.1114216529123428
295,0.093637557784518,0.030432626947039826,0.05987042636759407,0.253120280586076,0.23667643494575571,0.06877066832354427,0.14534982610881744,0.11214217893565473
296,0.03544199092245802,0.0,0.0,0.08953347093186201,0.456232207826186,0.04430153729725458,0.21702444826106398,0.15746634476017535
297,0.032401592384641804,1.981291984474861e-17,6.211158898634257e-18,0.15798122025955813,0.43868927864116436,0.045443605418928876,0.21415600968344436,0.11132829361126224
298,0.0441093514435552,0.03843207070263115,0.12817187972356406,0.25740922433808433,0.2328209240414715,0.06530514231861806,0.08734678675477756,0.14640462067629828
299,0.05094652807706965,0.032201736659668,0.13436354080333082,0.2523669370040362,0.2139001469982245,0.07589681762533236,0.09054979831367133,0.1497744945176671
