oos_period,model_1,model_2,model_3,model_4,model_5,model_6,model_7,model_8
150,0.04178009107556677,0.2033580847377075,0.33710230162387383,0.0008243118694536728,0.12399580927783385,0.20767999144991817,1.397969558256595e-17,0.08525940996464616
151,0.0256646867652765,0.3003750531062755,0.16922439614310697,0.0,0.10348029406887037,0.3136057323896838,0.0404238445829629,0.04722599294282391
152,0.08413188771954766,0.29236049079608606,0.11526801152285472,2.676475033775612e-18,0.027845365878861727,0.2831488969855799,0.11493732996930546,0.08230801712676446
153,0.0,0.2986919039687648,0.081876813596332,0.0,0.02102064926409774,0.37374100955888684,0.14779315317658032,0.07687647043433823
154,0.008802360874446162,0.18288556368247705,0.05432865060055241,0.0,0.16661878467134378,0.2861596080889002,0.12787974880193442,0.173325283279346
155,0.01471165495129021,0.1625615771625241,0.03724163378499866,0.038526303574699244,0.18338146683679857,0.23779066473978072,0.15880801953539292,0.16697867941351557
156,0.0,0.22982409838447454,0.03384582031483219,0.04803130055439281,0.22088610717767235,0.2674049346559323,0.11835461120686405,0.08165312770483164
157,5.045964486615834e-18,0.23853830218381697,0.0,0.014214481253270739,0.23830581780460552,0.32068107807729196,0.055651392969379584,0.1326089277106352
158,1.8352633435736683e-18,0.25300173333706005,0.040223134404860826,0.0866168353181314,0.22961797350721838,0.2919310873372807,0.04991289396922476,0.0486963421252239
159,1.0933699734971481e-18,0.2626261370229101,0.003646360629778563,0.00970140711475144,0.22067221247080368,0.3078016372386917,0.07789096698591717,0.11766127853614711
160,0.07696246231445508,0.20778909168550241,0.13763680188010632,0.11485312969725904,0.2081671895192116,0.1605870473866692,0.08310076419916962,0.010903513316626642
161,0.0741194953506868,0.20761401373037858,0.13674396092150887,0.11454828989893158,0.21073061682568273,0.16820277870211486,0.08537116452933526,0.0026696800403613183
162,0.031379494108568336,0.2424620178000382,0.08135365047708808,0.16822129460575755,0.21379738139532614,0.16315827274892405,0.09304425696124276,0.006583631902054845
163,0.007671791935451306,0.2882177924341859,0.026141603666158843,0.19298281364323439,0.20055869958491607,0.219684979510076,0.06474231922497728,3.665089725197521e-17
164,0.05646759204145279,0.13479765195960378,0.06494305367877497,0.10535510775157764,0.2085704852536302,0.2940978436954705,0.1357682656184899,0.0
165,0.03376628533176949,0.11160160116843734,0.16334687291103375,0.030311265192895308,0.28472541353907627,0.20655143416382932,0.1614862537366216,0.00821087395533684
166,0.09625644685232879,0.11987387386267664,0.12969592810811104,0.0009694025728299299,0.264102521269444,0.17222101051999905,0.21688081681361054,0.0
167,0.084969017271838,0.14833469156725848,0.10682290111129684,5.6742737136508834e-18,0.2720459975185039,0.18549583216782722,0.20233156036227554,0.0
168,0.05603134988830476,0.15443289374792377,0.10963520175221268,0.024491491542450148,0.26102355045644654,0.22538626619079752,0.16899924642086464,5.433531068173692e-18
169,0.03924931477346008,0.19021138083673106,0.10984152607797387,0.03929023299253079,0.25382452046520265,0.20804430939445104,0.1595387154586504,0.0
170,0.13622511126018833,0.17122254269889367,7.994421435150563e-17,0.0581931680464347,0.1819925911087075,0.23274175282876172,0.21962483405601385,7.001841247279949e-17
171,0.005092082957772241,0.2618180013333863,0.1375231211051207,0.0,0.257457369709454,0.1934740302642077,0.131191328138791,0.013444066490267968
172,0.01093904114357888,0.2522766392842314,0.07492765979844267,3.663629255107999e-18,0.18553930844620137,0.2367936616854963,0.1445036133889382,0.09502007625211115
173,0.008377751481526205,0.3690139306385466,0.06126859237439698,0.0,0.21413594416371792,0.16142274960911113,0.15912188867165233,0.02665914306004889
174,0.016890167155852613,0.3330479976301627,0.08975932792094496,1.1894091856345656e-17,0.09758758296623371,0.22038467672731166,0.2215421706940731,0.0207880769044213
175,0.05477963178648881,0.1779120789758024,0.17405681643593157,2.1240409943564406e-18,0.1499251178623902,0.07576478660099568,0.2703256826227926,0.09723588571459864
176,0.07091762150785759,0.23261247651156636,0.1757482664315033,4.317750448624478e-19,0.1498701853651684,0.07148003902280414,0.21759306055554414,0.08177835060455603
177,0.08664763974456136,0.22845412417743102,0.16750749513629973,0.0,0.14908244298969342,0.08063042116925878,0.20714723117866887,0.08053064560308662
178,0.08961402713786698,0.18634515492167278,0.16375368271972238,1.0817646687804217e-17,0.16149263045808193,0.11247834274349353,0.18624008493399452,0.10007607708416778
179,0.08706903411082415,0.19221539822164438,0.16728797729060263,8.270217492041782e-18,0.1602789453510357,0.11271996614483758,0.18342369134351572,0.09700498753653972
180,0.08227019296286202,0.1604754747169997,0.19045641322392376,0.0,0.1284804528925036,0.12389548486690678,0.210518016705018,0.10390396463078612
181,0.10633535924709539,0.1671456549472457,0.18583669678027154,4.77336514211489e-18,0.13722089848374208,0.11599987761982,0.17410903434238548,0.1133524785784398
182,0.10891964522592801,0.16093642083839493,0.18505803641882485,0.0,0.14165694213893595,0.10833186243657467,0.18158737642278527,0.1135097165175563
183,0.09965407604321433,0.15280526005707595,0.1656422328945703,0.0,0.15513681843910127,0.11331281571229508,0.16240382473422552,0.15104497211851756
184,0.03411319711419712,0.17131673824201185,0.22059627102527482,0.0,0.11599001823364816,0.11691339184796376,0.2279691929757874,0.11310119056011683
185,0.033903307752239834,0.15021444715146176,0.15263069752674507,0.0,0.23376172987825883,0.17274971622445853,0.18898702080913102,0.06775308065670499
186,0.05984309946582822,0.13146519975534537,0.12359081291528656,2.3025339973998947e-17,0.12229320119069036,0.16071729855746433,0.2556220572208274,0.14646833089355776
187,0.06801185716589268,0.16153740057566732,0.12027108200194278,1.6242439098736204e-17,0.18622914766321763,0.15613385634223453,0.18836414626871398,0.119452509981331
188,0.08377780313375613,0.142046653962832,0.09148292658398215,0.0,0.21162710066724344,0.1386091243260486,0.20574768359205878,0.1267087077330787
189,0.07339881752169776,0.12532469094275733,0.050761681815586636,5.157737471420211e-18,0.23795581890331588,0.12150366838627764,0.24248006269625375,0.148575259733111
190,0.057695514621806034,0.12080554607751758,0.05692925343945993,6.0424154083509155e-18,0.24161375908086946,0.10887312467683853,0.2775528649930986,0.1365299371094098
191,0.08656253109615777,0.0777525578649204,0.08708641670839828,0.035162471621924665,0.21806815497546841,0.08343076123178324,0.28692137538382695,0.12501573111652026
192,0.08267402815651942,0.08855180920816362,0.043395848425394415,0.04099356159969987,0.23425282432946726,0.08579028438267035,0.2621067491886446,0.16223489470844046
193,0.09866668948001235,0.09549807469032436,0.00045981693203411844,0.04909070429976482,0.23707204829097986,0.09333235620268433,0.2106549026424423,0.21522540746075788
194,0.09594207679789973,0.0629553375568544,0.0437375807235459,0.0543038483843064,0.23259595184074355,0.11226253245525589,0.19803789195502575,0.2001647802853683
195,0.09265328153726149,0.03679940180087678,0.0,0.07995397573132032,0.2324043595738698,0.15687788739585654,0.13642222537820817,0.2648888685816069
196,0.06442868472525734,0.09372103156811071,2.5049093590889558e-17,0.0,0.22517712774516482,0.22955941551165226,0.1296322955240943,0.2574814449247205
197,4.1406315449867554e-18,0.10029171883320671,0.0,0.070369367904002,0.27900808799417065,0.15841468033335415,0.19671457676056223,0.195201568173704
198,6.234507291701916e-18,0.07642063636886269,5.093764414052866e-18,0.1808727657432066,0.31405395188385,0.08136959604008921,0.18741653342340261,0.15986651653958894
199,0.0,0.056981236631293404,3.385776420141814e-17,0.1811257133954578,0.29737015153152685,0.05991222228658262,0.21927351835388195,0.18533715780025709
200,0.0,0.035725145685241,2.6181656923775048e-18,0.17140004103607565,0.31699563896064425,0.06329891251610324,0.21662387793651994,0.1959563838644159
201,0.009259735313030284,0.0,0.0,0.21602461712321896,0.26545238358041234,0.10772314421132126,0.2473954239706465,0.1541446958003707
202,0.016900285200249422,0.05188173330280379,0.0,0.23391103678984004,0.23274671854027199,0.0612378280867281,0.26178587397344966,0.141536524105657
203,0.004793177649968619,0.07287031642748874,0.0,0.2426726588056137,0.2518377192341197,0.06796198500886652,0.24962056054387435,0.11024358232906825
204,0.023951767152227795,0.13819392984253698,0.0585022933946508,0.05744695401488169,0.21882622376996033,0.12504310525801374,0.2533043612713464,0.12473136529538205
205,0.017051262954134443,0.12607438009195068,0.11213761611050542,0.009826488054853413,0.25598120488159476,0.16658315966652137,0.22332579664992094,0.08902009158951894
206,0.02958263745830216,0.1152646109236348,0.09307482680752369,0.0,0.2904169439880789,0.15823500405296528,0.23453270239655874,0.0788932743719364
207,0.014998916470067129,0.1287324296449711,0.093221258029497,0.0,0.3041090796742265,0.158175541811523,0.22086103805623286,0.07990173631248218
208,0.07518567209951185,0.10027620489879219,0.0743018721080698,2.5844034011886925e-18,0.2586654014152049,0.16656721289511342,0.23705389939715546,0.08794973718515242
209,0.013215408428073405,0.09036500479401856,0.05025782405422783,0.0,0.34507397399081496,0.16712206907460897,0.2479231691607123,0.08604255049654405
210,0.028478726320878917,0.04401499868975461,0.03336183576659625,0.0,0.34618183412553416,0.08799633103990052,0.29391246281672856,0.16605381123960702
211,0.11110167981362391,0.011420928111370552,0.047645874821202853,0.03410274944754866,0.2961450041968023,0.07563314720958038,0.26345323916183844,0.1604973772370329
212,0.1358171729831218,0.024652642456726107,0.019416930416919713,0.009856885601231033,0.31492372361545057,0.08537046529001259,0.26569740625637805,0.14426477337916002
213,0.15739546613920666,0.049427905232180394,0.04260839122405744,3.723662715244587e-18,0.2631689883196735,0.07132077893011911,0.2504724478976627,0.16560602225610013
214,0.20438405079330227,0.02487954078603478,0.039459234216977626,1.0316027499489608e-17,0.25307289318651066,0.06681895421470486,0.25815551737480774,0.15322980942666206
215,0.16098572959157467,0.05818691115009592,0.04730651710766827,0.012377147099115434,0.227783074862734,0.12125077291577188,0.2592299658581198,0.11287988141391993
216,0.11253503283830647,0.06618407705576573,0.03680485760560175,0.0,0.2240216002248225,0.11792190116891034,0.2558733847919297,0.1866591463136634
217,0.09182188400774914,0.12465889046629115,0.12758585533543754,0.002580352702550299,0.18638754745506514,0.14286875629846277,0.26203703401817635,0.062059679715267525
218,0.4284085224629698,0.05712972579382364,0.00215245547426723,4.8322170849625426e-18,0.16281193504645855,0.10313642834385002,0.24636093287763056,3.868946417628169e-17
219,0.4859522636754884,0.054759199610692665,0.046988269089516255,0.0,0.1746215258768578,0.06855606289834215,0.16912267884810275,1.912923326209438e-17
220,0.08449365423548906,0.10686186194200209,0.11221644228357297,0.0005703254206076728,0.19242825307295924,0.15071386573817827,0.2673231589891232,0.08539243831706746
221,0.35395712906702115,9.396743463541229e-18,3.290678121021679e-17,1.7081549903683756e-17,0.28156174543781065,0.12988058249826903,0.23460054299589891,0.0
222,0.36587899330914087,0.022971946672354214,0.0,0.0,0.24928801887974716,0.18087158261976105,0.18098945851799655,4.729323757694931e-17
223,0.3879641966567772,0.0,7.720493555978413e-17,2.598072395374995e-17,0.16596392456185877,0.22156795285221592,0.22450392592814794,0.0
224,0.1308484655416543,0.0827921739864407,0.07631436861241515,0.0,0.19477710254680736,0.1718423860516683,0.2652608380100716,0.07816466524994252
225,0.2711687606177621,0.0,0.0,0.0,0.30976572089104937,0.12715399881775225,0.2919115196724359,4.336944215209239e-16
226,0.1340465100233846,0.06265016900528461,0.05243840083865627,1.4357081569761138e-18,0.22466702291975574,0.19484266909544842,0.25286850978800574,0.07848671832846439
227,0.13907061510843916,0.06771428218590593,0.06163013273069072,0.0,0.24605035645630188,0.20468573174841928,0.21792270919980963,0.06292617256943335
228,0.09479706692214017,0.05696905491522577,0.07104251587675363,0.002534417383606527,0.29074936432858584,0.18992518959130344,0.25554276245659696,0.03843962852478757
229,0.09168923641120014,0.09397606225347375,0.07009723597042694,0.043253971180172386,0.2544048137585256,0.13980943238494448,0.25857167822470595,0.04819756981555063
230,0.306321085381585,1.3722886657571603e-17,0.0,0.04305911537573982,0.36750194978830236,0.11344377838393015,0.16967407106944257,0.0
231,0.12865325603809175,0.06895501687355454,0.042197986415370946,0.062428422761874915,0.2775183182539628,0.12241731793915317,0.25825247233614634,0.03957720938084547
232,0.24562005427595446,7.751833775026792e-18,1.4783636605328946e-17,0.0,0.392323365802869,0.14616491641227042,0.2158916635079062,3.510612753186663e-17
233,0.24561505665483951,1.2067281352825923e-17,2.2024921271398715e-16,0.033048720478103595,0.3942010438336533,0.1296022164605251,0.19753296257187825,0.0
234,0.31609768574332164,0.0,1.8259356895044683e-17,2.1227863268033216e-17,0.4095614978907998,0.13480924849244164,0.1395315678724368,6.92037035213504e-17
235,0.1773080008957721,0.09870317863780909,0.0071842848888793815,0.022090123156509038,0.3029467426865564,0.17714339625876882,0.21462427347470514,6.4287683114168965e-18
236,0.27636671349018394,0.06029429053370518,0.015766729192017374,0.04616745488660089,0.34073843714496427,0.1564231625634911,0.10424321218803702,9.556195270666916e-17
237,6.196610765271854e-18,0.0739200795759036,0.0,0.08849831542563463,0.44411281652321316,0.1948287274437791,0.19864006103046952,0.0
238,0.03492242458212309,0.08381268210945696,6.744415139210897e-17,0.0,0.5344927772565669,0.23313266316597633,0.11363945288487674,0.0
239,1.216068454470812e-17,0.1540167834240976,0.01572316403006703,0.07189592718734783,0.3205204732225892,0.23896476615775641,0.19887888597714176,5.61788983284621e-17
240,1.4408530382253e-17,0.09334938739867427,0.018449607718310217,0.04893290162193318,0.33255112435181966,0.3043203838281274,0.20239659508013502,0.0
241,0.0,0.08533364946415326,0.0,0.038670798025553045,0.4061095039527734,0.2760951842954924,0.1937908642610278,0.0
242,0.0,0.10384590222497705,0.0,0.1074094684088242,0.44036812222023786,0.1925237218665433,0.1558527852784175,1.5038308845669448e-17
243,3.0353164882876194e-17,0.09749620696709413,2.369320348915471e-17,0.10469997450278211,0.35756537705824243,0.18732618187508415,0.2529122595957971,0.0
244,0.0,0.12300794281553719,0.04236812730891865,0.09323332813942058,0.19662638301426616,0.28343406644104907,0.26133015227980827,0.0
245,4.2613845084667685e-17,0.06385343220429623,5.559799183215606e-18,0.026014790749512327,0.38460613531042037,0.10662215158576904,0.3349652260905251,0.08393826405847679
246,0.0,0.03558132629302124,1.0223337233201035e-18,0.06633504295028018,0.29638831989968084,0.25705608573216404,0.34463922512385364,0.0
247,0.04277265079790775,0.05612602269466363,0.021942446869749877,0.13739805082409876,0.29631538639847405,0.15135240403294462,0.2923377956954977,0.0017552426856635589
248,0.10451837492127775,0.09109705906991165,0.05862667296262069,0.10250799829130655,0.2622008844804207,0.05837193786861627,0.32267707240484633,1.1978104665347895e-18
249,0.06607457659386333,0.07034413001576001,0.09018712943312451,0.07109901322490929,0.23731836522466032,0.16590293898262476,0.2938743312747817,0.005199515249276024
250,0.0331441262655107,0.08378026048703868,0.05056878845640977,0.008516213470103645,0.39542300838451505,0.007520625240431265,0.33744780515229406,0.08359917254269682
251,0.04794251989190874,0.17152984569090154,0.19290190356156175,0.0014601344725968328,0.05623463106446656,0.054571620316081454,0.27961247332062517,0.1957468716808577
252,1.9364789886917238e-17,0.2977650248312282,0.0468615667772461,0.034491596862420384,6.962124665800348e-18,0.05340073224383305,0.23028052665980397,0.33720055262446824
253,0.0,0.2963013619098022,0.03759021806412287,0.0,0.0,0.10765692679749392,0.22518769032413102,0.3332638029034499
254,0.0,0.3061422478870224,0.0,0.10613207205936892,1.1316017756324714e-16,0.03156239657126596,0.24443620866135307,0.3117270748199895
255,6.255208250183973e-19,0.19142629951642176,0.11464946428583231,0.021512787264223163,0.06026302647016324,0.06499403708537489,0.32342102755519,0.22373335782179457
256,1.0765540015518833e-16,0.31958404783769173,1.8195274856936915e-18,8.274558131253412e-17,9.303518499703162e-17,0.07926879668903343,0.24676752473029695,0.3543796307419774
257,0.062303201108873406,0.2934186489486692,0.09915580251226194,0.078827210771136,0.0,0.040134086855059516,0.29110779751580707,0.1350532522871928
258,0.07619835235728789,0.298259114677354,0.09080046606620874,0.09003258737864797,0.0,0.05788212313841178,0.2558316584325032,0.13099569794858626
259,0.08553148278140205,0.3621087739405681,0.04411867059895788,8.917986385157985e-18,0.0,0.00789908047751933,0.3366379010317901,0.1637040911687626
260,0.07114945445991107,0.1761951605256704,0.05996006602764973,0.08811923635159954,3.247715220374324e-18,0.07188034293096521,0.3506542506200403,0.18204148908316384
261,0.07821115370892165,0.12420092467902832,0.05500899469657044,0.09150767773042306,1.819005654004043e-17,0.11323390144864821,0.3459813056566317,0.19185604207877666
262,0.044648851702917436,0.1465944353931425,0.008687829939315666,0.10685167197261183,6.635523759885544e-17,0.14134886032864993,0.31141278169018916,0.24045556897217346
263,0.07905302212123792,0.1359991421107183,0.04644385953535728,0.10013711743661001,5.5280228873957335e-17,0.12833385666867866,0.3157267794842649,0.19430622264213268
264,0.08789491849270455,0.1534121095560094,0.05168308274033309,0.09056620147587655,0.0,0.1179676458398222,0.2979376759075216,0.20053836598673244
265,0.08695663988706491,0.2054446183143512,0.07257769513860303,0.17385001310116951,0.0,0.09571070430119659,0.2599675880442944,0.10549274121232033
266,0.07294369109725346,0.16812803351990557,0.05406062470701715,0.12462879235706849,2.5667047138558177e-18,0.14954346052842207,0.3133261342705508,0.11736926351878244
267,0.04555306031024256,0.18292357494567696,0.06721876249336119,0.17392745188879322,0.012377733822205198,0.1445045868500971,0.23348367582289814,0.14001115386572552
268,0.06416529167225868,0.11281484812676612,0.05372249905073492,0.15950618236045355,1.5815958009794088e-18,0.20680046028238178,0.2735348892288342,0.12945582927757077
269,0.02271383709456232,0.13946336412766452,0.013019302807514165,0.09408769482892869,0.0,0.2798520358282776,0.24806952341362434,0.20279424189842826
270,0.09899673081906576,0.08436498536600162,0.1008125622467289,0.12005441098954166,0.08747035196367703,0.17643963012012137,0.22737416406036684,0.10448716443349676
271,0.11186948100905761,0.018549485687483606,0.07036058166924955,0.13377962562922682,0.03140614422039796,0.3161480404974662,0.2550203873616018,0.06286625392451636
272,0.1309006395896988,0.012082258038424283,0.07083398222641714,0.13509056617736337,0.03701980857349463,0.2817713242015077,0.2576619841161349,0.07463943707595917
273,0.11630808839602719,0.0,0.06962332829871055,0.08268619015189348,0.12842457599798868,0.26108916953433875,0.23480969751543848,0.10705895010460287
274,0.08393915111614822,0.02392193935768764,0.05799783767239414,0.18422665585888162,0.04623076582682551,0.3076292227353914,0.24039772115326535,0.055656706278406104
275,0.09389846084316515,9.392377775179119e-18,0.023314808228707906,0.2779379380178006,0.10532682428542758,0.17475892402511609,0.2368123933010987,0.0879506512976838
276,0.11655343592961885,4.817499887504015e-21,0.03638119742499418,0.2319507479707256,0.07619334540102021,0.12761164583852863,0.31463355239199803,0.09667607504211446
277,0.11310295944602816,0.10534427849037568,0.1314228164807783,0.14707884372277116,0.12001779342941789,0.124675087634945,0.1340543878494842,0.12430383294519948
278,0.0761048706552834,0.08402492321268452,0.14548899464111698,0.18776638265188997,0.11656323021139221,0.10318435155700578,0.14214013881646065,0.14472710825316662
279,0.24097584225110055,0.008858900651520247,0.12296911887340224,0.13845889883678464,0.08470958267991932,0.03546588460197859,0.2405805252778891,0.12798124682640535
280,0.07268692568098944,0.061307961587350635,0.09284182588548416,0.1561556277099787,0.11037969907739723,0.03159163854241862,0.2870650793921578,0.18797124212322333
281,0.1189169915028347,0.10092353920708709,0.13768325279243704,0.1240366658821918,0.11421743550845315,0.09294723578196687,0.17684946802804583,0.1344254112959834
282,0.11140509427163066,0.105803332414565,0.1398888296378013,0.1333183070811051,0.12339410556297453,0.10119452631731732,0.16036875357205813,0.12462705114154793
283,0.24590149541569475,0.06883895059928213,0.1488018841085382,0.10544840251400261,0.10215730683671934,0.08351704767237747,0.1288442835313853,0.11649062932100014
284,0.1121771245279613,0.09759310013279478,0.1312100889009323,0.1253536565614597,0.14245049052760422,0.10369638005582911,0.1704466261867492,0.1170725331056695
285,0.2166824959989467,0.08997201873796151,0.13373565993423622,0.09926355328974718,0.11698319938869935,0.12215377536213244,0.0863057296153838,0.13490356767189274
286,0.11004462456718322,0.12448157277428717,0.13071183150244214,0.13421239644512414,0.12349368446978845,0.12078084691251803,0.13248319471979303,0.12379184860786369
287,0.1160583426354654,0.12243896005117225,0.12551296632531977,0.140414883712996,0.11941984912990579,0.12052326021869243,0.13313409745297192,0.12249764047247637
288,0.24932522582999495,0.041737511520713436,0.26315536722811733,0.020420099027354192,0.24341303536747902,0.016031660002559053,0.03217782367809275,0.1337392773446892
289,0.2023164119872577,0.046924560363546204,0.23428114442771455,0.013549726288212416,0.2830938231201982,0.04933658825046697,0.04734363489965586,0.12315411066194805
290,0.11435610405002092,0.11278101702924401,0.15347698469292312,0.1262847719395899,0.13311706070427579,0.11890137534634357,0.12090843066858913,0.1201742555680137
291,0.12439230895910794,0.1148702534409666,0.1286560513586831,0.14427013307215733,0.125427771572774,0.12307822873308297,0.12222570562005378,0.11707954724217423
292,0.1165373906762842,0.12296873190098517,0.14103455472114282,0.10382452886764285,0.18085979545785072,0.12900889174317304,0.10015825512489508,0.10560785150702623
293,0.11572310861774085,0.11378337224950164,0.20399210154979458,1.084816271371179e-17,0.4588440260572633,0.056254783009853156,0.0,0.05140260851484636
294,0.1200982319808148,0.11775794016720899,0.12289004359673307,0.14767684510747392,0.12983835960565054,0.11041577524911471,0.12580456884322716,0.1255182354487768
295,0.07416343618733691,0.10304464150650212,0.01165225275998046,0.17089899780956805,0.38132660888409753,0.0,0.15475582664791865,0.1041582362035961
296,2.7260130173243375e-18,0.10768915751229897,0.0,0.0,0.5914891961613886,0.0,0.16667070124145247,0.13415094508385986
297,8.960712910363542e-19,0.02411074371464752,0.0,0.028488882108475035,0.6417161072058952,0.0,0.1913402309602865,0.11434403600969568
298,0.04065546601267745,0.09944112271362257,0.07034957463754878,0.1589170735356043,0.3750814459408548,0.007363022037771459,0.10149305325486223,0.14669924186605834
299,0.08421922848197767,0.1551366620748283,0.11675428684532671,0.10757008918901724,0.12464981265261837,0.10278788151194886,0.15033962568815776,0.15854241355512508
