oos_period,model_1,model_2,model_3,model_4,model_5,model_6,model_7,model_8
150,0.04140416255606374,0.14623180253072834,0.29198932286674195,0.010229912282773892,0.08093128399390935,0.24742123210664516,0.08592356763824953,0.0958687160248881
151,0.060004778740003255,0.19298417039288635,0.14377634356512883,0.01315563993776402,0.09868209584433243,0.2848427805614592,0.08211803372528327,0.12443615723314264
152,0.03347678584152645,0.19955622207276386,0.12686013022585793,0.012691042978033768,0.08090054827176654,0.28138053161164794,0.10956985368937014,0.1555648853090333
153,0.0374010444876478,0.1065741060231513,0.1209352856434387,0.02245262696238253,0.1170825272327351,0.25523411540441054,0.14457369470247072,0.19574659954376333
154,0.05485028980656487,0.08601879965710389,0.06237456811741865,0.0321347185296205,0.10082602104072884,0.2680702544380908,0.15983045278365762,0.23589489562681484
155,0.056994084773477706,0.10002664135947133,0.008604117010856761,0.06927959448608163,0.10549014767475509,0.2464974966692092,0.21995414756689138,0.19315377045925686
156,0.07635306719280793,0.13362209685375054,0.029010378245315018,0.07472016430230509,0.12815756927361235,0.2726689634614052,0.13884880385034,0.14661895682046394
157,0.07994805834269497,0.12005395012522636,0.028745297247232876,0.0865696345536157,0.13002805451946464,0.26117918135651036,0.12772808462395346,0.16574773923130165
158,0.08621693279625264,0.12210674600093732,0.02447315562105001,0.12338623661521121,0.1341811636027137,0.27164793410067656,0.12971964115771187,0.10826819010544671
159,0.10045862211293279,0.13102754977272982,0.028953920879355593,0.10759507789047494,0.11686515524068884,0.22422051452355982,0.14374879188344297,0.14713036769681537
160,0.09916853547831843,0.12827074673549776,0.032999703553951897,0.19421712424761203,0.12144763461697662,0.13077120901923178,0.14568952899060178,0.14743551735780971
161,0.06928007236929738,0.12982946172341162,0.01997955095276367,0.25656095442052146,0.131107777039529,0.14069121527672968,0.12970570138101994,0.1228452668367274
162,0.07480488259020163,0.1258157127248367,0.025007812852424587,0.27077220171420086,0.12726758908942948,0.1370293736876212,0.12224899702511231,0.11705343031617328
163,0.09185773929980129,0.14440650744190867,0.02090322233214603,0.3015849931367218,0.1268290685872642,0.14367700001383524,0.12863331174323614,0.04210815744508666
164,0.11246299715374623,0.07357239585703135,0.015891727396313112,0.2791041672656514,0.14002352699391135,0.15890608200442471,0.14775524104949442,0.07228386227942739
165,0.14429654309010725,0.08781594081237999,0.02400882949602784,0.3138267020413108,0.07099031235952719,0.1049608642265032,0.17498266384947458,0.07911814412466908
166,0.1818584505565472,0.12336254890115668,0.022005262365498372,0.1958976396055654,0.09164343361367817,0.10213394479588128,0.21300639777897523,0.07009232238269764
167,0.17217964582778267,0.1031064600624255,0.020957497664381406,0.23726781262899982,0.10005847859480099,0.09511342265488501,0.20465418954107362,0.06666249302565092
168,0.15018683084458223,0.10172351258776748,0.02650209182423483,0.3016966366569528,0.10030218578078681,0.1067100357563688,0.13241652469879686,0.08046218185051016
169,0.18422372240060614,0.12446579771887589,0.03937022026892217,0.16004071567460135,0.12034068674990664,0.12925750577884168,0.15760526078613915,0.08469609062210708
170,0.17825103282306326,0.13677793696411414,0.04531811509014908,0.1606275962311236,0.13029627855406817,0.1095788798406165,0.14564902164914664,0.09350113884771857
171,0.0644056431794789,0.20212919079189015,0.07576309475780858,0.06630409266627253,0.12995855245177468,0.14212803495689316,0.160370631313923,0.15894075988195905
172,0.07740662357921498,0.20537943284500693,0.08116599799835035,0.06050783845432118,0.13294563460925693,0.15804071402785086,0.17670046501837758,0.10785329346762138
173,0.06464932725355704,0.20007197848757394,0.09614930772741567,0.0642336741195714,0.13558967873445554,0.16527050979273794,0.1842023601179364,0.08983316376675216
174,0.07943669934190302,0.16709353234537277,0.10916396774440666,0.05620204058006593,0.1456685140673696,0.1371527999044035,0.20922470716989058,0.0960577388465879
175,0.0813222654810422,0.1361898599919918,0.11015411967692267,0.03344481745751896,0.1461109674233016,0.007330877298369652,0.36846318508162773,0.11698390758922543
176,0.10069050730749295,0.18907901888255682,0.13089857632849164,0.03763785376012165,0.1789143015974473,0.01832886213056429,0.22853194501435398,0.11591893497897132
177,0.10988699896720386,0.19771637342665943,0.14605728556260725,0.02623521572692493,0.1882315782283146,0.025970237644243235,0.18858119697734793,0.11732111346669877
178,0.12652300848691744,0.21206718659034562,0.13584374766117094,0.028467048288818436,0.17839454414928846,0.02578021770600415,0.20111073162263807,0.09181351549481674
179,0.09717818998390428,0.2139341455965673,0.14628187543558563,0.0345318277237764,0.17840244328151889,0.028705567888097125,0.2072030732023654,0.09376287688818488
180,0.11045912203279787,0.1913500997014633,0.16139088831199658,0.03033445845543303,0.1617172254136123,0.032920150716639,0.2100892186547596,0.10173883671329842
181,0.11731096724069022,0.1661239874679856,0.16963112643173853,0.030479959370381997,0.16642899157506924,0.03002063140907167,0.20761340910710155,0.11239092739796126
182,0.12953165365341282,0.14609619222458453,0.18607945521347305,0.036147887555284045,0.17388274067192383,0.03660502791720958,0.17335316940919215,0.11830387335492003
183,0.08216026718829722,0.04196167082141419,0.27315642309530663,0.043506750461314615,0.1862558159659215,0.053036933790093194,0.19199895691449614,0.12792318176315656
184,0.07669205265073857,0.06535517277010078,0.24008350517614835,0.04133801151928858,0.1858601738707779,0.022071435156491348,0.2234125361912857,0.14518711266516876
185,0.0877025625128021,0.05794010073422269,0.20340920516436817,0.05278213920518088,0.17842856540770966,0.042990073142347214,0.22882874102294026,0.147918612810429
186,0.10816079275703477,0.07047401124179595,0.13291211004867098,0.06406832324788207,0.20600054828502012,0.05476935753183467,0.2649530141613893,0.09866184272637211
187,0.1163283019767659,0.06617433575803361,0.14627041951434938,0.07044977968792934,0.22191870876675893,0.06279084901069466,0.21323000994410646,0.10283759534136178
188,0.12192562538683166,0.06601270167088316,0.14545099981706777,0.07047137246276063,0.21666872217748384,0.05821949251635854,0.20762038322428672,0.11363070274432757
189,0.12979174865413415,0.0763849305696728,0.10700203670380544,0.06872706990797366,0.22573943561801002,0.049399099913726895,0.22553660534517211,0.11741907328750487
190,0.13339504907593366,0.08027265140399181,0.11081883919497604,0.07238496063757621,0.22056820090496188,0.0551867037082067,0.22027964469819883,0.10709395037615498
191,0.07563754515079722,0.09712799054264067,0.1105873379882613,0.08668736747523711,0.1958184991122319,0.07183880085443049,0.2435878192258757,0.11871463965052552
192,0.08528002447508301,0.10662966198710694,0.08409401443691988,0.0883440675848905,0.1954675264973501,0.07853417735636653,0.22714167054071863,0.13450885712156435
193,0.09348584265289361,0.12308141773969772,0.04057704787514094,0.1079158566814911,0.2126448454697158,0.09662450164746089,0.19269672072275704,0.13297376721084303
194,0.08373458458057793,0.08398761717069966,0.054907421368946996,0.11581320761557169,0.21575894617779542,0.10935918717971871,0.1916423169394562,0.14479671896723345
195,0.09159621390114696,0.06675459916772081,0.04371891762827553,0.12864943072879897,0.23492451264325317,0.09299183236392004,0.17894536748328332,0.16241912608360126
196,0.0887450941654722,0.08177542670633338,0.022060898401377513,0.09010256035054803,0.24448242705835,0.10770253588788092,0.19139821571448878,0.1737328417155492
197,0.09928590683123333,0.09397515586896833,0.021606653117606622,0.10228338933914305,0.2496308796700294,0.11226894414746776,0.1984691524925131,0.12247991853303838
198,0.10320989957105153,0.06264486181268511,0.013958505337793815,0.126976800791583,0.25007798903835304,0.09347715951223107,0.21792550191424073,0.13172928202206172
199,0.0942886534572078,0.06664355701771327,0.016631444180819074,0.1376593690996154,0.2300557240531509,0.10279508186171063,0.1993640280928202,0.1525621422369627
200,0.09813045028036894,0.05943744343971172,0.019487520332667728,0.15216732119867407,0.2082401227963432,0.10895615434773068,0.20203099429164298,0.15154999331286073
201,0.10459191694992598,0.05238458613292171,0.018472470030952204,0.15917255002545058,0.19933789379525835,0.10673551575708973,0.20268287981224276,0.15662218749615875
202,0.12862673948809344,0.06421177630239218,0.024904617593791742,0.1895612632130607,0.2414323637898067,0.04769529501126937,0.24129559825230376,0.06227234634928216
203,0.14517567375982712,0.06513514433842962,0.029300125130895156,0.22222820982003183,0.24848618687311552,0.04258571567137528,0.20018510503122713,0.04690383937509846
204,0.160851591947202,0.06396332174895054,0.03381731775086655,0.24382477963220953,0.24271970199647944,0.04707828816545063,0.15727651496655487,0.05046848379228654
205,0.21922192750876998,0.04294676879614753,0.0504073870165066,0.09743403334564615,0.27030171167861383,0.0699698670105225,0.1780511180991786,0.07166718654461486
206,0.21323173237693213,0.04342840732359619,0.049866400734778694,0.08847486726940483,0.27462283950798627,0.06223897716681159,0.1961187752550329,0.07201800036545747
207,0.23433691744566218,0.02529296376357621,0.04831873096303859,0.08276212760590598,0.2674731847964756,0.07270658879789337,0.18840579190810233,0.08070369471934578
208,0.1898902149428471,0.027836502392787624,0.04914010911211712,0.09207763723926861,0.2607300893177702,0.08928294417733106,0.1977299982087345,0.09331250460914385
209,0.19142544095718422,0.02830933699509663,0.04219636798358662,0.08853448885537425,0.2713612338987578,0.0808361714850026,0.19651641191481195,0.100820547910186
210,0.22436463202482307,0.02316171544836209,0.06535592671120448,0.07982996766331418,0.24495986533481892,0.09694582840225277,0.14254683710556418,0.12283522730966025
211,0.23618140228249032,0.02446098154658133,0.06975059494691647,0.08807769225275947,0.222033934869675,0.1049420646916182,0.1431031368848648,0.11145019252509442
212,0.2675128425134152,0.030988126149716622,0.058786295029798194,0.06893455779710815,0.22087154497995987,0.09209659448686953,0.14410918188976882,0.11670085715336359
213,0.27495590062338354,0.037039559596461935,0.0698119584506038,0.026840102552563184,0.22480960887776708,0.09784026187179222,0.1406585783843391,0.12804402964308914
214,0.29411627202462465,0.03548556015767417,0.08031457426680728,0.03583032256651772,0.1894874671469252,0.10582555916639509,0.15523851681532227,0.10370172785573359
215,0.2815962750368898,0.041465952308338716,0.04966167622704053,0.03928868241180471,0.19531650660462727,0.12633478885781374,0.1570023513875427,0.1093337671659426
216,0.3166428766234013,0.05079650264351411,0.05669831679560914,0.04875714352994516,0.18258660518524084,0.1176183042226967,0.16914802327525372,0.05775222772433899
217,0.32179745170594387,0.056821376064008416,0.04853637542966842,0.05479843871315883,0.16679236900823796,0.12189587201164696,0.17670034637424312,0.05265777069309244
218,0.32384349987890115,0.06294647434394293,0.050978780802608675,0.061108174048636145,0.16994399535363042,0.13453783571553296,0.145799005097329,0.050842234759418695
219,0.3186080395265783,0.07277400059432051,0.04876396645059426,0.056931812987878694,0.17564479997229757,0.14403331698375943,0.13221195642294994,0.05103210706162127
220,0.26916947987302425,0.03532745858934691,0.050141833581387324,0.05418173065312512,0.20878955419091091,0.16156401140081267,0.15614858080923125,0.0646773509021616
221,0.26283492424510446,0.01725955961209905,0.04947770562769301,0.05082248503897895,0.22577342734787564,0.17789977118829206,0.14270724906205637,0.0732248778779005
222,0.26419909109925716,0.02257613340463002,0.05625274288922976,0.05668476111552476,0.17996756678198308,0.1989329347613539,0.14998380249048596,0.07140296745753538
223,0.2595377780214368,0.025703965052172782,0.057290993488854025,0.06233313156908375,0.16881790174886005,0.2038059318525038,0.1464898631182489,0.07602043514883998
224,0.20630628929100286,0.025016585747996388,0.060000302112326466,0.07119509563073016,0.19455089270139872,0.20897426997235066,0.15019850818269223,0.08375805636150256
225,0.20998544232891542,0.027587811104994225,0.06534557789870644,0.06389080385126425,0.19114216015906044,0.222030408451064,0.14010102388341356,0.07991677232258164
226,0.21387051720000363,0.027486563759071853,0.0753456493584803,0.0565703912271362,0.19827952072308827,0.2370050016614673,0.11300177181517558,0.07844058425557691
227,0.17520697962020074,0.03270722368239552,0.08718741628956299,0.06433506729030539,0.20958116568982926,0.24131320350137872,0.1176887736000382,0.07198017032628923
228,0.16927601457783395,0.037228476904203354,0.09814181999268971,0.0665707873363682,0.21033599178562365,0.23961653603203067,0.10684770401030398,0.07198266936094655
229,0.1975620508964668,0.04989625000462629,0.05111382342033438,0.0857329250778839,0.22733678519406175,0.22097728634732847,0.119878517633989,0.047502361425309385
230,0.21056733124619523,0.050727258392313825,0.04399405981911659,0.08924705161257533,0.22976530071789977,0.2073220748887694,0.12482766965499327,0.043549253668136764
231,0.21119700673607106,0.06074301004270884,0.014734355257293164,0.07307769747623909,0.24399413839022013,0.2167887191573157,0.14073810629551678,0.03872696664463529
232,0.2132883619591646,0.06224798503691029,0.009388972860776171,0.051544082931953644,0.2516531710167248,0.2310889130984849,0.13922834983989657,0.04156016325608908
233,0.21413955342647736,0.07225531060035068,0.009873086721860188,0.06308922406256016,0.25421093836235814,0.2234692125485846,0.11641453679753369,0.04654813748027524
234,0.22848275652325856,0.07804205793461975,0.005666907399921378,0.060343604651902936,0.24482077969321017,0.22460779930193014,0.11530935949836565,0.042726734996791374
235,0.23844216412511218,0.0935851814144047,0.005093618221232351,0.060060367490650926,0.22903075956317817,0.21599589868666688,0.10732230987036086,0.050469700628393954
236,0.13353796459506956,0.10824821569920937,0.006863105957258915,0.07686227157976054,0.2343654832686313,0.2540423615980676,0.12074790706999322,0.06533269023200956
237,1.1015939362334925e-05,0.006108408828521405,0.0003331505722562277,0.007408286200313118,0.9402754079913558,0.03147982775668088,0.007791392482779974,0.006592510228730305
238,0.05776397320674516,0.10200691222112801,0.005985325742961657,0.0969683598238924,0.2760455404473012,0.26304019664112926,0.11743222115908486,0.08075747075775752
239,0.040860699304110945,0.12939799393288184,0.007400120336640388,0.08449563777856478,0.25332673776200176,0.30094424154286414,0.10335237465513282,0.08022219468780335
240,0.031094453156226394,0.06789056856061076,0.009530324064180437,0.08839070743209014,0.2634285983848567,0.33968848711237404,0.11553886662296396,0.08443799466669753
241,0.03448021170012509,0.0921093481219158,0.010419367202114619,0.10017314759064988,0.2698672204242066,0.2917819673726061,0.11567537025522863,0.08549336733315338
242,0.01712517637308791,0.10864156604063087,0.011407043129173497,0.12478196880558065,0.2751878819977854,0.23499970326480094,0.1299626874628707,0.09789397292606998
243,0.023189548388945137,0.11763837883166153,0.014762102324271198,0.13021672555048638,0.19354891310076158,0.2691445536745602,0.15925321617809426,0.09224656195121969
244,0.020713057469455592,0.13754146697261604,0.019372664678371797,0.14210174584490573,0.19429389816653175,0.19956046523829904,0.18092331249888788,0.10549338913093212
245,0.026138463879330682,0.07245852961645476,0.023106853652231835,0.13846370226779295,0.214426286948497,0.20353442127339083,0.1965583743956254,0.1253133679666766
246,0.02693997454664941,0.08546159526111953,0.02367717578140965,0.14685279554572275,0.20059791288157774,0.18875497224450768,0.18061811417905807,0.14709745955995523
247,0.03264486033270998,0.10904185619077592,0.023123627658056173,0.18178209349187252,0.1935434940970202,0.16808389177223662,0.18974204278062395,0.10203813367670464
248,0.026295123786191046,0.1059718194283701,0.027985761949647726,0.14483342627274967,0.20109671749867725,0.177360830950681,0.20465915002460686,0.1117971700890764
249,0.03432370611085519,0.12010521018376794,0.03563025245069529,0.12765256353171425,0.21850104850672314,0.10817706012480721,0.22522497774210767,0.13038518134932922
250,0.02975500979897889,0.15775935699273647,0.028924444532675016,0.10249513096383306,0.10437045015164571,0.1092520531921829,0.2873130276784914,0.18013052668945656
251,0.036784411326265636,0.18654319895124238,0.027564152242624484,0.11695689623676399,0.10196658561253613,0.14145595593540633,0.1871690890960128,0.20155971059914823
252,0.0326721134850202,0.19949987452205523,0.02664175120716361,0.1200809496253227,0.09061660402800896,0.14575471720825559,0.16710973264225057,0.21762425728192322
253,0.03505528627184855,0.20918048658871877,0.018831292134529967,0.12539807737091802,0.0916384741461658,0.14487445490572307,0.16266327168487255,0.21235865689722339
254,0.037376236656934875,0.2106804540313403,0.02433708060042719,0.07766588009855825,0.09990834438966072,0.13029847716626247,0.18965139524764005,0.23008213180917605
255,0.04352134229078489,0.23649378810332092,0.03117146250168719,0.07819850288955446,0.05399226705293473,0.12898896016761552,0.17778749185930298,0.24984618513479934
256,0.040339263777705414,0.2507760099486915,0.03029546232773714,0.08793603338288032,0.048913896016385676,0.12410671252753822,0.17998178746528878,0.237650834553773
257,0.03932153522046819,0.2726316550512161,0.033663783856356766,0.09419412421454387,0.05850370684083529,0.13933931477314704,0.19237940822038727,0.1699664718230454
258,0.048299625571528865,0.27800374974422054,0.026713731037425106,0.061055403832810835,0.04976280268179592,0.14974238708451362,0.2049903888062187,0.18143191124148653
259,0.03089149995150402,0.2286531009549052,0.022833968098553363,0.06373663027563366,0.053784979484563455,0.15715015356210554,0.22819774028548398,0.2147519273872507
260,0.03351113761439837,0.1409166017057185,0.026164509625505792,0.07667054602783178,0.05649912108161901,0.1780752185217598,0.24166408074340923,0.24649878467975753
261,0.038440177215505404,0.13421897016595002,0.030491300104696306,0.08262399260679744,0.05548223696497316,0.18692989533596457,0.22973008844274448,0.24208333916336872
262,0.036928634287636666,0.14392162447862758,0.03461710332453555,0.0737395618129442,0.053805846197049104,0.1869001960722931,0.2355153494183208,0.23457168440859305
263,0.04120640357343967,0.15120793016294398,0.04071433928786339,0.0683392419576206,0.05702737818678329,0.17391058545319144,0.2374681063441983,0.23012601503395935
264,0.048907985629237254,0.15675719625812648,0.04249334578998384,0.07284188023211753,0.05188474064739778,0.18337837676567717,0.2529613390722486,0.19077513560521142
265,0.05273675193925882,0.1679738682846019,0.04278865842936479,0.06618755265559702,0.057790549193097944,0.20604367384548097,0.2800363804552334,0.1264425651973651
266,0.048697361309136405,0.1864670170021812,0.03929636562725031,0.07429760874165371,0.06780972381482724,0.21723054282035253,0.22716590273197662,0.13903547795262197
267,0.056561775635908876,0.1353823152749603,0.04995278211860627,0.07038180761663118,0.07452040147335685,0.2290955555865175,0.24233387067501386,0.1417714916190051
268,0.061834317174573855,0.1363076365658814,0.04584402678113102,0.0695616751944316,0.07964291006307925,0.22575192569291683,0.23911086810935953,0.14194664041862656
269,0.06640865983538331,0.07346956704331753,0.0562866686864964,0.08170600516011865,0.08491457278242052,0.2198650460867364,0.25683956406541364,0.1605099163401137
270,0.07336105164504012,0.07895800287633419,0.07023017536804857,0.08583353965666055,0.08532500442580533,0.23786803793572586,0.24247169739914734,0.12595249069323794
271,0.07941228524260567,0.08239515813501938,0.07258910289293477,0.09102047574782864,0.0896160656125478,0.24124127912939838,0.23813065079044832,0.10559498244921699
272,0.08134583844333275,0.08456379889680757,0.08067525079920743,0.09424064512992641,0.09157826925139867,0.22888823075118842,0.2281039270383003,0.11060403968983851
273,0.077313479185091,0.0893391607853721,0.0751469312209463,0.09907924006010341,0.07319334217651849,0.23319790626013082,0.22768786710598823,0.1250420732058496
274,0.08075073791843389,0.09206011860215232,0.08624719753770725,0.10469456352228251,0.07274622096452625,0.23121822221294447,0.23362835779892696,0.09865458144302633
275,0.09674061839805324,0.10217327445469189,0.10228758540715366,0.08847130895136436,0.08491389434711466,0.15054066038381184,0.2579199161862422,0.11695274187156822
276,0.11014946631294249,0.11196736700344843,0.09357121669770042,0.08557221584815346,0.08648711275940822,0.15655235371925408,0.22139693272074476,0.134303334938348
277,0.10708412110335189,0.12909466186587762,0.10501541496187099,0.05472112075057073,0.09101904472492181,0.1456420656078902,0.2134544087033392,0.15396916228217772
278,0.11919788482195437,0.09990557968533052,0.10065460585834735,0.05851171745059955,0.11014922166148033,0.10338551287199164,0.24286818115419456,0.16532729649610164
279,0.11223992824245134,0.09853866806405594,0.10820815613322564,0.06689252763954495,0.11254025612831353,0.09920169699363268,0.2338772158821135,0.16850155091666255
280,0.11277063120854948,0.10512999426243205,0.11981309735200306,0.06006809286441162,0.11671825712646594,0.08806568787193916,0.2226869866418725,0.17474725267232621
281,0.12021265167595395,0.1097175991221537,0.13253624976182393,0.05499295648949823,0.12387151872703532,0.09231035465939873,0.22689674243154678,0.1394619271325894
282,0.13086839363288633,0.09598698696586337,0.15103961098315416,0.05055890439978415,0.13237872104375464,0.09394233337795649,0.19760903292716286,0.1476160166694381
283,0.1185968218879562,0.10184555505007276,0.1352390865263269,0.04558943037436429,0.15092391533422483,0.10771538167733873,0.18999326001537942,0.15009654913433695
284,0.11358044973406838,0.11508317474704964,0.14686806697607815,0.047868355664953934,0.14376301750223303,0.12259679094599552,0.14351942029942072,0.1667207241302007
285,0.09616702354522606,0.12516644262565502,0.15911504467023663,0.04823366456777304,0.16494910515104946,0.14785606719620986,0.10880207023580074,0.14971058200804935
286,0.09975499358319735,0.11754504946662572,0.1691839615768962,0.048346096474634205,0.17790017834646601,0.1354898025629226,0.11783036068683825,0.13394955730241964
287,0.10988998960240846,0.11592234988671837,0.18276232312360027,0.03154347524839757,0.18622261118669267,0.13519666077111356,0.10771551311477547,0.1307470770662937
288,0.10354946242834712,0.11981996537083014,0.18975409258938103,0.023724040122472135,0.19754377389886316,0.11358933556909785,0.11286859702507963,0.13915073299592898
289,0.09077165140819887,0.12677713860072695,0.20561306146427794,0.025413732633820726,0.18968877015191843,0.11630872153405662,0.10831645783080812,0.13711046637619234
290,0.09361568539277211,0.13378726916252262,0.21254016886134397,0.02826184347557368,0.19696177168804932,0.10759900078559448,0.11159943647375371,0.11563482416039018
291,0.10893493077452639,0.15020432114721624,0.15197827444100212,0.03084332316607888,0.22710533466364857,0.1264377916931769,0.09451360806824052,0.10998241604611045
292,0.11689900963333746,0.15305322663602358,0.1472875070285929,0.033477708139315984,0.2353695242628647,0.12884860132241907,0.08155258145997944,0.10351184151746685
293,0.12203974018455888,0.15449621995257581,0.14876497036312172,0.03655375924164087,0.24456782307284208,0.13155885417311422,0.07472833464200533,0.08729029837014098
294,0.09736739186927647,0.20555871713531035,0.07966841913182722,0.04728801348329968,0.282776593498731,0.056863472401979274,0.10867394311193306,0.12180344936764305
295,0.08052377142916624,0.197739101783408,0.074975391925957,0.05129938015119005,0.28613571639481594,0.06397228888218752,0.1117279628215682,0.133626386611707
296,0.08012357784090396,0.19690050082251645,0.07686047094270264,0.05252491901252719,0.28599990819919674,0.06512449012260237,0.11021218616224171,0.13225394689730904
297,0.08563730129415284,0.1992185263470784,0.06969323686467016,0.03927352962736169,0.29139108069325653,0.06669909205135968,0.1124458205727625,0.1356414125493583
298,0.07255091540984168,0.20746481155565563,0.07864766851367802,0.04141370726400618,0.2680147501324883,0.07660861923342058,0.10385229123674906,0.15144723665416054
299,0.08278722911882444,0.20338060374918046,0.09631573689825,0.042306704652723216,0.19025270290513646,0.08708115299620564,0.12324021945216357,0.17463565022751634
