oos_period,model_1,model_2,model_3,model_4,model_5,model_6,model_7,model_8
150,0.08171604719395842,0.20332251088987366,0.2963601505910017,0.027774851230025873,0.1611848769447958,0.1293771845833887,0.0,0.10026437856595571
151,0.04443526531857616,0.3574271729738136,0.12605658470106793,0.022542251091702246,0.09948595206950224,0.26979114907149576,0.04087865835431442,0.039382966418527635
152,0.050631236472557274,0.2734531159618008,0.1279642844211461,0.018607262455645847,0.07096053728505827,0.2534150905765843,0.12344232179571359,0.08152615103049372
153,0.04465575170537454,0.20072347982968963,0.14923008755616446,0.04275727962164975,0.11894938619922515,0.23553703879391302,0.12990474456429782,0.07824223172868564
154,0.02638945832204815,0.1808816105889119,0.07475727899425544,0.011328055789202766,0.17018939149476672,0.2657136692717245,0.10905164063140282,0.16168889490668756
155,0.01030660643383325,0.1375729820969795,0.04071555186435427,0.00405386735546037,0.15127414750910656,0.2546900489071491,0.1865832909904855,0.2148035048416315
156,0.005356098089215045,0.22732559908113023,0.05027577657424075,0.012227960334751637,0.21024544889743926,0.3614447248366141,0.057297457816847364,0.0758269343687615
157,0.008427674423292938,0.20714829228838855,0.05628301372071134,0.01260874436217959,0.19892170352551142,0.39669657091322674,0.043838769767493124,0.07607523099819623
158,0.0,0.23134703216767386,0.059194957172898376,0.06446160572728073,0.20750755615566743,0.34510423536048196,0.036102857164378166,0.05628175625061942
159,0.018147669256651087,0.20280708819566,0.08182776153501634,0.022056326985432074,0.19366199448231947,0.37134132842241446,0.08470133741734218,0.02545649370416428
160,0.07696246231445508,0.20778909168550241,0.13763680188010632,0.11485312969725904,0.2081671895192116,0.1605870473866692,0.08310076419916962,0.010903513316626642
161,0.0741194953506868,0.20761401373037858,0.13674396092150887,0.11454828989893158,0.21073061682568273,0.16820277870211486,0.08537116452933526,0.0026696800403613183
162,0.07049898980459653,0.21667682938359828,0.12489967118271639,0.10478793655579167,0.20894745948805307,0.16756642420694415,0.09392649881883038,0.01269619055846947
163,2.1840281944369147e-18,0.267541296256757,0.03578926578257042,0.20521494469892637,0.17198768241011306,0.24727070460994635,0.07219610624068683,0.0
164,0.08655460629662777,0.16153566815083556,0.14850715780310308,0.09584734117456456,0.18928330746312094,0.20389542834708962,0.10158129990938679,0.012795190854271695
165,0.03376628533176949,0.11160160116843734,0.16334687291103375,0.030311265192895308,0.28472541353907627,0.20655143416382932,0.1614862537366216,0.00821087395533684
166,0.06259596772188959,0.11515433965625232,0.1468888527187468,0.0,0.2913369369708144,0.17492746601266335,0.2090964369186335,9.997724388922351e-18
167,0.06120778023832804,0.10839151930812443,0.11638580680421756,0.013636615025851536,0.23992269126012988,0.1658367586162167,0.2946188287461317,3.4671176113451966e-18
168,0.056365411605871364,0.14731077815587204,0.10685411446546156,0.03611397309245101,0.2567759365288695,0.2255807502697923,0.17099903588068222,3.4910462921051075e-18
169,0.03249165444587698,0.1913802703530471,0.11431324300405817,0.03535298532674639,0.25938328932553506,0.20819018683191876,0.1588883707118176,1.6862308397448124e-18
170,0.029714757040456098,0.22907615854371047,0.12689976772638006,0.027273227691645117,0.25467407112567503,0.19390786662831766,0.1384541512428155,4.3728075901959524e-20
171,0.005092082957772241,0.2618180013333863,0.1375231211051207,0.0,0.257457369709454,0.1934740302642077,0.131191328138791,0.013444066490267968
172,0.03639664486684797,0.25667416974610396,0.09777517321670191,0.021850587194249208,0.19342782702035427,0.22458706240298223,0.13259953056460455,0.03668900498715587
173,0.05026483552747432,0.2991538014741524,0.1324956589095878,3.4229263143002088e-18,0.22239779057365958,0.15035000535406504,0.1344867423770092,0.010851165783051637
174,0.015882620981615525,0.24171649255401165,0.1452944731182454,1.2231618979482895e-17,0.1177454370557271,0.11584476958820723,0.321762820632623,0.041753386068570035
175,0.018831255019487226,0.26635790492083716,0.15380219206520826,0.0,0.11374534389935805,0.09221658874817075,0.32071414933262377,0.03433256601331471
176,0.029959841318238475,0.2148817955163909,0.13451810070984474,0.0,0.046336121269435315,0.10467324002109119,0.39722139266482437,0.07240950849917506
177,0.08258930199693583,0.1998476624337788,0.1816520749703744,0.0,0.15717494588582723,0.11189227609621848,0.18117811073329537,0.08566562788256965
178,0.08961402713786698,0.18634515492167278,0.16375368271972238,1.0817646687804217e-17,0.16149263045808193,0.11247834274349353,0.18624008493399452,0.10007607708416778
179,0.08927776820999687,0.18644646735482973,0.1676631906982051,1.508392129473532e-17,0.1589426861386463,0.11558290509310075,0.18250755845022504,0.09957942405399621
180,0.03820816416406923,0.09862212880119946,0.1541255447348449,1.4011301376111404e-17,0.09973727023257832,0.11496814701305537,0.3768315520863999,0.11750719296685277
181,0.06029284123105,0.13128696831225678,0.15237191724379076,2.9396278434431096e-18,0.08974680553867773,0.11119504512481712,0.3423256676497408,0.11278075489866679
182,0.06088423459897791,0.12119571642009622,0.15328308340802385,2.022595564033039e-18,0.0997142367547585,0.11469484183811259,0.3350142714959498,0.11521361548308104
183,0.09965407604321433,0.15280526005707595,0.1656422328945703,0.0,0.15513681843910127,0.11331281571229508,0.16240382473422552,0.15104497211851756
184,0.03960078841018993,0.17737834697880286,0.20755914324660218,8.750710612965226e-18,0.11513021638006801,0.1207475588639973,0.22266880390737126,0.1169151422119684
185,0.033903307752239834,0.15021444715146176,0.15263069752674507,0.0,0.23376172987825883,0.17274971622445853,0.18898702080913102,0.06775308065670499
186,0.06297130649918789,0.14620531439756212,0.13449735709334315,0.0,0.12008869035589068,0.1642058485254774,0.2463769264649113,0.12565455666262745
187,0.07194189608511402,0.1668686399814463,0.10861339679845347,0.0,0.1492811263921493,0.16309214105044897,0.20847279673897773,0.13173000295241014
188,0.09309008539780549,0.15912314569579872,0.07909153079021958,9.402065714513331e-19,0.21350823493579194,0.1492263027679264,0.16849063383806126,0.13747006657339655
189,0.0927612542074019,0.16040035972013095,0.068320615150737,1.4941661189550916e-17,0.21106778783575458,0.145652305144468,0.1737033271892411,0.1480943507512664
190,0.07509317433441384,0.1351141319891013,0.08324470959717797,8.125798821239191e-18,0.15850860166162478,0.13623296989145225,0.28217980415642235,0.1296266083688074
191,0.10501430926183121,0.08006567269253849,0.08968956011108087,0.02872965003909287,0.1856863929063891,0.09693228876490656,0.2795328255562289,0.134349300666932
192,0.09964149830930531,0.08726304270360973,0.05650134393207709,0.03338330125994999,0.19672314202135888,0.09386259231657301,0.27608615124718977,0.15653892820893622
193,0.1232872792022061,0.09959869707725189,0.034053179582695436,0.04352124674728512,0.20334675127316384,0.10059360426630325,0.18829881909551124,0.20730042275458307
194,0.10184967025468697,0.06001425541025383,0.04790984488541418,0.05199567384479395,0.22380851751715783,0.11559350711692334,0.19586499880392702,0.2029635321658428
195,0.0990083846047439,0.0401862022232655,0.0033801068088095943,0.07720547354223757,0.22161149518883033,0.16060216135843947,0.13280552782915725,0.2652006484435164
196,0.06692622663571342,0.09666610363574166,4.771754176719532e-18,2.125205664658914e-18,0.21978580701369166,0.23301655834982046,0.1281978342765483,0.25540747008748443
197,0.0,0.12173586530432935,0.02404601721160327,0.11672626298968551,0.3045142000009061,0.1467804639698702,0.14193392020171305,0.1442632703208924
198,1.9961544951466046e-18,0.07390363732910159,2.2523228778894474e-18,0.1781996917678711,0.320914424821815,0.0790439566602276,0.17321628691590102,0.1747220025040837
199,4.243284715687337e-18,0.07372108548100303,0.0,0.17576412933407395,0.3200143993478749,0.07753838878211013,0.1743492621736651,0.17861273488027288
200,0.013424924528575785,0.07218687599798289,0.006940175104047629,0.16708959357388134,0.24845764876704,0.1178752835630352,0.19761874646743202,0.17640675199700528
201,5.2472624851064535e-17,0.0277929444628843,0.0,0.15528394074982402,0.3700831893977533,0.08711594160255288,0.2326417419651192,0.12708224182086614
202,0.00871931743699209,0.031227292327468847,0.0,0.1693565859975982,0.27797480660143836,0.028864588278321782,0.2691044888162488,0.21475292054093187
203,0.029481886255148276,0.08573861848669787,8.427663705069737e-18,0.2098503645103584,0.20952694176189063,0.077213000345113,0.2643486572451363,0.12384053139465544
204,0.026025412139430094,0.1411059141108483,0.06376049604327949,0.050228025190962304,0.21228465332243313,0.12727320607898854,0.2525555815133038,0.12676671159975433
205,0.002902674682289632,0.1263614664352195,0.1095026625257001,0.005527051592991548,0.28619570083017104,0.1662291168209787,0.21696068544840325,0.08632064166324621
206,9.420620635794725e-19,0.13250725233414656,0.10416629418022666,2.147842970120808e-18,0.2964657320490911,0.1620984362125319,0.21843786269912324,0.08632442252388046
207,0.0006549739167151493,0.13046610819619145,0.10323734443224186,0.0,0.29922184921836553,0.16602103629296783,0.21424223597237324,0.08615645197014479
208,0.01867718755768997,0.1272510514035758,0.09719077648851941,0.003842420837660526,0.2676548227341602,0.1701635926913029,0.22239352448652233,0.09282662379956884
209,0.0034282312735919693,0.13320461298626535,0.09262246601254331,0.005214561318658709,0.298217092111231,0.16335995704002537,0.21389372929274456,0.09005934996393965
210,0.0018302494354056047,0.087103845738345,0.0607278630590364,0.006424593013403793,0.34146511206238916,0.10860665028709189,0.24596161847340325,0.14788006792992475
211,0.048926958097703206,0.037907777374306215,0.05239288340115159,0.04250181576514126,0.34378478784903155,0.07772150844845528,0.2484733433148782,0.14829092574833266
212,0.09557712845702504,0.07377926706812359,0.06553627887552037,0.028037031213776147,0.2598377031384377,0.08232116222036175,0.24456099285745622,0.15035043616829924
213,0.10543094355219806,0.07596389962302062,0.0670454176797305,0.0171638640079216,0.2538881358341963,0.08438557528810109,0.24255444743612306,0.15356771657770873
214,0.08863932137183513,0.07204824748728667,0.0635321000426067,0.03572449942982271,0.298647110537363,0.09066579799750246,0.24641169964401888,0.10433122348856444
215,0.1279509284700326,0.08082583046296597,0.0485097761843945,0.03843553386925157,0.2348369849210023,0.12662393596084678,0.229957124849036,0.11285988528147022
216,0.06625686511901929,0.13203534249337276,0.11269565405992263,0.005540614230268783,0.24764845431199595,0.1389827220507018,0.2435197214421908,0.05332062629152786
217,0.10665548025250794,0.12563256610459436,0.12487606688090566,0.0029414577694690572,0.178012989089278,0.14162093260895925,0.2561657809753057,0.06409472631797995
218,0.3111582338238782,0.092565046065709,0.10302203708445255,0.0,0.16390534113461305,0.10482289805343341,0.22452644383691372,2.9858334907157854e-17
219,0.36374971388772576,0.08476879183016585,0.10920316030739208,1.6729625318472296e-17,0.18189192860066267,0.07374808535710037,0.18663832001595312,3.057246639975377e-17
220,0.08449365423548906,0.10686186194200209,0.11221644228357297,0.0005703254206076728,0.19242825307295924,0.15071386573817827,0.2673231589891232,0.08539243831706746
221,0.48575159037465304,0.03943785138798013,0.0012977398451604076,0.0,0.22458389437469398,0.06587873563505457,0.1830501883814578,0.0
222,0.5062206232893594,0.03017534136358946,0.02374246032699322,0.0,0.1488791379848653,0.15348444946056716,0.13749798757362555,0.0
223,0.4803147867551724,0.014493775381601818,0.010833122056601835,0.0,0.1467144644303118,0.16387786585326392,0.18376598552204826,0.0
224,0.10831589341820648,0.10243309695142859,0.09772644922229005,0.002205625825387659,0.1916268342967218,0.1502959892540885,0.26049596342582243,0.0869001476050544
225,0.18887695122825762,0.019115576550453543,0.0,3.2224521445310376e-17,0.34985109849968005,0.10143183608202859,0.3407245376385801,4.582307953765025e-17
226,0.09453379217250438,0.10001062948438041,0.10326253645925305,0.016676492494662555,0.20117409181238902,0.15277212526548725,0.2401166655043234,0.09145366680599983
227,0.07597086897102447,0.09834469399086235,0.10895745361994233,0.024072751556783928,0.21975450668124932,0.14845885594624184,0.24151474075834722,0.08292612847454847
228,0.08373791986714446,0.08184905272008675,0.09781968756610732,0.025250970588912448,0.24289745260527354,0.14000477866029248,0.25525126512331514,0.07318887286786774
229,0.09168923641120014,0.09397606225347375,0.07009723597042694,0.043253971180172386,0.2544048137585256,0.13980943238494448,0.25857167822470595,0.04819756981555063
230,0.29741690664549997,1.4258846754946224e-17,0.0,0.048102197967020824,0.46316342734006805,0.0,0.19131746804641112,0.0
231,0.12865325603809175,0.06895501687355454,0.042197986415370946,0.062428422761874915,0.2775183182539628,0.12241731793915317,0.25825247233614634,0.03957720938084547
232,0.17212722391613924,1.5978429516989138e-17,4.354257568651101e-17,0.09984349079128471,0.48801862072158403,0.052662740410234006,0.18734792415975787,0.0
233,0.1993647115938352,9.923970358919466e-17,2.2300506764272502e-17,0.03660995941734007,0.48562365816578756,0.1128799688810548,0.16552170194098212,0.0
234,0.2934532790942133,0.0,0.011288383982030487,6.547458803150787e-18,0.5296370476027915,0.003482640487926523,0.16213864883203813,1.4942084706024543e-17
235,0.1731118911721655,0.09528359250386882,0.0611048750249964,0.05411359374861318,0.2525869182833935,0.14430204593350338,0.2126348099925685,0.0068622733398906585
236,0.21850157102949588,0.15445177527547585,0.015665503423595264,0.007591892376884721,0.30497535558064204,0.18639493119228936,0.1124189711206166,8.360928549951847e-17
237,0.0,0.060822918076153414,0.0005829750817832954,0.0400976384543267,0.3511620195381309,0.29477530091466847,0.25255914793393713,0.0
238,0.11351791717669214,0.06304394210080295,0.004328474849636363,5.189890850148542e-17,0.6637374933635526,0.024249469590159764,0.13112270291815606,7.99804507696969e-17
239,0.04097118354712766,0.1197450587266688,0.07073653471811608,0.1061044324828299,0.2511079468083514,0.2058882313785921,0.2054466123373141,0.0
240,0.02553768149437772,0.12494605793091507,0.0765136042025298,0.0788650967031471,0.2713368782810834,0.19974383409804228,0.22305684728890468,1.5283650742004497e-19
241,0.03006141719585128,0.11510677109913356,0.07240357249160212,0.09651099286817522,0.25486058697722025,0.20849428693135602,0.2225623724356615,8.617752910026035e-18
242,0.0,0.10502396155610463,0.03963627678043388,0.06699183178658565,0.4612039809788705,0.13253465130884604,0.19460929758815917,6.516054692365934e-17
243,3.7751485886086466e-18,0.05506617734790434,0.023565220235755267,0.160664000925675,0.3872124214699027,0.1768065228462581,0.19668565717350434,0.0
244,0.029336470442898912,0.12734294107879504,0.09717890745099962,0.08201434309012125,0.23637299575259862,0.17833287096999603,0.2494214712135904,2.3272290367716292e-17
245,0.0,0.15907385739033833,0.0,0.0,0.32360630111745725,0.16116978999726544,0.28557521921888057,0.07057483227505837
246,0.04756118243810325,0.07374784246846758,0.08052473569337129,0.04571034715604373,0.22523164481882363,0.2551300610312184,0.272094186392972,0.0
247,0.02951306845040826,0.03680005787158376,0.004350923704220293,0.1883592276499886,0.29598654941668046,0.15393073724140993,0.23321559437692452,0.057843841287783984
248,0.12613489946065706,0.017330318730844438,0.004807039519414103,5.287264360050779e-17,0.44738123183217376,6.1721588945906e-17,0.40434651045591036,0.0
249,0.08572309241017279,0.04984971600645495,0.04479079044086601,0.02893740064240936,0.23840121820579296,0.2188810848772997,0.333416697416004,1.1537157841853468e-17
250,0.06161575599818931,0.07671031977649148,0.07224190155438255,0.013411231190076773,0.14313877553052717,0.039602164696239825,0.4522590301583103,0.14102082109478256
251,0.04794251989190874,0.17152984569090154,0.19290190356156175,0.0014601344725968328,0.05623463106446656,0.054571620316081454,0.27961247332062517,0.1957468716808577
252,0.008433119583180586,0.23666122707859774,0.1253225002381579,1.6850549542793066e-18,0.010525866184625773,0.048045021121378886,0.14669038242905574,0.4243218833640033
253,0.0,0.3035232692894078,0.11386659751756417,0.0,0.0,0.02008448377647312,0.1335678054866804,0.42895784392887437
254,0.0020880191429270235,0.22171412752534203,0.051938563926462726,0.12770820550703657,0.0,0.07133418682497003,0.27968763188970724,0.2455292651825544
255,0.0,0.14400014468246355,0.1179207399400702,1.1497797206727325e-17,0.11066945660289,0.055008929625926455,0.26010176105031285,0.3122989680973369
256,0.0,0.3614906106088768,0.08506169670771584,1.00074499311065e-17,0.0,0.0024998952774713257,0.2316423589125923,0.3193054384923438
257,0.06910474270987271,0.38158204337297114,0.12188426326867559,0.04760069927571136,9.486769009238677e-19,0.01912619014654554,0.24542343509245676,0.11527862613276686
258,0.10952979231241826,0.24071711151468173,0.11370768287894777,0.08349384067217394,2.4671158077736907e-18,0.051088111032574345,0.3279411057963832,0.0735223557918207
259,0.08070966135274961,0.34286613168082325,0.07080655313665876,1.0528354836564407e-17,0.0,1.4546664522358444e-17,0.3169914474290409,0.18862620639972744
260,0.07915877195531157,0.10300119865424884,0.08741005760322072,0.08680228990891738,0.0,0.07370320728533564,0.2599667377243731,0.3099577368675927
261,0.07925954991074123,0.08947987245227,0.08510134027439911,0.08152163639902081,0.0,0.08640540256103506,0.25629201884373976,0.321940179557794
262,0.09120828597397397,0.08126739340336817,0.0473429700233105,0.08202302180681108,0.0,0.04686654348747967,0.46565980901722065,0.1856319762868359
263,0.10854603182162041,0.1082276882078013,0.07421949273983462,0.10680807944289604,0.006917203124622854,0.07942949156969661,0.3486562265919819,0.16719578650054626
264,0.13316782528384474,0.12166511483616205,0.07097309288539154,0.12441856388861412,5.410250897014021e-18,0.10071044681327926,0.29128316869301246,0.1577817875986958
265,0.08217324348051645,0.1984053598436002,0.07109385253576166,0.1555008180827895,0.004501807944055451,0.10285011954756379,0.2799051190851944,0.10556967947951842
266,0.055962229881019475,0.18537421898675893,0.05226815024223092,0.14077449519541713,1.7155974678064902e-17,0.20188683614804315,0.2516656002034411,0.11206846934208924
267,0.041303276768476206,0.15220628011886464,0.045768196982004315,0.13080420476819854,3.483736564838404e-18,0.15436604086649114,0.2767093523045227,0.19884264819044245
268,0.09096078045068146,0.10536353896593288,0.07537924381281376,0.16286569520242575,0.0,0.13806183765727598,0.3321048638640242,0.09526404004584604
269,4.351275963566114e-17,0.08647233222520878,0.0,0.057975194771185866,0.0,0.29563952511704095,0.2695984084329788,0.2903145394525856
270,0.08569702852058106,0.06308367589251704,0.09641889171785158,0.10999997975105692,0.06794594617985798,0.23296834831179491,0.249459443840156,0.09442668578518444
271,0.1122659656557498,0.011787875370634986,0.06457217611355334,0.12747892170039213,0.03107947035418415,0.33540940211960957,0.25976738566702684,0.057638803017849086
272,0.12661149379247424,0.006249696457772593,0.05586238405275587,0.12452144553389075,0.030121157970328098,0.31157319984603216,0.2848004837306309,0.060260138615115436
273,0.08545796784844009,3.192598961675126e-18,0.07149111252170721,0.10077685316119721,0.10509838899455182,0.2685252019856817,0.24008336671141206,0.12856710877600974
274,0.07566637659568991,0.003919448523797929,0.04683505530384355,0.1672725480408968,0.05819435419943521,0.38479479026751845,0.22021854488263276,0.04309888218518524
275,0.11595508238128377,0.0,0.041499460982243865,0.254954529863993,0.12671892493034018,0.14871173836259316,0.21829684726048076,0.09386341621806532
276,0.14003723348472208,0.0,0.002318285518741459,0.22466665335357058,0.06259529083627717,0.07960562445338787,0.4003036933088383,0.09047321904346234
277,0.11287837286701427,0.10624313633284241,0.13037054352881308,0.1486181327290614,0.11898972097952516,0.12375948748744406,0.13396096343950023,0.1251796426347993
278,0.02729320154633297,0.14475133793894523,0.034790416711948685,0.2246053792670883,0.042702705288870726,4.895975893657962e-18,0.31170594021857245,0.21415101902724165
279,0.18298777542183298,0.053136735975932436,0.14392492726835313,0.17665172319320044,0.10350721123427299,0.06875829005359022,0.1541620667854054,0.11687127006641246
280,0.08026807584820946,0.0752536558501992,0.09550713289711882,0.12483425923902007,0.08834750987573509,0.06887622456553567,0.27971177859202584,0.18720136313115585
281,0.12010730600531955,0.08987019703098696,0.14011111567945825,0.12469135783642837,0.102938450732993,0.09029336019697003,0.20549739889693533,0.1264908136199085
282,0.1187172945662272,0.10486127997818914,0.14217213774358411,0.14422279246173303,0.12539202018327522,0.10877345652157283,0.1315019556356445,0.12435906290877384
283,0.2238306252139122,0.08270996414834,0.14023744701972954,0.12049775842545438,0.10481712399081503,0.08853184652553044,0.1250221445346743,0.11435309014054405
284,0.1001758239550991,0.05415204295451015,0.10296932717696458,0.09214922141754606,0.1853213538223832,0.13604454378710423,0.2204185232615125,0.10876916362388009
285,0.18514461667870163,0.09284275039390232,0.14194596296722614,0.11615833724176677,0.12067075263836953,0.11432808805246468,0.0958356487703663,0.1330738432562026
286,0.11592441564506188,0.1224827539813725,0.1255924005759759,0.14063301312056423,0.11940630063659614,0.12040318453668235,0.13355040654386804,0.12200752495887895
287,0.1160583426354654,0.12243896005117225,0.12551296632531977,0.140414883712996,0.11941984912990579,0.12052326021869243,0.13313409745297192,0.12249764047247637
288,0.23483917610237953,0.08166435121630602,0.19458974698259024,0.08501102623643345,0.1486462128301582,0.0797455579640787,0.07505382874322665,0.10045009992382714
289,0.18212236128318987,0.058688067512935996,0.16007014499022534,0.08189321345229221,0.27498109843184343,0.05441986294137657,0.06320713034120712,0.12461812104592936
290,0.12317551553012514,0.11290937081393063,0.1287647036005543,0.14364080621002437,0.12464944155597538,0.12256267859274952,0.12524988353988412,0.11904760015575652
291,0.12439230895910794,0.1148702534409666,0.1286560513586831,0.14427013307215733,0.125427771572774,0.12307822873308297,0.12222570562005378,0.11707954724217423
292,0.11658827293201822,0.10932375522343113,0.13195342826424974,0.13263398943008894,0.17246643334999925,0.11623215237889009,0.11285384325556168,0.10794812516476086
293,0.07298098021971788,0.06619925874102037,0.09677054176704816,0.07768375526578557,0.4940830072487147,0.052391992044565766,0.06804761493307997,0.07184284977906764
294,0.1200982319808148,0.11775794016720899,0.12289004359673307,0.14767684510747392,0.12983835960565054,0.11041577524911471,0.12580456884322716,0.1255182354487768
295,0.07941680889043441,0.10855395914646085,0.07163102230332918,0.1556588488539296,0.30609147111401797,0.05739214415770573,0.11298860466977621,0.108267140863346
296,1.934924629023381e-18,9.618603119776678e-18,0.0,0.051772459447425485,0.6576521406306925,2.6111412066029745e-18,0.18733608476798397,0.10323931515289779
297,0.005429946128418643,0.0,0.0,0.11115229653205543,0.6163886533894809,0.001956694044078321,0.18028524727455197,0.0847871626304147
298,0.05372014359644073,0.07942955570350996,0.09670250692907766,0.15696598430409459,0.348914826472077,0.05609764178092375,0.0930300172296673,0.115139323983209
299,0.09338876257888024,0.17320802033992697,0.11268396757191998,0.12321172435693627,0.11140709593800921,0.09324306328534283,0.12284503176635854,0.1700123341616259
