oos_period,model_1,model_2,model_3,model_4,model_5,model_6,model_7,model_8
150,0.06498236886145288,0.22215663657204657,0.17881504699715417,7.781014619296882e-18,0.18558294350595814,0.1108164252227892,0.1601349701161313,0.07751160872346761
151,0.016788106909126632,0.24480057668573418,0.18311999642389493,0.02661200830243836,0.23215475530522098,0.09845487002679253,0.12327980944869386,0.07478987689709847
152,0.012577219103595869,0.24420260707195954,0.18274297165563802,0.008873982796621282,0.25906269066101995,0.09576580375254913,0.11123421965492503,0.08554050530269114
153,0.012744702465529103,0.24832270153676939,0.18412142055660613,0.010005808889166216,0.24380844853547295,0.09279899443878366,0.11330523779302028,0.09489268578365222
154,9.43815009302991e-18,0.250175601873035,0.1834545581191519,0.03461868441849109,0.19984477807803158,0.10033669127535953,0.1348844803157993,0.09668520591913153
155,5.206309775198008e-18,0.2471089421643994,0.1749824929288587,0.03441731556775855,0.22266017215931547,0.1046432856468323,0.14548725761819067,0.07070053391364495
156,0.0,0.24870285535217757,0.1517426050820516,0.05455623070896709,0.23278759086641448,0.12313558333649817,0.14879969322559028,0.040275441427300766
157,0.0,0.248224413986191,0.15187486399846964,0.060981050229636714,0.22170232598698228,0.11839563505393016,0.15262812768824133,0.046193583055548625
158,0.0,0.25218174629201523,0.1670214558775729,0.05088978708458101,0.22562333219637012,0.1164066967087101,0.13154883634729184,0.05632814549245882
159,6.106243369735928e-19,0.24397262944262926,0.17298978772168214,0.054760075519887715,0.21872519863958767,0.12075254860407296,0.1296499519655702,0.059149808105570044
160,0.00795619910936954,0.23414576861586384,0.17412215608506232,0.041215170127593063,0.22943952689860264,0.12570632238548365,0.1196723299470177,0.06774252683000724
161,0.0,0.2520933021038938,0.17690835900571975,0.061353600466731294,0.21602750775499452,0.11953413572658554,0.09469812484946295,0.07938497009161209
162,0.0,0.21239416706566133,0.1843448401419595,0.10870142431591047,0.19532109442793355,0.17379181161852417,0.020941118806404993,0.10450554362260595
163,0.0,0.18108438862196957,0.17356517990244727,0.13185918182520864,0.17690161188705697,0.20701214326026685,0.026410019104616923,0.10316747539743373
164,1.79065162565859e-18,0.1805588552422459,0.17354106542323,0.11447586217527533,0.15152758705014802,0.21393786750061167,0.044103885200673945,0.12185487740681504
165,0.0063557345093135246,0.16324932974712011,0.1677188360364615,0.1143569614735713,0.1453340252474945,0.22791491318540108,0.036669591877948285,0.13840060792168962
166,0.03131822654528062,0.16536226432699266,0.16427694643134225,0.14386748347572614,0.1332157132241493,0.23079826065338657,0.01292393722102598,0.11823716812109647
167,0.04244128421964136,0.1549335982273548,0.15901881312058738,0.13971921812430707,0.15707056835926678,0.20810294615134298,0.015589450747889588,0.12312412104860998
168,0.03206592743181862,0.14461901485814896,0.16373715803891953,0.13996517159908495,0.1564096252282949,0.21332672166997724,0.025944442927618674,0.12393193824513708
169,0.045032250445444906,0.17283711832292964,0.16163753987842647,0.15010825039409167,0.12312629586353772,0.2327809613258543,0.0,0.11447758376871524
170,0.0508069135631342,0.17383613326156877,0.16228423045514156,0.15207628264158482,0.11993032960265713,0.22582224053739283,0.0,0.11524386993752056
171,0.05306262218055833,0.13530221673525342,0.15855818963267024,0.162660692304025,0.10565304839354389,0.28242260794068424,0.0,0.10234062281226476
172,0.013564185773352952,0.13493507044205325,0.17415808596506532,0.17698665379844708,0.09892527095026868,0.3042629458589067,0.0,0.09716778721090599
173,0.006195079417444714,0.14201354252780157,0.177411385813166,0.18394084812043304,0.10150635044150154,0.3005602502487153,0.0,0.08837254342993778
174,0.018473460322644443,0.13674087845125232,0.1628871806230475,0.17365266746080843,0.11336095833811319,0.2944870095801764,2.4989622613569507e-18,0.10039784522295779
175,0.01871365161542138,0.1511653566093455,0.15674426046746712,0.15437873119157586,0.12534203287992715,0.28943983465494516,0.02865367363958311,0.07556245894073463
176,0.018821198677043766,0.15294688613050172,0.1550688584237683,0.15221678234193492,0.12615913390449485,0.28732382659201156,0.03160408266095894,0.07585923126828598
177,0.019296775025047615,0.14735631778049801,0.16598194312446102,0.15056183515057844,0.11576854136252084,0.28797877317463955,0.03412580656023205,0.07893000782102247
178,0.0160057544346372,0.13636766162198874,0.1688007299568115,0.15050721425350017,0.12277141202411988,0.27421706344374847,0.0459999936411089,0.08533017062308515
179,0.05996220840693095,0.119593117240387,0.17894654261338644,0.13628585427476766,0.11485943349461634,0.2920688607090572,0.02494090363283489,0.07334307962701954
180,0.04935506213073473,0.1326841931865573,0.1987028174985748,0.13185788869497714,0.15822976698678776,0.2453457108151909,0.0,0.08382456068617733
181,0.047528264046457686,0.1201246867677653,0.19721221070940292,0.14401823027186367,0.16070213107791956,0.23899662190750792,0.0,0.09141785521808286
182,0.0335105261012424,0.13522142135589926,0.17806784007349294,0.1677479303894961,0.1646000864894626,0.2360895577045187,0.0004972627651735385,0.08426537511971448
183,0.02711084640295869,0.14549023484565224,0.19625397476131218,0.16502563866817413,0.17179098385779087,0.2379466945687783,1.8865052195705997e-18,0.05638162689433353
184,0.034551243758205084,0.12444819218984685,0.16785530236647986,0.18200514781263408,0.18294433097676216,0.22552463863846028,1.0401743263284717e-17,0.08267114425661166
185,0.03459092856582837,0.12501904507584155,0.178452472813336,0.17163408898549448,0.18817113302755814,0.22373009765329188,4.5871902034052696e-17,0.07840223387764958
186,0.03669499476537482,0.12308161635299211,0.17652353145980637,0.1667028434697963,0.18854482364512146,0.2276094646786866,2.300477957269335e-17,0.08084272562722221
187,0.04285743390889112,0.1253332179136946,0.162376720191533,0.166455471384505,0.19262132859273015,0.22954790153163707,2.6897160663118985e-17,0.08080792647600898
188,0.02008248419007185,0.14520005833809524,0.16449441320983976,0.1678079950078068,0.17447805874737002,0.2561138510508672,4.679062940187279e-18,0.07182313945494913
189,0.018704657477166247,0.1405163331058887,0.1789255346710674,0.1673435870188829,0.1738708883790244,0.25092264488710664,1.0043799051176229e-17,0.0697163544598637
190,4.296197563452958e-18,0.14050259386794317,0.14990830922056564,0.18090614913808126,0.18808066225821113,0.2746188491369187,7.685975122933637e-18,0.06598343637728005
191,0.06585760728236172,0.14258558082082004,0.1405266726509176,0.16306713889781085,0.21493361341272252,0.2447450921666304,6.958330358428391e-17,0.028284294767736726
192,0.05824791976791534,0.13926556807483448,0.1309006124621509,0.17248182653159827,0.2491483306145413,0.22723191183666816,3.6023252455505297e-17,0.022723830711291484
193,0.08752238653538065,0.11671746037309401,0.1654166054093308,0.1873718581387807,0.2416413760603612,0.2013303134820526,0.0,1.0852891476102556e-17
194,0.1128757577799084,0.08375399689025473,0.13518452779889853,0.2244655679771371,0.22518123747044455,0.21853891208235665,2.098100610346804e-18,3.8739051842636684e-18
195,0.11454744382889759,0.08232377564192246,0.13306830827848032,0.22429157957007617,0.2289319075624515,0.21683698511717206,0.0,0.0
196,0.14352959774314594,0.09062250185770888,0.1411153113561474,0.21108535390102678,0.2220085258310287,0.19163870930994198,2.1750959052521426e-17,1.0783788209720526e-17
197,0.18190014051295775,0.07203047500966903,0.13978018406434176,0.1862618764901579,0.2819789923554634,0.13804833156641008,0.0,0.0
198,0.18229060931591057,0.06817153192422597,0.14525581146559857,0.18493533950434482,0.28043474323067563,0.13891196455824453,0.0,0.0
199,0.16797622618650523,0.06806028104264723,0.16369940872471267,0.18304765478570487,0.26334147377825606,0.15219831944387882,0.0016766360372951162,0.0
200,0.15765027824594877,0.055460003291206594,0.1701980429644948,0.17549920642500924,0.2895854549055708,0.13805370649495413,0.007644217762125718,0.005909089909690013
201,0.16989399144727618,0.03222569411056971,0.15062107849244555,0.16006156885736414,0.30856278762735273,0.14199696988763108,0.023593069544188678,0.013044840032171743
202,0.15002456265574718,0.03341600067901877,0.15768024497939656,0.13597536045832662,0.3147968833139422,0.1443315142557282,0.04595943655396363,0.017815997102876714
203,0.14088124080471653,0.03278697072345702,0.1305797040700028,0.14177013501081792,0.3246585839352532,0.1760671960356641,0.03034737669017936,0.022908792728909028
204,0.16612760733616752,0.0443005841757288,0.12233671051073262,0.12813002197062456,0.33243301602209235,0.15770250763684807,0.0246416988840254,0.02432785346278063
205,0.153895349003857,0.04622469338244885,0.11134232296204848,0.13635342688712238,0.3386438965169782,0.16472384855563924,0.02728320466465878,0.021533258026246963
206,0.15790971604578882,0.026510544468135167,0.10533756409808967,0.10671450480668111,0.3637149485558839,0.1616344975450983,0.01959458467935475,0.05858363979996823
207,0.13722742033245855,0.03441037445658777,0.13869674076480354,0.08431012082515195,0.35296507186550896,0.1505287731531341,0.021439241434201815,0.08042225716715319
208,0.12928419858260115,0.03365044938905083,0.13400559940547135,0.08780644188906737,0.3581390497026514,0.15518591511287766,0.021031738310854878,0.08089660760642546
209,0.13307858248422383,0.05949013247474875,0.10116662172350606,0.08593131927486235,0.3422253757261095,0.15554846637928063,0.051554993523474923,0.07100450841279381
210,0.13212120999740298,0.04928770101392121,0.09241898255062607,0.08725200914073793,0.3552071637514622,0.15784749525123223,0.05329015060698854,0.07257528768662877
211,0.15979805735144664,0.05470221271463302,0.10262090684759041,0.08943273586774565,0.3405919346649249,0.14284831590432634,0.06574720923424507,0.04425862741408796
212,0.17791397747190554,0.03748412096476884,0.051109508247504966,0.04856014782115411,0.3537170611164473,0.1644699774950505,0.06785464356808037,0.09889056331408831
213,0.1522160742061937,0.03258403666508878,0.05705266431183123,0.047153777355737884,0.3893460360166581,0.15346577269757292,0.05646852847465661,0.11171311027126075
214,0.156078955005497,0.06777533915158268,0.06605106288323258,0.056042276685814664,0.3830406143305881,0.1430874534704311,0.048071188648350575,0.07985310982350312
215,0.16800028287522387,0.06947169534640632,0.018460577975515206,0.09001338846237794,0.37707509623191865,0.1701135710491869,0.06836452312549594,0.03850086493287506
216,0.16752941906597194,0.07094738800915129,0.013166957027191605,0.08545250225798176,0.3817234647118607,0.17488985995532438,0.06892807420193936,0.03736233476957893
217,0.20399812248469612,0.08327440432985607,0.008521379270981915,0.08038086187469201,0.3829416907517395,0.16766675821849225,0.06920145231604496,0.004015330752497189
218,0.20509005566677585,0.09081943308473694,0.006965242470336233,0.07895229169359907,0.36785151327648175,0.16416269129850186,0.07178404926884374,0.014374723239724373
219,0.1827437295615798,0.07131246877244571,0.011851476250355472,0.1110768357399244,0.3666736144229096,0.18890091799394867,0.06744095725783633,1.8206410622055136e-17
220,0.19240149444593266,0.08128984462875474,0.0,0.09697567849833622,0.3733835642983355,0.20008812247002805,0.05586129565761265,2.1097340784817378e-17
221,0.14827346319269993,0.11686379799023183,7.679941853628652e-19,0.1133291846370186,0.343275465188613,0.17682684986682307,0.10143123912361329,0.0
222,0.1919264745061797,0.12512313044368564,2.3134587371859943e-19,0.11927180288328497,0.31300094405950724,0.1530208176967761,0.09765683040956626,1.765798997227433e-18
223,0.20382688518946282,0.11514648199513307,0.0,0.08748340458574723,0.2862626303645657,0.1743443906461485,0.1329362072179427,0.0
224,0.2285825245536845,0.12183134860144626,0.0,0.10894288699474328,0.2731898713387188,0.144649695898984,0.12280367261142303,4.408171215743784e-18
225,0.2241300193537212,0.12036969246124016,1.5261866113392326e-17,0.11442361997943588,0.27289182733150497,0.1529235845199976,0.11526125635310024,5.3510115302654847e-17
226,0.2244424292406854,0.12025608651251349,0.0,0.11472607107750131,0.2742875005473458,0.15498872387421805,0.11129918874673575,1.7357399155117765e-17
227,0.2603894085876648,0.11121963917221629,1.425789384288057e-17,0.11428268339611031,0.24901087821636042,0.16639348720113295,0.09870390342551529,2.5619834978660782e-17
228,0.26337602277357797,0.10188073096095814,0.0,0.1259588029119904,0.24216826016390888,0.1730312680558202,0.09358491513274447,0.0
229,0.25172412947399075,0.1024969470553007,2.798557153056007e-18,0.1131680447442733,0.2612739469862118,0.1848836291998239,0.08645330253939938,2.823998581720152e-17
230,0.2544289997308395,0.09237220872340249,0.0,0.11900760741855661,0.2477977659958428,0.1890700642136242,0.0973233539167343,8.767452748563282e-19
231,0.2597943338505555,0.08190405755719748,6.809673345435018e-17,0.12075361145110229,0.2308662100172357,0.1938661385535824,0.11281564856932638,0.0
232,0.24648791024699074,0.06881923268456422,1.0810204558635312e-16,0.12012754752661531,0.2508330177812641,0.1996744978882186,0.11405779387134699,0.0
233,0.2335225973941617,0.06895092579011827,0.0,0.1037281073143383,0.257067450155155,0.2220963464894958,0.11463457285573089,9.241605083387392e-18
234,0.2913470336290794,0.06811539504539786,5.203961316666363e-17,0.16946356065900486,0.17965196632043764,0.1299187956607089,0.1615032486843712,0.0
235,0.30045784194338415,0.07483290654178701,9.202907092790365e-17,0.16243847016024876,0.1729061087956625,0.1312529106902929,0.15811176186762457,0.0
236,0.3035306369378557,0.06710141098299656,1.0587449860296052e-17,0.1658421888750689,0.17033806406482693,0.13278640385800114,0.16040129528025057,5.3918572953230036e-18
237,0.29325984886628237,0.07245614415026554,2.988173419232573e-17,0.18514058915298442,0.16902485209987514,0.12905681459823526,0.15106175113135717,0.0
238,0.3025468866647638,0.09238917150034057,1.4811535753029103e-17,0.1859388924846203,0.1652256625566391,0.12379332712596561,0.13010605966667055,0.0
239,0.32765149351105094,0.08391464820445814,0.0,0.22118629233674636,0.0733918480698367,0.10577283764948404,0.18808288022742362,7.347799059186892e-17
240,0.3165390878798845,0.08661591383645396,0.0,0.21757558616902253,0.08266983454543246,0.11631874690336186,0.18028083066484463,0.0
241,0.289443818483205,0.10607562207914306,0.0,0.18513490207002606,0.03737543364269045,0.17805789768817246,0.20391232603576281,1.4350538071486413e-17
242,0.13148281562562214,0.05586905777942994,4.5830199918805793e-17,0.1734648413305611,0.14342982068015894,0.25021488960474103,0.24553857497848683,1.9904850743982527e-17
243,0.12921107042449365,0.07182204979573155,0.0,0.15594283598330114,0.12514467722609351,0.2863286747835784,0.2315506917858014,1.7660364311504594e-16
244,0.12736331881824667,0.06912762177100715,9.062172568604201e-17,0.15592898619764775,0.1258694905848227,0.2836658313367436,0.23804475129053188,2.895444487332001e-17
245,0.10349833415400436,0.06859060222779516,8.15562496889435e-17,0.14438274809156496,0.13896303696437945,0.30566602134180937,0.23889925721944655,0.0
246,0.10586612191501354,0.07818713144198644,0.0,0.11309371859881241,0.12953995808040025,0.332685017655799,0.2406280523069883,6.61122013389776e-17
247,0.09732899700430572,0.06968478150679569,1.5625011547187235e-17,0.1135833683253618,0.11284547139746329,0.37783326511673715,0.22872411664833633,3.6356049006520985e-17
248,0.09312371008625894,0.10263315672467557,0.0,0.08623707149118241,0.09893228232291362,0.39326204949962645,0.225811729874343,2.50200773088258e-17
249,0.08014860421863935,0.13209686685345004,0.0,0.07688000532402618,0.08380906282132106,0.37767461122834517,0.24939084955321797,1.0237727244449905e-16
250,0.07743052908163915,0.15651327302421947,4.866918966020334e-18,0.06799246845486565,0.09123189247841319,0.35472554397701905,0.2521062929828435,0.0
251,0.06809606264867203,0.17577749308326537,0.0,0.060218700679397004,0.09284262683722072,0.3631019738778913,0.2399631428725535,0.0
252,0.0960126099978524,0.1987145926951255,0.0,0.08320797417231962,0.01996800362540212,0.3696104829576351,0.23248633655066514,5.452112853454062e-19
253,0.08018210152746767,0.1977185329369209,0.0,0.0865523567136108,0.03190275581994792,0.3299474320009985,0.2736968210000542,2.43974575877887e-17
254,0.0832118770184541,0.21119898790983893,0.0,0.08208738356652792,0.037523864221816486,0.31391020281464543,0.272067684467717,0.0
255,0.07087179272184137,0.23050049555336957,0.0,0.07386102189670737,0.04155477763374343,0.3106980881885174,0.2725138240048207,4.05568231607907e-17
256,0.07195240782454179,0.23369319472665198,0.0,0.07139291153380822,0.04173043476319158,0.3076562152337877,0.2735748359170187,1.9281355085465177e-17
257,0.08899733906024157,0.22493113693095373,2.090462035667846e-17,0.10807830180641821,0.04498092759376422,0.2554537757690187,0.2775585188386034,0.0
258,0.07498576822622183,0.23735972191604407,4.194634209741188e-17,0.10576380789846279,0.05747839246972624,0.25357194769974184,0.2708403617888031,0.0
259,0.07568379560769084,0.2695731424939405,6.790146977428702e-18,0.0902067942286516,0.045577115375399276,0.24228047904880334,0.27667867324451434,1.4204663116101606e-17
260,0.07526631393370589,0.2976579107317605,5.491306619871964e-18,0.08101091599677412,0.042593034171583125,0.23856328576919034,0.26490853939598585,3.382414316619852e-18
261,0.06268165766694174,0.3281221104312603,0.020880221503149166,0.0768001775163492,0.026445371456467668,0.22991657804936022,0.2508631326034474,0.004290750772024236
262,0.06357741222337317,0.319160300223084,0.0,0.09833489820145622,0.03309531346945693,0.22689664607386598,0.2589354298077636,9.361302253926759e-18
263,0.028880654767128186,0.3420853522511194,0.06423217641608261,0.06185672522818139,4.0112304008371343e-19,0.23451670689531595,0.2684283844411724,1.4976548359065915e-17
264,0.01821295659870389,0.34108425149245053,0.09569635970870813,0.00955376732391406,0.009318957157258136,0.2538894496560564,0.27224425806190866,4.1250239833447156e-18
265,0.013904521627630055,0.3444424011662541,0.1131528945039008,0.0,0.0017600509498788557,0.2629649109676374,0.26377522078369875,8.715916087678831e-18
266,0.026696550843181118,0.2784376713678115,0.1135287275452751,0.0,1.1644479563248442e-17,0.31869233879865533,0.2599545524751311,0.0026901589689458023
267,0.0007602590896824928,0.28064119144265676,0.13904408498280713,2.5887576799331672e-17,4.705003324196916e-19,0.3394217810109021,0.24013268347295144,0.0
268,0.003554783548293218,0.27762407559609265,0.14086509348073414,4.2184543644047307e-17,0.0,0.3369170899005258,0.24103895747335397,0.0
269,0.022403257004753097,0.22321952897983147,0.12694503549103012,1.9464234792733116e-17,0.0,0.3822911138881273,0.24514106463525784,0.0
270,0.019945156585783632,0.2234858702133213,0.12840988252791877,4.960277878675426e-18,2.0291838921758945e-17,0.384454983775381,0.24370410689659514,0.0
271,0.03931704045609749,0.20081188101760442,0.14587552064424078,0.0,1.9895215744207514e-18,0.3879969830870021,0.22599857479405525,0.0
272,0.042891145364642745,0.19060142984516046,0.15606311870446285,3.93160930379531e-18,0.0,0.3823584181397013,0.2280858879450327,3.3714028883055574e-18
273,0.04238968005080072,0.16657981415648732,0.1772377536698039,9.183742972358753e-18,0.0,0.36936482164042667,0.24442793048148145,2.390676378239987e-17
274,0.0505513529588185,0.1766647670234753,0.18274572114789941,5.03980294200997e-19,0.0,0.3538601565977996,0.2361780022710071,0.0
275,0.04865833019703223,0.17732252110497054,0.19055168879769702,7.582331867719653e-19,0.0,0.34612555661135114,0.23734190328794905,0.0
276,0.050828595561007196,0.18022388114088467,0.19776903536650714,1.028372113348577e-17,2.2526205957495154e-17,0.3427516891413887,0.22842679878921232,1.1320912977397625e-17
277,0.07247107012797382,0.19314424571700112,0.1872132081577769,6.8247429793680866e-18,2.4712252410568506e-17,0.3251015919040364,0.22206988409221173,3.463041265286541e-19
278,0.09796031290219515,0.1769074097723656,0.18415779876159513,5.081771520069133e-17,1.500115748285186e-18,0.31969267863578793,0.22128179992705613,0.0
279,0.11364789026777958,0.15882855857556838,0.2058233469186175,1.7282833785979858e-17,1.6771252355618374e-18,0.32831912207656094,0.19338108216047348,0.0
280,0.10936188382947501,0.18802599806026,0.20875770386205444,0.0,2.5458051685735368e-17,0.3107724114785611,0.18308200276864947,1.450708034805069e-17
281,0.10676441479568598,0.15498254474085824,0.23078976200826115,0.0,1.1494872368939801e-17,0.2971558158262351,0.21030746262795955,0.0
282,0.11149140181503511,0.1802246498932262,0.24463085792929665,5.255326939370234e-18,4.880445023396789e-18,0.27073593317856803,0.1929171571828741,6.940429151117187e-18
283,0.11055567763289982,0.17919972688584515,0.2512555251620287,0.0,0.0,0.26813368807352755,0.1908553822446987,5.1891144172877856e-17
284,0.11140190301751132,0.1825612893762383,0.26174369201218756,7.193787293552534e-17,0.0,0.26057692673762367,0.18371618885543908,7.175758726665836e-18
285,0.11080919466074125,0.17931221411362264,0.2696086795019857,0.0,0.0,0.25039260551400877,0.1791923142272859,0.010684991981355842
286,0.08721167154408611,0.16193982721990707,0.2838005248676152,0.0,1.0445239728615162e-17,0.23217020451833986,0.19015039057454536,0.04472738127450628
287,0.07539043186375301,0.17321723480427997,0.30088660021219826,1.151815254009947e-17,5.573639582072273e-17,0.23040230268623832,0.18169958795629282,0.038403842476237536
288,0.08153939894265558,0.15493277189508892,0.2820390302679402,0.0,1.4811747511265914e-17,0.23187453786240647,0.21276434726315424,0.03684991376775443
289,0.07246011104272877,0.16797485898876943,0.28433103343605093,0.0,0.0,0.2367766643141295,0.20476693302841698,0.03369039918890442
290,0.05968540739370511,0.17966369353225664,0.30228017273691493,2.0011682774454865e-18,9.511227085590619e-18,0.21171321932776638,0.21423992685175422,0.03241758015660271
291,0.0556317020131936,0.1805132608290332,0.30122511663625495,1.4044295956384886e-17,0.0,0.2268378844461005,0.20009253466642887,0.0356995014079888
292,0.08412205317431232,0.19128141821742384,0.29079814941446663,0.0,0.0,0.26834442094836436,0.16545395824443276,7.4398080130823e-18
293,0.09536318067431415,0.17530176721489954,0.29995551845923724,1.139169316805249e-17,1.6206122561122712e-18,0.2591183673063681,0.1582098529163014,0.012051313427879642
294,0.11227874849481877,0.17993552769268614,0.3268173529612683,0.0,0.0,0.23957936153312775,0.13876907075401665,0.002619938563082431
295,0.10782184009849552,0.18656173948877197,0.32470914155025377,8.946679626246193e-18,4.033729713498554e-18,0.25936556817959694,0.11476340034965678,0.006778310332224954
296,0.10812470521655541,0.19116745580156835,0.31767378878495495,7.67083624944568e-18,3.0513303133621587e-18,0.2564601078279873,0.1231196835753081,0.003454258792625903
297,0.10682160007378103,0.19209786799383413,0.30502934767613576,1.7003392322725024e-18,0.010332327342179466,0.2573525698360694,0.11590140551535216,0.012464881561647998
298,0.09056744370549795,0.17101894921795338,0.3140138312283997,0.020117554235331955,0.026752475604054506,0.22972369596572367,0.11996491071810457,0.027841139323934158
299,0.08753249902168972,0.16941899208522737,0.30754793935636443,0.022721019636045305,0.013178792846875577,0.2096748343876826,0.14748566459778317,0.0424402580673316
