oos_period,model_1,model_2,model_3,model_4,model_5,model_6,model_7,model_8
150,0.08132742197591665,0.22565037356305453,0.15373163460130088,0.01163904946018061,0.1654330930593855,0.11274430495897181,0.16715686228886914,0.08231726009132087
151,0.051979492729355835,0.1986776647742763,0.15788680834301771,0.05647614474628526,0.17452031731788517,0.11491104418468975,0.13998923022288282,0.10555929768060698
152,0.04902500249377191,0.1955797275506974,0.1535178571869015,0.05174619968658229,0.18772494763456934,0.11575363813574717,0.13376812230071747,0.1128845050100128
153,0.04965610340393671,0.2003147811665849,0.15555103067744475,0.0498551361145352,0.1792924092674359,0.11319835768976348,0.1340099186722454,0.1181222630070534
154,0.038872370943864476,0.2038334187105728,0.15827675635631622,0.062093637114234955,0.1585799521848517,0.11746600864953656,0.14420891782259782,0.11666893821702533
155,0.03987667245704607,0.19911871983782742,0.1503432036775243,0.06602951292728819,0.16728499713824152,0.11871226822278726,0.15346363710966884,0.10517098862861624
156,0.028824885545874725,0.20128361414253798,0.13543900338081188,0.08235336509142588,0.17326081523518386,0.13329036110492998,0.15725329699580676,0.08829465850242885
157,0.028689719138437278,0.20020289681508033,0.1357190409021096,0.08267267404479207,0.17043118858875222,0.13270586693168251,0.16018194503210684,0.08939666854603903
158,0.0359528280534435,0.23458105188641962,0.1322594750400851,0.06802434701865424,0.18016852446159984,0.12246082763096001,0.14942050754037545,0.07713243836746221
159,0.03712145446822334,0.2287590255554524,0.13659711903043073,0.07152576079222209,0.17377344985674043,0.1253348258469418,0.14764403151200303,0.07924433293698611
160,0.03839404922262325,0.21801169400271742,0.1425690701116015,0.06016556032303809,0.18308182454741267,0.12973647836983465,0.14151693750954514,0.08652438591222722
161,0.031963824085620235,0.23607297376596728,0.1400589196085584,0.07840408096462946,0.1688305713916413,0.1252057273684738,0.12542697106774736,0.09403693174636214
162,0.03528658651224544,0.20850165312232852,0.14460814330023142,0.11375517613705749,0.15565725350301543,0.1621952392279947,0.07241821643613697,0.10757773175999018
163,0.02608613379475292,0.18355662098465986,0.1473993578626944,0.13448797651815683,0.1505562142549274,0.1904268968847451,0.06304269560955461,0.10444410408950885
164,0.01746332456605602,0.1886645868919277,0.13226471424726333,0.151324324455315,0.11831153054695655,0.20122496767995926,0.07540321872266434,0.11534333288885772
165,8.876331420009717e-19,0.14641392925689425,0.11022010735402833,0.26597542063878316,0.08136643630514004,0.22461428243172912,0.047015175613431874,0.1243946483989932
166,0.0166469117273143,0.13833400383329605,0.20391144452121387,0.12373931863579944,0.1400003061027952,0.21592744896051133,0.03407710715639693,0.12736345906167282
167,0.024512349407950274,0.1263771081943017,0.2004438007460472,0.12049420532165271,0.16108163860862318,0.1997856097523302,0.03560077736485319,0.13170451060324154
168,0.02015862609588159,0.11098783705289286,0.20835530241257127,0.11721886979629675,0.1622830062320961,0.19791201988425208,0.05109022227829884,0.13199411624671042
169,0.014020384252316404,0.1560015621498477,0.10737620954073279,0.3322819762768242,0.047509184518383006,0.24141737188263154,6.986963023656923e-19,0.10139331137826432
170,0.020180000720661284,0.17996762486121934,0.10555090299535429,0.31807072563849303,0.051024354074910676,0.22804052441648384,3.17116231434137e-18,0.0971658672918773
171,0.029736662792320935,0.10834036275501,0.09349193255010559,0.39348089924531043,0.047595448809788124,0.21899867154526606,0.01612569485944526,0.09223032744175358
172,0.0027656896898298955,0.12087312340246566,0.12114109371839749,0.3304445818735441,0.048480082019291576,0.2758167214450973,0.009992924696561514,0.09048578315381246
173,0.0017393066801991584,0.1245635691575435,0.12321346224768255,0.3345923524184322,0.051119322058960935,0.2729882202947353,0.0027691065944251262,0.0890146605470211
174,0.0005745097991563529,0.11381684344189467,0.11288171856266037,0.3323835947176978,0.055617238664590375,0.28005407474020116,0.00337955777173758,0.10129246230106162
175,0.002776409023366224,0.10279016218217026,0.24183308761514355,0.11986174355110459,0.14869952415717932,0.24732805397881477,0.03131911197437781,0.10539190751684352
176,0.030240513997858567,0.10297972058806817,0.2168907830651108,0.11666996317498486,0.14902876198988638,0.214622400944866,0.05641522265606858,0.11315263358215662
177,0.032003041456664945,0.09984290366475354,0.22837404547255033,0.11402816260296958,0.14128061637068587,0.2137026883626929,0.056122578748866586,0.11464596331981615
178,0.02865287007491374,0.09524803915909598,0.23370690277988576,0.11354578124175593,0.1449172917133193,0.20818535080912093,0.05900091907860595,0.11674284514230245
179,0.026960719955646462,0.07518707653201556,0.2945102412371845,0.10497942353659473,0.1354011511267295,0.25978392829574515,0.006813096233918718,0.09636436308116532
180,0.048762732748939545,0.09180055224222398,0.25700669992289915,0.10866727624929545,0.15696403268913078,0.19403276775908532,0.031578926297458905,0.11118701208996688
181,0.04654720450047635,0.08430654147502424,0.25798651703902886,0.11496033094197154,0.1603942789532517,0.1903475662939409,0.03037893004845675,0.11507863074684967
182,0.040533534719412054,0.0864538619053079,0.25714770150334026,0.12176566440559024,0.16282298094455555,0.18619144064623958,0.030548048619059524,0.11453676725549482
183,0.04407379264184064,0.12425062327635134,0.21201635813721878,0.1479447645824554,0.17044063242246435,0.21845905690433126,0.003583876519509717,0.07923089551482841
184,0.04634875994829259,0.10566207849019066,0.19368915041107768,0.16168168093907678,0.1843452956205421,0.20813915209324022,2.3958558523635438e-18,0.10013388249657991
185,0.04945931407284392,0.10476958202218846,0.20058250001391728,0.15345416382800067,0.1883272705261634,0.20623110820205645,0.0,0.09717606133382974
186,0.052002148969510734,0.10271076482923264,0.20021884702456194,0.14814153837013355,0.1917275727101326,0.2061867976632479,1.3577938144472855e-18,0.09901233043218063
187,0.053021099328567634,0.10423185202619104,0.1989749784649229,0.1460673698107415,0.19761696493374858,0.20786835320456074,0.0,0.09221938223026765
188,0.04101554715829909,0.11714252085877042,0.20477241846611857,0.14232821962811748,0.18229355477550055,0.22871700172820994,0.0,0.08373073738398389
189,0.04396376518890787,0.11124315067157334,0.22375084946814283,0.13863193006573885,0.18047306067228971,0.21897336619234611,0.0,0.08296387774000127
190,0.03584801778169375,0.1295191122880224,0.15111337571680314,0.15749953135467365,0.20189537454764736,0.24986525626546255,0.0,0.07425933204469712
191,0.047450125186447686,0.2456586978108995,0.09548941214055115,0.14358548767719645,0.2103245787893018,0.20981164446830255,2.5534866986139414e-18,0.047680053926300814
192,0.07464338293906168,0.15515601802259255,0.12467562126713465,0.15269466121327427,0.2497830736151676,0.20576518068909969,7.250204981795534e-19,0.037282062252669494
193,0.09837338595769651,0.13849055377435632,0.15586394400732528,0.17224635626615684,0.24800068998082228,0.1847687955165377,0.0,0.002256274496104986
194,0.12834073572796456,0.07885394625973592,0.13848914039322804,0.19657256873416606,0.22954153547926912,0.19711334394816785,0.022029711091121205,0.009059018365347206
195,0.13034713351678157,0.07825558928828774,0.13555028510507344,0.19467114353449635,0.23739952305786174,0.19365356807768802,0.020534165629716144,0.009588591789094958
196,0.1574553297807785,0.0882559256448278,0.1444926894493861,0.1848110910285961,0.22830916714691807,0.17279897658404572,0.013298453757128447,0.010578366607319244
197,0.18288545463657105,0.07627813630632492,0.13944605497441306,0.16891613036776293,0.27005696624456826,0.12844308133503346,0.027440153932105815,0.006534022202220468
198,0.18353106606860925,0.07448431164487683,0.1424387523929372,0.16734708317168193,0.26807917345817556,0.12939318363038366,0.02657375376637719,0.00815267586595839
199,0.17043583458775824,0.07432331253879726,0.16083753436152262,0.16097717880107093,0.2505114984192682,0.14235986354353428,0.026229163864334153,0.014325613882714338
200,0.16047835759579018,0.06454633008900391,0.1628777666917581,0.15423036630555648,0.27430588969372494,0.13157924752339759,0.029109334607807635,0.02287270749196109
201,0.17093610473215126,0.0417123845741937,0.1426741798991265,0.14004084113577953,0.2952517732399138,0.1354590460327913,0.04473885313272383,0.029186817252319995
202,0.15673290464956205,0.04276703331725392,0.14556456786406707,0.11822395980589843,0.30281439438249014,0.1378433176292984,0.06282648645125609,0.033227335899173815
203,0.15214394541454218,0.042002239507273664,0.12867476601236555,0.12137383210108703,0.31188337875902716,0.15929960940929486,0.04722145008786687,0.03740077870754259
204,0.17113893804014377,0.05267594649555803,0.12259345870047213,0.11117504411744682,0.3172538385511811,0.14447102590896302,0.04254120927290434,0.038150538912330764
205,0.15935159474991553,0.05410793756711814,0.11235080312675708,0.11787474246403672,0.32406743082850453,0.1501762119555744,0.044957036347689876,0.03711424295940373
206,0.16211967403758204,0.03915481889853403,0.10511851490157055,0.09542930954141549,0.3456420275017224,0.1464864490842057,0.038824655977519155,0.06722455005645063
207,0.14471300535291,0.04876490450350341,0.12884375697314773,0.07784783696331862,0.33266499783074516,0.1408649424944362,0.04200705940471796,0.08429349647622088
208,0.1368236902629088,0.04825768831160007,0.12384973360986619,0.08105717055038604,0.338205677456852,0.14506415292151922,0.041635153226163304,0.08510673365970431
209,0.14032689225142497,0.06831486998032338,0.10068536941436473,0.07944491466466046,0.32581894437383424,0.14320907399776683,0.06471503334362112,0.07748490197300419
210,0.1395206979868969,0.059926278032805626,0.09253379770164556,0.08130627166720059,0.338054499240341,0.143872649129598,0.06628888664268931,0.07849691959782303
211,0.16423619756104946,0.06343652292879969,0.10047926739726559,0.0805194123101878,0.32541492280072426,0.13228686171291137,0.07694281500115298,0.05668400028690871
212,0.18270715163791815,0.04791290395183608,0.059152696066658225,0.052012221754433936,0.33735574780881644,0.1469115282184459,0.07728321007541795,0.09666454048547318
213,0.16051007790013788,0.04506107120375797,0.06150446391213067,0.05055739830755701,0.37066431709887365,0.1374717771571654,0.06696796259302007,0.10726293182635718
214,0.16181022022511696,0.07148259295386557,0.06905176846043924,0.055791704757541,0.3614464532479298,0.13380507717084025,0.061425188342771206,0.0851869948404959
215,0.17459624167529914,0.06736005265729293,0.03248164157586668,0.0828831357794922,0.3622763981067202,0.15227171143918947,0.07655241654242856,0.0515784022227107
216,0.1741098895411407,0.0655925179644218,0.029518102029617257,0.08013189412200117,0.3652268071907079,0.15700051689049874,0.07718493068896957,0.05123534157164285
217,0.20488509040521635,0.07444149600667337,0.02515372980809644,0.07575951990827377,0.36633249347903024,0.1507610006231366,0.07711123403282946,0.0255554357357437
218,0.004364189088265515,3.6325325580319553e-17,0.0,0.0,0.143754550958648,0.17285820083837752,0.23845886188686188,0.44056419722684687
219,0.09066280601980156,0.02544859189176803,0.0,0.04715980325314616,0.2649796353360122,0.1812971037443274,0.10926595296706866,0.2811861067868759
220,0.01801739241168357,0.0,0.0,0.004141978518871882,0.18622132323928045,0.17430249059169223,0.2188028793247356,0.3985139359127362
221,0.06929629757717534,0.03938970414861525,1.0652548380327568e-17,0.05386419483291941,0.2628278696023906,0.16156579497417514,0.11256928618853315,0.30048685267519104
222,0.04571936373214769,2.7249896946090844e-17,0.0,0.017748804929137333,0.15578513628903448,0.10742910525076836,0.1224781326569051,0.550839457141007
223,0.16020709978647574,0.09231075170648678,0.06923124198166722,0.13494774059705794,0.16764707307245075,0.13460110877203552,0.13769521803946697,0.10335976604335907
224,0.16340575168186564,0.09122126218275706,0.06374830762359043,0.1422288825631391,0.16816422926100272,0.12942793516173431,0.1384018446257541,0.10340178689915658
225,0.16182420964808963,0.09313941178719594,0.05843011609657676,0.1454271414306087,0.1673891080584108,0.13545648191905316,0.13723521001741978,0.10109832104164525
226,0.16137761005001458,0.09358559992436848,0.05529231306113726,0.14668153638948161,0.16953569342003447,0.13630570912927067,0.13622690240619506,0.10099463561849777
227,0.16863161229535092,0.09286968419390065,0.04596647562556945,0.14750936299730436,0.16830362136278953,0.14221137543664975,0.13530117431409264,0.09920669377334271
228,0.17110428851225795,0.08956465542283162,0.039256855179660724,0.15194232395926024,0.16733277518470602,0.14629746937004107,0.1351533748098054,0.09934825756043696
229,0.16075691043598703,0.0813861823401408,0.02981482126986883,0.1430224321909857,0.1547980969301417,0.14024582019448686,0.17704686503184716,0.11292887160554195
230,0.10487911681089546,3.647789808357368e-16,9.34078223615606e-16,0.13172923841528913,0.1409274589697018,0.08507506500102915,1.0707865503911877e-18,0.5373891208020831
231,0.12923970657617606,5.84179692103917e-17,1.9725717072870184e-17,0.1294544842065346,0.11735233391594717,0.09350800152796643,0.07075154221333087,0.45969393155904487
232,0.12662429183824345,0.0,2.6603986631995003e-16,0.12707621273447028,0.15586941290241776,0.08532773925382801,0.08425291207523272,0.42084943119480733
233,0.10668517535822489,5.623721324757283e-16,0.0,0.11761930646421694,0.17115051674505793,0.10660372190510002,0.046941944452731546,0.4509993350736679
234,0.15321478927413182,0.0,1.918537301517153e-16,0.18107650141791218,0.11607691418034885,0.019858290557887057,0.05908554525870175,0.47068795931001806
235,0.15096045719547607,1.9763766121329585e-16,2.952222303801366e-17,0.1766045430105571,0.11996698489375215,0.02479689168785049,0.047366480558353165,0.48030464265301076
236,0.15639394598509027,0.0,3.298335708693104e-16,0.18232188824038476,0.11288264432904373,0.025127304566582784,0.08328989950948032,0.43998431736841775
237,0.13924951344133776,2.1114156616617592e-16,0.0,0.2162827849587596,0.08232514705367752,0.005462768113586674,0.09205084005573828,0.46462894637589985
238,0.13384198284609036,1.621076006650892e-16,0.0,0.2168651671573352,0.0896543613022691,0.005601032276762958,0.046560927227394557,0.5074765291891475
239,0.11758121036441094,0.040114006999786816,1.162315404648751e-16,0.13173072520274653,0.1081537289136761,0.09606992705047836,0.3056264769217838,0.2007239245461173
240,0.04021858580924306,0.0,2.6365526786522423e-15,0.2162817474149502,0.12089618722984485,0.012400781160951996,0.33106192406379914,0.2791407743202082
241,0.10920551273690614,0.061001124036757004,0.0,0.11909863808319004,0.09894644576130004,0.11075834433697636,0.3875687563153558,0.11342117872851457
242,0.017067151379836137,3.9622228861465966e-16,0.0,0.21430528591941445,0.10015834494675106,0.15469125095829137,0.4677083268629663,0.046069639931740194
243,0.09264528256872087,0.06421384732925738,5.282902140372425e-17,0.1155753433049602,0.13038514577159266,0.12422861488115569,0.4256626774994635,0.04728908864384962
244,0.09237418864819219,0.0658910968192831,0.0,0.11418069095383329,0.14962147917957014,0.12598843367948567,0.4172906339298305,0.03465347678880499
245,0.06993801312119514,0.020846234927253363,1.6434494888848118e-15,0.12219480534190902,0.1442179497840017,0.18324188850940745,0.4595611083152312,3.822638922571304e-16
246,0.08833626552517782,0.07005184156934177,4.227275418456988e-17,0.10872044289538113,0.1594180359755262,0.1340600672846608,0.41187489976735614,0.027538446981556178
247,0.0,0.0,1.1472275462309036e-15,0.010263462334607076,0.19525730944584474,0.08823802723068516,0.7062412009878606,1.3848324181430372e-15
248,9.500428342850767e-16,0.0,0.0,0.005687577543073834,0.29039347736146887,0.08609165630447455,0.6178272887899816,0.0
249,5.384248659569329e-17,0.056303273416947235,1.7910081604155952e-16,0.06954427395823128,0.38658365225232866,0.20611533014455374,0.28145347022693873,4.804815876289224e-17
250,8.093117558223861e-17,0.07455985874871586,5.511187648517945e-17,0.05901385104161904,0.42512601440656583,0.20106899079384974,0.2402312850082493,5.142629945933984e-17
251,0.060909051067488444,0.11337648632549796,0.0,0.12213544255332179,0.43896976525711817,0.13722605936537727,0.11434634343378787,0.013036851996408493
252,1.067012078974019e-17,0.13800137232000761,1.561023578391676e-16,0.09342361896523634,0.4269879232521151,0.23685380402328615,0.10473328143835428,4.9675774372168165e-17
253,4.8682541740118364e-17,0.14895346226573045,2.3760352235571365e-16,0.08434494790886869,0.4248412031615229,0.20916687230773343,0.13269351435514398,1.022062988694885e-16
254,4.321516807769353e-17,0.13649180974515385,9.137150188576926e-17,0.07052598443245062,0.40999008411346477,0.23798677961167575,0.1450053420962547,1.0525795275539944e-16
255,0.06445547837734894,0.1339569372963373,4.253589688103498e-17,0.11884753106446791,0.39778331081221313,0.15783878892676534,0.1271179535218672,0.0
256,0.061842543519149015,0.13498966455659178,0.0,0.11171288724565973,0.40221383733570476,0.15793870990618036,0.13130235743571425,7.048129390360462e-17
257,0.06231494761038358,0.13413047016477778,0.0,0.1170605544155716,0.39896044352562554,0.1591412269559053,0.12839235732673618,2.0724778636923867e-18
258,0.05908411512840921,0.14079172078670063,7.864773707142218e-17,0.11167471961331764,0.391400893261298,0.17152376622122584,0.12552478498804853,0.0
259,0.055083596315077706,0.1485468552987647,0.0,0.1100831492914328,0.38534459235750107,0.17532856163710192,0.12561324509912164,1.5047857945312816e-17
260,0.05414015559714928,0.15782720989584592,0.0,0.10871747536030357,0.38171372639433276,0.17682740894290883,0.12077402380845959,5.650980307601413e-18
261,0.0,0.14270964980186432,0.0,4.233961949118472e-16,0.640700102391332,0.21516141807022887,0.0014288297355741877,0.0
262,0.0,0.14675021911634653,1.0340515756042176e-15,6.857810571995014e-16,0.6265449700370977,0.2267048108455532,1.4766146227945382e-16,5.284432606309872e-16
263,5.868554764262257e-16,0.13297012608608524,2.1195903266762558e-15,0.0,0.6116387892201218,0.24695027131044292,0.008440813382343853,3.2415481226834456e-15
264,0.0,0.1081113010297307,5.821767587262869e-16,0.0,0.6305248383722725,0.25058809407070626,0.010775766526289523,3.030638571738555e-16
265,0.0,0.10802727116800391,0.0,4.975516659036549e-16,0.6125804085909579,0.265005725803116,0.014386594436921646,0.0
266,3.9663168102853912e-16,0.07331524665560975,1.110751923317457e-15,0.0,0.6002043365043195,0.303787008873828,0.022693407965240452,5.547239865254437e-16
267,5.381783201433842e-16,0.07372500950751358,2.1310665618921917e-16,0.0,0.5993832484566248,0.30984243929069716,0.01704930274416317,4.697900011815918e-16
268,0.0,0.06507332944651822,1.7108333358122664e-16,0.0,0.6001755005805823,0.321976920618462,0.012774249353437005,0.0
269,1.6375650363662836e-15,0.0,1.8828868741352365e-16,1.9259849437006385e-15,0.6082133847703769,0.3917866152286175,4.326475301955464e-17,1.845143702947925e-15
270,3.1282360175127362e-15,0.0,3.3424559780250163e-15,1.814179512056515e-15,0.602944084633478,0.39705591536550666,0.0,6.940410133214069e-15
271,0.0,2.433865158198025e-15,1.4461302935080996e-15,2.2049907445569045e-15,0.6187122329174154,0.3812877670815766,6.825605843155029e-16,1.4031759283543937e-15
272,8.708114894498408e-16,7.00157682383478e-16,1.5003378908217385e-16,5.001126302739128e-16,0.6115166193454586,0.388483380653539,0.0,0.0
273,4.3653074943102454e-16,0.0,1.7864036417718606e-15,2.0109902056863045e-16,0.6126945093315033,0.38730549066749265,5.954519871775462e-16,9.85958759165085e-16
274,0.0,1.2016241618000402e-15,0.0,6.056926239946372e-16,0.6229094264875785,0.37709057351141884,8.553468804860261e-16,0.0
275,1.4991415184513087e-15,0.0,9.855066018840059e-16,4.559137566270501e-16,0.6293765589267469,0.37062344107224693,0.0,3.093969103570257e-15
276,3.1800052990442116e-15,6.460130660336184e-16,1.360632979326271e-16,2.0824838866584245e-16,0.645338963558068,0.3546610364409248,6.460130660336183e-17,2.8578315160125486e-15
277,6.65264071596498e-16,0.0,1.3361817048065724e-16,4.1417714307990036e-16,0.6474686535681278,0.33580015165409177,0.016731194776778584,7.072076617985519e-16
278,0.0,1.8604421420376607e-16,8.634733637168296e-17,9.570681742331195e-17,0.6516709021657314,0.3268230783494112,0.02150601948385623,5.183438312743652e-16
279,0.0,0.0,0.0,1.5438504817757867e-16,0.6613666957163857,0.3268845309231169,0.011748773359497056,0.0
280,8.121866600648438e-17,0.0,4.2554242812299016e-17,1.8340973008991353e-16,0.6873622557272977,0.31263774427170166,0.0,4.0928958812019896e-16
281,7.439248484038126e-17,0.0,0.0,0.0,0.6885292461903673,0.31147075380863243,0.0,1.5963252158216934e-16
282,4.0309576315336435e-17,0.0,0.0,4.559921257033622e-16,0.710103770940167,0.2898962290588318,0.0,7.806933836865964e-16
283,6.231042579958767e-18,0.0,4.310678562556747e-16,0.673258816523857,0.0,0.3267411834751419,0.0,4.833749379051399e-16
284,9.588608847100431e-17,0.0,0.0,0.6821447525416326,3.997576352549744e-16,0.31785524745736665,4.206501778016172e-17,0.0
285,0.0,2.159468070393313e-16,0.0,0.7130693173624405,0.0,0.286930682636559,2.1336207510836148e-16,0.0
286,1.6233307736883768e-16,0.0,3.189122598040667e-16,0.7497218988188846,0.0,0.25027810118011407,0.0,7.413087481949736e-16
287,0.0,0.0,0.0,0.7659558171113632,4.933010206344363e-16,0.23404418288763626,0.0,0.0
288,0.0,0.0,0.0,0.7985832066097388,1.7930786838464577e-16,0.20141679338926033,1.707059710354742e-16,3.383397049204719e-16
289,6.649052918972338e-16,1.5450013143949795e-16,0.0,0.8291777658441678,1.1966942522141041e-16,0.17082223415483072,0.0,3.9165074221155003e-16
290,0.0,7.271062745233954e-16,1.2780225434927112e-16,0.8722145307775091,0.0,0.12778546922148987,9.657362145351598e-17,0.0
291,0.0,3.8271772035275444e-16,9.941141221884202e-16,0.8759309590007792,0.0,0.12406904099821911,1.2112245429836526e-16,1.8562561257545038e-16
292,5.028173276013863e-16,0.0,4.3933029786181715e-16,0.8590599721960849,0.0,0.14094002780291287,0.0,1.042215498190756e-15
293,4.4268499655120466e-16,0.0,0.002039660160675168,0.8328730019052706,5.780840647508463e-17,0.1650873379330528,0.0,6.829395891118533e-16
294,3.961302147195267e-16,0.0,0.0024973911562886615,0.8731903352679852,1.2874323642305836e-16,0.12431227357472543,0.0,1.9299962992059506e-16
295,1.0531244284463969e-15,0.0,0.0048289185866837855,0.6464937632198889,0.2231199863816833,0.12555733181074233,0.0,6.938203918104924e-16
296,7.218258999131289e-16,0.0,0.0,0.8547454914475926,0.033416735922920486,0.11183777262848578,0.0,1.9790995121370476e-16
297,4.0617673747042183e-16,4.852444407904983e-17,1.751336976683888e-16,0.5249413222782632,0.3973668907377316,0.07769178698300419,1.0893723918473234e-16,1.8829570268972517e-16
298,0.010367816145388785,0.0,0.014712511466210627,0.057962469777910544,0.7968282311233937,0.12012897148609615,0.0,0.0
299,0.014388735266706915,8.767114928001117e-17,7.209871655127489e-18,0.10795950113679585,0.7999998800012249,0.06357675665841898,3.160410951611662e-17,0.0140751269358531
