oos_period,model_1,model_2,model_3,model_4,model_5,model_6,model_7,model_8
200,0.18498723647244164,0.0,0.0985185785062763,0.2509667798531197,0.16126322444865512,0.16213690336200107,0.13813404684979236,0.003993230506713649
201,0.1863146195587019,0.0,0.09628978082153578,0.25365250857640054,0.15916534523856374,0.15978802191763955,0.14478972388615846,1.1450059032074173e-17
202,0.1899349474770526,9.368875919615287e-18,0.09815820405735094,0.2538595374045155,0.1554925283935494,0.1616400121192813,0.14091477054725018,0.0
203,0.1421482455446581,0.002455374841916745,0.1510703927093583,0.23718812405936446,0.12784108553056844,0.1656645685277517,0.12173057541608141,0.051901633369300884
204,0.14085340602177499,0.0008171977641652132,0.1668514049759033,0.22652575809910763,0.11869546570610043,0.1596216136740773,0.13072394160167083,0.05591121215620025
205,0.13068386781460642,0.02748563289438622,0.1918286094739991,0.25513179044570267,0.10545940323758127,0.14506477723671155,0.09273931116193079,0.0516066077340819
206,0.1216876977647179,0.041181944642589355,0.20671666826997392,0.2388535728200023,0.1005653134202916,0.12995347155692344,0.09353507135523455,0.0675062601692669
207,0.1307324770857287,0.03606669016824434,0.20782344048491042,0.24140972034591215,0.11821570592438559,0.1242725172239677,0.07569573072788326,0.06578371803796787
208,0.0995083194357902,0.04040515808371104,0.15947306113621196,0.17083063786524613,0.19649728980820502,0.1357135007183987,0.09813653174782269,0.09943550120361422
209,0.10496988338177475,0.0316019349071309,0.1472236886666282,0.1497048600965492,0.20133368549655434,0.1382591327385782,0.08932505692652706,0.13758175778525727
210,0.09357058221504827,0.0476165675410501,0.11174167137724683,0.1837207490628954,0.2247520548965833,0.1529450042319779,0.07460885786172246,0.1110445128124759
211,0.07916544897690503,0.03052094530260219,0.1198618494270489,0.19842454907048515,0.2248695555542359,0.1579953778463903,0.07344047072560103,0.11572180309573142
212,0.062370777477641186,0.0039621048890721685,0.12320191643278136,0.20889316988872428,0.23049614691098316,0.16170739951389934,0.07802568470934138,0.13134280017655697
213,0.05539035124708893,0.003217922249950488,0.1208717835173155,0.2124410911044922,0.23670438370181973,0.16367695985711586,0.0777613793011004,0.1299361290201168
214,0.07529912033048129,1.9950802281371024e-18,0.1315754878775743,0.20913021057289743,0.204129282814927,0.16036832929451225,0.08721996224133209,0.13227760686727555
215,0.09454425140228782,4.799288679138066e-18,0.11158180409766728,0.1956182059626872,0.18552972221321606,0.17554432859586566,0.12476644873421094,0.11241523899306494
216,0.10460775293093237,6.289682440909613e-18,0.12032094991644256,0.16200157188049358,0.21002798660272148,0.17041421101079143,0.11568127854406524,0.11694624911355334
217,0.1460657190427881,0.01777051576882207,0.10342914435848853,0.22488205885484283,0.19008894494051082,0.15680140806046872,0.10458330776338996,0.05637890120968891
218,0.14394992307127638,0.03384033533520144,0.09604501388787212,0.2260814829498911,0.1905494811284058,0.16012836863704094,0.11756820997044988,0.03183718501886235
219,0.17202619842638345,0.027872160074274035,0.09635483566401522,0.24340550189876795,0.15584064333425707,0.16048526269557306,0.11033458655509093,0.03368081135063829
220,0.16914779449323236,0.021470772602270573,0.0961810223241149,0.24706731317720942,0.15751626737981703,0.16090129404223172,0.10425929758393035,0.04345623839619361
221,0.1638585561810193,0.03786024796081316,0.0764654844999708,0.28334465440799333,0.13404955972225335,0.15944240258422562,0.09577506423776685,0.04920403040495752
222,0.16005069076982814,0.039918483713151584,0.07234423331397548,0.28987205004625255,0.14276511025163846,0.15840392129377923,0.09086370703504547,0.04578180357532907
223,0.15422458325904026,0.018356583551246166,0.0880191584248887,0.2869401505657146,0.1490987034913401,0.15209936135986551,0.08403872480011253,0.06722273454679208
224,0.1279590421817538,0.013861486683294897,0.07751986340837805,0.3057340596078429,0.16316833593279303,0.16814473527579923,0.06183846877015817,0.08177400813897998
225,0.11987273740152904,0.0026395359344981092,0.07182328837621285,0.3230703119234149,0.12671097432640072,0.1744251144850009,0.10063158779984294,0.0808264497521005
226,0.12802056610025128,0.0012133807213769827,0.07277092768830039,0.3249825459078117,0.13066528333058802,0.16251588179430576,0.09294835955914352,0.0868830548972222
227,0.1370232593733483,0.0006532849177327673,0.07188180538987662,0.3208939503383846,0.1364580844311409,0.15329831093973884,0.09076468922004909,0.08902661538872875
228,0.14581641926830755,0.01539117212296754,0.06040806542058158,0.33755292714198676,0.11588659569650726,0.15320890506612422,0.0813037380306828,0.09043217725184227
229,0.09088308722835015,0.03135401117897831,0.02620641192985243,0.3909561394096281,0.05762074495418567,0.16129887062975473,0.11988664617003758,0.12179408849821287
230,0.08554461706875158,0.040742458936189774,0.021239034712262624,0.41641935839343935,0.10404557396228269,0.11799705290571842,0.0837262594911899,0.13028564452916563
231,0.08465655652421569,0.05456113734281199,0.020164640877031615,0.3964591276884543,0.1397962791555846,0.11361307438226152,0.07405761545221512,0.11669156857642513
232,0.04108215330580573,0.08548586168756511,0.001290586801711016,0.4264892398023887,0.15895695294774442,0.10392497042236465,0.07382026756204549,0.108949967469375
233,0.019123078025543628,0.09714360971250717,3.919644963415355e-18,0.44790793378972593,0.13562888533664158,0.1293059662589359,0.06896778393641961,0.10192274293922608
234,0.051253359961461034,0.10313867532260507,0.002319085865020127,0.4216931318405532,0.1239544390562886,0.1516094813313561,0.07960543567475888,0.06642639094695701
235,0.04912579567037417,0.09760485908816868,0.013845512008973658,0.4054551952895315,0.14088949742883816,0.1598979868120022,0.06031569486343875,0.0728654588376728
236,0.0,0.12942212171853695,2.5632970367005437e-18,0.3909023455325957,0.14300794457236554,0.19198302165820086,0.08614621124888318,0.058538355268417754
237,0.010650616192394704,0.16711125834054366,5.343083831274783e-18,0.40865049524462727,0.14805223443516552,0.16515982463438805,0.07683001580874829,0.023545555343132536
238,0.014540864018694494,0.16291168646642212,3.6850535061718683e-17,0.4056382095499034,0.15677353923070936,0.1635169249383047,0.08424843226832011,0.01237034352664573
239,0.0,0.1889280285586297,0.0,0.39544035018523255,0.16398855794826175,0.17461398570247277,0.06105310308531268,0.015975974519090483
240,0.0,0.19663457755643382,0.0,0.40865306568951504,0.13719737323333833,0.18000980610448042,0.06177273296010779,0.015732444455124717
241,0.001972012082274175,0.2130847631899771,0.0,0.39989148581847955,0.14141102309840517,0.17351329790913864,0.04753150216781698,0.02259591573290833
242,0.0,0.21336762214307206,0.0,0.37615461625428576,0.150039286223221,0.19606006342487378,0.0630761778948976,0.0013022340586497628
243,0.013018096458933563,0.18295136328357103,0.0,0.3666797079582273,0.15687226796350012,0.20586443895430004,0.054533253539039525,0.02008087184142843
244,0.026476249024287732,0.1800610137251551,0.0,0.3672582388676161,0.1487629858049023,0.21810265279575855,0.05308463399802635,0.006254225783253776
245,0.05521957921128949,0.21337541454455355,0.0,0.3390893600853098,0.08626745825682036,0.2595927189602172,0.04645546894080961,0.0
246,0.050713309181939545,0.22058058731195884,2.090943181942512e-17,0.3440692838051467,0.04505971466233233,0.2850699554124358,0.05450714962518673,0.0
247,0.09038052752441046,0.2500430449400589,0.0,0.3207231800681564,2.1301608074003464e-17,0.2913005484431569,0.038487859874527845,0.009064839148689347
248,0.07019220240275283,0.2638270310160391,1.071854020300241e-17,0.3198399183829556,1.0540822102756794e-17,0.28766758038584855,0.039473154713622484,0.01900011309778136
249,0.07335620401522028,0.2719286203005143,0.0,0.3159311263473653,0.0,0.2882171513517397,0.03710749827002386,0.013459399714136571
250,0.043352891541196883,0.24608487152733846,0.0,0.3413867190996052,0.025467535302968435,0.282908601934796,0.06079938059309508,2.8722887241364597e-18
251,0.045985450762197726,0.24803128874421088,0.0,0.33613469971378235,0.025249367728862503,0.29044417588980687,0.05415501716013945,8.34767910177223e-17
252,0.015371542515293608,0.2567104169479835,1.1953328951640732e-17,0.3255881904312715,0.0468838761997632,0.29882105872814063,0.05662491517654743,0.0
253,0.01909409365848409,0.29278273279260236,1.431180219601733e-16,0.238824191268892,0.08778596778534001,0.3171717075546934,0.04434130693898795,0.0
254,0.0171292654821672,0.35263373315703817,1.2164478383523257e-17,0.2337523526348962,0.08254682341495385,0.27466019580035966,0.03793323622210671,0.0013443932874780697
255,0.0014168231163393648,0.34642897056006555,0.0,0.24169134893820926,0.08763182648776993,0.26901249502238495,0.053818535874230675,3.4506513886960056e-17
256,0.0,0.3232146262828935,1.9089486317864455e-17,0.2323237925647813,0.10409981019595001,0.26956232166855615,0.070799449286819,0.0
257,3.0995172784648062e-18,0.3008102247760083,0.0,0.22832051819884644,0.09063713549942176,0.29029059297791865,0.08458008791979803,0.0053614406270069
258,0.01269241053091749,0.29800939696787015,1.5202970853778606e-17,0.266566479821469,0.0,0.34946415090916694,0.046228326115326936,0.027039235654249382
259,0.013250961673121966,0.28077764639435265,0.0,0.26518600073083687,0.0,0.3810167893505444,0.046128904105651646,0.013639697744492535
260,0.021438133788682978,0.2731109737003219,1.5118796954645293e-17,0.26986609481773305,0.0,0.38702416444017934,0.03821389703038771,0.010346736221694929
261,0.027413187796106898,0.2572478817607764,0.0,0.21880117180747605,6.805921642582318e-17,0.402803498215793,0.04226127692756347,0.05147298349128407
262,0.06633214037507676,0.24688260167899714,3.575749586830453e-18,0.2112846144507708,0.0,0.44847864568868273,0.012681853498122432,0.014340144307350037
263,0.0902546294877854,0.25805919799121113,0.0,0.1906922887877462,0.0,0.43652657245160914,0.0,0.024467311280648035
264,0.09086286012037326,0.24068001396470406,0.0031767211220685974,0.1912947962845047,0.0,0.43648543818593677,0.0,0.03750017032141249
265,0.08371939401250018,0.24958297340192925,0.0,0.196824393193577,0.0,0.43226480807854484,6.524206329456013e-17,0.03760843131244864
266,0.12041984629915488,0.21251457633191462,0.045631690200592795,0.16570528622064587,2.0871917524284652e-17,0.4557286009466918,1.3375225954838363e-17,0.0
267,0.11757189794934934,0.22441106639136224,0.06420150898486951,0.15492317743636103,0.0,0.4388923492370578,1.3985837448134597e-17,0.0
268,0.12780141948050322,0.22734417507129526,0.05472450638348693,0.14370217268144933,7.130958624690009e-20,0.4463664732897579,0.0,6.125309250731536e-05
269,0.10592543277888374,0.2274997693122828,0.030152847236572168,0.15342828905673073,0.0,0.43282799820407,0.0,0.05016566341046068
270,0.08824785997345601,0.2105261804145746,0.1031301805197748,0.11920013345096644,0.0,0.4300635768536631,0.005051247824488627,0.04378082096207633
271,0.08924721123333544,0.2066970407136059,0.09038010958444606,0.1250970544498436,0.004940472839739468,0.4409116232988345,0.005377327069955457,0.037349160809239494
272,0.08831899165720583,0.21280781882359975,0.1233571600653829,0.10876382612343849,0.0,0.45168369278881376,8.475199911981242e-18,0.0150685105405593
273,0.1402972483228305,0.19545644700324166,0.11057528416122557,0.10046590793069503,8.872802471377931e-18,0.415422657022385,0.02064156666646127,0.017140888892160932
274,0.1311715503816739,0.20338391533909056,0.0968453618875561,0.10810073713856573,0.00010691845001264059,0.42212303699711035,0.01965774927952997,0.0186107305254607
275,0.10968351433910005,0.16955968574302432,0.10957124288532766,0.12823512489956418,0.0,0.44731028298073505,2.28566546860424e-19,0.0356401491512486
276,0.08547061668916953,0.14607736125864948,0.14999522737886686,0.1381410953195273,0.0,0.44488637305519557,0.014155024761017645,0.021274301536573392
277,0.08620552755040657,0.12642903803036584,0.16871232367361763,0.12221949715643085,9.617999559058858e-18,0.4330243864815247,0.0390036597887667,0.024405567317887792
278,0.09431079640810144,0.08903948180994307,0.1631703035935866,0.1428179713038457,4.916973319247093e-18,0.4618139181659304,1.255578113537475e-17,0.0488475287175927
279,0.09528962166363131,0.07164504253035173,0.17899451062230914,0.11533776041999609,0.017158008305898843,0.4655207202654234,0.009113851612089989,0.046940484579299384
280,0.10949068775082944,0.06564112357699665,0.19295417041373605,0.11196483718355094,0.012460212414877287,0.46045274912523665,3.738485791821523e-18,0.047036219533772836
281,0.1164595104677408,0.05084941306833461,0.1975572735802496,0.10079014369394279,0.027603372960653173,0.4552473504291219,0.0,0.05149293579895714
282,0.13154492092130993,0.06200497742107092,0.18713983060341702,0.09438207625025587,0.008326770723625117,0.43672543937219227,0.017983656239540676,0.06189232846758817
283,0.15291304751706628,0.10174447126277845,0.2241273151444617,0.07753096694360784,0.0021234109699156704,0.4163577545248661,0.0,0.025203033636303968
284,0.17184869748557918,0.07635673737646938,0.2325490633879169,0.06923586189280047,1.0780611836168326e-18,0.4079672618555188,0.011751462585033633,0.030290915415681623
285,0.1858388844435161,0.050651082369033436,0.2283957317130389,0.0920599438425376,0.0,0.3834722894548067,0.028182484264263844,0.0313995839118034
286,0.18692079374531645,0.04504845548872028,0.2271402375945484,0.08255600299006335,1.0828151560332927e-17,0.3679796490330335,0.035220185093079885,0.0551346760542381
287,0.17919662633618716,0.06796866659179007,0.20185038550884854,0.08551936115766819,5.95707683891513e-18,0.396661288361849,0.05017737104702741,0.018626300995629574
288,0.17879304338572571,0.05714208529256989,0.20590539363730428,0.0925060185052642,0.0,0.38143602486806466,0.03615734228344698,0.0480600920266242
289,0.1733518675070063,0.04483657708227986,0.21145218853370898,0.09377754549032716,0.009321462953878491,0.3711172925705465,0.0536467157541304,0.04249635010712235
290,0.16149190758332485,0.06146150821320515,0.24809204398508058,0.07667208546591801,2.1076826705626085e-18,0.3825707665865073,0.04546990912989143,0.0242417790350726
291,0.16281707269118995,0.05729016389858852,0.24152643672749666,0.08523421929411745,0.004328926623795235,0.371479416806894,0.05154676414570691,0.02577699981121122
292,0.14744402504326354,0.064252584856947,0.25532253130583765,0.09143233779560342,3.549915081939223e-18,0.3562901444208081,0.08525837657654022,0.0
293,0.09873039902885597,0.09139136383448529,0.2748614348525913,0.11773875329141871,0.012023652816628441,0.2529097274731463,0.14095960721101203,0.011385061490862032
294,0.07929439418072531,0.11078749956694983,0.2763174954762574,0.1250944704311897,0.009965374999225033,0.2713938506857306,0.11986812541817453,0.007278789240747654
295,0.08152580486402845,0.11547546750287152,0.27275216290219156,0.12645337475398924,0.004893189399832792,0.2703023166295543,0.12152943208306495,0.007068251863467134
296,0.08707548011781611,0.09473896561843656,0.28108754234245287,0.13845343995786089,0.0,0.25981374983189753,0.10641246334179792,0.032418358788737986
297,0.08331439565970147,0.09890089527777365,0.2850210405761523,0.1315885849826671,1.7983523544131824e-18,0.26663674118182384,0.10126326616797371,0.03327507615290782
298,0.04508096567349575,0.13387291293236292,0.2898649886803044,0.12737366041724946,0.027714830694070342,0.2738782782648083,0.06972552859831894,0.032488834738389816
299,0.0502250094332314,0.13107248497656573,0.29105735871847804,0.12718918845637356,0.029756584210205654,0.26720496838732505,0.07106383527376667,0.03243057054305392
300,0.08273434204483511,0.1259035271608039,0.300090086801531,0.12286877561930362,0.04045969553606722,0.2295507759874603,0.06742123847146203,0.030971558377536682
301,0.1054092653869852,0.1383984259830303,0.2891364124428735,0.12241019543986055,0.0485566480579638,0.22616933085183444,0.057781681268204814,0.0121380405682472
302,0.09404907561421488,0.15162760729758562,0.27844872055718745,0.13195110525768236,0.051778787862956116,0.2307944573172514,0.05270790099737248,0.008642345094749716
303,0.09134346270633757,0.16512915967000966,0.2876590852891665,0.09084667659841276,0.08781130344775068,0.21001303172949318,0.04299966337472576,0.02419761718310369
304,0.03044357943375221,0.20259531776617173,0.2877267052578066,0.08392120293616874,0.11059436011434697,0.19659253832132564,0.04132496486192675,0.04680133130750114
305,0.04919371730111203,0.18030246559570584,0.2957220970058588,0.1042717292619258,0.13919490962099107,0.15570741587723835,0.03323602105386969,0.042371644282298546
306,0.03945849683233568,0.2104595191399608,0.2989447959282133,0.07656645196821436,0.15875548276943038,0.16013696796177215,0.0,0.05567828539907324
307,0.04301850939515911,0.20263789722591422,0.2985105678405528,0.07864166879985952,0.1651775023540201,0.15530815471677192,0.001664697854954202,0.05504100181176803
308,0.022235208885888896,0.2053329856333937,0.29045695498657165,0.07810679559310621,0.16869862283287773,0.16574539581948786,0.01815379142818659,0.0512702448194873
309,0.0077500576413763725,0.2117861669529016,0.288058002190732,0.07624064333385955,0.1907345481888373,0.16922755305695017,0.021895608681437934,0.03430741995290507
310,0.017454360349600673,0.21395732287040803,0.2996562675955208,0.03975219568856433,0.18397147350194307,0.11983123240193208,0.052930402701413,0.07244674488961793
311,0.026626875970026505,0.20657944365573472,0.3080744090951835,0.031389333955968116,0.17837479087233837,0.11486424612608562,0.05013981694223898,0.08395108338142418
312,0.029237453870617,0.20013606486589272,0.3142195531762028,0.0340115625572727,0.1823957038919653,0.1135055477784462,0.04764581540682623,0.07884829845177702
313,0.025029257985186716,0.21000563134153552,0.33808126139882194,0.0435073862830956,0.17769244034729034,0.0851384758246431,0.05828328070217693,0.062262266116249736
314,0.0326520193244191,0.22606476409176868,0.3290805179811571,0.03946489077570029,0.17232650451749107,0.07724603069561754,0.057564189818953254,0.06560108279389291
315,0.017971853448562097,0.21922681906219452,0.3254358373606704,0.04709572589804469,0.17447120978855726,0.08902824305974852,0.06353077060994318,0.06323954077127933
316,6.020123224384121e-19,0.2277809147677177,0.36746676177094584,0.025832762920839133,0.13202094194351616,0.11506934841786161,0.0642348227958405,0.06759444738227902
317,2.0248382373471052e-18,0.24866511630168894,0.34383558166893435,0.02977291925540678,0.13126655392032094,0.11631446297418532,0.051109099601539455,0.07903626627692413
318,6.55484807327552e-18,0.2380566204410529,0.3622072290261783,0.022283672118616447,0.09935494172394958,0.18431530751683453,0.04533022062924639,0.048452008543121663
319,0.007172287262549438,0.26836341435912875,0.3335772401307242,0.045175335988036795,0.08798777198281033,0.18082733811410204,0.05244431237844473,0.024452299783203638
320,0.02542808775423389,0.2712720227658347,0.3181832771440144,0.056100458697716495,0.07024740906849454,0.16374173363118774,0.04167277556019483,0.05335423537732347
321,0.05386205643375882,0.22109473539620653,0.2953768192152968,0.12771954836985047,0.06798742444548342,0.164130796952498,0.033502631117828786,0.036325988068077096
322,0.05461913569272274,0.24828806315464033,0.2639651111967274,0.11744233313830045,0.0757321887536084,0.1849735760931436,0.0039602053222195935,0.051019386647637326
323,0.061482858506248864,0.2588479166233747,0.25099752871014397,0.0968105523256434,0.043368193003880166,0.19261310119696645,0.008432571353622957,0.08744727827911948
324,0.06487669059653556,0.256098714901091,0.2524361987781085,0.10013753515186374,0.03971359626426112,0.18899322593809598,0.01276962213769986,0.08497441623134416
325,0.07983750343634924,0.24155188247283124,0.2524612369707731,0.09063122843040934,0.038349081746056515,0.1839505776920472,0.03391247101745482,0.07930601823307849
326,0.07902619319125792,0.2471168034380077,0.25086724560254203,0.08908015133462906,0.03999757909962813,0.18266765283487954,0.03172076455852966,0.07952360993952579
327,0.06868682188308373,0.2538125781885051,0.2502185094618827,0.08522285205527728,0.04721665735450465,0.19721994565689055,0.031856700509054835,0.06576593488980108
328,0.05252193926843098,0.26015910787836727,0.258594025867894,0.07977467684964666,0.0682974717286656,0.1937077384176739,0.04498245566908369,0.04196258431923786
329,0.058751542994027565,0.26684874437614037,0.25355731865340614,0.08303433229282436,0.05903527285228785,0.20661831936248662,0.03448527707406086,0.03766919239376618
330,0.042400527921125426,0.26743844088210306,0.2656088191458913,0.07010923533983886,0.04672656050657141,0.19835008911498242,0.06496044078757335,0.04440588630091413
331,0.040624100081375195,0.2679585610542801,0.26546720902955606,0.0676649861292882,0.045412892378597025,0.20232947595497242,0.06723469153389412,0.043308083837036784
332,0.04315811179593878,0.2584899327813567,0.27488728458438205,0.0881597439571003,0.05618279478015673,0.18597772499615148,0.04925920767889181,0.0438851994250222
333,0.02614222054208915,0.23587857501404672,0.25568415702892666,0.09946649843780879,0.04669084200123056,0.19595663394485913,0.06521585626749003,0.07496521676254891
334,0.03468117733226054,0.18549220846916162,0.2380886698646139,0.12673307132681616,0.032037843267236715,0.15880481940086452,0.09667544041919252,0.12748676991885394
335,0.017323950942820777,0.15200347887548663,0.19322766930904914,0.1539580458211419,0.011307000742583942,0.17078025534362173,0.13070252654308875,0.17069707242120713
336,0.01299645670644228,0.14084784891628968,0.1827515803998011,0.18542196522127427,0.02974824745359765,0.16437691718821762,0.12157752007482961,0.1622794640385476
337,0.01860224315512462,0.1371827942126781,0.17210159850521192,0.1892452250733965,0.014980697319510945,0.16796329948925084,0.13421872509429814,0.1657054171495289
338,0.0,0.10700224668998039,0.198869020643565,0.1873130624466173,0.0,0.19536178430212547,0.16839197522083998,0.14306191069587185
339,0.0,0.10799708239607987,0.1951287120701245,0.1845422132362148,7.346110106276289e-19,0.19776133076586241,0.1756375123216606,0.1389331492090577
340,0.0,0.11127343957478592,0.1999858983888374,0.18437911488745834,7.770081115804546e-19,0.19014946976133099,0.1753153929212784,0.1388966844653088
341,1.4200932386533765e-18,0.10806357794782757,0.19048757007212141,0.18518985992648504,1.2540680150001978e-18,0.1916256218919114,0.1826920585136835,0.14194131164697102
342,0.0031794842676258787,0.10031471048342339,0.19244840663668927,0.1674486707851168,0.0045053210278842145,0.20047898052505536,0.17212520115332516,0.1594992251198798
343,0.0012152361958623855,0.07982045469353007,0.20620695209998968,0.17282893302710933,1.2805285277900097e-18,0.2123071670106708,0.1704310751828059,0.1571901817890318
344,1.13331196753034e-17,0.10683307220447712,0.16870862417699153,0.1918842939363779,0.0,0.19759197511571633,0.180285612247655,0.15469642231778202
345,7.05326966432023e-18,0.10650818850128267,0.16953947994104576,0.19204067491037022,0.0,0.19748536531101868,0.18022811779662176,0.1541981735386608
346,0.0,0.10297328929851879,0.16132914600742768,0.19876379711714215,0.0,0.16945544503921134,0.2546827592011085,0.11279556333559156
347,0.0,0.10381496357977515,0.16412061245353932,0.19599032864424945,0.0,0.16753569759782763,0.25322535910297184,0.11531303862063638
348,0.0,0.07538859276297465,0.14923720892166462,0.1944068264779337,1.370182671478731e-17,0.18591546487565314,0.28900421619200944,0.10604769076876451
349,0.00053504762725954,0.07479239007788212,0.15136298587671612,0.19316243113811546,0.0,0.18503584024959197,0.28702742094774064,0.10808388408169402
350,0.018083827671559766,0.06216650706816607,0.1396162385704708,0.1780520236235112,0.0,0.1881078664614959,0.28517063335746445,0.12880290324633178
351,0.021605534276595874,0.041590756541368346,0.1848668927106539,0.14317600771396655,0.0,0.19608382068819566,0.2718453385460808,0.14083164952213875
352,0.013060062631463306,0.03883227591885247,0.1803121984016305,0.153982940635848,0.0,0.18614575189453658,0.2900996303537984,0.13756714016287078
353,0.03796420625146598,0.03380052159002473,0.18122985532907562,0.14174733547545357,3.20823257892902e-17,0.20462352161361763,0.2753246980129199,0.12530986172644248
354,0.048716592196748586,0.040013992217033605,0.19125641961858014,0.15922060848626732,0.0,0.20311187232625127,0.2706962783718464,0.08698423678227261
355,0.043291634214163106,0.09213869998254039,0.16200489063556542,0.1984271116850007,0.0,0.1771250698198404,0.2500314020526965,0.07698119160919335
356,0.054032349393198946,0.0877244233527836,0.15737291852314847,0.20256019405506168,2.5707449949142304e-18,0.1674504374992125,0.25472286804699507,0.0761368091285997
357,0.06690594448097026,0.087868562440724,0.15370393693623424,0.192316673351397,6.6162008207763265e-18,0.17479622230109296,0.24776516518040814,0.0766434953081735
358,0.062427302924922566,0.08021474632658886,0.14855215443339706,0.18421362827459295,0.0017934713926195853,0.1802112496189532,0.252688382551136,0.08989906447678975
359,0.09489856906441987,0.05664101454709252,0.10185347681423668,0.20712707459189597,0.0,0.15813484223027918,0.23660951750134585,0.14473550524972986
360,0.1267716692194771,0.09504137269057904,0.08960099939644384,0.18704513610581422,1.2456360643190879e-17,0.1900045519221909,0.20278354873933196,0.10875272192516293
361,0.12064199959652028,0.09116506502616387,0.10391221401375349,0.19100883200373686,0.0,0.19573949737077587,0.19475234662503293,0.10278004536301666
362,0.1543296332023429,0.12140822468806425,0.10214157506078121,0.18098505502533888,0.02527035686421387,0.2111640693756724,0.15184743048383448,0.05285365529875201
363,0.1543845492477561,0.12319520053018347,0.09993538981004967,0.1877785354840634,0.026722469351612023,0.20751777782193034,0.14954100187748895,0.05092507587591594
364,0.17106639768694523,0.11443696761789626,0.07936430905398216,0.1529481895570374,0.015379562212785603,0.22030527530284874,0.15594323395794812,0.09055606460955642
365,0.16313042744981465,0.12768366271691847,0.06231247071575305,0.15703326946883872,0.050574087536773386,0.2131089150924022,0.14991526074190625,0.07624190627659314
366,0.16498190814334224,0.13963367685426586,0.059944448643610086,0.16296090435188076,0.057282679175638326,0.1887411328661961,0.1635073422468832,0.06294790771718335
367,0.1592673208108788,0.13380111314940457,0.05520726944630616,0.1695961961933318,0.07912234406726798,0.17974096584616214,0.17243691713222747,0.05082787335342102
368,0.08746197977521074,0.12308025312733648,0.06895824313954135,0.16201112456729966,0.20909882284353132,0.11036854041748148,0.1647919222055604,0.07422911392303849
369,0.12055226283939852,0.1133209537004884,0.047653654044722056,0.13980042744087326,0.23462917164767974,0.1116847934274374,0.1596621770212613,0.07269655987713936
370,0.12845125741571925,0.11130071064605795,0.046749270895743184,0.1373195255215038,0.24377836488237245,0.1155905218502377,0.16665721263202532,0.0501531361553402
371,0.10975488388589556,0.12007747069326268,0.06369579791586258,0.11848809873146529,0.24191110971920896,0.09776285121048109,0.19142593922664877,0.05688384861617503
372,0.10423990985805302,0.10609827905476867,0.11671409398351297,0.1282558525161129,0.24473483703767757,0.0441490494416403,0.20964166189540684,0.046166316211827735
373,0.09600203505358434,0.12107322306965215,0.12854618294982784,0.13226341634305572,0.22045659476538018,0.0493351199939068,0.19523410797243076,0.057089319851161995
374,0.11508187551280254,0.1373818463645722,0.12201696663853978,0.12923247902534593,0.19636028160627236,0.05136764780941155,0.16207913666358909,0.08647976637846644
375,0.08859165295769092,0.1593836102371883,0.1112002487749658,0.13506151455123544,0.20137939687698753,0.09472301915168828,0.10430634457459621,0.10535421287464744
376,0.08466868956899658,0.1649472865557664,0.11982087616501082,0.13116051131990472,0.19941305709344764,0.09338454850358045,0.09750363541530664,0.10910139537698658
377,0.1035038089616829,0.16786979076569425,0.10748981714627535,0.14365895983814603,0.19005517599970312,0.09848780235074082,0.08417596307857539,0.10475868185818205
378,0.06296209969875535,0.17146151395175252,0.13150323606561085,0.1433996763073179,0.17481408121625283,0.11113540636671904,0.08707865313708607,0.11764533325550541
379,0.09804310147640624,0.15117510323627625,0.12396220837210337,0.1464464099689451,0.18732691614466798,0.09881456152224138,0.09375522919626221,0.10047647008209735
380,0.10189748306369678,0.14859109223376968,0.11166626980740893,0.15500268350243357,0.18960818400038604,0.12021397276423557,0.07798344368074495,0.09503687094632444
381,0.11110090480045653,0.14875190959711934,0.10764517613502518,0.1564232330122295,0.19118586185807296,0.1232989838874906,0.07345117812798203,0.08814275258062386
382,0.13875617095620166,0.13855958014645253,0.10682135336160897,0.1720494405549313,0.1802932709572227,0.06510360841547409,0.11026162716812617,0.0881549484389826
383,0.1438927843528732,0.1495217043461574,0.10666707092212072,0.15271950170911208,0.1815672356878872,0.05593327373651463,0.10456078599185527,0.1051376432524794
384,0.12314985328882384,0.15285963829232402,0.12313222798449998,0.14089858683124715,0.17895087171329066,0.05763951827937141,0.11468572919809758,0.10868357441134525
385,0.12164760863209442,0.14128357472556344,0.13224255165074306,0.13319957697189547,0.1722644857417587,0.05384972264289206,0.1399219519140681,0.1055905277199847
386,0.11930913841091781,0.15465017886244475,0.1542938993984368,0.07096480898016065,0.17706656859913397,0.016618269663792398,0.16237476176000668,0.1447223743241069
387,0.13120550168305228,0.15097689954491544,0.16012086656910315,0.06377202063833785,0.17868874481178054,0.0012116115344219319,0.17130464383137464,0.1427197113860141
388,0.08607683781627698,0.1814443584790588,0.12423547980218416,0.04337903435581793,0.19557191506409194,0.007009429495330861,0.1882711766817763,0.17401176830446305
389,0.09828372909386995,0.17216087419167128,0.1269386784358129,0.012187073924778651,0.19308418686393433,0.01602656997714818,0.20292952634147515,0.17838936117030946
390,0.12972369341100076,0.14048352786517251,0.12104494629161236,0.06841126202764948,0.19437957527100128,0.009579437628385685,0.17120159861267206,0.16517595889150577
391,0.09234488409607702,0.1620853470992716,0.041260987937571596,0.09350002455453964,0.22220049270336026,0.05048742447986475,0.16345070397368264,0.17467013515463248
392,0.09058192956230801,0.18028966764662435,0.03023272924484805,0.07649624095793371,0.21414867264795437,0.0538634090272055,0.1511539123190311,0.20323343859309492
393,0.07791309749249194,0.1880467496420032,0.022489738277492802,0.07776212174918767,0.2216856164857533,0.05763694852115002,0.15420463414984517,0.2002610936810758
394,0.09139755361869914,0.17123599630813452,0.03913130880819005,0.06787132301023774,0.2165410946972625,0.07024613205491165,0.17648718256426846,0.1670894089372959
395,0.09282126079949804,0.18312459890539007,0.005072713324178198,0.05813596748298016,0.2465058914362265,0.06610863033766894,0.14734076673441138,0.20089017097864673
396,0.05709875144199478,0.22146527298562355,0.0,0.12508103431401738,0.24366408005518334,0.06087729321054068,0.10890248947664741,0.1829110785149928
397,0.12878527983268093,0.18101494994008738,1.15725876418503e-19,0.09082139464085318,0.21511634742844757,0.07258952202225655,0.12617148219575797,0.18550102393891632
398,0.12478217064559667,0.18393455395283523,0.01239112700332537,0.07794106396584742,0.2033571915831088,0.08342330214366361,0.14037314169140044,0.17379744901322247
399,0.13040217953709607,0.18613043924787231,0.0,0.04053817738406118,0.2195564651580063,0.06852689160055118,0.17255802266207135,0.18228782440934152
