oos_period,model_1,model_2,model_3,model_4,model_5,model_6,model_7,model_8
150,0.08132742197591684,0.22565037356305456,0.15373163460130085,0.011639049460180512,0.1654330930593854,0.11274430495897177,0.16715686228886933,0.08231726009132066
151,0.0519570168627687,0.19868044278339014,0.15791783912080906,0.05647375947978989,0.1745483586444635,0.11492409687552937,0.13999578899323867,0.10550269723901061
152,0.04901536791450835,0.19557504642365411,0.15353421490643163,0.0517426867181505,0.1877372632337287,0.11576014900520844,0.13377189232070302,0.1128633794766151
153,0.04962522178135323,0.20031830121243682,0.1555888304996465,0.04985370472814264,0.1793323993007346,0.11321612665867603,0.1340227457618067,0.11804267005620338
154,0.04482129877227779,0.205041964773864,0.15000273330520944,0.06021270656467265,0.17713999039675044,0.11446113941480202,0.14068180382576354,0.10763836294566008
155,0.027211022174172296,0.22549499184016872,0.14614294699387134,0.05749398596877882,0.16648865479836614,0.10543787233736214,0.15327977983140578,0.1184507460548747
156,0.02865673149663947,0.20007915845496405,0.13634660527187178,0.08194292419254082,0.17368481882425924,0.13363608895453455,0.15721848044831221,0.08843519235587767
157,0.028687097201998694,0.20018194417405064,0.13574242036903478,0.08265224454367011,0.17044363520124192,0.13271127156717527,0.16018222104625018,0.0893991658955785
158,0.035952828053443346,0.23458105188641953,0.13225947504008517,0.06802434701865415,0.1801685244615998,0.1224608276309598,0.14942050754037572,0.07713243836746236
159,0.0371214544682224,0.22875902555545694,0.13659711903042904,0.07152576079222452,0.1737734498567393,0.12533482584693967,0.1476440315120019,0.07924433293698624
160,0.0385234244906425,0.21776514132262625,0.1433141123130828,0.058950204041188566,0.18365805599626606,0.1297193454026037,0.1414218838906327,0.08664783254195728
161,0.04307497282587522,0.16767888455405333,0.1811189235634356,0.08103559751924207,0.1608641971706424,0.12876590823143194,0.11804333486388079,0.11941818127043866
162,0.03528658703105546,0.20849771445349624,0.14461520579269116,0.11374666541397782,0.1556619768405244,0.16219530171776717,0.07241839605226776,0.10757815269721978
163,0.026657412496961876,0.1828385810171155,0.15114549414782352,0.12765212636129897,0.1536402884966398,0.18996348037923438,0.06315401141065408,0.10494860568927185
164,0.026541347642163704,0.14662204096990286,0.19194870333170616,0.0952528533844345,0.14739828902530483,0.17896674136643254,0.08228921534956579,0.13098080892948952
165,8.27289660856169e-21,0.1469787721307388,0.10322848996018903,0.2789894169806703,0.07610858905222707,0.22566189951478133,0.046105752619515813,0.1229270797408775
166,0.01683712730624447,0.1379598634853346,0.20717126513877362,0.11723089235275228,0.14269510905154736,0.21533975555838186,0.034574692954397475,0.12819129415156832
167,0.02471747772175142,0.12607214388321764,0.2030558941308953,0.11524119318576607,0.16327652885087263,0.1993527721819021,0.03597263305806816,0.13231135698652663
168,0.020307209024714192,0.11028076868973292,0.21157483919333192,0.1113779558054392,0.16472090545280635,0.19743207100525895,0.05167518708172264,0.1326310637459936
169,0.03000087831893588,0.13445918791015224,0.22048221449450867,0.11910912612987835,0.14294080035390955,0.21624657622348892,0.009976712488223722,0.12678450407990263
170,0.04673880413922504,0.34247702121683166,0.10117342206912248,0.12267112992016944,0.12338353656681485,0.15948535687529541,0.023645779731967582,0.08042494947957335
171,0.03815072924885194,0.2836131552597315,0.0938206695479779,0.17248304569944775,0.10018323045279237,0.24661347729977298,2.602508730436236e-19,0.06513569249042553
172,0.0026590810568486827,0.12142873879667088,0.11833556618600395,0.3353079833804013,0.046429657015799194,0.2763387107573213,0.009686968605815416,0.08981329420013921
173,0.003908997880141398,0.10509065119011306,0.24039772370725984,0.14047819599984387,0.13672802570862383,0.2515719865629282,0.008696496745737813,0.11312792220435192
174,0.003096536873155399,0.09735632462592017,0.24159855358891216,0.13442390291651204,0.14303893002897317,0.25068013014772395,0.01010226107342135,0.1197033607443817
175,0.0,0.110165990056847,0.21441592295476697,0.15258913892139506,0.12054450234517107,0.289806378195807,0.025358402612054156,0.08711966491295867
176,0.03017550980709287,0.1028038521873053,0.217821522585452,0.11559188679597736,0.14942661619315126,0.21457736779919873,0.05628229091246177,0.11332095371836066
177,0.031941539130861014,0.09966947333281365,0.2292750093054299,0.11302560445673497,0.1416403185485635,0.21363830271151674,0.05599491517642173,0.11481483733665848
178,0.02860939116101722,0.0949983953624147,0.23417667446724522,0.11326771972214453,0.14503708860990175,0.20816028489959107,0.058940029822894466,0.11681041595379099
179,0.026957884719714185,0.07482336982583197,0.2950807053930422,0.10468038104582739,0.13554242246991466,0.2597677701442572,0.006694994666494618,0.09645247173391767
180,0.04874389710908709,0.09167196304605096,0.2573976537018797,0.10835905746316249,0.15708874502404363,0.19402550404460872,0.03150005973183808,0.11121311987832938
181,0.04652572606616839,0.08416521694925083,0.25822736705209515,0.11487047749362515,0.1604468954996261,0.19034635235496292,0.030334716087747862,0.11508324849552352
182,0.040511655112498025,0.08624200480190622,0.2574704291769917,0.12165941330551645,0.16286607603475753,0.1861922064879757,0.03050115704789835,0.11455705803145594
183,0.0440276607151631,0.12411822061638114,0.21226564871517473,0.14790605836706258,0.17048964408914177,0.21847440802094295,0.003533444962065468,0.07918491451306807
184,0.0463379351510764,0.10560513678922365,0.1938090730498383,0.16160929684345393,0.18436534530622298,0.20812916585166846,1.5002960340742247e-17,0.10014404700751621
185,0.04943866933203189,0.10468338489146971,0.20071364303219422,0.15343945130356398,0.18834249766141659,0.2062269164061668,1.657484659097398e-18,0.09715543737215672
186,0.05197391477871477,0.10260549433916141,0.20039545000733588,0.1481179194530619,0.1917496887609486,0.20618136516670188,4.809558953623514e-18,0.0989761674930755
187,0.0529956716032241,0.10412503134108901,0.1991435628206999,0.1460484570073754,0.19762364287298373,0.20785170258742172,2.6495190590088018e-18,0.09221193176620605
188,0.040994676859954594,0.11698126693864963,0.2050133578157411,0.14230330854635287,0.18229402675029935,0.22869419912005548,1.6655753472866498e-17,0.08371916396794693
189,0.043947224740632555,0.11114595227959267,0.22391720615953423,0.13861522452983183,0.18047017096909726,0.2189554662302313,8.782884630071056e-18,0.08294875509008005
190,0.03584801778169377,0.12951911228802235,0.15111337571680328,0.1574995313546737,0.20189537454764717,0.2498652562654627,0.0,0.07425933204469698
191,0.07804770517393005,0.15963307122926834,0.13248706044983544,0.14634451960447287,0.21829908194115694,0.2251305949369875,0.0,0.04005796666334883
192,0.07461056361878429,0.15529293723164705,0.1246052015534477,0.15272415602454226,0.2498199586296572,0.2057545876107822,0.0,0.03719259533013922
193,0.09832179255765319,0.1386738114072342,0.15578799180798084,0.17229793142395092,0.24805326725361698,0.18475223272786997,6.956745057901633e-18,0.002112972820693845
194,0.12834073572796445,0.07885394625973594,0.1384891403932281,0.19657256873416618,0.22954153547926895,0.19711334394816782,0.022029711091121364,0.009059018365347109
195,0.13034713351678173,0.07825558928828767,0.13555028510507336,0.19467114353449616,0.2373995230578622,0.19365356807768766,0.020534165629716262,0.00958859178909488
196,0.15745532978077892,0.08825592564482772,0.14449268944938617,0.1848110910285962,0.22830916714691765,0.17279897658404578,0.01329845375712822,0.010578366607319319
197,0.18288545463657122,0.07627813630632482,0.13944605497441312,0.16891613036776296,0.27005696624456843,0.12844308133503363,0.027440153932105346,0.006534022202220382
198,0.18353106606860914,0.07448431164487673,0.14243875239293735,0.16734708317168193,0.2680791734581755,0.1293931836303837,0.026573753766377203,0.008152675865958378
199,0.17043583458775824,0.07432331253879726,0.16083753436152273,0.16097717880107082,0.2505114984192684,0.14235986354353405,0.026229163864334094,0.014325613882714349
200,0.16047835759578968,0.06454633008900398,0.16287776669175813,0.1542303663055566,0.2743058896937247,0.13157924752339767,0.029109334607808013,0.0228727074919612
201,0.17093610473215115,0.04171238457419361,0.14267417989912665,0.14004084113577922,0.29525177323991414,0.13545904603279105,0.04473885313272391,0.029186817252320245
202,0.15673290464956197,0.0427670333172538,0.14556456786406677,0.11822395980589821,0.30281439438249036,0.13784331762929877,0.06282648645125603,0.03322733589917396
203,0.1521439454145416,0.042002239507273664,0.12867476601236555,0.12137383210108703,0.3118833787590274,0.15929960940929488,0.04722145008786692,0.037400778707542805
204,0.17113893804014418,0.05267594649555803,0.12259345870047213,0.11117504411744643,0.3172538385511813,0.1444710259089626,0.042541209272904563,0.03815053891233071
205,0.15935159474991606,0.05410793756711806,0.11235080312675719,0.1178747424640366,0.32406743082850453,0.1501762119555742,0.044957036347689584,0.03711424295940369
206,0.1621196740375818,0.039154818898533846,0.1051185149015704,0.0954293095414154,0.3456420275017225,0.14648644908420602,0.03882465597751922,0.0672245500564506
207,0.1447130053529097,0.04876490450350356,0.12884375697314743,0.0778478369633188,0.33266499783074555,0.14086494249443646,0.042007059404718126,0.08429349647622042
208,0.13682369026290908,0.0482576883116002,0.12384973360986619,0.08105717055038611,0.33820567745685165,0.14506415292151906,0.04163515322616344,0.08510673365970425
209,0.14032689225142483,0.06831486998032345,0.10068536941436448,0.07944491466466035,0.3258189443738344,0.14320907399776697,0.06471503334362091,0.07748490197300457
210,0.1395206979869032,0.059926278032979174,0.09253379770217351,0.08130627166776222,0.3380544992405518,0.14387264912913517,0.06628888664305174,0.07849691959644327
211,0.16423619755855945,0.06343652292898419,0.10047926739576463,0.08051941230965662,0.325414922801701,0.13228686171425966,0.07694281500175815,0.056684000288316244
212,0.18270715163791829,0.04791290395183608,0.05915269606665831,0.05201222175443423,0.33735574780881644,0.14691152821844602,0.07728321007541766,0.09666454048547304
213,0.16051007790013794,0.045061071203757866,0.061504463912130616,0.050557398307557185,0.37066431709887376,0.13747177715716571,0.06696796259301989,0.10726293182635699
214,0.16181022022511649,0.0714825929538655,0.06905176846043913,0.05579170475754103,0.36144645324792996,0.13380507717084056,0.061425188342771164,0.08518699484049616
215,0.1745962416750873,0.06736005265673227,0.03248164157601091,0.08288313577856911,0.36227639810671874,0.15227171143918544,0.07655241654281927,0.051578402223877065
216,0.17410988954114032,0.06559251796442175,0.029518102029617233,0.08013189412200128,0.3652268071907082,0.15700051689049885,0.0771849306889699,0.051235341571642355
217,0.20488509040521616,0.0744414960066734,0.025153729808096388,0.07575951990827379,0.3663324934790299,0.15076100062313658,0.07711123403282973,0.025555435735744047
218,0.20666465171367804,0.0777601453890538,0.02519106952178662,0.07640433906891628,0.35300792942136033,0.14875567420384084,0.07834077371394821,0.03387541696641581
219,0.08841344840669994,0.02209302595332677,0.0,0.04556915043204773,0.2689984951011043,0.18071856796737024,0.08526276916865087,0.3089445429698
220,0.20237934693789522,0.07166108476945464,0.020005802858076117,0.09564356976025272,0.3619907685668136,0.17991951485517918,0.06839991225132841,0.0
221,0.07687286387036388,0.051290909760748286,1.7733905300171925e-17,0.059176518102734894,0.25619829396424343,0.16300836948688774,0.17159501569109972,0.2218580291229219
222,0.04554920462363354,0.0,0.0,0.018348096340958003,0.15988941986220642,0.10294024421370718,0.09158321875460566,0.5816898162038892
223,0.16020709978647582,0.09231075170648684,0.06923124198166727,0.13494774059705805,0.16764707307245083,0.13460110877203543,0.13769521803946683,0.10335976604335889
224,0.16340575168183194,0.0912212621827576,0.06374830762358422,0.14222888256317612,0.16816422926103813,0.12942793516177073,0.13840184462573293,0.10340178689910831
225,0.16182420964808975,0.09313941178719594,0.05843011609657675,0.1454271414306087,0.1673891080584107,0.1354564819190531,0.13723521001741967,0.10109832104164522
226,0.1613776100500146,0.0935855999243685,0.055292313061137244,0.1466815363894816,0.16953569342003447,0.13630570912927065,0.13622690240619517,0.10099463561849768
227,0.1686316122953508,0.09286968419390063,0.045966475625569374,0.14750936299730436,0.16830362136278945,0.14221137543664975,0.13530117431409272,0.09920669377334292
228,0.1711042885122579,0.0895646554228316,0.03925685517966071,0.15194232395926022,0.16733277518470593,0.14629746937004107,0.13515337480980552,0.0993482575604371
229,0.17255825931506552,0.08910653051637149,0.03800796139038109,0.1524850166215047,0.16740471457528178,0.14854145603988747,0.13271882219236256,0.09917723934814533
230,0.10006907062787637,2.0673961249751613e-16,0.0,0.12867456125997623,0.13130440179041583,0.07582059334134407,0.0,0.5641313729793872
231,0.05661681735441692,9.069292382068561e-16,2.0802524084706277e-15,0.10000322129512026,0.03218213793738136,0.016758935745372922,0.13069935921245185,0.6637395284542535
232,0.12107887265094502,0.030480936294723558,0.0,0.11516015921578818,0.11867816918787423,0.10618397858670053,0.22206934632254585,0.2863485377404226
233,0.10470422924460387,5.666999818216342e-16,0.0,0.12077900127651259,0.17404540212717784,0.10533137397826904,0.03686052023753059,0.45827947313490547
234,0.15472394683490362,4.730190907674679e-16,0.0,0.18499587502594625,0.1123749815501591,0.019315354294197635,0.06622638451840976,0.4623634577753829
235,0.15582454831931924,1.2254650334714306e-16,0.0,0.16940034823155808,0.11843596930352107,0.027901066917503128,0.08976206149199054,0.43867600573510773
236,0.06230842047356736,8.443387184144464e-16,8.560571799132021e-16,0.11529516901556955,0.04959272355076375,4.486692593739792e-16,0.20232013096324414,0.570483555995853
237,0.14487968020147118,8.271078206582958e-17,0.0,0.20552465793589025,0.0856421918174218,0.011904159072950274,0.1429226371315038,0.40912667383976253
238,0.1260456104220753,4.564056914857236e-16,6.067189168975929e-16,0.2159667458953123,0.10569648107060937,0.006788804266674509,0.023356247609305585,0.5221461107350217
239,0.11990569706675876,0.04619852890507875,9.162884786032636e-18,0.1237831395022688,0.11086014180997879,0.09692056594104294,0.41356036183694334,0.08877156493692846
240,0.11661188702654099,0.04608757366553507,3.9790960884007066e-17,0.12618320723780746,0.10715189165883071,0.09917863296147131,0.3293270151618308,0.17545979228698358
241,0.11072497855559653,0.060760366246455096,2.264288357227077e-18,0.11633823918914764,0.08512863024783575,0.1107752824839646,0.4292836683236865,0.08698883495231385
242,4.135632813762836e-16,5.011571020706965e-16,0.0,0.15499048016342687,0.12435086376081841,0.015573316671378576,0.7050853394033751,0.0
243,3.3306068644280106e-16,5.927469841281163e-16,0.0,0.05067719022410102,0.12140412412122081,0.05781087321516039,0.7701078124385163,3.2541822357784244e-16
244,0.0,0.0,1.067656208904815e-14,0.03965528604794802,0.23033714491311583,0.05409253805668759,0.6759150309812356,2.1239510912135906e-15
245,0.0,0.0,0.0,0.2639644989612443,0.009356022531372464,0.04986791571026037,0.6768115627961228,1.236673143231255e-17
246,0.0,0.0,9.751578059122063e-16,0.05103335098762222,0.14850900729994454,0.08159628215325714,0.7188613595581742,8.741972803899383e-16
247,0.07237354189117311,0.0718563351300071,0.0,0.404940872910515,0.12383773149201424,0.16741767259374307,0.1595738459815475,4.6718102205764226e-17
248,0.03426294772409359,0.07792806850266674,2.3929571107927827e-16,0.14415713365457766,0.3784953579443233,0.19266897282750872,0.17248751934582945,1.0870900095435537e-16
249,0.021476106228254587,0.09035568145263285,2.0398701012771536e-16,0.09786757316764269,0.37851256516710174,0.19616031941811232,0.2156277545652554,1.5280871415146317e-18
250,0.0,0.07352751158706705,6.0597127966121e-17,0.06510378568109218,0.4003179471530994,0.205369534587679,0.2556812209900622,1.7780907086557846e-16
251,0.02091277086786106,0.12028716244365006,5.408665357215883e-17,0.2209914667095853,0.30563667540726097,0.19260518181789446,0.13956674275274797,9.268137758659108e-17
252,0.0,0.13655859373175633,4.1583656524083284e-19,0.13926677782866456,0.3805996657331537,0.2333942972758534,0.11018066542957211,3.892621840299892e-17
253,3.0776638382258905e-17,0.146253134443616,1.5048595872412121e-16,0.1670277106030262,0.3307631091693692,0.2048838602093792,0.1510721855736091,4.187293682826525e-17
254,0.0,0.12188050270629755,0.0,0.10617804925850416,0.34671411354066967,0.2691300277410202,0.15609730675250852,6.596165236107386e-17
255,0.06537604452835212,0.1334711852199718,0.0,0.1370123613359298,0.37295719013777967,0.15785440440288276,0.13332881437408367,1.2865371677595884e-17
256,0.06310578847881522,0.1339632174368481,4.428113547695682e-17,0.09492186590819729,0.374521683400961,0.15688143840994412,0.17660600636423418,0.0
257,1.411339584031431e-16,0.12801129216535093,0.0,0.0937523330780566,0.3887316027533267,0.24729902980162816,0.14220574220063742,7.583968768492732e-17
258,0.05978450125694514,0.1401191235832939,0.0,0.12563226861305776,0.37534981178618937,0.17194258795224757,0.12717170680726608,7.981816455095902e-18
259,0.05614350138306924,0.1472150087826409,0.0,0.13092968044821812,0.3629970546339328,0.17431767517554,0.12839707957559898,1.2830709501207501e-17
260,0.055406257453802635,0.1555926154619846,0.0,0.14452101022134145,0.34694992558519344,0.17511422186410655,0.12241596941257123,3.097657721621002e-17
261,0.0,0.14952725361366354,2.848738614250668e-17,1.776149419073803e-16,0.6079115551019096,0.21777653700819175,0.02478465427523476,3.833067366033715e-17
262,6.984138083311096e-17,0.1500315510133327,0.0,0.061293928320466824,0.5354400648066853,0.2302852602006926,0.022949195657822413,0.0
263,0.0,0.13280792505137548,6.436831488725529e-16,0.10542108601047227,0.4660076028160581,0.2598097259570859,0.03595366016400696,4.675209490583058e-16
264,0.0,0.11805617468741482,0.0,2.0826800437837802e-16,0.5967986993743395,0.2557030234271145,0.029442102510130873,0.0
265,6.937829872265531e-17,0.11878487907350468,5.825850669230765e-16,0.06534442763596589,0.489205805489783,0.2779613192864078,0.04870356851333793,0.0
266,2.2721966254137973e-17,0.054076578453711666,2.2803851107353253e-16,1.4758120440268799e-16,0.5863756587040225,0.3552912552646875,0.0042565075765777045,6.030156040685631e-17
267,1.027033867067853e-15,2.6823627669524305e-17,1.3733901495451741e-17,3.9808109750722725e-16,0.6115150619445167,0.3884849380544799,5.344015881859765e-17,1.6816809553915191e-15
268,1.1571361716319419e-16,0.038707343497209765,1.7477094963163085e-16,0.06699286366017429,0.5031010294506765,0.3911987633909391,0.0,0.0
269,1.8695560882746814e-15,0.03576957772745336,1.826650394105759e-15,0.5769335100534042,1.4138184885128268e-15,0.370839592788028,0.016457319430105134,4.0517077209290606e-15
270,0.0,0.0,5.796752341538507e-16,0.4169983268447463,0.14410175773947873,0.4388999154147739,4.9358341349929386e-17,3.6210729468348176e-16
271,2.749835828916211e-16,8.010152870939911e-16,6.176503418556077e-16,2.9051201207077387e-16,0.5723382050740592,0.4276617949249387,0.0,0.0
272,7.622583472058128e-17,0.0,4.648348119395727e-17,0.20537545308525454,0.351501738636222,0.4431228082775228,0.0,4.885904833106787e-16
273,1.561791969030048e-17,0.0,0.0,0.015653756344228144,0.5399168364271364,0.43782015300369015,0.006609254223945108,0.0
274,1.4961025953906981e-16,2.2349215405085204e-16,7.628418596826098e-17,0.053500460080624056,0.5116607475029403,0.42637373758126085,0.008465054834173393,7.934211127548941e-16
275,1.7520172819673367e-17,8.319588993223796e-16,0.0,0.6463460244639755,0.0,0.35365397553502337,2.668795198823898e-16,0.0
276,5.945722557110591e-16,9.589070416754119e-17,0.0,0.0,0.6445219099350519,0.34094112681169575,0.014536963252251456,0.0
277,0.0,3.2378983604841987e-16,2.792749850343438e-16,0.0,0.6485188804187105,0.33565316907835424,0.015827950501934286,3.2931245602059395e-16
278,4.711453806760606e-16,0.0,1.7660271710657328e-16,0.6629323883474941,5.270621671936911e-16,0.3370676116515037,0.0,1.0136186682723596e-15
279,0.0,8.192355110313615e-16,0.0,0.6721881556901862,0.0,0.3278118443088126,3.9993286144403686e-16,0.0
280,0.0,3.9739168312750476e-16,0.0,2.79790923684451e-17,0.6897327145481719,0.31026728545082743,0.0,0.0
281,2.7075004716088374e-16,0.0,2.984908882602511e-16,0.0,0.6913524967716284,0.30864750322737006,0.0,8.12823330477179e-16
282,0.0,2.2755293457430403e-18,1.7709549246208782e-16,0.6698072211787596,1.0211279860913796e-16,0.33019277882024,3.8011302372218745e-17,0.0
283,0.0,3.9480055302640913e-16,1.8561053341117904e-16,0.6748210476336678,0.0,0.3251789523653314,0.0,0.0
284,0.0,1.9878943015968233e-16,0.0,0.6834467898631482,2.719908882739136e-16,0.3165532101358511,0.0,0.0
285,0.0,1.4027569194401347e-16,0.0,0.0,0.7486274619436516,0.2513725380553482,0.0,0.0
286,2.0033357497146613e-16,2.0659571175806584e-17,3.4276604013105003e-16,0.7514198928742902,0.0,0.24858010712470865,4.079499091757495e-16,0.0
287,0.0,2.801730702631757e-16,0.0,4.7072258474097593e-17,0.7823141305100554,0.2176858694889444,1.0104774265129635e-16,0.0
288,1.2219566851140956e-15,0.0,0.0,0.8045448949671122,1.6785957143571463e-16,0.19545510503188623,0.0,1.217793374280672e-17
289,0.0,3.7183834557196034e-16,2.92219776710523e-17,0.8360290342996635,0.0,0.1639709656993359,0.0,2.723602894866459e-16
290,0.0,2.6628432544561335e-17,0.0,2.485382392050126e-16,0.8146095802885341,0.1853904197104656,0.0,0.0
291,3.499503259640402e-16,0.0,2.1680854955207288e-16,0.8775832936312512,0.0,0.12241670636774749,0.0,5.943806774807489e-16
292,0.0,3.4385508113036503e-17,8.416589407213376e-17,0.869175587606063,0.0,0.13082441239293635,4.935965441836933e-16,0.0
293,0.0,1.0725579153968487e-15,0.0,0.8637893008024724,5.469972182448904e-16,0.13621069919652562,1.9187822666397093e-16,0.0
294,8.459896415134531e-17,0.0,0.0,0.0,0.8793219867792005,0.12067801321979883,1.3121403673073559e-16,3.8642373716409e-16
295,2.070172422520052e-15,0.0,0.0,0.8897159543093085,0.0,0.11028404568968848,0.0,8.97117523798637e-16
296,6.623091082367482e-17,6.979656260185113e-16,0.0,2.538056821885496e-16,0.9516228634274184,0.048377136571580354,0.0,5.076113643770991e-17
297,0.0,8.197845498048649e-16,3.634439548229436e-16,0.8922800456140746,3.9548617768524475e-16,0.10771995438492349,2.5663498780044126e-16,0.0
298,4.0491383314902235e-16,0.0,0.0,0.8781093944131043,0.0,0.12189060558589494,2.360322751309892e-16,0.0
299,0.019028926939499213,0.0,5.505692752037872e-18,0.06661919679175728,0.8380779407969065,0.054634210165946245,4.462672491943623e-17,0.02163972530489075
