oos_period,model_1,model_2,model_3,model_4,model_5,model_6,model_7,model_8
200,0.16010104474992337,0.021937742458351273,0.13359145290200608,0.20530891894547323,0.15698144654804372,0.13405538369982245,0.1387048279494712,0.049319182745908616
201,0.16419630192734483,0.015503551817187182,0.127785397630222,0.2128858224272313,0.15936182455591372,0.1328769201489499,0.15043595447858496,0.036954227013566064
202,0.17161633983516783,0.015779225210314447,0.13003159731328576,0.2117463054191838,0.15449525324905328,0.1321919627692313,0.14727801915660205,0.036861297046161465
203,0.13411232624988464,0.02520900659610658,0.16178071963651466,0.19914806625950138,0.13287944352345932,0.13715818019341058,0.13035160655490968,0.0793606509852131
204,0.1337172415904558,0.026162710790086533,0.16896833610132037,0.1900580189593843,0.12609322342280782,0.1339788528370285,0.1403016057363273,0.0807200105615893
205,0.1267646665700952,0.042712264699097086,0.18515557328838897,0.20565320103259024,0.12001473638775813,0.12763005834583238,0.11105890490330544,0.08101059477193247
206,0.1219878418555895,0.05308862912360141,0.18992943275727311,0.191188929469439,0.12299452141140535,0.11919616463570339,0.11124780414221516,0.09036667660377302
207,0.12725726098058934,0.05142859138232891,0.18140143808859516,0.188566602866764,0.13921526519655045,0.11790936288912518,0.09818795845042973,0.09603352014461723
208,0.11190484125354638,0.05739385085321668,0.1436675027123773,0.15101490800247522,0.19026000342243984,0.12431758641666404,0.11117922888473027,0.11026207845355027
209,0.11760784228081976,0.053490501331972765,0.13080724110365508,0.14082513742597821,0.19244583439573723,0.12474744890757612,0.10427840205353392,0.13579759249972684
210,0.10854767074822004,0.060995449034602765,0.10351526965871656,0.1644179204456573,0.21129486275537465,0.13673778505972464,0.09476761360214939,0.11972342869455467
211,0.0968239727273131,0.051863552810929144,0.10673310196470444,0.17776854207994153,0.21268330606992195,0.138896650357535,0.09441205587804836,0.12081881811060644
212,0.08627081146265125,0.03562169190996662,0.10447372166553127,0.18802365911026203,0.2177567813503892,0.1384877735206875,0.09919055958787076,0.13017500139164143
213,0.08759431967742991,0.036601530022785954,0.10223208585137897,0.19076246090626683,0.21711953553198485,0.13898579501718086,0.09828426675277563,0.12842000623919697
214,0.10165631609376438,0.02992915751271129,0.11004375137712258,0.18611359934409744,0.1969308630176597,0.1406882565917744,0.10302538077081767,0.13161267529105258
215,0.1168760686141839,0.019678794078774924,0.09757071109686916,0.17502172658696824,0.1832713915966473,0.157815637225283,0.13129194092757082,0.1184737298727026
216,0.12542792584375018,0.024624591824334525,0.10247176768815121,0.1494349603352989,0.20070855325598574,0.1546006412045368,0.12355430814004442,0.11917725170689843
217,0.15224494267022487,0.043650224848495164,0.08306850308191503,0.1974061720805749,0.19224482277552124,0.14318187331120238,0.1227288663651388,0.06547459486592758
218,0.15208674896508534,0.05249651017405401,0.07779325738307148,0.19655421911817,0.19264566248925977,0.14869038409079635,0.13149404127984507,0.04823917649871794
219,0.17257811236708842,0.049030139328064715,0.07276866039810079,0.20782909030003274,0.16891665934787367,0.1506524197394397,0.12607051292212618,0.05215440559627372
220,0.16951937337969555,0.04391947892875499,0.07162306293351317,0.212422671933583,0.17035161439409488,0.15133223394539727,0.1205877104490819,0.06024385403487923
221,0.16842499152168547,0.05276305364576639,0.05908074407427898,0.23851860807753258,0.1579445073600528,0.1473852654037707,0.11356376406207781,0.062319065853835155
222,0.16710905411243793,0.05156513570749538,0.05567633065774011,0.2447061268931592,0.16493756273407556,0.1475814539555376,0.10146417578937884,0.06696016014917537
223,0.15705147579940396,0.042414727011704734,0.06268908222806666,0.24098227255128646,0.17258248084848737,0.14173877237934057,0.1061144306103073,0.07642675857040286
224,0.1388546727474974,0.03544002867382996,0.05320011399860548,0.257547852118837,0.18623794922025813,0.1551157095947633,0.07763617490468663,0.095967498740522
225,0.13488155947577601,0.027778279173075984,0.046814107854939016,0.2692119442014859,0.16273451696641747,0.15820804397823496,0.10608736273396077,0.0942841856151097
226,0.13593628022604284,0.02752007526875976,0.046085486975950156,0.2751307138492783,0.1661906964297432,0.15181017511184058,0.10390264050514839,0.09342393163223671
227,0.14114457562558583,0.025243344465640548,0.04597384578444247,0.27445269876990036,0.1652455611073486,0.14594177239884637,0.10438259395284112,0.09761560789439466
228,0.14933550880611338,0.03284446915098929,0.03940491638401134,0.2879853261616075,0.15188403537476,0.14625708954190167,0.09481855808365902,0.0974700964959578
229,0.11763023639323035,0.036945342218152356,0.02264879651723098,0.32592752975722716,0.11785295957200775,0.1481178085303311,0.11718236856891535,0.11369495844190483
230,0.11147632655149936,0.03963040430501665,0.0196953471465329,0.35335019484982066,0.14838263408730554,0.11758934800016585,0.09031845339787724,0.1195572916607819
231,0.10877078390538274,0.04914361091990531,0.020401316735153004,0.3419090755831455,0.16899523265518965,0.11670149118967839,0.08325528339625418,0.11082320561429122
232,0.07461858686069539,0.06854371260358318,0.009705499437281552,0.37109103446748987,0.18594845878810753,0.1107952786574189,0.07838957877128894,0.10090785041313464
233,0.054534533761252425,0.08158339061883851,0.004018609950792048,0.3868521070273062,0.17112361380930613,0.13368573851444948,0.0753851998917804,0.09281680642527466
234,0.08170302732739491,0.08320719409325256,0.011358780513166605,0.36692116151114146,0.15979686211429012,0.15328211422683585,0.08088935429966124,0.06284150591325724
235,0.07635029713318604,0.08237337336019776,0.018759092511865434,0.35011439817676204,0.173247717190391,0.16360141444243603,0.07347327549844086,0.06208043168572073
236,0.04684478059502664,0.10658299715676572,0.0037199151203174035,0.33539123132168985,0.17427590435342202,0.18580515595768277,0.091691253605585,0.05568876188851051
237,0.05305491487119508,0.13893085986806983,1.0375093779491365e-17,0.35530142454735547,0.17450776814247612,0.16290580182216519,0.08368304909758033,0.03161618165015799
238,0.05575105049790676,0.1350448474343586,0.0,0.3566754519328335,0.17888202675401718,0.16115734676271118,0.08862894577824057,0.023860330838932103
239,0.039110354455047326,0.15710367088813082,2.4873789865538102e-18,0.3495334753218725,0.18404340864285135,0.17135963527835865,0.0747549253161283,0.02409453009661099
240,0.04207530514122461,0.1644121937416651,0.0,0.35927475240895973,0.16355919618869608,0.17430007686132135,0.07485484081814425,0.021523634838988843
241,0.04267945795956888,0.18059271433711988,3.09001854322796e-17,0.35204406754471146,0.16553489025510879,0.1694908179944211,0.06560011387184386,0.02405793803622595
242,0.03383750632878975,0.18073122811226358,0.0,0.33696239107012854,0.16973141714592113,0.19168798025670755,0.07758140482284707,0.0094680722623423
243,0.05127678416113279,0.1587604734364678,1.4501733452571148e-17,0.32951336445780527,0.17364774429336857,0.1969244364118146,0.0702666825487957,0.01961051468961506
244,0.06014282356214326,0.15628925496680884,0.0,0.3349688418817245,0.16585110451931612,0.2064109562744656,0.06822916892765916,0.008107849866882424
245,0.08290995726920702,0.1846826365046188,7.765561002728217e-17,0.30479717252746635,0.11951975630034932,0.24074074990112848,0.06734972749622997,2.0956971543589718e-17
246,0.07694195165768182,0.1949226013828083,8.293699280230546e-17,0.30676298442383565,0.08283726961691361,0.2654060502074471,0.0731291427103132,0.0
247,0.10236681356435975,0.22470136825397138,4.565390456921376e-17,0.2826095659420347,0.059746330440347856,0.26940110344020884,0.06117481835807736,8.922572274473971e-18
248,0.08589197484780758,0.23961215567588356,3.182715845443946e-17,0.28152244855254754,0.060036563997347074,0.26548240488785496,0.062015343812838776,0.005439108224720456
249,0.09015277618718798,0.2476259250397063,2.283849782313534e-17,0.27983382999182127,0.05081800683741211,0.26969311975046173,0.05935982411248738,0.002516518079923346
250,0.06850798285876994,0.22636834229788558,2.7014087700922787e-16,0.3033442136958648,0.06415638347199329,0.2673513153619639,0.07027176231252193,2.9641413292963067e-16
251,0.07026957010035383,0.22936423125067662,1.1143094677203748e-16,0.29636634239391196,0.06201753169536258,0.27621130068407607,0.0657710238746188,2.2302828958799022e-17
252,0.04739754850521876,0.23783012292570863,2.789906122808064e-16,0.2869806728897538,0.07672216435543368,0.2836295677331603,0.06743992358972425,2.267570921163569e-16
253,0.05511523561360793,0.2727940859778347,0.0,0.2059508076044316,0.10807681584484331,0.2978142296764489,0.060248825281833444,7.11258859764645e-18
254,0.04765771692015251,0.32788546329501944,1.8882011668860735e-17,0.19725186950141624,0.10632561958973659,0.26382122685450854,0.05705810383816657,0.0
255,0.035232434948475784,0.3194854773537027,0.0,0.20344610178704925,0.10967828466759037,0.25786769846142626,0.07429000278075547,0.0
256,0.022304580148127685,0.30217744200202673,1.6902833670162425e-17,0.19813010046475038,0.12806761652841445,0.2579386458741917,0.09138161498148879,0.0
257,0.002216116587987063,0.2863920795071229,1.9676575364697718e-18,0.19792232582450708,0.12407735825219976,0.27452902455164374,0.1093507648458615,0.005512330429677899
258,0.03142251703706825,0.280795883278953,1.3712727291246844e-17,0.2053637139375689,0.06423834902805811,0.31931935612373646,0.08555846922363308,0.013301711369982165
259,0.03811420291154448,0.27250058976578534,9.199174853866526e-18,0.2130500917957707,0.01703616708582446,0.35019435400979465,0.08600419403645329,0.023100400393826902
260,0.04357095762957271,0.26282766539041935,0.0,0.21450177911765447,0.023727749629127527,0.35525681481354465,0.08077751688109534,0.019337516537585833
261,0.052285644231826175,0.2503950527655396,4.303962815636858e-19,0.1783962716787108,0.005434405391632521,0.37211507013069534,0.08172711056114265,0.059646445239452936
262,0.06750680432066342,0.24318736115537024,0.0,0.16467055623161084,0.009981786311136073,0.40106713276777173,0.07217045506269076,0.041415904149756815
263,0.08101927025279966,0.25392988055219645,0.003219229154995492,0.1459472910521525,0.02061315276589745,0.38920880108417477,0.0626343257689713,0.043428049367812215
264,0.08422533107035735,0.24448548203044013,0.023853104097396122,0.1449046043596493,0.01896066044412964,0.3931020139042984,0.04404913668903257,0.04641966740369655
265,0.08271411655213574,0.25144309294294975,0.023822508632890153,0.15430638461975799,0.013531709774518329,0.39816038564632933,0.03183223172446046,0.04418957010595824
266,0.09929206463169099,0.20662723552297327,0.044718176289331175,0.12952329878761562,0.02325444126692193,0.4117745381472597,0.06228981590359136,0.022520429449615808
267,0.09849465831616212,0.21811329192584425,0.055968603420753875,0.122224775593165,0.030408315961691423,0.39785345921491627,0.05727661323995164,0.01966028232651551
268,0.10355947310300968,0.21879406226732812,0.04624412153111605,0.11468957142631207,0.024185690719564418,0.4030653415141632,0.0616708659028067,0.027790873534699733
269,0.09056644972361443,0.21713666839991513,0.037767058898777184,0.1128607107959867,0.03550524664130193,0.3915305307736001,0.06427125650198874,0.050362078263815814
270,0.07811200662497401,0.20142142456609585,0.07705406524128569,0.0948638840056064,0.03417654029868085,0.3884623232833697,0.06787950685155539,0.05803024912743208
271,0.07730339378678532,0.19753778270251285,0.07257050625947585,0.09676430235288327,0.03699767603811656,0.39722726594495633,0.0681030800222513,0.05349599289201845
272,0.0764007114805347,0.20216108880411165,0.09716738935119318,0.08906375748855301,0.025138540873520916,0.4087864414877667,0.05889775981478469,0.04238431069853509
273,0.11788500292942529,0.18734042803140585,0.09248021048587629,0.08483903089299531,0.01771090429261237,0.3688695035755042,0.08485287586943321,0.04602204392174738
274,0.10603683763307396,0.19521545878690652,0.07952673194175902,0.08515358731674384,0.030416160867357673,0.37498353046360167,0.08545032766455254,0.04321736532500487
275,0.09299652242523786,0.1637232735239559,0.09567791274815371,0.10283610405842081,0.021515226988461426,0.3977895933414339,0.06752266300752584,0.05793870390581054
276,0.07433977857107399,0.13886741804455624,0.1290242001637899,0.11386100175524266,0.015042155573981478,0.393403775194841,0.08616278094500719,0.04929888975050747
277,0.07628743438858669,0.12307528432174634,0.14509802049572362,0.10182548516262237,0.015105848025501183,0.38364135049968584,0.10202278485239143,0.052943792252742504
278,0.0732806881499579,0.1012037385033429,0.147605517908713,0.11895510080900334,0.020441744005965826,0.40838734002908417,0.062312537081680025,0.06781333351125278
279,0.06651870035574722,0.08372180186683792,0.15161852242269014,0.09523085458491787,0.04390787381867451,0.40563746149153973,0.08411972858370291,0.06924505687488963
280,0.07660771347297154,0.08339165826955958,0.16410908594164714,0.09441927304615849,0.04077760353283419,0.40171087029402514,0.06986147889230752,0.06912231654949637
281,0.08452738993210639,0.07073887593730425,0.17069139637702163,0.0884092338138338,0.05344413203752868,0.40139672165970225,0.05733549199248591,0.07345675824901705
282,0.09120029747766006,0.07752867995482593,0.161334534270335,0.0836088326311206,0.041030115531508086,0.3828861536393738,0.08296386383305482,0.0794475226611217
283,0.10480466013619241,0.10764731063041941,0.1862504286227771,0.07411095495907769,0.03624519294171599,0.3586796079174332,0.07500256158538929,0.05725928320599485
284,0.11923775385638413,0.09135552969508812,0.19771982095586643,0.0687744266651611,0.03452851243218761,0.35190828011565584,0.07627825761170576,0.060197418666950935
285,0.13085990222462343,0.06969774123735242,0.19571400028494323,0.0882390443457352,0.03829598270275096,0.32757070696456864,0.08961558889221868,0.06000703334680735
286,0.1328852318509718,0.062381167767789056,0.19880475665639985,0.07956167383332494,0.036866360059355494,0.3118161510688432,0.09654056413604194,0.08114409462627353
287,0.12826415190665136,0.07679413346797481,0.18482250760073632,0.08029826289699359,0.032685420264710316,0.33863026873229873,0.1046276195837958,0.05387763554583892
288,0.1313005072788202,0.06593863377954265,0.18789830869776952,0.08209834419363576,0.039728347094418595,0.3225680652356722,0.09373357285866198,0.07673422086047894
289,0.12502970025663468,0.05526275978806304,0.19185890448088597,0.08285839332902599,0.05499530655303394,0.3136519080107382,0.10643541671054799,0.06990761087007012
290,0.11787223633065305,0.0648504776306988,0.21625626359483496,0.07136377472355057,0.045862986255195824,0.3220164638835883,0.1026827356760705,0.05909506190440803
291,0.12193588118980558,0.06258146009386381,0.21325955077828418,0.07798810378698798,0.053587318286327776,0.3147045992806769,0.1027296157990695,0.05321347078398421
292,0.11372598275680156,0.06716875151290662,0.23030652468868035,0.0839784356519264,0.049170556858657136,0.30415991000232373,0.12989964377442034,0.021590194753283807
293,0.08633799568517436,0.08178050026244958,0.25797300223083264,0.10787219337847222,0.05274647657248183,0.2195211311481421,0.16028584397490256,0.03348285674654452
294,0.0725266628380471,0.09261870968842573,0.26063806401128425,0.1121346183251625,0.052675779459661794,0.23324333102224395,0.1445852604265125,0.03157757422766209
295,0.07590277990927863,0.09663816695763079,0.2567215753575622,0.11276104175362474,0.048140878644754095,0.23250841622138654,0.1460813208488809,0.031245820305882046
296,0.08147752827968742,0.08412519648012672,0.26308698612237263,0.12453252068411146,0.04004818582655608,0.22610713692717188,0.13110089663040808,0.04952154904856576
297,0.08187545191458598,0.08442462754890155,0.2655483340549312,0.11903250981562305,0.03880368520903311,0.23047787454724317,0.13015135269475997,0.04968616421392193
298,0.05427922340269758,0.10633265321304616,0.26759458644666273,0.11492394983247915,0.06870673153477715,0.23169682036058523,0.10595994466707935,0.050506090541672544
299,0.06103344182383387,0.10448646453939112,0.2682111074161522,0.11008119842612865,0.07707632580332675,0.2218449202583565,0.10720542311332124,0.050061118618489664
300,0.09180462713825949,0.1076904005982276,0.27739444643051714,0.11634458785702619,0.07070667323349392,0.19934620434480751,0.09503222474916102,0.041680835647507145
301,0.11055097284319358,0.11739709064208063,0.26785009632757795,0.11613147210168208,0.07603801188598217,0.1963163512881132,0.08798623793179552,0.027729766978574755
302,0.1008986796333742,0.12830768320732655,0.25547993921544127,0.12606226362310127,0.08258833833233649,0.19783509012719316,0.08423956275294074,0.024588443107286286
303,0.09883757193965778,0.13817308301265946,0.26031044315654417,0.10033491034727829,0.10543059886209105,0.1843989524079468,0.07882180583713136,0.03369263443569118
304,0.054803858763035,0.16539422159970202,0.26072051173891536,0.09681617087003441,0.12039415366830954,0.17169058361082987,0.07958521746293906,0.05059528228523478
305,0.0634986789286464,0.1534179120763673,0.2686922606435819,0.11357008594173268,0.1376055173506166,0.14873422989380047,0.06517036236739948,0.0493109527968551
306,0.059569522472656185,0.17331340628915315,0.27040233729022584,0.0936808071167068,0.1520577104199984,0.15080910607197978,0.041660260640713154,0.05850684969756652
307,0.06174634815559906,0.16691527269421208,0.26920450668396834,0.09539996311311283,0.15530942072602252,0.14856495705021094,0.0452917053087651,0.05756782626710897
308,0.04653771114732419,0.1679415169508966,0.2639633786110672,0.09463259946074068,0.15877128194523038,0.1569950885633648,0.05769826554865636,0.05346015777171969
309,0.036385162605904964,0.17218220940261314,0.2645112450114882,0.08787213967640636,0.17566021635586246,0.16095869024347442,0.06039372882387265,0.04203660787937777
310,0.04077057924737525,0.18200874867223732,0.2698665952449988,0.06159517184350908,0.16809642922533402,0.1263303422696386,0.08267633688909205,0.06865579660681478
311,0.045780799299367084,0.17763326868104887,0.27586281937706736,0.05516805658614444,0.16482237885429188,0.12321249160457873,0.08040629361802487,0.07711389197847669
312,0.0476404706762921,0.17224012015178247,0.28197499161853185,0.05587719500555298,0.16816303768213042,0.12250296078872412,0.077795697853078,0.07380552622290815
313,0.04284301942592988,0.18219955021268544,0.3033340389263094,0.061742659761921864,0.159754697346952,0.10248966224086874,0.08526070611568072,0.062375665968651954
314,0.047251597649091766,0.19939048378221644,0.29600996556612813,0.05781343443957987,0.15543807725892803,0.09652971236998606,0.08327284386233498,0.06429388507073465
315,0.035056777079290474,0.19259255652433108,0.29347501278076127,0.06300121866997946,0.15750479196812092,0.10513669311430457,0.0900270016932525,0.06320594816895964
316,0.004214188523416353,0.2044979250938938,0.33080646198829355,0.0463801260443637,0.12814019395891113,0.12796398542182408,0.09265177098550625,0.06534534798279111
317,0.008772704456817373,0.2239295007745163,0.3116632391539109,0.051304064678609006,0.12284852006479563,0.12622655824940812,0.0779745441047093,0.07728086851623331
318,0.019839813962887642,0.21083030198010658,0.3254412184491834,0.044698498728775474,0.10005355245414976,0.17369157141057007,0.07080720715807967,0.05463783585524733
319,0.03146243968572079,0.2384916683683393,0.3019438932456797,0.061485491620092564,0.08831034166784556,0.16792239018032531,0.0727082207758082,0.037675554455188345
320,0.04748405850238408,0.2441200475068723,0.286573984981239,0.07334354781212753,0.07138099499350517,0.15192931391988654,0.0616499916527868,0.06351806063019858
321,0.0601046175725804,0.2055719014961079,0.2728937198577897,0.12121057953005013,0.07175025250362231,0.15544592062872972,0.05586031966001874,0.057162688750101
322,0.061920826774880755,0.22525094434223278,0.24344802429048898,0.1138113946428464,0.0776455092707312,0.1734233521277088,0.03645488436945575,0.06804506418065537
323,0.06569316530603699,0.23501430234667348,0.23383656316756518,0.09883552962247337,0.054817271215538386,0.1793280031344218,0.038943058950596035,0.09353210625569475
324,0.06767234670821107,0.2337462508088142,0.23649840703510155,0.10021729330179248,0.05236162459753514,0.17576741766882897,0.04160396833300232,0.09213269154571427
325,0.07769710930461494,0.22514453835444262,0.23549185004753576,0.09089016305241994,0.053919330207361234,0.17365873646323798,0.056838442974176964,0.08635982959521056
326,0.07679482067743669,0.22992221186283884,0.23512714175698907,0.0896471336521454,0.05490295698344159,0.17196840872978703,0.05533930839117669,0.08629801794518471
327,0.07077731909559302,0.23419656551332085,0.23330699841001062,0.08728201358774129,0.05933001144056559,0.1836287434529284,0.05540899288763435,0.07606935561120573
328,0.06264582377169518,0.2385666578749107,0.23739112481133678,0.085110896523441,0.0750522059005926,0.17819903876877402,0.0657751952294692,0.05725905711878041
329,0.0675125682437801,0.24486626620077834,0.23364979141134443,0.08638045411382361,0.06864236376050649,0.1888826492238351,0.05564123464058874,0.05442467240434308
330,0.05631363383372423,0.2461455401712459,0.2413335781385784,0.0793192728084192,0.060244516261016935,0.17664683113788862,0.07819167033636794,0.06180495731175873
331,0.05343462499281365,0.2463742444735059,0.24241332069414936,0.07848869717289768,0.05895264916640736,0.18087402818645254,0.08025451771557823,0.059207917597195264
332,0.05340662670320011,0.23903842073283163,0.24991121260295193,0.0946577191014329,0.06566577195427802,0.1690793544336425,0.06759390531101193,0.06064698915965087
333,0.03917382602176681,0.21819912540397424,0.2333338253349944,0.10786371048781142,0.05871080459238448,0.1763414212971914,0.07782563049602735,0.08855165636484989
334,0.04191815736424697,0.17809939568528574,0.22123523770663647,0.13121812820187953,0.04903750744345781,0.1471256502717637,0.10213389208874321,0.12923203123698657
335,0.02831027875056117,0.1499133635718805,0.19369931039956675,0.1522641845076601,0.03767293359456015,0.15517572251537298,0.1213640170544347,0.1616001896049636
336,0.024006838818044718,0.1402165010011667,0.1858176074594362,0.1788934434817233,0.050380206873512995,0.15120799222929418,0.11443127886168972,0.1550461312741322
337,0.02879412629368857,0.1375511001009046,0.17786846958981156,0.18163004162404997,0.038804367097752965,0.15525431664145914,0.12373734003136763,0.1563602386199655
338,0.015874394900108068,0.11407198643098597,0.20116797647233645,0.18293443307208582,0.027288901993373617,0.1749895974617727,0.14900913113366834,0.1346635785346691
339,0.014658092049005957,0.11643303944828207,0.19849335569108706,0.179315010215281,0.02873902038838705,0.17851927867269915,0.15355623020280332,0.13028597333145442
340,0.015327309662230074,0.1179639771328335,0.2033693933638193,0.1786699226286958,0.028489007468935058,0.17390740776180422,0.15269112946903057,0.12958185251165152
341,0.010096102777746715,0.11640466486101879,0.19230805677224608,0.17924411766882953,0.02654914366212222,0.1784103464983631,0.16260670321647439,0.13438086454219914
342,0.01892018703852701,0.10595051718379968,0.18883443998664098,0.16366197229884955,0.03569094087583939,0.18601008690369322,0.15001137065064638,0.15092048506100378
343,0.017653705297117732,0.09003370232162655,0.1986648458412707,0.16936662339167297,0.029014583399979775,0.1960120969140911,0.1499849982446385,0.14926944458860258
344,0.004150009468717611,0.11357663275397956,0.1731563832757102,0.18185403929247201,0.030667347056044632,0.18800629023575707,0.1611326645183696,0.1474566333979492
345,0.003183545770597573,0.11318957978156159,0.17523034507669916,0.181905953655299,0.03153419383531475,0.18781086280041487,0.16058584045970462,0.1465596786194084
346,8.21825126139112e-18,0.11408991481147851,0.1737795317010045,0.18314004931361036,0.014929301206280596,0.1706234560436469,0.2272609393521511,0.11617680757082795
347,2.3213223808725808e-17,0.11488062908562517,0.17596894577216113,0.1810646493363177,0.01623151263892705,0.1685401456517027,0.22563591901681693,0.11767819849744927
348,0.02893210573638035,0.08773800075525309,0.1528135079576672,0.18222422346131373,0.0025117733777167625,0.17979832980592364,0.25741260762313944,0.10856945128160567
349,0.0300975080229429,0.08875781023007506,0.15026987177374762,0.18361463741476647,0.0013468459097553088,0.17977797869990134,0.2576185647456885,0.10851678320212274
350,0.04020342440647308,0.07939466390757922,0.1414539238919316,0.1700895611304523,0.013989318245688281,0.17988993760227942,0.2526132008511608,0.12236596996343532
351,0.04814425724450572,0.0642593620504242,0.17425781923935205,0.1459066837877691,4.478686708602634e-20,0.1870016125115916,0.24370562548530927,0.13672463968004805
352,0.03931568315511879,0.06559208832439041,0.16728358283475378,0.15626297218271237,1.6012097048948894e-19,0.18115420443129387,0.2589253351460293,0.13146613392470144
353,0.06130182682522665,0.05984923400948212,0.16653389627979856,0.1454985045773676,0.0,0.20194266662259716,0.24538522433643192,0.11948864734809593
354,0.06886343290909679,0.06518638343224178,0.1728086632384302,0.15974859904390398,7.284218648583681e-18,0.19993736744342064,0.24329751095243934,0.09015804297946721
355,0.06035471584810635,0.10345481781922347,0.14945699482475797,0.18974724337294357,0.015382168897017583,0.17623960347093248,0.22612856661239125,0.07923588915362727
356,0.06482866243693994,0.09895623586432942,0.14573716662499317,0.19161418918819076,0.033735580223654374,0.164284642594311,0.22588742297414827,0.07495610009243309
357,0.07631857573825206,0.0995749752548697,0.143829017854443,0.18129653569321683,0.036916093264181944,0.17124390977203122,0.21809640969386407,0.07272448272814121
358,0.07249128986979268,0.09315088219131593,0.13913676231635094,0.17484104697067304,0.041570349880589205,0.17557358933691,0.2209565604184305,0.08227951901493764
359,0.10022593749622609,0.07347659189294406,0.11201531248694875,0.19448793933352004,0.017069746540722377,0.16359034591646635,0.21092407117229744,0.12821005515987485
360,0.1227625846175759,0.10354695176471249,0.09967236381876288,0.17584084696661215,0.028720218547920298,0.1871813747816462,0.18363754778377758,0.09863811171799233
361,0.11805623996155301,0.09931558478279648,0.10948973136564447,0.18006706580048001,0.029305484951430046,0.1920975854986581,0.17686295447765288,0.09480535316078495
362,0.1384307980072648,0.12159539072480632,0.10599717282076199,0.16892600358993498,0.05829549665728495,0.2026646993330473,0.1453989100417005,0.05869152882419913
363,0.13868162883859517,0.12293292485651441,0.10407147921837714,0.17609523228446058,0.05785774271548875,0.20018851645185137,0.14271133202670386,0.05746114360700862
364,0.15363490015332992,0.11532428868915966,0.0895756759059149,0.1466146459794908,0.05309574963230184,0.2092099513618977,0.14524889686090042,0.08729589141600468
365,0.14610261155558013,0.12478510063672871,0.07565666972677552,0.1491496383299836,0.07726918085877199,0.20754871238617917,0.14243745949134817,0.07705062701363281
366,0.14565193827089054,0.13400511914019783,0.07435317411227563,0.1537185928740451,0.08203293436635721,0.18972798280109499,0.1549762157495481,0.06553404268459058
367,0.14184388898519892,0.12863545750767966,0.06942127552133909,0.15919736955106006,0.09744339333846441,0.18264532139259032,0.16568642711683818,0.055126866585829284
368,0.09813610936413354,0.12142524647043429,0.07660858535295527,0.15026478655054412,0.1904015738991749,0.13509813409978877,0.15646635085866592,0.07159921340330294
369,0.1224282574779981,0.11278319955540198,0.061239099245296615,0.13218912954954745,0.21469153075610242,0.13492237944538,0.15161803525781425,0.07012836871145908
370,0.12623786525924763,0.11191552186242085,0.05806175277148962,0.13020113960598326,0.22180520487450217,0.13710786873898376,0.158685670169122,0.05598497671725064
371,0.11459499603238234,0.11766489252804893,0.068201627400491,0.11807845031567084,0.21942699675685634,0.12351848283782157,0.17874172718231374,0.05977282694541522
372,0.11328246223560974,0.1075688284145992,0.10749056609869712,0.12448811986729817,0.22000705990838149,0.08625398317426179,0.1892547595744016,0.05165422072575089
373,0.10916650299404958,0.11804349137422625,0.11641170076990667,0.12978783773318736,0.20091082594839116,0.09012850659614159,0.1778091456387049,0.0577419889443926
374,0.12567448530901107,0.12766968546788365,0.11520587642946829,0.12842313290361523,0.18312525159668402,0.09057642185188641,0.15115782974831887,0.07816731669213244
375,0.10570168722322222,0.1413978000769364,0.10859844415277667,0.1337295296535702,0.1882564176576621,0.12110890625796947,0.10960391962743489,0.09160329534942804
376,0.10416707643570897,0.14432331405985865,0.11577479719986257,0.13210322104643993,0.1875780637129471,0.11918040516938623,0.1048143469015349,0.09205877547326156
377,0.11746011804287536,0.14618165230093044,0.10646020511024934,0.14212548296563077,0.18100738259125845,0.1220230959660268,0.09585595417095434,0.08888610885107445
378,0.0875986439208271,0.14635316752844404,0.12474889713705907,0.1445635648012572,0.16698559230090884,0.1325596663239314,0.09887188516401772,0.0983185828225546
379,0.11398822333215176,0.13168817458930798,0.11844833638114473,0.14573350293874263,0.17813963819395032,0.1225252773412646,0.10293977800069376,0.08653706922174415
380,0.11605213762879177,0.1294569232180885,0.10913347668386077,0.15266220004774925,0.18120434721803816,0.13824291907593073,0.09148059591334182,0.08176740021319896
381,0.12284528635894622,0.1293100332669857,0.10564802524789782,0.15384310784401006,0.18326145357326046,0.14038318046562626,0.08903916199367273,0.07566975124860065
382,0.14627030604070818,0.12412454154782195,0.10201096919457692,0.1689661775067602,0.1733488154648958,0.0923830680415978,0.11609453675861145,0.07680158544402767
383,0.1505715742072405,0.1300267567559195,0.10173631307229657,0.15632347130062804,0.1744863305834438,0.08728794673289546,0.11237784777260544,0.08718975957397068
384,0.13096882103581622,0.13438157055268946,0.11196772667735301,0.1477544257974109,0.17118236634846332,0.09306021051620382,0.12002555480274207,0.09065932426832109
385,0.12921990865653996,0.1261703781023697,0.11718489008738497,0.14322060640682888,0.16455037666601718,0.09126739001646056,0.1376450326917305,0.09074141737166815
386,0.1290648569765566,0.12934641844866285,0.1287565511197649,0.10724696321355098,0.16990536536080386,0.06909886446160435,0.15185767520021637,0.11472330521784005
387,0.140264135302394,0.12589018671176794,0.13239520821792045,0.10182006613268109,0.17505135003044103,0.0529304353546719,0.16000374053063715,0.11164487771848645
388,0.10751194819023693,0.14500084349555242,0.11502011549737638,0.08812865028578988,0.1862137564089309,0.059271338493946134,0.17311303906200706,0.12574030856516016
389,0.11269985126435048,0.1377988717241732,0.11771956552707416,0.06745900193117048,0.1929096900283791,0.0593946016479137,0.18142257809693485,0.13059583977900394
390,0.13609220857850568,0.11978160705192567,0.11288924750773355,0.09895019061945685,0.18611579507173695,0.05790757367598109,0.16282316538004418,0.12544021211361578
391,0.11018475499242009,0.13655038315476106,0.06084636980179125,0.11718232259382638,0.21333758201042433,0.07690706923802972,0.15564365131645777,0.12934786689128935
392,0.1114443034005134,0.14834596975798742,0.057057348078273784,0.10504941241277553,0.20335411503223108,0.0819573112768206,0.14601231170954426,0.1467792283308539
393,0.10296267211725017,0.15546895750923184,0.05092756590827176,0.10544424206187011,0.20887551591786346,0.0830256668664199,0.147829766459724,0.14546561315836876
394,0.10917688038896049,0.14699496234907108,0.06107132421000147,0.09441910460029804,0.20574553644088914,0.08885199372100423,0.16869668609407265,0.12504351219470283
395,0.11428277580318545,0.1548121759094615,0.03779037159385861,0.08651319812484211,0.23025526509687871,0.08624663733222036,0.1435913064030403,0.1465082697355129
396,0.08828938185268997,0.1870105477170123,0.02336808455046548,0.13205191129354263,0.2268550416141828,0.0847717183714386,0.12015893534769154,0.13749437925197658
397,0.13651522685029752,0.16028519745169223,0.028672998070993324,0.11065243865987133,0.208320715697626,0.08703627899906025,0.12748396452391636,0.1410331797455429
398,0.13107457817652882,0.16807713812703068,0.03572158242534232,0.10088412035795243,0.19776756647862392,0.0927083254667873,0.1363725981725367,0.13739409079419787
399,0.13629641004979734,0.1704278809733232,0.01958288481015246,0.07424234082080551,0.21160945557671162,0.08402935822338077,0.16438478075778068,0.1394268887870484
