oos_period,model_1,model_2,model_3,model_4,model_5,model_6,model_7,model_8
150,0.08132742197591684,0.22565037356305456,0.15373163460130085,0.011639049460180512,0.1654330930593854,0.11274430495897177,0.16715686228886933,0.08231726009132066
151,0.044909800008030354,0.19467823862766717,0.1673736796695112,0.053856497786785,0.17210586363762567,0.11774112343401617,0.13924404053395126,0.11009075630141311
152,0.04235407409883537,0.19203328140781953,0.16483343472124456,0.04797645167555607,0.18643016126235548,0.1140548569431443,0.13093757639516018,0.12138016349488451
153,0.043132588111961065,0.19546699114837635,0.16761945544439866,0.04597703494678869,0.17693108869678512,0.11167227323473809,0.1309856508253476,0.12821491759060435
154,0.0359726771448051,0.19219784372683915,0.16559714106575693,0.05422610108012097,0.17790724485634676,0.10591956532307431,0.13922467847576098,0.1289547483262958
155,0.008167109320897335,0.2052014423340022,0.16718799697610442,0.049136192096668724,0.15059318567624372,0.0984832970189394,0.192592792246762,0.12863798432938217
156,0.032814470035647116,0.20455738118429712,0.1281446910009586,0.08429591426933672,0.17149646817925657,0.13314556922898121,0.15818822971252441,0.08735727638799826
157,0.02037577453893754,0.19716946215752013,0.14713447673720656,0.0806487805825394,0.17240270362777108,0.13347034166773789,0.15909346926571175,0.08970499142157563
158,0.035952828053443346,0.23458105188641953,0.13225947504008517,0.06802434701865415,0.1801685244615998,0.1224608276309598,0.14942050754037572,0.07713243836746236
159,0.0371214544682224,0.22875902555545694,0.13659711903042904,0.07152576079222452,0.1737734498567393,0.12533482584693967,0.1476440315120019,0.07924433293698624
160,0.03892566087037667,0.21885468060174515,0.14134895957624988,0.06045813552116308,0.18260935861698271,0.12958357069170706,0.14180572413675052,0.08641390998402497
161,0.03816423504406094,0.1985490767989542,0.15780742947858672,0.081910792034994,0.1626039579402802,0.12832793384636823,0.12303488902437264,0.10960168583138304
162,0.03412771059972485,0.2080765767319148,0.146075891373271,0.11351944920637158,0.15598557311784772,0.16247635349639253,0.07192290588972348,0.10781553958375394
163,0.017374762083094436,0.17526290566059574,0.1602335695071257,0.13261022895752167,0.15162320595113796,0.19485772158296358,0.06111667363936729,0.1069209326171936
164,0.004871774648644031,0.17663729635200912,0.1625157265550352,0.12186524585626142,0.13009163145880945,0.21611214976794735,0.0694134344206226,0.11849274093967077
165,1.3629690747408647e-19,0.14931441505566537,0.14452193476231712,0.19749599465279866,0.10718976338091217,0.2169799460558285,0.05147990689535715,0.13301803919612107
166,0.014806267545139338,0.15215916335613033,0.18453697833505303,0.14514297596272668,0.1269295887227821,0.22212465007426618,0.032094876144328946,0.12220549985857326
167,0.023031370619556114,0.1371874934557751,0.18163765260065232,0.14088836767015667,0.14799197362810704,0.2067121513679427,0.03594038745627694,0.12661060320053308
168,0.014432217593058547,0.12596555111308097,0.19056928378391283,0.13902938367813059,0.15147420667260864,0.20612391913484351,0.04524920040440244,0.1271562376189624
169,0.0,0.11074566906147387,0.23753160700852224,0.15431025633705575,0.10824906187037336,0.2801776012169166,0.0,0.10898580450465804
170,0.036218028051044994,0.21627921270122663,0.1401628938389695,0.18692004943870766,0.10232119292468611,0.20763926995552764,0.00927193021523311,0.10118742287360437
171,7.79067832934679e-18,0.1944922164934696,0.12108088923253162,0.2940304521623271,0.052253105399036597,0.2672640215208155,4.551462148300756e-18,0.07087931519081954
172,0.0009773048222486726,0.10035212659510023,0.17381322198434185,0.2750812030215203,0.08344062827763885,0.2410679642549951,0.02503272342504883,0.1002348276181063
173,1.2061209444699439e-18,0.12106663593415358,0.20880660433741738,0.17904126443420548,0.10835009871810013,0.2824595500919317,1.6367666009506581e-18,0.10027584648319157
174,3.1796372757069227e-19,0.10964959262985155,0.20713991941948293,0.17126713506104121,0.1094614314683094,0.2966753782414385,0.0,0.10580654317887628
175,0.01348741995798603,0.0851374154896552,0.18660143287694475,0.21178270315702438,0.08230890619972746,0.30158910373402203,0.043099986550692915,0.07599303203294719
176,1.283047652753176e-19,0.11631526365795584,0.21776858332226015,0.13725663013885925,0.12332285712770857,0.29073188123532034,0.02627353272961663,0.08833125178727903
177,1.0480749287172406e-18,0.11122901118160185,0.22850498337478817,0.14083066493392177,0.11193135979443507,0.2900828345806586,0.02713048339748643,0.09029066273610806
178,0.0021731341197925524,0.11074622358054162,0.22409473680631004,0.14321244183080778,0.12801232795337242,0.2442138678663024,0.04294718281291927,0.1046000850289537
179,0.022819425138170882,0.09388740885128993,0.2640129030795222,0.1333666990708787,0.12315424035018552,0.22342862349358866,0.03493072328536055,0.10439997673000355
180,0.023103123049826826,0.106842595671707,0.237777427806533,0.1554849053624279,0.13830667603978494,0.2230734142712728,0.009827803412084368,0.10558405438536307
181,0.02597741935179306,0.10174110305028203,0.2529510537931027,0.13225153139511198,0.1548721933105244,0.21323398870408025,0.0052977364062282446,0.1136749739878774
182,0.0297847937523009,0.1161593049994812,0.20058779706766292,0.164967423162014,0.15462781764852856,0.2176846557262424,0.014570515264757427,0.10161769237801246
183,0.039622130913135496,0.1269135465115511,0.21605596387846762,0.14564410591100402,0.1644474882605293,0.20925737418110274,0.008589605710306526,0.08946978463290316
184,0.03480105678993964,0.10444482207930127,0.20125788029727487,0.17493732542050439,0.1743712283730477,0.20758798428306624,1.754416991998715e-18,0.10259970275586588
185,0.04340599075667915,0.10530882854371369,0.20832973870516208,0.15826760029378456,0.1811388638900193,0.20073351594523425,8.929871316199133e-18,0.10281546186440685
186,0.04324620373343199,0.10272003106268787,0.21366152595811322,0.14508939714652871,0.18542141886692862,0.20187043722282091,1.160308082795143e-17,0.10799098600848861
187,0.04765748674598193,0.1057905944988703,0.2109412394008848,0.1423470152863815,0.1901571416969682,0.20121826675117582,0.0,0.10188825561873736
188,0.03749133450356669,0.11839844424518689,0.2162585375608188,0.13826408026808104,0.17715953063746612,0.21972539480429204,3.051794342088665e-18,0.09270267797958842
189,0.04703711328288608,0.12292641991653966,0.19505606013541188,0.14358621386069587,0.18208793813741903,0.2263347220692772,0.0,0.08297153259677023
190,0.03584801778169377,0.12951911228802235,0.15111337571680328,0.1574995313546737,0.20189537454764717,0.2498652562654627,0.0,0.07425933204469698
191,0.049477311384155925,0.2053322434994826,0.11700647800579532,0.14379612482490026,0.20329067415645385,0.21660662577506287,0.0,0.06449054235314898
192,0.06685100115885052,0.15852764935456054,0.12938984008195265,0.14715865503289513,0.2364892255597583,0.20470926164494835,0.0,0.056874367166034674
193,0.08648945209942734,0.14557135376118355,0.1567825948857641,0.1663211540617089,0.23908481400064013,0.18353186275175284,0.0,0.02221876843852321
194,0.06599186501751159,0.08651125879475548,0.18504578656963266,0.14317293988109037,0.16477455897608087,0.19317259166267753,0.0,0.16133099909725152
195,0.13034713351678173,0.07825558928828767,0.13555028510507336,0.19467114353449616,0.2373995230578622,0.19365356807768766,0.020534165629716262,0.00958859178909488
196,0.15468807613767951,0.0894204584707509,0.14536379533641317,0.18229757826465168,0.22482901341764974,0.1726752222776545,0.0120867704811252,0.018639085613075153
197,0.18288545463657122,0.07627813630632482,0.13944605497441312,0.16891613036776296,0.27005696624456843,0.12844308133503363,0.027440153932105346,0.006534022202220382
198,0.18353106606860914,0.07448431164487673,0.14243875239293735,0.16734708317168193,0.2680791734581755,0.1293931836303837,0.026573753766377203,0.008152675865958378
199,0.17043583458775824,0.07432331253879726,0.16083753436152273,0.16097717880107082,0.2505114984192684,0.14235986354353405,0.026229163864334094,0.014325613882714349
200,0.16047835759578968,0.06454633008900398,0.16287776669175813,0.1542303663055566,0.2743058896937247,0.13157924752339767,0.029109334607808013,0.0228727074919612
201,0.054354670433757205,0.13832567118691763,0.16212143368063034,0.08167435319660657,0.1615350684179137,0.11082429091808313,0.13610156981240243,0.155062942352689
202,0.08778758126730653,0.023099177354679718,0.1998983264048735,0.08223602283853673,0.28051323352043117,0.12531167447718533,0.05007095985606119,0.15108302427992565
203,0.1365572596360275,0.03849381949489299,0.14359228063594864,0.1074125229155285,0.29245835943230764,0.15642919434929062,0.04968511029036444,0.07537145324463966
204,0.17113893804014418,0.05267594649555803,0.12259345870047213,0.11117504411744643,0.3172538385511813,0.1444710259089626,0.042541209272904563,0.03815053891233071
205,0.15935159474991606,0.05410793756711806,0.11235080312675719,0.1178747424640366,0.32406743082850453,0.1501762119555742,0.044957036347689584,0.03711424295940369
206,0.1621196740375818,0.039154818898533846,0.1051185149015704,0.0954293095414154,0.3456420275017225,0.14648644908420602,0.03882465597751922,0.0672245500564506
207,0.1447130053529097,0.04876490450350356,0.12884375697314743,0.0778478369633188,0.33266499783074555,0.14086494249443646,0.042007059404718126,0.08429349647622042
208,0.13682369026290908,0.0482576883116002,0.12384973360986619,0.08105717055038611,0.33820567745685165,0.14506415292151906,0.04163515322616344,0.08510673365970425
209,0.14032689225142483,0.06831486998032345,0.10068536941436448,0.07944491466466035,0.3258189443738344,0.14320907399776697,0.06471503334362091,0.07748490197300457
210,0.1395206979869032,0.059926278032979174,0.09253379770217351,0.08130627166776222,0.3380544992405518,0.14387264912913517,0.06628888664305174,0.07849691959644327
211,0.16423619755855945,0.06343652292898419,0.10047926739576463,0.08051941230965662,0.325414922801701,0.13228686171425966,0.07694281500175815,0.056684000288316244
212,0.0021479764544773167,0.0,0.11700308792368258,2.0742335301312286e-17,0.12245133607988766,0.1549702347848432,0.05380326258600247,0.5496241021701068
213,0.16051007790013794,0.045061071203757866,0.061504463912130616,0.050557398307557185,0.37066431709887376,0.13747177715716571,0.06696796259301989,0.10726293182635699
214,0.16181022022511649,0.0714825929538655,0.06905176846043913,0.05579170475754103,0.36144645324792996,0.13380507717084056,0.061425188342771164,0.08518699484049616
215,0.1745962416750873,0.06736005265673227,0.03248164157601091,0.08288313577856911,0.36227639810671874,0.15227171143918544,0.07655241654281927,0.051578402223877065
216,0.17410988954114032,0.06559251796442175,0.029518102029617233,0.08013189412200128,0.3652268071907082,0.15700051689049885,0.0771849306889699,0.051235341571642355
217,0.20488509040521616,0.0744414960066734,0.025153729808096388,0.07575951990827379,0.3663324934790299,0.15076100062313658,0.07711123403282973,0.025555435735744047
218,0.20666465171367804,0.0777601453890538,0.02519106952178662,0.07640433906891628,0.35300792942136033,0.14875567420384084,0.07834077371394821,0.03387541696641581
219,0.09664349056285301,0.03586009559677838,0.001967797904601915,0.06489297671765351,0.27349483771586147,0.18019071689640231,0.11516864073754733,0.23178144386730193
220,0.20237934693789522,0.07166108476945464,0.020005802858076117,0.09564356976025272,0.3619907685668136,0.17991951485517918,0.06839991225132841,0.0
221,0.07216345319673845,0.0553435908640781,2.6308658053235047e-17,0.06247936223057921,0.27460711758976336,0.16059794043042258,0.14648926049409233,0.22831927519332584
222,0.007725405737770342,5.76535652247825e-17,0.0,0.02409762825445873,0.1381999108796421,0.10403619231070384,0.18076077233603696,0.5451800904803878
223,0.16020709978647582,0.09231075170648684,0.06923124198166727,0.13494774059705805,0.16764707307245083,0.13460110877203543,0.13769521803946683,0.10335976604335889
224,0.16340575168183194,0.0912212621827576,0.06374830762358422,0.14222888256317612,0.16816422926103813,0.12942793516177073,0.13840184462573293,0.10340178689910831
225,0.13064342953033808,0.07742303584150804,0.04818457842092865,0.12632005745797334,0.13826285623819262,0.11648173355159741,0.23352845382839935,0.12915585513006253
226,0.1294102535826794,0.08021785505358707,0.038470420053881,0.12508273641438317,0.14207361659818835,0.11771033647690983,0.23924609854661166,0.1277886832727595
227,0.13622583285594897,0.07919136743525174,0.027820910442964496,0.12875449391338856,0.14157584654250147,0.12312544943586046,0.23681096121730494,0.12649513815577945
228,0.13753127633781909,0.07389894204829114,0.020939380163280116,0.13611453454492808,0.14497475696575213,0.12756336010233202,0.23261947534196872,0.12635827449462872
229,0.1403274269483967,0.07097997972757478,0.018116005061078192,0.13775392072072623,0.1452151800792317,0.13018235831380065,0.2299655090950593,0.12745962005313247
230,0.07813133369282149,0.0,0.0,0.14175481349814026,0.15439396395501265,0.09554086077211715,0.10723477602888976,0.4229442520520187
231,0.08107860566801924,1.0251705935057549e-16,0.0,0.14889205894154228,0.140139163274396,0.08891684106630801,0.1268899693256314,0.4140833617231029
232,0.08133152134484035,3.6019049054504555e-16,0.0,0.13823226683494952,0.17405735820129214,0.07696435111900585,0.12889641270762442,0.40051808979128734
233,0.06719225754863845,0.0,2.549654933318802e-16,0.14056184146254444,0.1844127413772939,0.10324508184654864,0.10990424757880338,0.3946838301851709
234,0.11816668187529343,6.01100631884649e-16,0.0,0.21860135747136888,0.11184860795055283,0.005174112696757419,0.1522696937160773,0.3939395462889495
235,0.11494795089558468,0.0,4.781746626800443e-16,0.18000358866468388,0.1413111694316774,0.017154212918288666,0.15784754751361948,0.38873553057514504
236,0.11073600201645348,0.0,0.0,0.1668757131887309,0.15801278866820492,0.02118738176826435,0.16775763340683977,0.3754304809505066
237,0.08349715811614515,2.9192180551834456e-16,0.0,0.1940076072292031,0.16343174269670016,0.019513016044516,0.12568264096280754,0.41386783494962776
238,0.08014540321184146,3.841094833656212e-16,0.0,0.19095712355499164,0.17694510699696103,0.023873525632450907,0.10120317082499115,0.42687566977776326
239,0.13533224484333778,0.004397448769320423,0.0,0.16325697979868092,0.13047399904223733,0.09197688561722421,0.3980186781033934,0.0765437638248059
240,0.13264719484027768,0.006212983359705175,0.0,0.15800422510408976,0.11732440337152915,0.10090401123232338,0.3928715946458079,0.09203558744526681
241,0.10288123921938418,0.0023922723584125214,5.25306905265615e-16,0.16557733572853692,0.088523075431209,0.1218154605496999,0.45960898226100344,0.059201634450753535
242,0.017738368969470335,7.973628170322284e-17,3.9211588756248725e-16,0.19161783906875102,0.21875148233287223,0.1181331216533498,0.453759187974556,1.0043773602513461e-16
243,1.0105644689509704e-16,3.319564273625255e-16,2.1197457038653807e-15,0.10966297020284971,0.1802519264373382,0.16299243956848453,0.5470926637903248,0.0
244,0.02102111959912454,0.0,3.1956501691953647e-16,0.12102652031011625,0.19326152084089737,0.17536375263366158,0.4893270866151997,8.690452859991057e-17
245,0.021643021875147876,1.7550443894108122e-16,1.2688654654876033e-15,0.19312994317837967,0.11611626547267952,0.17831238028921856,0.4907983891835728,0.0
246,0.01658120872509834,1.8147883833288181e-16,1.6182681239545298e-15,0.11695225340044692,0.18436122062240154,0.20089636130414093,0.48120895594691027,1.5897609445029649e-16
247,0.048644134697371715,0.06947645267240413,8.550234227314686e-17,0.34303201456001026,0.15599861906245818,0.17897608293341644,0.20387269607333908,0.0
248,2.7100028099362964e-16,0.002674680307115736,0.0,0.1910700355860672,0.24477831336609202,0.2578984453964345,0.30357852534329005,2.977490008588487e-17
249,0.0003246292113738784,0.08458766095903922,0.0,0.11291255938307093,0.38424417846815323,0.20231104553324203,0.2156199264441207,4.591822517087111e-17
250,0.0,0.09659175096375393,4.4314829414488816e-16,0.08979802400947097,0.3748268750907585,0.20983430418424034,0.2289490457507758,0.0
251,5.429759839875385e-17,0.11357266759676894,0.0,0.16353066952706846,0.36030242674041163,0.1847113905816573,0.17788284555309342,1.0385267633941721e-16
252,0.0,0.10395482934399268,2.096548590443775e-16,0.16561238063659736,0.3387612123384577,0.23595093535688708,0.15572064232306493,0.0
253,5.393439638904415e-17,0.12632094264648316,0.0,0.12227908198044048,0.34991524140906904,0.20539858101362418,0.1960861529493829,1.8848767898291728e-16
254,4.9510787915547257e-17,0.09668831619266789,1.7281648571842352e-16,0.12018985720631578,0.33508286208997695,0.2798966969462087,0.16814226756383036,2.2639275788168665e-17
255,0.0,0.14915363565270326,2.2612451471985265e-16,0.13224402422586934,0.28180198430285436,0.2355634562061339,0.20123689961143867,0.0
256,0.0,0.14724941818090811,2.1578240506167106e-17,0.09850987940863136,0.2776702126758105,0.23090614771540827,0.24566434201824164,5.580548835704204e-17
257,9.150317776830458e-17,0.10159814051047071,0.0,0.11278874395993294,0.32395917899564336,0.2540605997217835,0.20759333681116918,2.3900984604577236e-17
258,1.59628680969608e-17,0.12324531209248493,3.028513806564944e-17,0.11079547540899458,0.3185336910470866,0.28532505604729225,0.16210046540314135,2.2009401016156195e-16
259,2.019701537052181e-17,0.1737621150925482,2.6571981926415543e-18,0.1475019774871401,0.25177616466604535,0.2351471581394779,0.1918125846137881,4.762845968008418e-17
260,0.0,0.19405142505199616,0.0,0.1527852287331599,0.24629566396484426,0.23405506338041415,0.17281261886858557,6.948569958614956e-17
261,4.2843761073967893e-17,0.21577768310752368,3.65087519570194e-17,0.11441033401597393,0.2559740113236614,0.2401906038759018,0.1736473676759389,3.2596312838454615e-17
262,1.2320597955086716e-16,0.21596520207436637,0.0,0.12729473329126847,0.24519888613114393,0.24865386911974247,0.16288730938247842,0.0
263,2.2887909793532447e-17,0.2038771388841067,3.0344626364300795e-17,0.13663775893099805,0.22368045296890487,0.2689247058011768,0.16687994341381343,2.2189678978156966e-17
264,0.0,0.19960654659583937,0.0,0.08751490975367143,0.25117429169108646,0.2761804202340084,0.1855238317243939,1.6256177441474207e-16
265,7.856226402187506e-17,0.19568046563036143,1.380153221397106e-17,0.08774016886029593,0.2463896152848779,0.2866889073342925,0.18350084288917212,1.2747606178081787e-16
266,8.934226278444138e-19,0.17273196635431748,3.139746418840799e-17,0.07751988419122101,0.23812142581625328,0.32493037442124845,0.18669634921595976,9.028887445803201e-18
267,0.0,0.10171206255951674,0.0,0.046989172822142,0.27989495787832525,0.4204268638380213,0.1509769429009947,0.0
268,1.9885275601189643e-16,0.09664045613939604,0.0,0.044510964699094296,0.2809885462431812,0.4275666818261785,0.15029335109114977,0.0
269,0.0,0.03910340064322939,0.0,0.2971342246007185,0.05133411532126142,0.4932721394527355,0.1191561199810551,0.0
270,1.8458047105809564e-17,0.03300401924776068,0.0,0.29264087986529425,0.048933518899468204,0.4968775443376377,0.1285440376488389,6.621815380472352e-17
271,0.0,0.009624495652592496,7.121520470267761e-17,0.0690318507383819,0.274472466763611,0.5068425906521333,0.14002859619228103,4.437726471229917e-17
272,0.0,5.3449046206015326e-17,0.0,0.08101773811226685,0.26946365346028867,0.5109745734895669,0.1385440349368774,0.0
273,0.0,0.0,1.918669666088591e-17,0.0830676589416266,0.27208769353467943,0.49885065261222244,0.14599399491047152,0.0
274,1.5058033285481449e-16,0.020709196845091402,0.0,0.09455525532978568,0.2632501350561122,0.48478966003941415,0.13669575272859627,8.57060374303485e-17
275,1.0742502238510444e-16,0.055893366520896826,0.0,0.3446081334604104,0.01652643436660642,0.4707858938458406,0.11218617180524564,2.805983211505595e-17
276,0.0,0.028654104255451347,0.0,0.14018035255254802,0.250440172722228,0.4592574975253678,0.12146787294340466,1.4507367672470613e-16
277,0.0,0.04873858713165837,9.340608870789192e-18,0.13735772884815414,0.2538815850348305,0.4422177602045797,0.11780433877977713,2.850190442835427e-17
278,0.0,0.08385753752315739,0.0,0.35219009650240524,0.021932092638832636,0.4337779222700106,0.10824235106459405,0.0
279,0.0,0.06908102293501428,0.0,0.3687365148235971,0.029944270673301347,0.43672504961214564,0.09551314195494126,2.040809820313194e-16
280,0.025725946626900326,0.04117732167977824,0.008089791568547527,0.17646110729001108,0.26584174602810545,0.4284857564111372,0.05421833039452007,7.408631483121865e-17
281,0.015533656065980898,0.04352204907565792,0.04217285398131837,0.12741265373022395,0.26732418940300257,0.378621259178357,0.1254133385644592,0.0
282,0.0,0.1159011549996408,0.015876567135299096,0.3319745042467152,0.01728412656417269,0.3720159002575299,0.14694774679564213,9.897869056016136e-17
283,0.0,0.10746181042422925,0.0023941558847454508,0.34821025389062477,0.03039632885810382,0.37340862103986766,0.13812882990142897,3.7067179616859515e-17
284,0.0,0.11950869008049474,0.0,0.3493239910355924,0.017157237370823853,0.37973940609751394,0.13427067541457485,0.0
285,0.028517180550630402,0.0550097070046188,0.03413004836942391,0.17406908175736036,0.29158175560202276,0.36012902490704074,0.05656320180790302,7.71411433909441e-18
286,1.2802479196392203e-18,0.05795128827721337,0.046076368225486886,0.41527549477892606,0.049504419279398505,0.3354181869621924,0.09577424247578277,0.0
287,0.004679263906499147,0.0290828827041834,0.0913323772799534,0.16099986436630523,0.34972454385344537,0.323645235533112,0.04053583235550132,0.0
288,0.0,0.017724945974304157,0.04514234427835836,0.44282725510713633,0.10775768577919626,0.33250709599087047,0.054040672869134485,0.0
289,0.0,0.022555815444111428,0.05233362859660023,0.45326585296334115,0.0907260919819419,0.32301795876435085,0.05810065224865444,0.0
290,3.683547283591711e-17,1.8219631523591203e-17,0.06271951744295304,0.24455178148468656,0.38115476570124857,0.3115739353701117,7.630448308266866e-18,0.0
291,0.0,0.015881008469559043,0.0654440421372762,0.4745565640665222,0.1181679571271773,0.2906199466946448,0.03533048150382029,0.0
292,0.0,0.01912790051041576,0.057628560919805435,0.46224895618202183,0.1154643279004858,0.30214354807195537,0.04338670641431552,1.2400542292128094e-16
293,1.2669412094219827e-16,0.017291589896190295,0.08513823781803641,0.471702775203661,0.10378972187564786,0.2794227164091879,0.04265495879627625,2.88876104171398e-17
294,4.697840206691631e-17,3.916382150285528e-17,0.07934291385748625,0.26492638413007974,0.4005224162932152,0.25520828571821874,0.0,0.0
295,6.145477300848474e-17,1.1656447351503362e-17,0.08834715544319424,0.4644284978741276,0.18411593700267115,0.2631084096790069,1.4520533361106213e-17,1.3642258061843802e-18
296,1.0730551463991794e-17,0.0,0.018897748458149493,0.24302597577122584,0.4973908402814868,0.2406854354881377,1.1230052315635623e-16,1.1501224733685908e-17
297,0.0,2.004808482917418e-18,0.038599478335353245,0.4580038985327369,0.259455059204355,0.24394156392655447,7.501226197975713e-17,1.0415618763497972e-16
298,0.0,9.749102306567932e-17,0.03662818790475078,0.4565505607626729,0.2643403766351851,0.2424808746963911,0.0,0.0
299,4.788039067113081e-18,2.4088308292158365e-18,3.4836666193463096e-17,0.3034875836962518,0.5503281582983601,0.14618425800438778,5.494376830507737e-17,2.1334819051769758e-17
