oos_period,model_1,model_2,model_3,model_4,model_5,model_6,model_7,model_8
200,0.15780116002075764,0.023223357287121518,0.13607641719343352,0.1962296457443677,0.1536917805102968,0.13339686121024888,0.13427661354374595,0.06530416448902811
201,0.1616445539968849,0.011135816608812178,0.1452078894629785,0.20818820240088298,0.1535035898294399,0.12875706988101124,0.14622609433513406,0.045336783483856204
202,0.16851248012964945,0.012186458710909932,0.14435450791707316,0.2079034684059537,0.14996025291843965,0.12781734728929534,0.1486143463727818,0.040651138254896864
203,0.1312076754396474,0.022482385008312296,0.17322957885625304,0.19547542949552307,0.12903339032294797,0.13338433470792116,0.1312110786071407,0.0839761275612543
204,0.13043446756196342,0.02427202643726564,0.1754738162767426,0.1849913238978987,0.12285436624027074,0.13187981154186776,0.1409429702304637,0.08915121781252734
205,0.12316944169485716,0.038642738213583425,0.1900958179315048,0.19767670084750144,0.11710012838281077,0.12731336420470377,0.10999323233916332,0.09600857638487523
206,0.11870141411979757,0.0485909149949329,0.19386984122926976,0.18451126390937375,0.12094839763164963,0.11925388407828694,0.11191043566642188,0.10221384836926757
207,0.12245050132598286,0.049058745842711575,0.17983572034228182,0.17927646896577323,0.137202373511762,0.11922821302886033,0.1043601229639487,0.10858785401767944
208,0.10731406333142346,0.056018209294602106,0.14322674913978087,0.14418939941016065,0.1861130241339861,0.12445681954961739,0.1232860309401648,0.11539570419926466
209,0.11324997814433106,0.05170540264858423,0.1309074492115729,0.13396328441721153,0.18814083026057818,0.1251703766473449,0.11338320242763086,0.14347947624174628
210,0.10510464203900557,0.057792874571183935,0.10403826860818169,0.15751861522610058,0.2072185887631663,0.1383662877714489,0.09332871186794332,0.13663201115196968
211,0.09245273717320639,0.04978282869189171,0.10681812394431221,0.17122804100600353,0.20883783632503197,0.13968592113007758,0.10040297980355706,0.13079153192491946
212,0.0817808586463172,0.03401617562659509,0.10444284218202513,0.18140935808622635,0.21411901171221065,0.13912140854287103,0.10623192610801252,0.13887841909474194
213,0.0835052375522991,0.035081388907968566,0.10158527073839316,0.18456458117016672,0.21444483419014876,0.13958534898975936,0.10572415961944638,0.1355091788308179
214,0.09872772805881871,0.026018044956181003,0.11063305372751812,0.17957744194878814,0.19449395560297938,0.14263951326805765,0.09593665875862467,0.15197360367803223
215,0.11442095851418232,0.015540683961336786,0.09780762544043387,0.16849797306432462,0.1809095947121672,0.1598772787416278,0.12561526553486455,0.1373306200300628
216,0.12079347823976251,0.025260118054681487,0.10117988681556596,0.144208826962705,0.19691819793122756,0.1543486773927983,0.14053617666366428,0.11675463793859492
217,0.148333819667434,0.04345560215445295,0.08194716428299906,0.1925707499839956,0.18848779663895407,0.14323864018866866,0.13593699293742897,0.06602923414506666
218,0.1475371098426885,0.05378539651373003,0.076486839482767,0.19159030210532366,0.18872862714544508,0.1482805092703655,0.15119060333480278,0.04240061230387727
219,0.1692226096841706,0.04858622136641299,0.07163098288975706,0.2041564251195416,0.16462718266180557,0.1508447681468919,0.13736632555043096,0.0535654845799892
220,0.16617345234540065,0.04329429876084266,0.07035812538455703,0.20869662292807795,0.16624152923323918,0.15170286517606468,0.13113497597370197,0.062398130197115834
221,0.16611981702409492,0.04929223804385956,0.05754507310229357,0.23675752447872608,0.15321937010603173,0.14872800508038497,0.10941026402708094,0.07892770813652808
222,0.16430600483631852,0.04959994409558138,0.05428231128745723,0.24228211410042994,0.16078427170479048,0.14829786307910872,0.1050126585328028,0.07543483236251088
223,0.15351224600325686,0.041586105792923204,0.061608115377899855,0.23829087864576096,0.1682107843744467,0.14157006834805416,0.11785626974768627,0.07736553170897195
224,0.1310588499585756,0.03646393876284024,0.05270435135842289,0.25547454575901,0.18335312091891245,0.15485625063133945,0.10409736456103995,0.08199157804885923
225,0.13572871342090517,0.024378229133931353,0.044696384955510614,0.2670963725056017,0.15693364527376222,0.1588946105494471,0.09807414044850717,0.11419790371133462
226,0.13588882432235866,0.0244141807906208,0.04380287385477246,0.27515156500558835,0.1596509785460077,0.1526990825543759,0.09647936153753005,0.11191313338774603
227,0.1364843738025247,0.02487185637798887,0.04439199616258049,0.27184419827095,0.16178458270381055,0.146373311160504,0.11934394459011423,0.09490573693052709
228,0.14765190741676382,0.03086338425444989,0.03729669418789385,0.2864574340462044,0.14766709972287043,0.14670722921874296,0.0965920692323092,0.1067641819197654
229,0.11711903687912331,0.033995395057126516,0.019986345732376447,0.3262737786876721,0.11162834656836874,0.14825738354004345,0.11119437713425358,0.13154533640003566
230,0.10990758773492498,0.037190542801929086,0.017109878008068926,0.3534393849910859,0.14329460836526936,0.11745449029703567,0.08858865980147783,0.13301484799920818
231,0.1086029186523666,0.04598900993400476,0.017461997063806127,0.3426429244123457,0.1633743413759502,0.11596208168687214,0.07659413788114929,0.12937258899250526
232,0.07405787671020946,0.0656349190162288,0.00664972248655747,0.372327831083466,0.18041487223444477,0.11001102314484568,0.07144140329714616,0.11946235202610166
233,0.053569270154388185,0.07893645690230688,0.0009353441539361845,0.3889350268147981,0.16502509873245105,0.1332724018065329,0.06854464589178635,0.11078175554280026
234,0.07819471684446615,0.08169684250201338,0.008694167621887279,0.3663732850652467,0.15588763194421112,0.15354932592284254,0.08852531772850289,0.06707871236982983
235,0.07170277380199747,0.08142138611155923,0.016854034791172305,0.3476722266593719,0.1707857884794104,0.1633430225271001,0.09076541929102032,0.05745534833736822
236,0.042539515483902286,0.10542497066819993,0.002040233353421469,0.3336924383171488,0.17118232673202105,0.1853475308452209,0.10754605559022436,0.0522269290088612
237,0.04904032174165711,0.13687453532190733,2.0512702762755285e-17,0.35346111031647426,0.17177142316855623,0.16255767004518187,0.1003001089472736,0.025994830457949588
238,0.05182108195372721,0.1328281844124094,0.0,0.3550077643640998,0.17615352942035892,0.1603887393544342,0.10532080983722074,0.018479890656749643
239,0.0364814475499806,0.15381884287133088,4.4409937424498555e-18,0.3484383912355749,0.18047068000487473,0.16962105328540253,0.09137232827776307,0.019797256774073287
240,0.039569890733275916,0.16097170514780007,5.249566099942081e-18,0.358433147285413,0.15968998254495068,0.17259095903249475,0.09111198569888006,0.01763232955618549
241,0.04040859999333059,0.1764836878340523,9.916558820630998e-18,0.35184651128479655,0.16006431780632482,0.1680156464864924,0.08217950279582861,0.021001733798174695
242,0.03188397309661873,0.17637803700515473,0.0,0.33624291984219923,0.16418730164801915,0.19038988396424641,0.09434995836883063,0.006567926073931187
243,0.04833846682824743,0.15467110910147014,1.1042581937219735e-19,0.32905415278588096,0.1688960455807357,0.19527994212588995,0.08667575136066137,0.017084532216114407
244,0.05752002372954845,0.15154367053821421,0.0,0.33516027667235004,0.15959876296005324,0.20493946227273596,0.08532600132708944,0.005911802499008687
245,0.07892487720011339,0.17958436563094216,2.5303838749776036e-17,0.3039243710699017,0.11777579820140562,0.2389151365215587,0.08087545137507836,0.0
246,0.07179845552632948,0.19153861948507647,0.0,0.3012465428482041,0.09286062516553781,0.26319029242879166,0.07936546454506033,0.0
247,0.0964322842681793,0.22127230061119052,0.0,0.2766714299865463,0.0720214496639118,0.2675686878513103,0.06603384761786149,6.988753990056629e-17
248,0.0783861940185822,0.23897864571842795,0.0,0.2704831268347855,0.08840327358008353,0.26279734509660585,0.06095141475051496,4.289160439676714e-17
249,0.08208901635530383,0.24736673714021515,4.395078168983689e-17,0.26842062975762376,0.07839071938720603,0.26812665861642426,0.055606238742226755,4.859857809475758e-17
250,0.060388812528327354,0.22655536699583642,1.4255888268398349e-16,0.29210145644385266,0.08968701534043949,0.2663402478726089,0.0649271008179349,2.3207208598203964e-16
251,0.06209719515857839,0.22978108955323534,3.2784779316066154e-16,0.2846534461181865,0.08648482814166011,0.27647822165929015,0.060505219368048695,3.466892686654482e-16
252,0.03941394135841338,0.2386651807050166,2.072594860118226e-16,0.2757088302303768,0.10093183366641993,0.2822285436200992,0.06305167041867382,0.0
253,0.04726256308627235,0.2727017309917111,6.874164704862365e-17,0.19671546464647083,0.1313200938185807,0.29425535809059233,0.05774478936537257,0.0
254,0.040796049858448515,0.32730026081221625,0.0,0.1882611969732656,0.12920253930464332,0.25994222670678074,0.054497726343645546,0.0
255,0.02817560610095317,0.31888194183708984,3.8443317286204e-17,0.19404046385413767,0.13313232206395306,0.25373367722260015,0.07203598892026598,0.0
256,0.015126046357525411,0.3010656051630934,3.4125740071203473e-18,0.18833256916995988,0.15228054611497827,0.2535508955786519,0.08964433761479117,4.4088726649032294e-18
257,0.0,0.28443459421130685,0.0,0.18645467378783118,0.15074090376888974,0.27009341693457406,0.10827641129639813,4.870741615649863e-18
258,0.026770284695964947,0.27951634143135917,0.0,0.1953811421633547,0.0906031243686363,0.3151681263890904,0.08691077171389838,0.005650209236696015
259,0.03395233662880351,0.2711901393846962,1.4235553348896755e-17,0.20494866403034756,0.038129856890257434,0.3475789773129357,0.08721515453829937,0.01698487121366016
260,0.03871338353866334,0.26219673907170565,0.0,0.20345915234102274,0.04740848043358402,0.35189823455973596,0.08322622449682061,0.013097785557467616
261,0.04785200193763524,0.24938110296765578,1.738111607764086e-18,0.17391557057722887,0.02064459977840384,0.3705718176056577,0.08260829388057157,0.05502661325184695
262,0.06334814661050032,0.24207567908189825,1.4686227816394797e-17,0.1557767312471492,0.030271575000783403,0.39942217696775284,0.07376373764274398,0.03534195344817196
263,0.07763185434196751,0.25276988766468683,0.0003330290265538572,0.1353302223833062,0.043599936330583726,0.3869057929396469,0.06481089000299052,0.0386183873092644
264,0.08080860728384828,0.24355039838267808,0.02064468580470329,0.1349219367925886,0.04112355012880439,0.39089097561801944,0.046287813289508414,0.041772032698849486
265,0.07926562521629353,0.2505696583644407,0.020679116787680838,0.15044795137328904,0.028882713224842305,0.39722055020074787,0.03242600225861729,0.0405083825730884
266,0.09535480556800806,0.20617797000922525,0.04200073387351854,0.12126385189454313,0.04363080673428753,0.4098859336228186,0.06355494519914073,0.01813095309745806
267,0.09446286325539685,0.21757530806364586,0.05287605351676177,0.11340769786469271,0.051569697466233536,0.39608911786307704,0.05870223137583083,0.015317030593361198
268,0.0997145738259197,0.2182975285118305,0.04299975819286568,0.1063064969041359,0.0443654767068527,0.4014900050249264,0.06309880813928481,0.023727352693184062
269,0.08597108529073626,0.217942747920103,0.03376259537896916,0.10396497606062655,0.05731957054649717,0.39043853883897484,0.06537057654025237,0.0452299094228406
270,0.07463762185936725,0.20222382328122204,0.0716013681459173,0.0884518107498091,0.053114154631108405,0.38805696789306887,0.06814202940387376,0.053772224034633255
271,0.07354094366688546,0.19767691620297997,0.06699554705044644,0.08995902972717752,0.05631118311433868,0.3974556161121863,0.06917195807209599,0.04888880605288959
272,0.07265109178148417,0.20223071727294073,0.09226707903769968,0.08561911363620273,0.040315932024419,0.40909751479717904,0.059326548512496635,0.038492002936578
273,0.11349573542000667,0.18761169328780222,0.08764285408333493,0.07978783240333066,0.0347017161609946,0.369620911389831,0.08539596089918884,0.04174329635451086
274,0.10238523992142477,0.19540615181845308,0.07519849593851512,0.08220864468784427,0.04439321920873278,0.37527111711021033,0.08582580658224195,0.039311324731577536
275,0.08912004545995399,0.16395503564157624,0.09142766563658329,0.10944984569265227,0.025227437702536448,0.3982253423116404,0.06605420995870596,0.056540417595351375
276,0.07039120690172748,0.13892132546475722,0.12486345447781473,0.1197353609072106,0.01964371060053906,0.3938242379558019,0.08498188239067228,0.04763882130047665
277,0.07229415380283435,0.12306984090753899,0.1408529722435436,0.10585177224942653,0.02179544265447869,0.3841514186321682,0.10120815051433857,0.05077624899467103
278,0.06991797609180696,0.10099478740940027,0.14304825907544544,0.12553476859103352,0.024377612135747337,0.40894219574343305,0.06085909757478963,0.06632530337734377
279,0.06272366982850504,0.08364995619559587,0.14692384037956477,0.09346581512693489,0.05758999091922676,0.406202825837877,0.08339385626473766,0.06605004544655807
280,0.07338208533773864,0.08312149841815299,0.15970572973876632,0.09825576728265918,0.04813353965765113,0.40222233614885167,0.0681958596302948,0.0669831837848853
281,0.08150452642960078,0.07035441376694984,0.1662730922065832,0.09341916903929239,0.059179974115677554,0.4018411518224586,0.0555837958681731,0.07184387675026431
282,0.08775323302402789,0.07740050306714058,0.1570358460848614,0.09077850933391986,0.04464337109644091,0.3830539203351916,0.08090146353089632,0.07843315352652143
283,0.10139459631058759,0.10770405828090257,0.18237233737551645,0.08016769933269821,0.041589377429519035,0.3585595176945212,0.07223112728009376,0.05598128629516109
284,0.11609662526500927,0.09126401377009338,0.1936628545688159,0.06720831999879091,0.04872216170513453,0.35155518192404916,0.07357159235786738,0.05791925040923952
285,0.12765966657519365,0.069436034552502,0.1916314630869131,0.09195353544971546,0.04677811050153833,0.32739524832600037,0.0868047524618717,0.05834118904526539
286,0.12976387272493414,0.062388612953775666,0.19476781351287767,0.0878924195287978,0.03940515427914065,0.3123340502898632,0.0932980923211008,0.08014998438851004
287,0.1249106589755106,0.07682122481988235,0.1808030872872357,0.08862219872146598,0.03564977600456078,0.3386966841690016,0.10154373991877993,0.05295263010256282
288,0.12846776055469653,0.06568526981152,0.18390512516282756,0.08878362308441122,0.043842429684224034,0.32300016846177027,0.09085480479238921,0.0754608184471612
289,0.12193921785522599,0.055074353725891464,0.18775474997832542,0.09246501235358356,0.05610030599462027,0.3143851395593161,0.10382217821033944,0.06845904232169776
290,0.11412170437875323,0.0650645105209701,0.21316899091183056,0.0838178154997865,0.04336177988683134,0.32236458149859865,0.10067016119793355,0.05743045610429595
291,0.11845786131576451,0.06247185636868864,0.21014825886497998,0.0871153007390915,0.055420705977899935,0.3143259375035176,0.10048801974290718,0.0515720594861506
292,0.11030492584719115,0.06695343730498023,0.22714607035831413,0.09386192731411674,0.05012708958860703,0.3039417817550406,0.12754911070897085,0.020115657121779172
293,0.0830144288179788,0.08140175621181855,0.25520907261477055,0.11874152688435957,0.05292704402794191,0.2195284814782525,0.1573834755585139,0.03179421440536422
294,0.06957539022608893,0.0920390331674451,0.25783512679367415,0.12136361907192436,0.05477445282196128,0.23290464107183703,0.1416126465819757,0.029895090264093354
295,0.0725312635231989,0.09573739532261712,0.2540352255569614,0.12212919860058452,0.05065304727841719,0.23200789381900783,0.1431295518718534,0.029776424026359584
296,0.07842197379753532,0.08369585873473513,0.2602473779100025,0.13354155817043722,0.04159409806017122,0.22693695385399276,0.12788813740346658,0.047674042068659155
297,0.07936317880655343,0.0839423371310324,0.2624144208377576,0.12887726184409162,0.03866671289271866,0.23234805525695718,0.12688615183511637,0.047501881394772676
298,0.05215130839075538,0.1061682920183897,0.26410354730712,0.12147951761039681,0.07113942699979578,0.23369746955568427,0.10260732277886828,0.04865311533798971
299,0.05884067300017174,0.10408685806998652,0.2646653119937579,0.11727503079872197,0.07965415621822358,0.22327500128908767,0.10412073406423525,0.04808223456481536
300,0.08972028145135895,0.10746793645147415,0.2738967276874804,0.12073365219338306,0.07550416830929281,0.20071765720323662,0.09193153910025618,0.040028037602517746
301,0.10784161993605419,0.1198884587143147,0.263997858604053,0.11742724233481835,0.07373211223419934,0.20848674836087297,0.08161857509938505,0.027007384715302354
302,0.0989885550338718,0.12821920291514743,0.25238919588931386,0.1337838796382629,0.08032594924938798,0.2036467382084736,0.07993495533199485,0.022711523732547364
303,0.09658774197136989,0.1394144682896399,0.25739350738675465,0.1036194454480052,0.10146107767685249,0.19532414091695952,0.07342530874910007,0.032774309560318224
304,0.0535322886946403,0.16314114311717295,0.2572170038055551,0.10583661752332084,0.12339324309444627,0.17124408306603067,0.07807992635301438,0.04755569434481945
305,0.06343462161665216,0.15001845573902187,0.26549570235528064,0.12319584759470768,0.1435769932824759,0.14481337483692863,0.06344596541655154,0.04601903915738152
306,0.057078992027458565,0.1741654254321068,0.26733140976984654,0.09519998457771661,0.1545367807861123,0.15660160350078045,0.03732487441819845,0.05776092948678009
307,0.06028143125051054,0.16616913936385988,0.2659749656744945,0.10031486592273907,0.1582657387881321,0.15129348613836782,0.04193424830662922,0.05576612455426677
308,0.0456018154879343,0.16614461905598682,0.2608579242564212,0.09983787960111791,0.16861075421594973,0.15298344019443846,0.05439448843162367,0.051569078755527846
309,0.03326829182751429,0.1723794701507116,0.2618746413683495,0.08728303478012632,0.19268808253932138,0.15576967673304146,0.05445269455860986,0.04228410804132556
310,0.03717574101159629,0.18318659865331258,0.2670588897645715,0.06056839961739689,0.17383329712423595,0.13284720491160615,0.07725365804747117,0.06807621086880955
311,0.04220679845969759,0.17825633567345847,0.2729892651939741,0.05370783315070249,0.18229071926985005,0.11922014853904295,0.07426349586597071,0.07706540384630366
312,0.04390831525976921,0.1732268860776167,0.2790061447460232,0.05461467364906707,0.18071376967977204,0.12331391724328157,0.07198671645833224,0.07322957688513781
313,0.0392137590094653,0.1833250177690812,0.3000571422517606,0.06098262499971839,0.1640000912069166,0.11081799757271943,0.08012087175533011,0.061482495434008286
314,0.043557157217653394,0.20016665345343562,0.29302382202024146,0.0569538228942711,0.1575391855573116,0.10748200099433393,0.07816786378853677,0.06310949407321607
315,0.03164985501982769,0.19318541360598593,0.291016199520835,0.061434632548889194,0.1690320004162959,0.10651825810177633,0.08428748636068698,0.06287615442470289
316,0.0010158906138054008,0.20491508170950198,0.32801192937282436,0.04540269670607921,0.13944853529021953,0.129646774721478,0.08671298456491762,0.06484610702017381
317,0.005403800860771452,0.22518676756967665,0.3086097417030904,0.04997531850874168,0.11731368709196116,0.14453304947027548,0.07347407209057367,0.07550356270390941
318,0.01492621939605398,0.21221046132030055,0.3232376454280491,0.04267413663125185,0.09427641446203983,0.1929937718856171,0.06653580665303933,0.05314554422264828
319,0.026476543140769325,0.23950673209318757,0.2996953285803363,0.05931990977138571,0.08526600920904337,0.18477662785288387,0.06845029439543082,0.03650855495596297
320,0.04202823414676853,0.24471797918493815,0.28550328174267964,0.07109051352931907,0.07190461694887564,0.16507729395239654,0.05737325521160366,0.062304825282418694
321,0.05398206915967827,0.20670840356980388,0.2714880741970723,0.11863616271087628,0.0654468112967571,0.1757457608227241,0.05249932806725852,0.05549339017482948
322,0.05511564463301131,0.2248949170889092,0.2432988131083584,0.11169644252618846,0.07090304098591066,0.19367295996952769,0.03526962386420724,0.06514855782288696
323,0.05901210237131172,0.23492716029426597,0.2335895227352357,0.09656779792869895,0.049035232652280374,0.1984252738170255,0.03746196679435671,0.09098094340582501
324,0.06128756780089403,0.23284584416593246,0.2371386834372517,0.09820280651182312,0.0444899718627973,0.1957546200789558,0.04144372742404463,0.08883677871730088
325,0.07162378931129439,0.22406316449238706,0.23607933475109696,0.08867588796539477,0.04629784834893052,0.19336228528293803,0.056984001860416245,0.0829136879865421
326,0.07060002033650918,0.22880135466445617,0.2360324247716706,0.08740117858397912,0.04779933950871316,0.1910701887866683,0.0553962338371717,0.08289925950983176
327,0.06409902112771412,0.23321174430061709,0.2342621073227838,0.08470909510094383,0.05179079825676177,0.2043313915248676,0.05555753646022501,0.07203830590508682
328,0.05577849896706582,0.2375705834848184,0.23849167893864703,0.08218680363854723,0.0668928955065769,0.19964157056177645,0.06655370677110407,0.05288426213046408
329,0.06072610451175482,0.24415537221700068,0.23462252297523542,0.08340931617508847,0.060426412004397974,0.21056644362759744,0.05609762466485181,0.0499962038230733
330,0.049529123854208906,0.24556736954904368,0.24270112826132606,0.07613398529588235,0.05235628186936555,0.19736587390880145,0.07897840158111204,0.05736783567926005
331,0.04676344604211837,0.24586829397343835,0.24311454154431272,0.07433518272233443,0.04994075824762021,0.20360282824823284,0.08162534374181567,0.054749605479127404
332,0.047112124196050854,0.2381883341276203,0.2510608062881309,0.09077533249053607,0.05683881581684762,0.19077364690063495,0.06928856715402444,0.055962373025154784
333,0.032402489532783726,0.21728153348227786,0.23403781601993004,0.10401665352607613,0.050346238044594496,0.1976930613194516,0.07962116430099946,0.08460104377288667
334,0.035496608729386675,0.17583612672453902,0.22399858913599022,0.12685800655518734,0.04104368829300987,0.16794950703119366,0.10339939278900209,0.12541808074069113
335,0.021967626328741937,0.14805824169870588,0.19650022581896823,0.14765902859071414,0.029442105754797044,0.17611939211362224,0.12256409996880609,0.15768927972464453
336,0.017862054369344894,0.1384893021814457,0.1888061164455941,0.17389412601460832,0.04199349141555496,0.17227529016618254,0.11551468027225413,0.1511649391340153
337,0.022776807807334702,0.13529238858348533,0.18153663933481462,0.17602922734379817,0.031156750647511562,0.1764876374581057,0.12459571353929985,0.15212483528465018
338,0.010276897308694202,0.11286218126008814,0.20229834866966095,0.17745639988990192,0.019418749160652775,0.19571355222927758,0.14975927989589466,0.13221459158482973
339,0.009317507242189039,0.11526290664091654,0.2000109283434479,0.1735801486661871,0.020729784230800293,0.19939672280899376,0.15362326427128395,0.12807873779518142
340,0.011145927008202983,0.1169321525444783,0.20410768676104454,0.17400212559092046,0.020910140704724533,0.19285320513158558,0.15319405739095024,0.12685470486709333
341,0.006684283450421528,0.11536621649259356,0.19377983974535926,0.17446829826960025,0.0192853557721993,0.19685050368216533,0.16217685989201244,0.1313886426946482
342,0.01593599839392749,0.10441874261376023,0.19038701118131407,0.15798030272702757,0.028803033920103728,0.20495486070177088,0.14894815608348272,0.14857189437761303
343,0.01428898528446462,0.08765882200364974,0.20122884036046712,0.1635224961230565,0.02255400822696206,0.21581898407169975,0.1480320226946226,0.1468958412340775
344,0.00035615269998289417,0.11154129209972005,0.17547005516586867,0.17627715279364584,0.02397638751614298,0.20784101771973915,0.15926791763046705,0.14527002437343328
345,6.693185129460768e-20,0.11115806787230191,0.1773497258406468,0.17633610384881288,0.024711952345016896,0.20745514546912422,0.15867722838105025,0.14431177624204702
346,1.6787167141702584e-17,0.11134852633906095,0.17525580156385517,0.1772252493208846,0.008087320172676443,0.1899676660777832,0.22423480065290588,0.11388063587183357
347,2.037543310238263e-17,0.1120598166599196,0.17737600406805934,0.1751315882797365,0.008927082687546271,0.18802365759602194,0.222860590968642,0.11562125973907426
348,0.024672197998951227,0.08443774722894538,0.1544363631374544,0.17655946293163582,0.0,0.19930540879390513,0.2546349899140885,0.10595382999401937
349,0.02551574157101867,0.08520992586739941,0.15249334484940155,0.17735241876969343,0.0,0.19943401064070126,0.25430410542100323,0.10569045287978238
350,0.03581852310809059,0.07681757483074518,0.14433213916887147,0.1651538763011759,0.006520711094919515,0.20039109901727584,0.25116561432761053,0.11980046215031098
351,0.04273850163573973,0.06118060460837663,0.17633163378666541,0.13985521093027317,2.274587865840941e-18,0.2062854837715887,0.24056981262435875,0.13303875264199758
352,0.03375242485811385,0.06319655395600067,0.1682303304073478,0.14976972677704467,1.6769664168842274e-18,0.20140838513356962,0.255897802572051,0.12774477629487238
353,0.05753803566807062,0.0566166031589384,0.16718532677193657,0.13852996511178947,2.8837236689243816e-18,0.22432769424452942,0.2415013517286867,0.11430102331504872
354,0.06512588969933451,0.061909593613328366,0.1734991141520948,0.15274866736836068,1.8000191282964728e-17,0.22228088855623143,0.23945805341866597,0.08497779319098424
355,0.05809777692215884,0.10129020976161104,0.15098047238674134,0.18360415127271773,0.006895657353769336,0.19985178118870667,0.22368211251975822,0.07559783859353669
356,0.06238844055453538,0.09690987104073637,0.14682372107477726,0.18558999469018844,0.02392848989500248,0.18898216807710203,0.22384650223250516,0.07153081243415284
357,0.07446730963883684,0.09761874642835328,0.1448458945904347,0.1745399108488986,0.02728886979209951,0.1964466474326399,0.21563506734361604,0.06915755392412104
358,0.07036776275554135,0.09118967383636235,0.13981215185259846,0.16765488262334197,0.03230537134327069,0.20096440017203787,0.21855910749670798,0.07914664991913924
359,0.09942875510735111,0.07073851113302809,0.11153982649696609,0.188130453108243,0.006607426284369043,0.1883922568660974,0.2080395076904846,0.12712326331246065
360,0.12240887442248431,0.10058170320407589,0.09879755953560662,0.16993732035302908,0.018743541110755418,0.2118448674823103,0.18005687644208976,0.09762925744864855
361,0.11767047467526204,0.09664078369581511,0.10806788059923492,0.1743249804757881,0.019645331282789592,0.21683198294016023,0.1730040162797097,0.09381455005024023
362,0.1380355870882531,0.1189010165902518,0.1044715608912343,0.16312120410339634,0.04900265538530434,0.22748496550887218,0.14145520505947648,0.057527805372211346
363,0.13858181445697723,0.11982269930796378,0.10306332567315929,0.16855100159467823,0.04774440878240505,0.22615245401043788,0.1391450417872929,0.056939254386085596
364,0.15361575326475665,0.11217900331703554,0.08843333557176705,0.13842607941252838,0.04316557703813431,0.2357550724349681,0.14143438524076568,0.0869907937190443
365,0.14532130632702134,0.12117892395027167,0.07415131511007746,0.14099652683220312,0.06837652923881393,0.2353533230650159,0.1377854272031571,0.07683664827243943
366,0.14364613549098795,0.13172784514292282,0.07359795021567828,0.14560372933993376,0.07264355412471235,0.2179224157674897,0.15010938923724082,0.06474898068003428
367,0.1411520525826963,0.1275144946696434,0.06851607474389412,0.15082846543088002,0.08884677008804161,0.21041167207971667,0.15928864901250872,0.053441821391619064
368,0.09933019794479385,0.12072450727746108,0.07511683879786876,0.14168810113975752,0.178465314765259,0.1651178560295458,0.15044978495944183,0.06910739908487212
369,0.12372824465507994,0.11203875244105363,0.059723852759422415,0.12356622787742913,0.2025696953238486,0.16507097531867018,0.14560483798987822,0.06769741363361778
370,0.1276954130520481,0.11126698536762157,0.056493805903999834,0.12162988459464068,0.21013037292644995,0.16707834420463716,0.15273680820434019,0.05296838574526247
371,0.11575870677923915,0.11574382526413514,0.0660610598032538,0.1114916140596373,0.20929743424342545,0.1530325539485139,0.1714093195847093,0.0572054863160859
372,0.11421798233370326,0.1065593266682069,0.10336997183760659,0.11738674979104623,0.2107580816290525,0.1174057513310067,0.18126513802809482,0.04903699838028296
373,0.11011207243352716,0.11715360571970665,0.11231285221938563,0.12260467173572275,0.19171000972111416,0.1212037503889405,0.1698118419055757,0.05509119587502743
374,0.1256492345261576,0.12656578623185946,0.1109339332190877,0.12101767129754569,0.17425785381522074,0.12255502421939718,0.14398066523458994,0.07503983145514175
375,0.10468016680816236,0.14043378886915017,0.10488517015167637,0.12677237724724474,0.18023486726800003,0.15332266164836492,0.10047415683266891,0.08919681117373242
376,0.10327061003129939,0.14362151905458784,0.1125641378097994,0.12616418367162152,0.17955397095234465,0.1504348899420631,0.09535351599972679,0.08903717253755725
377,0.11611118753179243,0.14540204405380477,0.10385988570275564,0.1355633389765757,0.17302673530416396,0.15326825529935728,0.08667269801654562,0.08609585511400446
378,0.08670085929026566,0.1455969623420654,0.12158639486140724,0.13849514471711352,0.15882173124849558,0.16365184120006476,0.08980077650234673,0.09534628983724105
379,0.11359087240742534,0.1307641416169892,0.11515587259400842,0.139997309265137,0.1726670476936607,0.15027536194917368,0.09430695207183278,0.08324244240077273
380,0.11628537488169952,0.12811023753275758,0.10428246271687307,0.14856543952310394,0.17602906666451396,0.1667065639921727,0.0828856751549475,0.07713517953293154
381,0.12116915082134279,0.12717622379099783,0.10196029523538813,0.15016373796724736,0.18449919866338504,0.16142984094262758,0.08162456493800227,0.07197698764000891
382,0.13962956629476359,0.11931970421750436,0.10082091803022748,0.16848493438243264,0.1959856727479956,0.0848040877805979,0.11415300503363898,0.07680211151183933
383,0.14857740840022854,0.12681507317781515,0.0974415815317065,0.1637382491357971,0.1783861512095565,0.09311981729523643,0.1084279627629382,0.08349375648572173
384,0.12690561707931156,0.13619653353585515,0.10881458247364031,0.14671551047306466,0.18020271196789392,0.07985797747022039,0.11814009173685215,0.10316697526216179
385,0.12881079838249646,0.12422018007858499,0.1110733602496719,0.14478318362961096,0.16104868803924255,0.11034649642687032,0.13432111729848623,0.0853961758940365
386,0.12650907726863989,0.12580066254079786,0.12428523237421918,0.10904540731736291,0.17604486428272723,0.07892928736075813,0.1487197305260983,0.11066573832839649
387,0.13022015104108248,0.12104795746595383,0.1338562109318659,0.10476098233332924,0.2029441692066288,0.03933873980064634,0.15527975498536262,0.11255203423413077
388,0.09835714229106546,0.14043956766827176,0.11454760311761467,0.0963497412307311,0.20900709688111704,0.047943513250027534,0.1680497289911808,0.12530560656899176
389,0.10452812288072204,0.13376913943198118,0.1169934110919221,0.06635818434956085,0.21652605705258743,0.05361317327368897,0.17756293440601323,0.1306489775125242
390,0.1330942812611351,0.11663182395021575,0.10862165433372167,0.09695531085746505,0.19437565791757166,0.06772166667146612,0.16124484074638518,0.12135476426103944
391,0.10571553359068873,0.13295246292111493,0.05849119589663297,0.1158381062408316,0.22583315351418404,0.08071665987250361,0.15342409726659675,0.12702879069644726
392,0.10454122689931898,0.14581968689449457,0.05671822367914803,0.10056254129826958,0.2238755817928811,0.07694326002788719,0.14237309606288645,0.14916638334411403
393,0.09598038380651831,0.15278623283390655,0.05061541160004537,0.10363099051809814,0.22731503325079075,0.08006590062054567,0.14417229018824684,0.14543375718084828
394,0.10264231673352231,0.1461794289862837,0.05965201482574825,0.09119859784231735,0.22175107877521516,0.08342389579936849,0.16539176510350861,0.12976090193303605
395,0.10650974687495277,0.1519122503276175,0.038220999160531594,0.08230204285631618,0.24995842359672055,0.08296364597707935,0.14043947118673972,0.1476934200190423
396,0.08146473107971462,0.18478884956424052,0.02332744550981804,0.12877932836368128,0.2439159977168117,0.08007773414041984,0.11670924046686687,0.14093667315744698
397,0.13380585154834299,0.1609947896858411,0.02528224770072706,0.1044507728065719,0.21619530333028605,0.08076689255381592,0.12535719387122793,0.15314694850218707
398,0.12571215460397503,0.16563070189099016,0.03491120810492964,0.09912749285228359,0.21082075817311682,0.08958909924272232,0.13392710504448363,0.1402814800864987
399,0.12952239461081275,0.1673205927552986,0.02131231472771509,0.06565033189507148,0.23307089628435385,0.07855686445365535,0.16164870569756198,0.14291789957453077
