oos_period,model_1,model_2,model_3,model_4,model_5,model_6,model_7,model_8
200,0.1571008309974821,0.016384662021837592,0.16036147973975157,0.20328511720570475,0.14944164135935337,0.12733068707095224,0.13446754593474353,0.051628035669174836
201,0.16140014096127636,0.010874490535526419,0.1504287068719112,0.2107719503163545,0.15254402248437973,0.1270243045858527,0.14632573788410425,0.04063064635959481
202,0.1687184816111001,0.011873847524477649,0.14899395079998892,0.2088878872848288,0.1487739468673955,0.12674782502681742,0.1448965196776233,0.0411075412067682
203,0.13202283906491616,0.020246909179355798,0.18007689010137007,0.1966893134831072,0.12778087117637071,0.13176333364282322,0.12901409949189716,0.08240574385915964
204,0.13181668618686898,0.021638453053689822,0.1855485742285251,0.18856012030079594,0.1213545939064131,0.12892257892078546,0.13900895460680388,0.08315003879511772
205,0.12444816493602189,0.03779681383226288,0.1995830516374956,0.2033023935787772,0.1158667834390666,0.1233980000062716,0.10946486310449517,0.08613992946460913
206,0.12052777948709269,0.04695452713936453,0.20580478435546137,0.19150822689244096,0.11956565924692467,0.11468155748986011,0.1102813129498266,0.09067615243802905
207,0.124759011281209,0.04637676950596021,0.18762771951549,0.18354871970964787,0.1370630112324672,0.11727725788810259,0.09709182771246198,0.106255683153661
208,0.10756991825111269,0.055656575020276156,0.14371445889215512,0.14428843590512302,0.18631168597863004,0.12452498807315486,0.12124135002833757,0.11669258785021064
209,0.1134290764504792,0.05161183669607518,0.13136136957751676,0.13442052069774565,0.18823774501897278,0.12497912679484091,0.1129838610342229,0.1429764637291466
210,0.10455171856007694,0.058736579289987836,0.10379160285137325,0.15805814890497139,0.20735643221505684,0.1376053494665391,0.09938923145480989,0.13051093725618468
211,0.09249559317550012,0.050003597629327996,0.10703642939761515,0.17166943099075843,0.20898264303689768,0.13933426903551416,0.1018979791222773,0.12858005761110908
212,0.08184691830532348,0.03421214030329106,0.10462178667463912,0.18186325417175128,0.21413022227031472,0.13880471278391804,0.10792781271099366,0.13659315277876857
213,0.08385756227186134,0.03463953122874938,0.10211079152494096,0.1848104625433529,0.21458224241821577,0.13964879706237443,0.10312193306842093,0.13722867988108423
214,0.09867444402208167,0.026506652648127724,0.11046944478164962,0.18000206493704068,0.19443588161839873,0.14227153812063753,0.09940623398940171,0.1482337398816622
215,0.11387905609099869,0.018294866809517363,0.09733035156292104,0.17136112544864002,0.18041187438335468,0.15863493521150115,0.13530144938749192,0.12478634110457507
216,0.12168494133159959,0.023204892568938516,0.10190721595117941,0.14471923093268074,0.19716279507088805,0.1552415764220515,0.13160553342537024,0.12447381429629187
217,0.1478704325009772,0.04433584487341969,0.08198414190603857,0.19216419087637512,0.18847015620743654,0.14272339661763236,0.1407150407602622,0.06173679625685838
218,0.14831188883262345,0.05245850931447267,0.07714995859053539,0.19502914596094667,0.18867381612591672,0.1486051415481807,0.14175283932521524,0.048018700301109093
219,0.16917373495181978,0.04827163571085059,0.07164796038747695,0.20419972437971262,0.16652252589493227,0.1508882327126919,0.13432841458786118,0.0549677713736547
220,0.16669803534442615,0.042605087415731525,0.07079421175920825,0.20992822605097347,0.1665247494671685,0.15169731919813817,0.126189282819336,0.06556308794401794
221,0.16574576940492747,0.05077433728608768,0.05836064160893653,0.23655843509354785,0.15589822369469392,0.1480073187814131,0.11451827233188237,0.07013700179751099
222,0.16447892021656008,0.04915620590012999,0.0543190861807942,0.2426975117260312,0.16085443919513284,0.14848682832392626,0.1021683465068872,0.07783866194953819
223,0.15336893568319276,0.041683050642511855,0.06163991614011733,0.23829129557574455,0.16885428687240742,0.1415096060017466,0.11773679874060688,0.07691611034267257
224,0.13324752192157033,0.03635578141887297,0.05219732549172452,0.2557520455331786,0.18432520301074112,0.1548004675297442,0.09392496032550136,0.08939669476766691
225,0.13374699791903352,0.025406392467967595,0.04493288391863169,0.2673792256688286,0.15790608879384688,0.15873375357241873,0.10513350696606698,0.10676115069220607
226,0.13470629487402844,0.025082380148526318,0.044033867579592344,0.2744412581781117,0.16100007110098413,0.15254145391091156,0.10142500468753372,0.10676966951931173
227,0.13878723521792038,0.02367352872338349,0.04405446553089101,0.27270551736872656,0.16179230947603382,0.14619926050684268,0.10825762478674304,0.10453005838845912
228,0.14623151356215042,0.03190336602584299,0.03744960101651033,0.2858278040112902,0.1489934108253965,0.14680693759233707,0.1022164867628655,0.10057088020260696
229,0.1159593367253474,0.034531077163499714,0.020200740710245475,0.32581250531833533,0.11249922443884104,0.14840055777154187,0.11585856641017697,0.12673799146101214
230,0.10945653224822112,0.03757513542009431,0.017200374809465832,0.3530888780510957,0.14374198044477135,0.11761913121083906,0.09072121925595861,0.13059674855855402
231,0.10738697496705026,0.046621442669690455,0.01782251924011644,0.34194322333511756,0.16442288899220828,0.11646086282670413,0.08197669176028072,0.12336539620783214
232,0.07224640910239412,0.06720722613508644,0.007607045446983863,0.3719050340008328,0.1824309528845651,0.1108964845437936,0.07929975464911547,0.10840709323622862
233,0.0526448844591035,0.07966673204604893,0.001349368259670275,0.3881727101322216,0.16636053762510897,0.13331916517424414,0.07364881699204787,0.10483778531055464
234,0.0790900674149583,0.0817083984741529,0.00836643504442208,0.36738484769825697,0.1554233679320544,0.1532707675150179,0.08314076912716238,0.07161534679297502
235,0.07206295199587967,0.08132437294318996,0.01674334375828206,0.34822070506956476,0.1710557575279474,0.1632037748460285,0.08757117390972645,0.05981791994838113
236,0.04295965981176533,0.10538335300795929,0.0017958337407419118,0.33400413599470063,0.17152533818282706,0.1853950168686415,0.1041186187782995,0.05481804361406475
237,0.04857933945115362,0.1372633423597822,0.0,0.3535536622686089,0.17640261353275558,0.1614279214186544,0.09622177879560923,0.02655134217243618
238,0.05203552163839148,0.1334472047257186,8.891887182470735e-18,0.3560225145221676,0.17980252910838013,0.15935384014748713,0.09818190420934926,0.021156485647505743
239,0.03574714214364158,0.15440066573712868,1.0466786129210921e-17,0.3482615971881796,0.18555394838402925,0.16870653752442347,0.08712297703187259,0.020207131989724778
240,0.039028347307237685,0.16148444319116512,0.0,0.3580496484632694,0.16450339567829128,0.1716872192523015,0.08733874133402535,0.0179082047727096
241,0.03955504689343118,0.17742388393464417,0.0,0.3505245154671553,0.16783228582154114,0.16662447050260373,0.07734911240629064,0.020690684973333796
242,0.03128267715868311,0.18373554555311444,2.186387913230215e-17,0.33805514005232,0.1700591983822401,0.1891198095147941,0.08030629248093,0.007441336856918218
243,0.04721174170628349,0.15727694828707983,0.0,0.3306825186166246,0.1790253566515406,0.19323931266631988,0.07415289300870412,0.018411229062447326
244,0.057371386553974876,0.1532778242663457,0.0,0.33449554337891535,0.16188309161165323,0.20478562571885497,0.08247279510078982,0.005713733368465964
245,0.07856246482059254,0.1804950620447104,7.790458477421548e-17,0.3032697519882949,0.1217676181003951,0.2385878677488996,0.07731723529610723,0.0
246,0.07282999017281033,0.1916088331803785,0.0,0.3046116523782386,0.08469572738589025,0.2631223690911511,0.08313142779053115,0.0
247,0.09802039225355737,0.22245573293797835,9.167834634818149e-18,0.28056502585551113,0.06233990074165663,0.2672448935738988,0.0693740546363975,6.668270847719751e-17
248,0.07979269297648403,0.23802509867222957,0.0,0.2745896636675226,0.08027644709721596,0.26225546059428395,0.06506063699126381,0.0
249,0.08345285941735144,0.24618556527024077,4.236534271424849e-17,0.2723020580819454,0.07012190506634532,0.2676057108114668,0.06033190135165024,6.038073789538572e-17
250,0.06147093938986824,0.22543130328154778,2.5058808835671622e-17,0.29574452866431694,0.08265400933726338,0.2658719200803943,0.0688272992456094,6.090523175341058e-18
251,0.063173952570669,0.22893827086062224,1.647285795223151e-17,0.28830621899711334,0.07958973287648685,0.2756516143482009,0.06434021034590744,2.3484622521996716e-17
252,0.040102545696812,0.23822779024566323,0.0,0.278144188999263,0.0954948557581108,0.2817421594209431,0.0662884598782078,1.7702988597597174e-17
253,0.04825521941463167,0.27241997262502865,5.992382230947838e-17,0.20228910158502417,0.12373161994884703,0.2948236791509721,0.05848040727449635,0.0
254,0.041167731807843534,0.32729605308648985,2.002131777422987e-17,0.19126555066323922,0.12487484502944861,0.26036718865526665,0.05502863075671203,0.0
255,0.02897837839095097,0.3189139984011526,2.5388171467586956e-17,0.19959901758185844,0.1250274259455082,0.25457611382690803,0.07290506585262174,0.0
256,0.01565122223057302,0.30126184176036785,8.936881280249077e-18,0.19194414195590803,0.14702319447481824,0.2541752528330501,0.08994434674428271,0.0
257,0.0,0.28559799653980383,2.7067304621713543e-17,0.1924858430103019,0.14226672012356492,0.2706307230324716,0.10901871729285777,0.0
258,0.027229113207296877,0.28001239391816346,0.0,0.20107143395960944,0.08139341746336606,0.3165238293608156,0.08580212632723634,0.007967685762512168
259,0.03408847256731847,0.2711596742552231,0.0,0.2063654658883119,0.036066284569524425,0.3479766013054232,0.08691993491544302,0.01742356649775579
260,0.039028386651815634,0.26207883803208215,0.0,0.20892780748020207,0.04032825377672709,0.3528323750577062,0.08230970298661314,0.014494636013853703
261,0.0480541350584006,0.2499901212466777,2.3234113743162224e-18,0.1748717855820736,0.018830953876284716,0.3705914505825902,0.08221459885006685,0.05544695480290631
262,0.06370592735696058,0.24201956109530223,0.0,0.16101287258817873,0.02377761697499977,0.4004687128727074,0.07249906299756571,0.036516246113285494
263,0.07776192601048225,0.2526231686199296,0.00045544599120208684,0.14212508075659996,0.035329321686087004,0.38818891051293397,0.06351488943377319,0.040001256987991944
264,0.08091199869672248,0.24343154653230428,0.020772619114705567,0.13967122760268266,0.03537801074847597,0.3918105730188261,0.04529542318306244,0.0427286011022204
265,0.07957071711157887,0.25062888418057805,0.020870361670555834,0.15649849814555467,0.021160503116592646,0.39828251074142756,0.031052457758903983,0.04193606727380833
266,0.095582904329459,0.20612129671921167,0.0419270351391527,0.12495225074426954,0.039105348995017504,0.4105775194589727,0.06277932870960087,0.018954315903315835
267,0.09478548788082704,0.2175566439515992,0.05288431516957107,0.11892756430462209,0.04484263327556572,0.39696872968803465,0.05754728825678055,0.016487337471999635
268,0.09992214184137205,0.21825536128259002,0.04301519846105796,0.10999205488015629,0.03988524162573359,0.4020713037024798,0.062334172541117165,0.024524525664493098
269,0.0864315305699956,0.21753277186245776,0.03395816621057825,0.10911919832512904,0.0508262209041853,0.39107378874198534,0.06443317308670814,0.04662515029796053
270,0.07480356789999193,0.20187440090718428,0.07212955645212282,0.09290482623402864,0.04747641284186154,0.38854760592603255,0.06743955112974906,0.05482407860802917
271,0.07369707246986745,0.19756269199259588,0.06728448230686129,0.0925772523400078,0.053013204611960844,0.3976896770093188,0.06864925656298528,0.049526362705402734
272,0.07277452531712278,0.20211310216783918,0.09240206007928195,0.08544286850434206,0.0402023248029281,0.40931253393261346,0.05926595966326227,0.038486625531610176
273,0.11369365901910133,0.18747218999413487,0.08785740276498988,0.08135854828127256,0.032565099717302606,0.3698805938894614,0.08502209944668554,0.0421504068860518
274,0.10255005982511892,0.1952696684403395,0.07534935674803453,0.08181926085525908,0.044477690257015215,0.3755323818370073,0.08574839926005634,0.039253182776168974
275,0.08939532413319984,0.16356836115393783,0.0916955743403566,0.10052897824755126,0.03450244857763381,0.3985685786848544,0.0674986103002504,0.05424212456121582
276,0.07087221121025739,0.13877535748433398,0.12484246906168392,0.11213187291346581,0.027284260758449096,0.3942082685448134,0.08602852484499493,0.04585703518100146
277,0.07277121773553434,0.12287049168384875,0.14089861465972717,0.09866134436389712,0.02909695659985736,0.38422695611150476,0.10229551832304172,0.049178900521588714
278,0.06932247257077503,0.1006841914727481,0.1433827787253172,0.11049236271355499,0.04118534320061785,0.4092195329245375,0.06291764068686387,0.06279567770458531
279,0.06250071315698329,0.08380853568130746,0.14686245099508816,0.08851034083125935,0.063274820218122,0.4061714919876392,0.08377977760889561,0.06509186951970493
280,0.07337573675917293,0.08311004205539287,0.15968807527596446,0.09877286886389464,0.047554107845169204,0.40221490977632274,0.06819867575754657,0.06708558366553663
281,0.08160434372212559,0.0703059708910825,0.1663086678992093,0.09098929226495162,0.06205181532303048,0.40174376495713626,0.05549814323241542,0.07149800170904876
282,0.08845808979062805,0.07718838965662154,0.15721994448088306,0.07465229278536341,0.06352756131261261,0.3821948330146333,0.08050378407956575,0.07625510487869223
283,0.10203116839233811,0.10737270926480603,0.1822630732660372,0.06514274798449039,0.058977665349852174,0.3578944752422798,0.0722623183343389,0.05405584216485725
284,0.11632077906172003,0.09103177198850196,0.19345941131329047,0.059857848078333054,0.05735147532024097,0.3510995232558547,0.07387611395449899,0.05700307702655977
285,0.12796242079546583,0.06934986171921807,0.1914352244289968,0.07934324228468576,0.06164661688972282,0.3263255861814544,0.08724988105559768,0.05668716664385844
286,0.13012951872553905,0.06153510247918974,0.19458794410819552,0.06989576361086101,0.0602645610245507,0.30925921038451853,0.09469811269375292,0.07962978697239245
287,0.1254605551365758,0.07585386813859385,0.18111800543966097,0.07057951514518215,0.05626268261550329,0.33549108223840185,0.10251188452341843,0.05272240676166362
288,0.12851931086975435,0.06445611459841225,0.1841750091194342,0.07244721206659324,0.06400587475032764,0.31863186191585163,0.09109204154025952,0.07667257513836692
289,0.12205929373983039,0.05352913853381586,0.18798018060023333,0.073196888343085,0.07996386698731806,0.3093631798381074,0.10383699788671288,0.07007045406989701
290,0.11475887560343138,0.063160240120168,0.212948012015,0.061591147809680336,0.07068184472473207,0.3171484525045075,0.1003452796965381,0.059366147524942424
291,0.11874993202478361,0.06070309718162509,0.2096061836846223,0.06831600961208847,0.07889665903741205,0.30928422598328137,0.10065816067750856,0.05378573179767841
292,0.11061881068527381,0.0645522484962974,0.22759073498446192,0.07418870482189553,0.07485724697243745,0.29781860287066186,0.12902081733850693,0.021352833829465047
293,0.0832097775426715,0.0820201748435738,0.2552366159211215,0.12663210778296852,0.04299694019372599,0.22251388635420372,0.1562569037506325,0.031133593610102425
294,0.06967678611222625,0.09268528771509646,0.257881264273115,0.13118103471720685,0.04276771830584128,0.23616287897910349,0.14048859682462372,0.02915643307178695
295,0.07257609808825237,0.09588812614530653,0.2546223611692311,0.1314394315797018,0.03932759405976003,0.2356600500069895,0.14167598604986517,0.02881035289989346
296,0.07818695503987551,0.0835241739857439,0.2610656600420055,0.14298494666449452,0.031276391572789226,0.2290760443001375,0.12717256126768448,0.04671326712626945
297,0.07918405205959844,0.08348135145096604,0.2630377520974092,0.13716645163083482,0.030162007331593733,0.23367435505128584,0.12666588993512054,0.046628140442191296
298,0.051522396814845974,0.1038375860607004,0.2623721909685844,0.10214125771489586,0.10034922659438641,0.22023527438300908,0.10779048167398246,0.05175158578859532
299,0.058039714378752105,0.10210679714599964,0.26380210458668707,0.10284059105663793,0.10218602612681617,0.21184149353164566,0.10805698551963465,0.05112628765282672
300,0.08920717614560962,0.10692190150108531,0.2739866868845961,0.13408063988962493,0.06357544037799114,0.20218122659240031,0.09173368710396644,0.03831324150372603
301,0.10792929505543829,0.11659544434131215,0.26432469341413334,0.13359584378613668,0.06962035213708818,0.19890758635162828,0.08469859152630714,0.024328193386955917
302,0.0984328302409852,0.13293508581860114,0.25270350693521126,0.1225158670697337,0.06927552249469382,0.22446158573898886,0.07417158210989785,0.025504019590888136
303,0.09672635191795402,0.1345301459287802,0.25673650973561274,0.11908816965717868,0.09970590983015537,0.18494387340452353,0.07938918609293993,0.028879853431855628
304,0.05455791319255521,0.16082546085971824,0.2571067155784547,0.11525782404430464,0.11460688314040599,0.17255810247229803,0.07995281974464566,0.04513428096661747
305,0.0591075510274289,0.1591827423626247,0.26525110660519563,0.10922145892392006,0.12549657190569574,0.17294620726998983,0.05838999659743284,0.05040436530671218
306,0.05490639721536064,0.1781408864162901,0.26738202215394924,0.09127020584795228,0.14071558700796613,0.1726019337641267,0.03577780951108229,0.05920515808227255
307,0.05733611267088936,0.1716234670536577,0.2662679072932127,0.09246538499890236,0.14343608056385496,0.17102308829638185,0.039757943400519184,0.058090015721581886
308,0.04168228789265857,0.17271153270348763,0.26088449352659504,0.09160847504461088,0.1468780737699687,0.1798969536905651,0.05250238715934224,0.053835796211771814
309,0.031991389489972745,0.17655111517643846,0.26110848276346166,0.08558033241947632,0.16369079086766566,0.1834584429911187,0.05622529837399764,0.04139414791686878
310,0.036359769033988215,0.1851834569012584,0.2666018998250599,0.05997252446429392,0.15608585768610506,0.15083279830037724,0.0780504831658852,0.06691321062203201
311,0.041318011880254614,0.18094743918683684,0.2723505868118909,0.053770453196338,0.1527709189713945,0.14793587074680034,0.07593545686581543,0.07497126233966933
312,0.043264701449378724,0.1755024324737839,0.27848770933317113,0.05441869869819403,0.15616075609437624,0.14714492056785164,0.07328580406976724,0.07173497731247712
313,0.043506108794559926,0.17881365994280726,0.3000664519579441,0.07073296715842489,0.1566422997041584,0.10814477986903706,0.08441733232740498,0.05767640024466337
314,0.04285920600414508,0.20128092266257672,0.2923391547003937,0.05622168171459948,0.14391983361607663,0.12255900514225479,0.07837396833287502,0.06244622782607858
315,0.03105397847383029,0.19439991608931015,0.2899604965044664,0.06069469622789953,0.14552758327484233,0.1312402845556946,0.08568697277392072,0.0614360720990359
316,0.00032317497851709474,0.20583449705927676,0.3278170720321789,0.04397455241695018,0.12705625894645164,0.14315098749944322,0.08761176092668362,0.06423169613949854
317,0.0045545794462656785,0.2260051841596372,0.3086018334885911,0.048208570559024305,0.11247152742090584,0.15098560379000894,0.07356180065758122,0.07561090047698571
318,0.014647200022481726,0.21234407734293648,0.3232285640439993,0.04251532542613208,0.09164562869878833,0.1957305499657618,0.06685482007464053,0.05303383442425968
319,0.026013681768399792,0.2398555297435835,0.299437612311219,0.05916627509373238,0.0804862572893819,0.18966065285829625,0.06917992972139177,0.03620006121299535
320,0.041057060382695305,0.2454143804877648,0.2851405234774619,0.07049923139494936,0.06396165116745973,0.1734959118889735,0.058539229788830284,0.06189201141086514
321,0.05384336807414886,0.2067842435068223,0.2714318826224566,0.11856567596593869,0.06429300138965832,0.17693747556963332,0.052692932565894954,0.055451420304446934
322,0.05501103273677766,0.2249095386234472,0.2432755873353822,0.11169311195125196,0.06994863284557543,0.1946148857192734,0.03547822095743146,0.06506898982986055
323,0.058818012620850076,0.23501413952992445,0.2334513499391783,0.09653941579633438,0.04658592678890255,0.20063531230690415,0.03804812309824625,0.09090771991865977
324,0.06121242620470425,0.23282583553966932,0.2371456649887932,0.09818235838111114,0.04341711921987577,0.19670888403489675,0.04173969865199513,0.08876801297795438
325,0.071536066395939,0.22402530991600467,0.23608942040394712,0.0886533964193152,0.04485896842394923,0.19462651172382106,0.05738511754217831,0.08282520917384531
326,0.07046143255353922,0.22870576254501962,0.2360958037092361,0.08737620254627923,0.04577609130953254,0.1928298989502624,0.05597712305347785,0.08277768533165301
327,0.06401371470030605,0.2331442882346834,0.23431644678151053,0.0846717951289005,0.050660945803999546,0.20534447226465147,0.05586957801300862,0.07197875907193983
328,0.05572394944737659,0.2375400230646913,0.2385257114940596,0.08216626673558865,0.0662932127607078,0.20018129285506578,0.06672819092173382,0.0528413527197764
329,0.060662223884561106,0.2441337824660019,0.2346593012628178,0.08338084070689535,0.059665409412886485,0.21125928616085457,0.05629793230236778,0.049941223802614926
330,0.04942940616796387,0.2455312171867317,0.24277345059062128,0.07608591619227592,0.051000531429614776,0.1985904781885,0.07932911469334412,0.057259885549948306
331,0.04671889968742628,0.24585481343360693,0.2431303874648489,0.07428460517492404,0.04931172021401725,0.20420199649519777,0.08179602808603621,0.0547015494429425
332,0.04707932108192715,0.23816847707554437,0.25108556699978574,0.0907306629755494,0.05624310481506196,0.19132063054736537,0.06946175256188192,0.05591048394188405
333,0.03230769575709843,0.21722366262495765,0.23405365293506042,0.10394035519960274,0.04916084874028055,0.19878135556877538,0.07998177734078449,0.0845506518324404
334,0.03540489424723435,0.17574344608873288,0.22403634669070177,0.12677441460450872,0.04001530076772065,0.1688829881823129,0.10373186984264054,0.12541073957514826
335,0.02190580417601096,0.1480071531128804,0.19651243519660783,0.1476019188731327,0.028754302823480873,0.17673451536900064,0.12278685249514804,0.15769701795273847
336,0.017821090603056183,0.13843817164777408,0.1888172981722609,0.17383701921898667,0.04123867634957909,0.17293043210556192,0.11574239525503467,0.15117491664674657
337,0.022703483910894707,0.13520290162971202,0.18161804981938404,0.17590419250612355,0.03012497890838138,0.17745097664048928,0.12488054036476347,0.15211487621925157
338,0.0102619872436282,0.11285724741376348,0.2022991022915371,0.17742315968833186,0.01927532695415603,0.1958576822667467,0.1498014121232832,0.13222408201755334
339,0.009306263492411532,0.11526220580986635,0.20001981513989206,0.17354911698353162,0.020665739950804514,0.1994744940467063,0.15363940902309486,0.12808295555269267
340,0.01113372337050624,0.11692734678119505,0.20410868878447208,0.17396114903669807,0.020647290689372363,0.19308208528421414,0.15326690601106074,0.12687281004148124
341,0.006665142406705519,0.11536874918719509,0.19383148210522416,0.1743450398155308,0.018955960514128102,0.19718600882883816,0.1622458508177706,0.1314017663236075
342,0.01593437492021458,0.10441093188153107,0.19041492629142276,0.1579030484546069,0.028368420013888854,0.20533018977908782,0.14904383831865575,0.1485942703395922
343,0.01427510910115692,0.08764143268558974,0.20128598309543247,0.16340631915177342,0.022088283903146183,0.2162635534149749,0.14811842811908293,0.1469208905278434
344,0.000317485693397309,0.11154397779218253,0.17555117113164825,0.17609995531922654,0.023879372175523307,0.2080590436625981,0.15926889167761984,0.14528010254680412
345,0.0,0.11115816422177446,0.1773998120888979,0.176196478090595,0.0244842740679546,0.20772538506427327,0.15870604566375662,0.14432984080174813
346,0.0,0.11134644346861605,0.1753029100881585,0.17709588950126773,0.007909970409488322,0.19019832965067415,0.2242487859127844,0.11389767096801078
347,0.0,0.11205586813355622,0.1774223259475824,0.17499917481377833,0.00873695511266098,0.18826284660397036,0.22287986568683893,0.11564296370061261
348,0.024587927100617076,0.08440003945070901,0.15452944453385575,0.1762854725913076,0.0,0.19965865707487868,0.2545959538925617,0.1059425053550702
349,0.02547905751882247,0.08518610517254475,0.15250659015781493,0.17730349202300033,0.0,0.19956981960960907,0.254285479084671,0.10566945643253735
350,0.035807665640934065,0.07681531793431572,0.14435090323731642,0.16511660887793658,0.006460192638044724,0.20046833246645948,0.25117661541025077,0.11980436379374224
351,0.04272009761537711,0.06117054209344678,0.1763356980243517,0.1398385239242886,1.5227587002322693e-18,0.2063461146213357,0.2405624380335195,0.13302658568668058
352,0.03373223930805486,0.0631877394235957,0.16823106636342788,0.14975089008812956,0.0,0.2014775978368368,0.25588913365688176,0.12773133332207337
353,0.05752951961826693,0.05661020756062909,0.1671862914914941,0.13851395591134336,6.064967660571539e-18,0.22437400434139707,0.24149499372850897,0.11429102734736037
354,0.06511776557553003,0.06190338721871542,0.1735002817112369,0.15273277150827114,6.134530241364728e-18,0.22232550411251684,0.2394520957543662,0.0849681941183634
355,0.05810087308471941,0.10128929601086492,0.1509908700168019,0.1835822722164006,0.006825239603115577,0.19992364197559612,0.22368890972670893,0.07559889736479246
356,0.062390858931439454,0.09690939712464555,0.14683510691840274,0.18555867848354568,0.02383145629674088,0.18908392030965043,0.22385747858810465,0.07153310334647059
357,0.07447093616998962,0.09761813869292577,0.14485253996422226,0.17451931988035643,0.027223511695756326,0.1965147385948448,0.21564133103757693,0.0691594839633278
358,0.07031635181405985,0.0912341039628871,0.13966039230111787,0.16818037780646664,0.033609137764711326,0.1994166740545099,0.21847461093572731,0.07910835135951999
359,0.0994752301631807,0.07080278066059201,0.11119370746681818,0.1906893014286379,0.008089829577007242,0.1848076699895819,0.20800043393230355,0.1269410467808785
360,0.12196780873580829,0.10094848748730535,0.09869696177235932,0.17044035222182155,0.022629464563726512,0.2083959141709816,0.1798917855060505,0.09702922554094681
361,0.11768695123481437,0.09675977845556784,0.10783430649645497,0.17737576042412082,0.021156299331316592,0.2126303926685579,0.1730410576751552,0.09351545371301224
362,0.13759228115425254,0.11913231393274495,0.10453680934710939,0.16364416143336388,0.05245695501727968,0.22428465796306343,0.14135866568555192,0.05699415546563416
363,0.13853275673492807,0.12002063591145537,0.10276823271904584,0.17137642922429575,0.049044689769545576,0.22260772987582297,0.13909851387383498,0.056551011890071355
364,0.15362381600955838,0.11247416428133704,0.08795676560436537,0.1433758202678375,0.044679268728901676,0.22991193589559805,0.14155111663387732,0.08642711257752464
365,0.1450753302716217,0.12144604096086137,0.07409338925200575,0.14239357188839372,0.07137850920256,0.23138520556901002,0.13782553074273204,0.0764024221118153
366,0.14350462580234952,0.13184666918721616,0.07347524905664968,0.14653520360850478,0.07594310085132872,0.2142190403079876,0.1500857976995292,0.06439031348543424
367,0.1409640310145841,0.12732847632580638,0.06825627047989945,0.15342281787680548,0.09066878266328539,0.20620405851311882,0.15984730210594703,0.053308261019553216
368,0.09871601528078609,0.12046227545901585,0.07507303724141526,0.14366938516138747,0.18121946376704662,0.16084042481943545,0.15088640965295338,0.06913298861695986
369,0.12290704350847506,0.11171473461597925,0.059773046136013655,0.1251580376624981,0.20643342086736932,0.16028721468538729,0.14600164128015397,0.06772486124312325
370,0.1250854630638267,0.11019024763287685,0.056360573050558326,0.1288105773696004,0.22137059610946583,0.14923632738879627,0.1554587339913589,0.05348748139251667
371,0.11498401632593559,0.11557452391139394,0.0661928907130979,0.1124347970264491,0.2136488616691378,0.148199022386545,0.17190961972195418,0.05705626824448643
372,0.11395816627600151,0.10639620321470772,0.10345462247727746,0.11918528834871334,0.21224813099159806,0.11410328936910658,0.1816808523279216,0.048973446993673654
373,0.10847850623048967,0.11640131853114417,0.11293694278709697,0.1300901914002099,0.1994348742945898,0.10403714608973165,0.172834704773953,0.05578631589178477
374,0.12552875706954222,0.1264104549095422,0.11099536981344427,0.12496552025793499,0.1757011573848849,0.1170112861461965,0.1443802814544819,0.07500717296297295
375,0.10371382034337323,0.13975659301084678,0.10527200803215263,0.13165308259170933,0.18756336733539417,0.13951076724539926,0.1028913820265597,0.08963897941356486
376,0.10317651418097447,0.14340167607912097,0.11245259304932585,0.12841889352844826,0.1809340727727561,0.14651595886793214,0.09602306113686541,0.08907723038357675
377,0.11558320706550643,0.1445958369490431,0.10357822456412874,0.1427662376327069,0.1794011583539698,0.13709398298580608,0.09013503522114169,0.08684631722669732
378,0.08609846740958797,0.14491194713518116,0.12146221094959792,0.14580543868819393,0.16392191054942482,0.14941808319735134,0.09246316352573539,0.0959187785439274
379,0.1134924537143101,0.13072630332827673,0.11515894197156792,0.1404358042555263,0.173052058847717,0.14926955605248832,0.09450943296246901,0.08335544886664462
380,0.11638755961199945,0.12813145487844074,0.1041211742676585,0.15151361929600815,0.17551379313904117,0.16392281222712596,0.08317413547413277,0.07723545110459315
381,0.12252103454639052,0.1279123139681861,0.10120988771484649,0.15088524701798298,0.17902871958676467,0.16600231490195078,0.0809192772715074,0.07152120499137106
382,0.14542570084463186,0.1217680224637396,0.0969094209067928,0.1676380109470175,0.17456871132405782,0.10705285428767954,0.11309555151263645,0.07354172771244433
383,0.1506617772490361,0.12788489644579507,0.09595757195015428,0.15656660946600015,0.17180299522403233,0.10496427624166257,0.10918818696753842,0.08297368645478095
384,0.13085260809945012,0.1331400662617254,0.10566418142396798,0.15195744610727036,0.16473597981619031,0.11213814864393287,0.1165841967166045,0.0849273729298584
385,0.12963389157334293,0.12477645867383595,0.11037894630770034,0.14600659474037989,0.15712643815351177,0.11322595285353905,0.13406008279900797,0.084791634897682
386,0.1262208066476249,0.12575526029331632,0.1246630961417282,0.11014147402005373,0.1769472900046945,0.07655986835527995,0.14852766744895263,0.1111845370873497
387,0.13167504196265445,0.12129315473342672,0.1327948362478604,0.10924044218082836,0.19758934550367777,0.04075679537890052,0.1549000669546771,0.11175031703697458
388,0.10262806610872433,0.14056205302058744,0.11219881457340884,0.10181809427563186,0.19581551305556238,0.05705049587805342,0.16808016360299613,0.12184679948403555
389,0.10644556802603515,0.13402923517977927,0.11588838556157424,0.06827627477776804,0.21061582635752665,0.057436333215118866,0.17777521460815535,0.1295331622730424
390,0.13556226063116733,0.1170968751129301,0.10709436830514707,0.09954847434106663,0.18609332569180986,0.07331923859179891,0.16168794521719027,0.11959751210788981
391,0.10542755724605071,0.13299931994825223,0.058916540656081894,0.11860938188036607,0.22571162645211934,0.07851997151275804,0.15274721017535947,0.12706839212801216
392,0.10725491373455202,0.14585777365748953,0.055333086511310525,0.10946781553135647,0.21279814732911112,0.0816912622577667,0.1419833198621785,0.14561368111523504
393,0.09740511866680018,0.15270512557615334,0.04971072011924024,0.10587835237104522,0.22256870805560278,0.083260454060936,0.14448315288209584,0.14398836826712638
394,0.10431015745831668,0.14443435864888368,0.05929820056924952,0.09564195544025354,0.21586691762218832,0.09143383867429254,0.16608667921709014,0.12292789236872553
395,0.10747070094818273,0.15168360950509385,0.03778904404466498,0.08548872325743112,0.24636906721086918,0.08520962200163915,0.14038082865931176,0.14560840437180703
396,0.08289543253093959,0.1863202803152242,0.021003968615393307,0.15299394418180154,0.22821078974876458,0.08300837581468495,0.11338733009730584,0.13217987869488587
397,0.131388364933557,0.15925721462010087,0.026708545936700245,0.12800890662927528,0.21153174340563258,0.08511240711899361,0.12217876949646544,0.1358140478582751
398,0.12718955229333678,0.16794129013663386,0.03143548959772199,0.13394286627502341,0.1889959289338522,0.09211178019117719,0.12932278336322764,0.1290603092080268
399,0.13244262042243857,0.16890458735683528,0.015889719897424902,0.09478144088289543,0.20903555030359922,0.0859557747285727,0.1603911582282802,0.13259914817895352
