oos_period,model_1,model_2,model_3,model_4,model_5,model_6,model_7,model_8
150,0.06669425330806032,0.17396574934111267,0.18797445976776322,0.025450732138610085,0.19700909568143984,0.13715248684289683,0.13800430850968354,0.07374891440943336
151,0.05516650041329553,0.16036391673819303,0.17935756244747614,0.04589926813274645,0.20938496306000096,0.1419440489981628,0.11880039085055945,0.0890833493585655
152,0.052288145256738416,0.15684645651156479,0.17912444640887445,0.03749941612438113,0.2278139938993373,0.1431701926520279,0.10666720166049645,0.0965901474855795
153,0.050104921247291,0.1623478035553367,0.18075913852174771,0.021017787851301845,0.235109969209569,0.14357001036191838,0.11469592398654552,0.09239444526528978
154,0.057338996777735254,0.16039758111923194,0.18708535030007742,0.02911866421118408,0.21424093249420895,0.13389008212728395,0.12214362243859193,0.09578477053068649
155,0.058632112338347836,0.17586008885835552,0.17627038576261175,0.02696579688622732,0.21977155947192117,0.12062146188670508,0.12554769539165528,0.09633089940317593
156,0.049809054556261584,0.17282698393826318,0.15881042220266514,0.052942145066808416,0.22413712454207063,0.13543181970286458,0.13715546180863333,0.06888698818143318
157,0.060325810051603285,0.18546767792166033,0.15285874812074274,0.046829241002456,0.23231635925800784,0.12594259655875495,0.13513551766118587,0.06112404942458891
158,0.05222384912477197,0.17995501852064238,0.15498020418540648,0.04234371063071025,0.23200074205259585,0.13012979538145583,0.1451352211924818,0.06323145891093537
159,0.05277833234628022,0.17744256928266855,0.15732757687769144,0.04293762308770818,0.22643360383766203,0.13177966432533236,0.15068884370491153,0.06061178653674559
160,0.053237915960100815,0.17363785821873082,0.16322753521797853,0.03420810846213331,0.23674775424898048,0.13735313656411247,0.13295554266885717,0.06863214865810638
161,0.055142622932025764,0.21144444936317058,0.14370944784411863,0.04636089518594501,0.21273926327198425,0.12518801562294177,0.1305540085391397,0.0748612972396743
162,0.05510184688414377,0.2152392163759753,0.14237714528239115,0.04383025091770377,0.2114850807558484,0.12256401552999575,0.13480249287644905,0.07459995137649286
163,0.03599924708337071,0.19592907999100959,0.14718408636607877,0.05734850155088775,0.201595810747728,0.14704199785088357,0.14229166772857413,0.07260960868046742
164,0.015427983019513581,0.197998373250794,0.14353759485496986,0.07285090509227224,0.16752134607989147,0.15253756924607448,0.163204894538805,0.08692133391667936
165,0.01287363032278848,0.19822495613842062,0.14354214288349715,0.06471507846203414,0.17838751903136724,0.14419283941133576,0.15521680906110363,0.10284702468845286
166,0.002555586284054157,0.19569135333577786,0.1422150604765407,0.0680803649958192,0.17161097931860395,0.16203153837769524,0.15542181217578907,0.10239330503471983
167,0.0028397957472221375,0.19453149902882083,0.14078718003794605,0.06784636801294952,0.17520722546809134,0.16266113814428765,0.15781875237982876,0.09830804117985367
168,0.019203272483704646,0.19776641621768884,0.15316313207223545,0.05275526201551917,0.18771875341113517,0.1528632680134187,0.13530095525645508,0.10122894052884286
169,0.02581625307487084,0.2234641106892478,0.1441404322522642,0.052425653618164904,0.1781795159404581,0.13845240542687226,0.13174973514544328,0.10577189385167854
170,0.027265571690242747,0.22378654452983007,0.144534054434413,0.05414086257357077,0.17339191369876347,0.1315047878286529,0.14026540038969085,0.1051108648538362
171,0.009651993792008729,0.16951509067635886,0.16609978072993203,0.07323040509281045,0.1745138295233165,0.17421114470034416,0.1152477347854761,0.11753002069875314
172,0.0,0.14252273560686296,0.17683238024364967,0.12662340215296938,0.15328869317571475,0.22090079833026527,0.03777623512167587,0.14205575536786205
173,0.005289487896500336,0.14865716020243913,0.17196063967104747,0.14398840165837345,0.14762773484178485,0.2220538158251162,0.02040695668775112,0.1400158032159874
174,0.0,0.146205483716139,0.18180823984526137,0.1145209271873312,0.1541181031364306,0.23687932124182662,0.01874638447206237,0.14772154039994878
175,0.0,0.1468249036938451,0.18334454984059287,0.10901684446671027,0.15250323724895595,0.24123601599768024,0.043348249602394404,0.12372619914882108
176,0.003376284593678546,0.14498298109825977,0.18584542145077987,0.13714937296206647,0.13861985153222098,0.2506837597148439,0.03570081011735675,0.10364151852979363
177,0.01176959414086043,0.13790943757116117,0.1810996255852476,0.13446937335640796,0.1567170448030481,0.22985178090077368,0.03520756239580968,0.11297558124569146
178,0.010700613480314022,0.12448587124310301,0.18658232575715614,0.1335517524541637,0.1611634735819468,0.21976607035281942,0.04620476866769788,0.11754512446179899
179,0.008479016605084851,0.1252465637737981,0.20064575018497435,0.143693058782064,0.14340341160100445,0.25272883344745706,0.020783722098775086,0.10501964350584193
180,0.008593642970918797,0.1276868993846706,0.19873595774468558,0.14064980818566752,0.14559261350480399,0.24736993862996437,0.019999769165235177,0.11137137041305394
181,0.0058496230219281945,0.12398625389681552,0.19022097370540067,0.15043624710931708,0.14746655873128495,0.25265527154627315,0.026997961476844985,0.10238711051113543
182,1.173394338768428e-18,0.12676100191327272,0.1897328416046863,0.16177002480206457,0.13484354071466897,0.2544855115919496,0.032192743086871374,0.10021433628548648
183,0.004172617994298325,0.12906091027537414,0.19229500312766432,0.16061127822750035,0.1365022211986337,0.2614280827633411,0.026615752175473177,0.08931413423671489
184,0.01490386229692606,0.12732674728177548,0.1762427755741875,0.17327421397569331,0.15774360309005755,0.25041344084140355,0.0,0.10009535693895659
185,0.013694156055351467,0.1333710203774523,0.17122236097978494,0.17062584702609182,0.15779693108947393,0.2566551968149164,0.0,0.09663448765592904
186,0.013610459529942862,0.13298627053334644,0.17201963719410487,0.16938095031022038,0.1578520004402899,0.25882676801317755,5.735789481445165e-18,0.0953239139779179
187,0.012428116992035701,0.1273545223594191,0.18451337412921906,0.16903085911738275,0.15085415064940408,0.25556149298637365,1.0207805805588178e-18,0.10025748376516566
188,0.003944881963066671,0.13787032355664333,0.183861139351664,0.16836184298540974,0.13694397795278318,0.27531556920253597,0.0,0.09370226498689709
189,0.009846777391831084,0.1282831197487418,0.1973974304493157,0.16900770650478214,0.13971876090803656,0.2705325086097502,0.0,0.0852136963865424
190,0.024211329150277357,0.13585863685358965,0.18939488921094033,0.16811486594841402,0.15969881561344465,0.2592652743388474,1.067007403655175e-17,0.06345618888348659
191,0.05649312047526665,0.142665143482578,0.18212962251339448,0.13719110033031612,0.2103335613383102,0.23512022843441605,2.699216070210938e-17,0.036067223424718395
192,0.0650907859434319,0.1486128274922339,0.15378338372345518,0.1544437751778938,0.22545282603975023,0.21832199996424,1.58430630641062e-17,0.03429440165799492
193,0.07011383940926491,0.15349092190628127,0.160409479726227,0.1493771951773505,0.22778222989621105,0.21446173485373204,0.0,0.02436459902993313
194,0.05500145523801,0.12957915744862952,0.1529382757348003,0.1854592819489973,0.20823055661064155,0.22995347798071678,2.732803573547497e-17,0.03883779503720435
195,0.05738776266863625,0.12975192158135374,0.1511232215329788,0.18743938095509716,0.21061409796658953,0.22398748812239308,0.0,0.03969612717195145
196,0.058694288807618115,0.1280232719632174,0.1456646373673332,0.18448708365664437,0.218433489783335,0.22212995977199068,0.0,0.042567268648861206
197,0.09701065612787023,0.12052323766017266,0.1253061571254993,0.15919502259076984,0.2876731661297905,0.16376595341331962,0.002800399136481029,0.04372540781509676
198,0.09632926985675849,0.12026084975485918,0.1266716193401861,0.15778042178695156,0.28634667734128144,0.16521668400716863,0.001365987452683298,0.04602849045911125
199,0.09720442945671777,0.11834851181088331,0.1334344983281864,0.15581410623027986,0.2854770427305949,0.16568991825643184,0.0,0.04403149318590583
200,0.08915549299350552,0.10569150102027636,0.1144527857895096,0.1561651684795789,0.29212581240420316,0.18307828375934102,0.0,0.059330955552585385
201,0.0961560442176445,0.08131960012072556,0.13491307395600513,0.17359297273009133,0.2907852501825126,0.1689065005796186,0.008421292351685605,0.04590526586071671
202,0.09719611016926166,0.07914115005823992,0.13319697823648008,0.15300770361053018,0.30566263839682767,0.1729172661982093,0.016087936813416973,0.042790216516034214
203,0.11135898842789704,0.06843305779805914,0.169101132119033,0.18002842348807932,0.2940843094384859,0.16176395999169751,0.008136026177106136,0.007094102558641885
204,0.12547128098543808,0.06582945652821874,0.149828085739093,0.18076101554131313,0.3198502443079695,0.15507221688287479,0.0008717251221341484,0.002315974891958519
205,0.1276097946363041,0.05942531076298699,0.13977937175332436,0.17812833252472926,0.33367891123669224,0.16137827908496305,0.0,1.6279443850619337e-18
206,0.13875786566849546,0.07177503484330673,0.147289193064568,0.16846255539827243,0.34160975549582523,0.1321055955285321,2.366080659034115e-18,0.0
207,0.14102288647976555,0.07408142457362758,0.17305401533946943,0.14929495322754,0.3375115356991402,0.12153135312593019,3.897648576566367e-18,0.0035038315535269194
208,0.1383026128389371,0.07284737104279387,0.16764504941619254,0.1513750458447899,0.33742833080715257,0.12645808354375337,4.0941072807699645e-18,0.005943506505380583
209,0.12038203963037603,0.07854164895489665,0.16342523491223382,0.15179798657874746,0.3233290284460961,0.13433776155957974,0.016006508063101277,0.012179791853968933
210,0.13691983393552865,0.05452747832221059,0.17304628311611944,0.13496882694923162,0.3496227186252436,0.11681773676179667,0.014154255276994395,0.019942867011875004
211,0.12500723927353077,0.06596661202097472,0.1355611739051046,0.12882502644754437,0.35396624934406395,0.12938045955289762,0.029897062284151333,0.03139617717073258
212,0.1224217817254639,0.05568513277868767,0.08471275029185187,0.10523559552279138,0.39048259746668307,0.14323722879814263,0.03588264663031847,0.06234226678506115
213,0.12052482380647295,0.04098999645215192,0.06627092376832028,0.10761162284193099,0.40119598643892507,0.16240058139953834,0.045580054188653366,0.055426011103006975
214,0.11820704842740028,0.06722646932850429,0.07809419051058093,0.11136062929363733,0.3834549798932646,0.14890441009895938,0.038567299060467575,0.054184973386185595
215,0.11722580173635115,0.0819671184697898,0.027232621717791974,0.12530453423196114,0.3992703128088311,0.16911136167038016,0.048507948280724966,0.031380301083169734
216,0.11006290929785306,0.06480459169225274,0.0238512418011349,0.10130569623313643,0.4058711669403294,0.17600574341029862,0.05087670231181039,0.06722194831218445
217,0.11317886241989016,0.07376483418002468,0.012807163994228436,0.10060011762832809,0.4140378908468183,0.17388767495214197,0.05335793859339582,0.05836551738417252
218,0.10541723099090339,0.07880550984193645,0.01225810429712835,0.09959043348123793,0.4029815035653501,0.17446324640163255,0.062130463437922355,0.06435350798288873
219,0.10104008082230279,0.08984465611269361,1.0533251745790713e-18,0.131476540141123,0.3875163415698415,0.18283146589251245,0.0614037092255729,0.045887206234953584
220,0.10353667920007081,0.07615172998499097,1.2061765712501422e-18,0.13861249048062124,0.38842451332094796,0.1882881971459303,0.06507149718300688,0.039914892683431576
221,0.08403383969552064,0.09604878677796659,0.010473655498886727,0.13810612741912723,0.3604321631426588,0.17859264317298554,0.10350212133247214,0.028810662959382213
222,0.08250847092075846,0.0962545821462434,0.00903098665874732,0.13378124357616994,0.3627583642099855,0.18021470796828462,0.10313949163315875,0.032312152885651944
223,0.08660772557012256,0.09464795232571534,0.005152018101291413,0.12901210835045596,0.3661647632901781,0.1736002076202369,0.10324196055796135,0.0415732641830383
224,0.09494415570732476,0.1084892207391146,4.182159002614921e-19,0.1254392570741853,0.38480101314381315,0.16931898751012184,0.09888582277170864,0.01812154305273166
225,0.09661905006297265,0.08746281012812529,0.00962859388380879,0.14185869389517458,0.37139993625909873,0.17392381515785038,0.10228802074257469,0.01681907986939481
226,0.09596165946690141,0.08723242048484313,0.011825285088659076,0.1402174348695064,0.3724319924573629,0.17494825486021262,0.10215552542169558,0.01522742734981878
227,0.10241834229218492,0.09258934716507923,7.795350092691937e-19,0.14373247827983504,0.38766842808830004,0.18317684089196964,0.09041456328163107,1.930149858774205e-18
228,0.10346176026184074,0.08245356301323768,2.1618133698480238e-17,0.15522613215234607,0.3831406217280966,0.1907743216488612,0.08494360119461755,0.0
229,0.09532904665244238,0.07497596188372749,2.5135702709746224e-19,0.14645329891702882,0.39132882830846144,0.20767458699857874,0.08423827723876105,5.965229531032445e-19
230,0.09301630640428721,0.07937794059455756,1.0702016443086066e-17,0.13831144883310487,0.40007799414792694,0.21328136081387922,0.07593494920524424,0.0
231,0.09439732337224144,0.07762851013679818,2.2824593769543295e-17,0.14741537800539437,0.38980230076597494,0.20295978236051443,0.08779670535807657,0.0
232,0.10150061163143843,0.08158047358853157,0.0,0.1545881185931193,0.3849750254084601,0.19114155801141638,0.08621421276603414,0.0
233,0.08849977698872039,0.07529428054533056,1.4872244192545537e-17,0.13977909291678545,0.39133435769344077,0.20619419843846193,0.09889829341626097,0.0
234,0.11593862092813947,0.09534987533526947,9.164940294601523e-18,0.17921737179120736,0.3692960898149968,0.16140349673158794,0.0787945453977989,8.385947915814164e-18
235,0.1175166706185034,0.09744091906724256,8.975902262926437e-19,0.1700816759096516,0.3791153330342672,0.1632180121216974,0.07262738924763783,0.0
236,0.12127189418438282,0.09888530834922032,9.879792296764278e-18,0.16585095917453735,0.3833276586657333,0.1580368334614722,0.07262734616365399,0.0
237,0.12488718225425806,0.09752466848828889,0.0,0.17859300457853608,0.3737088638143193,0.15216731614858825,0.07311896471500931,0.0
238,0.13138758580932824,0.09751895934369359,0.0,0.2002126894774541,0.3574909141159342,0.14472971841698898,0.06866013283560074,0.0
239,0.11134214475918916,0.09069490788859053,0.0,0.24736813546049852,0.29139000469808235,0.13529548714246986,0.1239093200501696,1.0706019997250819e-17
240,0.11475703141176637,0.07778166246675097,2.0683274022508453e-17,0.2550734980065848,0.2819019213369066,0.13353054032566264,0.13695534645132867,0.0
241,0.1028069984977447,0.06747356829601796,0.0,0.25309342540674623,0.27748107941446365,0.14315335906462875,0.1559915693193985,1.3386077240986066e-16
242,0.06468690349648183,0.027824412682847067,0.0,0.2226638666596126,0.29278580847434954,0.2053743042623885,0.18666470442332034,0.0
243,0.050285005257480656,0.02816546020016467,0.0,0.2124366110457555,0.29971624960321125,0.22590084499222615,0.18349582890016158,6.176890574123831e-17
244,0.07001541826766003,0.01142416368726997,1.541733371690477e-16,0.23900173411917627,0.2673396448581905,0.18431672766188412,0.22790231140481887,3.779566889763314e-18
245,0.050324638560464596,0.008945803042175448,0.0,0.22654909269800375,0.2748555009716427,0.21301253884483315,0.22631242588188025,1.1135609134626535e-16
246,0.049634625812619945,0.006557604460327707,2.1729503972665287e-16,0.22624240830774467,0.27609143735697583,0.2163202447801933,0.2251536792811381,8.593584092572902e-17
247,0.04142759711242964,0.014908584218532202,0.0,0.2162648120748628,0.2878966536374677,0.22868407137678892,0.21081828157891846,1.1534720599703082e-16
248,0.02486455184758438,0.02236424392275591,2.985367622594796e-17,0.2036673516406654,0.29546219592839773,0.2422174218545103,0.2114242348050862,0.0
249,0.011642655983672581,0.0217456808154004,2.1971219382542841e-16,0.1994522254599145,0.29459609847903856,0.2548050736529911,0.21775826560798248,0.0
250,0.011983620098669948,0.016778900306866754,2.5381925923089936e-16,0.20161060055343355,0.292745909751337,0.2576991148970681,0.21918185439162421,0.0
251,0.0,0.05087668978328062,2.9698865834569e-16,0.2029503780357134,0.2925930876757025,0.2558040188360229,0.1977758256682801,0.0
252,3.0223369091679236e-17,0.0406020643222781,0.0,0.25289373621967254,0.24445220728211592,0.2558905768457683,0.20616141532916513,0.0
253,0.0,0.05801546898842574,7.299708612274083e-17,0.25419161907480015,0.2508218744448886,0.25483335582228384,0.18213768166860128,1.2080181313230348e-16
254,0.0,0.04253108940080475,1.196364127572353e-16,0.2584948807230824,0.24875554189639984,0.26619173529080703,0.1840267526879056,2.1577934337329457e-17
255,3.867417389469312e-17,0.041218383133789574,3.160958919374581e-16,0.26451916721705715,0.2454225563870874,0.26827817062717985,0.18056172263388545,0.0
256,9.026260392594475e-17,0.034408406680422395,0.0,0.25970051857996984,0.2506665418184276,0.26958498845962464,0.18563954446055536,0.0
257,0.0,0.018417870618408445,0.0,0.273886589376946,0.24116181961847677,0.2941176133261073,0.17241610705906132,2.058418695926587e-16
258,8.971522863545512e-17,0.023883326498084955,1.1134710082764121e-16,0.2867524608383601,0.2338132765819939,0.2972857065587389,0.15826522952182173,0.0
259,5.768861575700209e-17,0.050271677804098816,7.896170585633729e-16,0.30703139724680134,0.21360443476237143,0.26830916578201003,0.16078332440371731,3.5081818126878525e-17
260,2.679861484424958e-16,0.08288464561726187,4.52254813330252e-16,0.3153347750370713,0.215478745957549,0.26022490857476466,0.12607692481235208,2.6324655835960355e-16
261,9.289868427059576e-17,0.07005262114561621,0.0,0.28471588199182885,0.24936705433216963,0.27385853278814687,0.1220059097412374,7.681130530742085e-16
262,0.0,0.07902695967814852,8.945639683788632e-16,0.3094146367822021,0.23563366251605253,0.2777153134450808,0.09820942757751518,0.0
263,0.0,0.03501025206914298,1.1057727957350954e-15,0.3107155210216963,0.23428706955998976,0.29178663875424593,0.12820051859392334,4.881112143161441e-16
264,4.1314548566088666e-16,7.97004949775801e-16,0.0,0.2751221945397958,0.27834529112717354,0.33354038243224043,0.11299213189978892,0.0
265,6.728330847000504e-16,1.6116710565352387e-16,0.0,0.2711810824487326,0.2898118729512031,0.3448887839918001,0.09411826060726321,0.0
266,4.869241381955467e-16,5.761679361477334e-17,0.0,0.27614164402126357,0.3020898787439535,0.3843783532134097,0.03739012402037273,0.0
267,2.2248216659421913e-16,0.0,0.0,0.2957928824140435,0.29507470686655,0.39157941582570094,0.0175529948927041,1.119719662405253e-15
268,8.017104338774445e-16,0.0,0.0,0.30816460485508335,0.29060405010918633,0.4012313450347284,3.045218013708439e-16,7.321287040857117e-16
269,2.08513783945225e-15,0.0,0.0,0.34886578474452506,0.2497241616506819,0.4014100536037904,0.0,3.150396179663965e-16
270,1.86903530408952e-15,0.0,6.000121638056792e-16,0.3651766233806061,0.23296043816313072,0.40186293845526083,0.0,0.0
271,0.0,0.0,4.513054277516517e-16,0.3792327816582389,0.22116816413787901,0.3995990542028816,0.0,0.0
272,4.731540564520683e-16,0.0,1.932675801901073e-15,0.39178654625940224,0.20563528585076984,0.40257816788882544,0.0,0.0
273,0.0,3.0823155458730607e-15,0.0,0.3965033613684834,0.2011926580455019,0.40230398058500905,2.361756012200891e-15,0.0
274,1.0119716067723475e-15,0.0,8.294093017440392e-16,0.3884453596120048,0.211591772509571,0.39996286787742236,0.0,0.0
275,1.1872494240737945e-15,0.0,0.0,0.38710757513915195,0.21151018741281838,0.40138223744702706,0.0,1.3935722980808267e-15
276,2.8265923983224104e-15,0.0,2.1518996146575214e-15,0.39132179755598545,0.20742197123448242,0.40125623120852555,0.0,1.5108545539008088e-15
277,3.768908630929745e-15,0.0,0.0,0.3899717034313967,0.20609789774576914,0.4039303988218286,0.0,1.7547362405628541e-15
278,2.7592687143686867e-16,0.0,1.2402315141421869e-15,0.3840680574324132,0.21512604880396463,0.4008058937626197,0.0,7.438335143373316e-16
279,0.0,3.4611969751963736e-16,3.3678723297795615e-15,0.388518841227397,0.2133915656216612,0.39808959314993686,1.1928452714830975e-15,0.0
280,4.331340988740246e-15,0.0,3.7107075403959394e-16,0.38885629836608615,0.21280948170430652,0.3983342199286007,0.0,1.956252847480179e-15
281,0.0,1.6173068204883812e-15,5.297555093650656e-16,0.35617107215838534,0.2564970839687325,0.38733184387187886,1.1782691592519696e-15,0.0
282,0.0,2.264831674086838e-15,0.0,0.3566927399895441,0.2598183858933581,0.38348887411609134,4.21572071306167e-15,0.0
283,0.0,1.798433338823763e-15,3.7281517833973883e-16,0.3518867533553105,0.2666532387756512,0.3814600078680344,1.6403010903685038e-15,0.0
284,0.0,0.0,1.0112620286216285e-15,0.352144519465042,0.26589660620734856,0.3819588743266068,0.0,1.7166532161355663e-15
285,0.0,1.78683160640832e-15,0.0,0.3670679848681759,0.25610685362801855,0.37682516150280104,2.806260815903875e-15,0.0
286,0.0,1.3188141198592706e-15,0.0,0.35872026638149884,0.27137873494208836,0.36990099867541015,0.0,1.1892384889421443e-15
287,2.188309019391365e-15,0.0,0.0,0.3479814071979351,0.28334452803231724,0.36867406476874376,0.0,1.4602293956139085e-15
288,0.0,1.2716391405134164e-15,0.0,0.35495307972112256,0.27987398428033905,0.36517293599753375,2.9194515369183964e-15,3.364545135384879e-16
289,2.095707053778064e-15,0.0,0.0,0.3616263151042645,0.27997316632096253,0.3584005185737708,0.0,0.0
290,1.6124934035783856e-15,0.0,0.0,0.33677528959052866,0.3173580222301596,0.34586668817830907,1.0551726413019923e-15,0.0
291,4.8230429952939255e-15,0.0,5.567151826619321e-16,0.33642254894848683,0.320194036286945,0.34338341476356266,0.0,0.0
292,3.6863759812438365e-16,7.198964247480819e-16,0.0,0.31868895115623264,0.34646228254182415,0.3348487663009394,2.6190748822272846e-15,0.0
293,0.0,1.4058156249694092e-15,0.0,0.306641359295754,0.36755053402056514,0.3258081066826746,2.8578915509698257e-15,1.928218430483292e-15
294,5.909901483568471e-15,0.0,0.0,0.3070731478251342,0.36880669523308435,0.32412015694077556,0.0,0.0
295,7.192509525063247e-16,0.0,0.0,0.3226510305019406,0.3665306125220888,0.31081835697496696,0.0,2.9364716683712447e-15
296,6.714614043726341e-15,0.0,0.0,0.3371966888086464,0.3691929777838355,0.2936103334065105,0.0,9.209267286083805e-16
297,1.114497207440834e-15,2.2284020484069284e-16,0.0,0.3434510664889073,0.37650288674874144,0.28004604676134975,0.0,0.0
298,0.0,2.0594390188000652e-15,0.0,0.3636091062853478,0.36518090748799714,0.2712099862256491,3.837850146367089e-15,0.0
299,3.469223323372372e-15,0.0,2.424702218694335e-16,0.3634059643264871,0.3633882662682455,0.27320576940426367,0.0,5.320632030441365e-17
