oos_period,model_1,model_2,model_3,model_4,model_5,model_6,model_7,model_8
200,0.1567409285684544,0.022928409411176718,0.13114885550375205,0.20244875294208137,0.15720159880659884,0.1328889053657596,0.14725895773779443,0.04938359166338257
201,0.16400054507099535,0.01669848137819404,0.12711769214267496,0.21357107395305955,0.15946444980316613,0.1326540933111698,0.15051448689125488,0.035979177448485215
202,0.17162553651714232,0.015875047145684877,0.13017961120533486,0.2119084811646764,0.1545226980510832,0.13206962641487083,0.14750012181608765,0.036318877684119795
203,0.13416715574474455,0.025342603836987207,0.16198827382949996,0.19931726296406335,0.13273285072490387,0.13698895097091085,0.1305526537454138,0.07891024818247652
204,0.13376307838053503,0.02630962531221359,0.16909468166386257,0.19025820667969648,0.12600217720221082,0.1338204134662555,0.14067520640618342,0.08007661088804258
205,0.12656351556470144,0.042490359837936774,0.1848199441965241,0.20477329817559076,0.1198680952190448,0.12792924465398425,0.11066799609926925,0.08288754625194868
206,0.1220754647318813,0.052987032206058104,0.19024258496504354,0.19124985572646833,0.12288909603447759,0.1191196405140284,0.11166296918389174,0.08977335663715091
207,0.1273315285330454,0.05078427879133941,0.18274916178699668,0.188718952800965,0.13886998329207786,0.117571889519448,0.09848996672212164,0.09548423855300611
208,0.1118862242745882,0.05739598484555152,0.14346090608024198,0.15101960591540578,0.19019972075105981,0.124427249889687,0.11127203166472471,0.11033827657774102
209,0.11758195035163573,0.053495337977675694,0.1304678636767701,0.14084586112668585,0.1923492953173752,0.12493902560153661,0.10437751368094063,0.13594315226638012
210,0.10853348566507395,0.06116182365468152,0.10308396904827455,0.16435460102927854,0.21131193496063236,0.13689746766898792,0.09466803885597526,0.11998867911609588
211,0.0967964421155145,0.051999120755746746,0.10643164977181589,0.17768886234525041,0.21253669751257556,0.1390209172118802,0.09449071029392717,0.12103559999228948
212,0.08627547431603051,0.03555182127190386,0.10437561474583162,0.1882387858287453,0.21775935745168093,0.1385945196068578,0.09901866337982364,0.13018576339812624
213,0.08757437912269742,0.03662018900165158,0.10213108618250136,0.1905603603474564,0.21718222460272568,0.1390292162758808,0.09824971085521776,0.12865283361086902
214,0.10172019758222614,0.029875053860907518,0.11007624298244147,0.18615393084174867,0.1969594078165654,0.140730556208631,0.102509052502698,0.13197555820378182
215,0.11673658055595769,0.019889228270937184,0.09724823903449735,0.17520167001703207,0.18323210384322333,0.15799350318576103,0.13132558285414522,0.11837309223744599
216,0.12529983835706682,0.02464170810023862,0.10240425254166727,0.1495841847677529,0.20060793024979773,0.15463169714655137,0.12381413430727745,0.11901625452864761
217,0.1522931383831431,0.04378789056312463,0.08303386550031748,0.19751103454448107,0.19218086675001073,0.1431775935831703,0.1225808236373694,0.06543478703738315
218,0.15184398390889978,0.05284511228535568,0.07776705946983026,0.19783141310589644,0.1922794591032575,0.14863007422985824,0.13138648022090096,0.04741641767500095
219,0.17229317671345581,0.049010457771042806,0.07263169251808227,0.20746599482805284,0.17008935040193354,0.15066869296635735,0.12570752536896732,0.05213310943110805
220,0.16949662012665792,0.04386150051041741,0.07166351729358396,0.21244817453026504,0.17040800023171912,0.151313889753164,0.12053513083734901,0.06027316671584348
221,0.16897200175160818,0.05143309804876838,0.059031676032440576,0.2390173855680284,0.15801259906781953,0.14784900313499055,0.10686920926760075,0.06881502712774362
222,0.1670663564322907,0.051601203351470434,0.05561995478292312,0.2445314210417757,0.16511909055412308,0.14758411218382922,0.10160566633775664,0.06687219531483096
223,0.15680454325436202,0.04257678761527559,0.06262217647350825,0.24134550354350812,0.17286811032702448,0.1417443154337123,0.1057385896104374,0.07629997374117183
224,0.13732117975208036,0.036647199128216866,0.05341297995113998,0.2574464994898738,0.1871173083340442,0.15475674795078778,0.08397257897527136,0.08932550641758559
225,0.13467101911231505,0.027822334811157704,0.0468933450739362,0.26949612048272964,0.16294671774070946,0.15821058013258166,0.10606188076276041,0.09389800188280982
226,0.13583978845109868,0.027604727970126808,0.04617552449568348,0.27536743064954755,0.16683387205597677,0.15171308779287643,0.10320400464624906,0.09326156393744107
227,0.1408812903044667,0.025244477728854305,0.04600287372436077,0.27415956886085274,0.16599784867885412,0.1459092110326624,0.10467581006401387,0.09712891960493505
228,0.1491782841994972,0.03311613774145593,0.039337291471268826,0.2879221571818409,0.1521669216372257,0.14623016030987218,0.09499937428976143,0.09704967316807779
229,0.11760941928559253,0.03694404875487043,0.02270957283363356,0.3261502114769515,0.11784325259171814,0.14811864375172612,0.11694010815254582,0.1136847431519619
230,0.11145396419987318,0.0398586251561815,0.019584142117166834,0.35311759327824405,0.14845743558617802,0.1176006602643263,0.0906348388519716,0.11929274054505837
231,0.10859959345771003,0.049082304980732974,0.02045811319202806,0.3415021115502012,0.16972579987904723,0.11681050195733056,0.08327714790861676,0.11054442707333312
232,0.07480922840352698,0.06845185883588037,0.00970457326662721,0.3712235834538846,0.18543754638856724,0.11104708138095089,0.07819750448993644,0.10112862377962625
233,0.054602361916501925,0.08175834669985853,0.004010877117876857,0.3872195196510282,0.17077708631187496,0.1336344196307856,0.07510598028265228,0.09289140838842141
234,0.08159994123919932,0.08353790621426839,0.01122487228667603,0.36670260699093393,0.1597361159441006,0.15330454444457092,0.08154291060432839,0.06235110227492236
235,0.07624569286888588,0.08249720193672445,0.01889934575443769,0.3507540803660218,0.17321477427207393,0.16338295641604209,0.07310601853457806,0.06189992985023611
236,0.04685189725290483,0.10692330394142197,0.0036314903587968093,0.3351419659436187,0.17414624834263132,0.18612553689184846,0.09168819084457863,0.05549136642319919
237,0.05242849586031387,0.139219649035794,9.8357465835071e-18,0.35596076242097635,0.17543937471603976,0.16277345492702144,0.08328165531338097,0.030896607725473507
238,0.05551670712086123,0.1355599946223315,0.0,0.35639801717936354,0.17986525515189553,0.1609840303851718,0.08874522646847907,0.0229307690708973
239,0.03879604601728742,0.1574629512716335,1.7799768896779902e-18,0.3496013075539095,0.1851999558273405,0.17094350144116802,0.07465379419955141,0.023342443688109633
240,0.0419611553563962,0.1643716552433021,0.0,0.35992222120536443,0.16299143029839552,0.17443292288548257,0.07483798705836962,0.021482627951689596
241,0.04251458594395852,0.180703581623106,0.0,0.35285707411152906,0.1653765410947096,0.1691851483691088,0.06531573662235217,0.02404733223423589
242,0.03406562417484829,0.1828163499790346,1.5379656632619757e-17,0.33732432469670515,0.16783944601116757,0.1920705847282437,0.07639098769722581,0.009492682711774848
243,0.051182493259147414,0.15879039942532178,2.5215243815737296e-18,0.33025291734688145,0.1730989749098047,0.19692413267871725,0.069708474462109,0.02004260791701839
244,0.06044682203445238,0.15705062472771264,0.0,0.3351822681571717,0.16374569233161307,0.20703267437863415,0.0682802713560045,0.008261647013411397
245,0.0827155525362736,0.184838660002481,0.0,0.30459873949848226,0.12008317357245465,0.2409172761406477,0.06684659824866077,4.6117449967043106e-17
246,0.07707338976612459,0.1952369778166833,0.0,0.3066129009084468,0.08221179175674305,0.26556689715169446,0.07329804259930767,4.4164562567591067e-17
247,0.10236761345157339,0.2251995257881199,0.0,0.28222763969994735,0.059295948083283326,0.2694685600753628,0.06144071290071302,4.00799777900328e-17
248,0.08589448708431664,0.23947816823986212,2.430084586110954e-18,0.2818275833935417,0.05989349042098578,0.2654240623840483,0.062002228342908625,0.005479980133336786
249,0.09014662164406266,0.24749429101937093,5.783638373414201e-17,0.27976910025705004,0.050882619454047456,0.269705412164455,0.05952000965590595,0.002481945804107926
250,0.06851688859404782,0.2262378580544073,8.84049602493642e-18,0.3036152428026632,0.06406014082366354,0.267382898262405,0.07018697146181319,1.8189440108706452e-17
251,0.07030930428385074,0.22955551222507023,3.776711819405e-17,0.29601892212108294,0.062161427064819565,0.27629082154961043,0.06566401275456589,9.099965599652778e-18
252,0.04742908628067568,0.23825337954073533,3.838531826163649e-17,0.28623151934096264,0.07716867171382116,0.2837371464080938,0.06718019671471101,8.649187945170492e-18
253,0.055108640214828614,0.2729100463244168,7.41245454452829e-17,0.20714495235848537,0.10698064173483862,0.297817942011282,0.06003777735514853,0.0
254,0.04770298839293897,0.3280399081668627,5.551284529709681e-17,0.1971641768166882,0.10642972199207915,0.2638123580739463,0.05685084655648444,0.0
255,0.03518306701749527,0.31944677805626803,3.103621362965259e-17,0.20370098372030757,0.10928332629108327,0.25783248352605714,0.07455336138778865,0.0
256,0.022370409717447647,0.30242322368202906,0.0,0.19794378022863374,0.12821771630188072,0.25789796050818975,0.09114690956081907,5.781278222067347e-18
257,0.002215401055370868,0.2867076363010515,7.122382416099068e-18,0.19765215577748918,0.12389780963235886,0.2743107292801866,0.10967754806283676,0.00553871988970602
258,0.03144219750757707,0.2808849557087772,0.0,0.20559628142382075,0.06374498002033052,0.3194462820081037,0.08546749567951308,0.013417807650877661
259,0.03811983827119118,0.27244612079356983,0.0,0.21320465163686092,0.016940523207348256,0.3502666994077101,0.08590294016674195,0.023119226515577813
260,0.04359673502566221,0.2627125400276609,0.0,0.21410364758430767,0.023928862578816573,0.35524912107687795,0.0810861679078649,0.01932292579780974
261,0.05229922452455663,0.2506647781266646,0.0,0.17869310195183818,0.005076205517933832,0.3721211938328986,0.08141651613664337,0.05972897990846478
262,0.06754103797276925,0.24311883601734352,0.0,0.16471475714143463,0.009916506988786883,0.40118167085115475,0.07211481823883305,0.04141237278867784
263,0.08102719670994735,0.2539830635975732,0.003251022290169472,0.14568404320685055,0.020809408930165633,0.3891186681936812,0.06271983169478774,0.04340676537582479
264,0.0842403842647522,0.24453601657866073,0.0238787884746163,0.14471811542761756,0.01916443979809494,0.39304877279324146,0.04404502985134293,0.04636845281067389
265,0.08275686112035563,0.25156026225516526,0.023872383970990264,0.1544384937095909,0.013303378074596035,0.39826348851126697,0.03160743766915725,0.04419769468787767
266,0.09933956025053811,0.20662779011184296,0.04475600574895799,0.129638812178714,0.023175515948394752,0.411920038209477,0.0620700708247014,0.02247220672637382
267,0.0985107645585941,0.218095369881429,0.05598288455612465,0.12212686518188814,0.03049540730670715,0.3978678580784951,0.05728396834378235,0.019636882091979484
268,0.10356317909351262,0.21879566371690481,0.046237071664664,0.11467990875106968,0.024208081158740985,0.40306983821627645,0.06165808609301111,0.027788171304820208
269,0.09057248612751828,0.217210331492432,0.03777556661995333,0.11276975051418735,0.03559309260701275,0.3915082334529775,0.06423512244504741,0.05033541673987133
270,0.0781429637195042,0.201412192982224,0.07707718268718909,0.09476444110549859,0.03422084832674629,0.3884832092393137,0.0678848389985224,0.05801432294000174
271,0.07732039537530452,0.19757761424487344,0.07258804217960767,0.09675875775471683,0.03701069378075956,0.3972770827370059,0.06797480433506843,0.053492609591663555
272,0.07638952012339438,0.20215233950734812,0.09717390002812575,0.08912534507237233,0.025071140636848326,0.4087725685751999,0.058901553233140704,0.04241363282257049
273,0.11788006302257327,0.1873515314467557,0.09249455297178408,0.084808570362868,0.0177352760889441,0.36884017254699747,0.08486174271140104,0.04602809084767631
274,0.10603955376701171,0.19519981527802557,0.07954202375139086,0.0852122899530618,0.030351792861147395,0.3750226341408093,0.08541150660886862,0.04322038363868468
275,0.09302119705921232,0.16376689737501277,0.09573384654383899,0.10287122899143383,0.021467540831187834,0.3979003891093415,0.06730244939268855,0.05793645069628407
276,0.07435616370653884,0.13882704733698742,0.12908676553033777,0.11374853725964616,0.015048184547683382,0.3933766152843048,0.08624037005045701,0.0493163162830446
277,0.07631636681773758,0.12304649578019526,0.14514107286760594,0.10151482828982407,0.015300525892834985,0.3835403895217119,0.10221596158772482,0.05292435924136528
278,0.07334848407898913,0.1011600339505853,0.14777958837532548,0.11824381485622656,0.020912824724874286,0.40839103875009647,0.062425903676644,0.06773831158625868
279,0.06652049926512865,0.08371177625252597,0.15163307213152383,0.09518119777029847,0.04391900196128496,0.4056173219064132,0.08417030981059599,0.0692468209012289
280,0.07646466316432109,0.08335197062055935,0.16392017476554174,0.09555220448481556,0.039890929009517344,0.4016684466350345,0.06990642019873401,0.06924519112047643
281,0.08452620760047345,0.0707121879128623,0.17070380878194574,0.0883869766840588,0.05343355384666535,0.40137015663834846,0.057389453997503795,0.07347765453714203
282,0.09120435332373014,0.07750834524378561,0.16134614529018532,0.08358969324744374,0.04101551671188231,0.38287586454324307,0.08300084879438534,0.07945923284434442
283,0.1047869344526292,0.10766610886718708,0.18625561930531034,0.07404955100756629,0.036243839069319016,0.3586160033456044,0.07513609744549937,0.0572458465058842
284,0.1192588146800002,0.09135733008271482,0.19771616143556398,0.06867273998205936,0.034575567579612526,0.35191049900729016,0.07632731350529086,0.060181573726468165
285,0.1308780140062522,0.06970362071551926,0.19571369149045062,0.08814080270943617,0.03832618663368098,0.3275672115785197,0.0896738362131133,0.059996636652027834
286,0.13289950974131295,0.06235468061772686,0.198805842314163,0.07961303054673063,0.036813767575932924,0.31185064085207453,0.09650768358912543,0.08115484476193341
287,0.1282824238449482,0.07680044092062309,0.18482898423850488,0.08031136554771641,0.03267103830250841,0.33868911387582273,0.10454705884479759,0.05386957442407865
288,0.1313241597539091,0.06595220157431085,0.18788318631409134,0.08201977716861643,0.03974722139292622,0.32259374914150285,0.09375521993395174,0.07672448471969133
289,0.12505323253604608,0.055268365896824524,0.19185965869463364,0.0828452603214706,0.054947869150078855,0.31369516345349313,0.10644499038754307,0.06988545955890993
290,0.1178910711350154,0.06486147687261877,0.21628206770594016,0.07146804806661997,0.04573949721536501,0.3221150293767563,0.10261594726186954,0.05902686236481482
291,0.121910141352401,0.06264009094119717,0.21325203129238554,0.07802790725374198,0.05360666864646142,0.3146950531046394,0.10271564803029944,0.053152459377873995
292,0.11380737257350543,0.06727511965621155,0.23035486985591166,0.08393406069918269,0.04899188224345119,0.30444567218294744,0.12973720483489906,0.02145381795289086
293,0.0862157288312441,0.0816658253289545,0.2580546942353182,0.10799612004552488,0.05297815789945267,0.21899326429597046,0.1605627795637957,0.033533429798739474
294,0.07251749925540298,0.09255928381135096,0.2606932808543627,0.11220360605752613,0.052647944907037024,0.23315816300214362,0.144606206974846,0.03161401513633053
295,0.07586527671344903,0.09666115673639764,0.2566878032309489,0.11262289673952877,0.048457251722123146,0.2323897690020546,0.1461065656839585,0.031209280170539356
296,0.08148274774911127,0.08416973557965157,0.2630394369076104,0.12449095598323215,0.040110154389769614,0.22618733391696774,0.13103762846404526,0.04948200700861187
297,0.08190302416426772,0.08444547657164077,0.26556793421646613,0.11915079057882502,0.03853602342273282,0.23058578092351883,0.13013410396035846,0.0496768661611903
298,0.05421582642405338,0.10596258882371531,0.2671494618342818,0.1110844674600186,0.07420989718529593,0.22961278026728876,0.1067178250125271,0.05104715299181911
299,0.061017674762401025,0.10451577460493115,0.2681935150508499,0.1102054007820859,0.07699263629853836,0.22189072240337007,0.10715841215561638,0.05002586394120716
300,0.09178384086122401,0.10766906497368138,0.27736306539567007,0.11598617323155576,0.07142750583710654,0.19903420645535372,0.09506752251623295,0.04166862072817549
301,0.11057731232616626,0.11747589338765334,0.26787891691419213,0.11652347342101123,0.07521558340621892,0.19669046829781436,0.08794634325290174,0.027692008993041944
302,0.10067759952928326,0.12965833194238993,0.2554566991710524,0.12304827328119815,0.07975499955719233,0.20361229227959352,0.08250795436818187,0.025283849870108593
303,0.09869466708879912,0.13866020288788278,0.2602937612346445,0.10016410973130647,0.10320816158876642,0.18712817577025678,0.07799050890742083,0.033860412789923015
304,0.05475699425702284,0.16542611208814775,0.26066106852531923,0.09660475286936951,0.1208420134068273,0.17150287049831014,0.07957788375172858,0.050628304602274535
305,0.06352316888107548,0.15337591062565106,0.26861978843023376,0.1137941906654627,0.13760210023302424,0.14867601938739697,0.06517018352470234,0.049238638251453436
306,0.059306223384699513,0.1735699881651532,0.27041254987396424,0.09247972339724365,0.1541879099638306,0.14985063798478443,0.041309129950003215,0.0588838372793211
307,0.06157189411050104,0.16730563835888998,0.2693607644047686,0.09443263626737346,0.15523457442808863,0.14905188783449674,0.04515206852671014,0.057890536068171426
308,0.04624896265052707,0.16851513628812798,0.2641468895528593,0.09321885911198724,0.15867077744346308,0.1576705424589433,0.05766740069981127,0.05386143179328066
309,0.03630945550661603,0.17207479127974742,0.2643852475062222,0.08801685337024784,0.1772498970694641,0.1598950458239865,0.06006486797928936,0.042003841463426506
310,0.04068300912622699,0.18201924880286233,0.2698323438814608,0.06151677978611112,0.16928524519109348,0.12558738071714123,0.08233687669121181,0.0687391158028921
311,0.04569449577054669,0.17763601362431072,0.2757799039999786,0.05508221175558793,0.16576492898442816,0.12263050235164868,0.0802386646486276,0.07717327886387165
312,0.04758948266542319,0.1721979664772286,0.28190995135293,0.055863695334841854,0.1689238349031406,0.12197541993741465,0.07770355984369816,0.07383608948432284
313,0.0426957419207629,0.1800554446492037,0.3015868467255326,0.0662575223620147,0.16630033770772376,0.09913547834820884,0.08370432449349653,0.06026430379205697
314,0.04725418443271168,0.19939466585376675,0.2959891208785677,0.057823202521907625,0.15537204657171597,0.09657509178742897,0.08330960863659269,0.06428207931630857
315,0.035004082780428956,0.19261366969220275,0.29342401374904453,0.06294996792691289,0.1579734721523506,0.10486974057083333,0.08993155070746958,0.06323350241975734
316,0.004821313127697506,0.20222874713899838,0.3286755092561095,0.05164426749820223,0.13556637594817564,0.12378583993042326,0.09016575148971236,0.06311219560968101
317,0.008749024618230426,0.22398142640574234,0.3116760417929738,0.05121231673159588,0.12273707512914105,0.1263718807796426,0.0779456204318885,0.07732661410978535
318,0.019874172991754608,0.21074794453222123,0.3253699623961198,0.04478087473859542,0.1000481155887165,0.1736846691598571,0.07087089864195953,0.054623361949775746
319,0.03146232931823119,0.23850947026875016,0.30194679122862156,0.06147782167685408,0.08827038208559862,0.16788071697947787,0.07277719683198369,0.037675291609482735
320,0.047461809088228536,0.2441051342831338,0.2866322523270041,0.0733075263476622,0.07148119438502507,0.1519129885702629,0.061573046140891124,0.0635260488567921
321,0.060017320909096575,0.20559978759594483,0.2729449271568396,0.12105035504331278,0.0717245909716001,0.1555659445984388,0.05587801146080471,0.057219062262962556
322,0.06198886242180896,0.225043858588944,0.24343045504005792,0.11386420094019939,0.07747817920000577,0.1734495181074609,0.036637018883641376,0.06810790681688145
323,0.06567223739820305,0.23507567203445257,0.23383871509040763,0.09878743827125218,0.05484654237984202,0.17933907994607676,0.038871686164080856,0.09356862871468491
324,0.06766569951827807,0.23372967887698798,0.2365016729088146,0.10019011447912309,0.05231705608540931,0.17578442327032578,0.041653034964725735,0.09215831989533542
325,0.07768833274500628,0.2251952729118942,0.23550284281256115,0.09086237299063546,0.05393476349092221,0.1736925082617635,0.05674121380120394,0.08638269298501308
326,0.0767770006724355,0.22991239737641048,0.2351379811959853,0.0896035952551343,0.05490473813891522,0.17199167517776526,0.05533828796392927,0.08633432421842467
327,0.07075656841023746,0.23421558185320618,0.23330980220555897,0.08724782761410063,0.05930257517226758,0.1836600235397105,0.0554345398099155,0.07607308139400301
328,0.06262190767766906,0.23853239456430414,0.23741248431615702,0.08506348686379073,0.07498350625646959,0.17826007508052819,0.06585091274105936,0.05727523249902183
329,0.06752599892021031,0.2448017517086522,0.23365156878592744,0.08638836505553116,0.06847585165135865,0.1889473371162834,0.055773988709842355,0.05443513805119444
330,0.0563654062868018,0.246095445958764,0.24130124491790458,0.0794159902160067,0.06036889512718706,0.17649623673226988,0.07814939966660825,0.06180738109345764
331,0.05348590510087309,0.246326304646613,0.24239598232433912,0.078569721332953,0.05892718820177853,0.1808242480271393,0.08024026240277107,0.05923038796253266
332,0.05342935099415749,0.23900378530898586,0.24990951119403912,0.09469536284787033,0.06564358344598809,0.1690731366923901,0.06759570890214531,0.06064956061342366
333,0.0391993700710643,0.21822723367436322,0.2333037314404924,0.10791733616271833,0.05877530851009395,0.17625425010038004,0.07778899987404185,0.08853377016584585
334,0.0419281415683211,0.1780490333897728,0.22123108138624342,0.13126228728485437,0.049127483077296995,0.14706562320575664,0.10210882290170878,0.12922752718504585
335,0.028282920075009346,0.14990514528329013,0.19374288832843972,0.15219246031074107,0.037670421345075755,0.1552291640385023,0.1213861363430796,0.16159086427486205
336,0.02402430497781519,0.14020726449988624,0.18577082488558114,0.17895030473485257,0.05038594604080567,0.15115049217577176,0.11445244936296041,0.1550584133213269
337,0.02880948078123756,0.1375604915299701,0.17788160324792807,0.1816609043109815,0.03895338404394631,0.15517007020355172,0.1236746529919755,0.15628941288940917
338,0.01588818124065871,0.1139531985134048,0.20123855072739166,0.18295664954660618,0.027154427274872123,0.17509570071254243,0.1490182052087559,0.1346950867747682
339,0.01476844592368387,0.1164047712130709,0.19837526897085087,0.17953834711823002,0.028244859502758724,0.17869109726761004,0.15367829336250927,0.13029891664028645
340,0.015355254372036189,0.11794604857073084,0.20337243716389425,0.1786979959655556,0.028510286427750702,0.17389458550145082,0.15267589731210623,0.1295474946854753
341,0.010124878006658513,0.1164101521778626,0.1922512182810764,0.17935708209637374,0.026507330481109266,0.17837294359117434,0.1625959811602848,0.13438041420446026
342,0.018920136552203058,0.10597943335571224,0.1888622001009583,0.16361372150284242,0.03572485065201591,0.18601858185264544,0.14997409059918718,0.1509069853834354
343,0.017663001372393437,0.09001457899356824,0.19868684662317967,0.1693678268022234,0.029147313590279243,0.1959806981058768,0.1499121159603736,0.14922761855110575
344,0.0041522538649250915,0.11362739735995836,0.17316650209694362,0.18186026502133223,0.030382344213854655,0.18815603145229948,0.16115555873671747,0.14749964725296905
345,0.003161453764057558,0.11315610320249786,0.17527643059109801,0.1818790647994574,0.03148122798430929,0.18785934869981175,0.1605964042852779,0.14658996667249
346,7.979115194154486e-18,0.11404861603079643,0.17379316644377568,0.18319723396822826,0.015164685279197256,0.17053267151449714,0.22718113170504073,0.11608249505746444
347,0.0,0.11487056609656722,0.1759898536264585,0.18108278978931078,0.016044366048050217,0.16866432371558696,0.2256813374559795,0.1176667632670468
348,0.028965997917554477,0.08771995398080137,0.15278730080292455,0.18225516155069796,0.002264186464080952,0.17989615608084503,0.2575073952941087,0.10860384790798687
349,0.030074760598735935,0.08881718551357756,0.1502932020410211,0.1835757996492426,0.001839224065358626,0.17957939813951843,0.25744007049916556,0.10838035949238015
350,0.040186712525995066,0.07941249294690918,0.1415380178601478,0.17006670252719097,0.013630767891825046,0.18009920900675178,0.2526696617968113,0.12239643544336885
351,0.04820662408257795,0.06424675283161906,0.1743138658750798,0.1457285667258403,0.0,0.18713485468335447,0.24368479155110132,0.13668454424942703
352,0.039366992570715374,0.06559954579209089,0.16730386942059028,0.15629337794982093,3.0147671223787604e-19,0.18110019328259075,0.2588518726259004,0.13148414835729136
353,0.06132204203509094,0.05982090280542448,0.16654905961921582,0.1454588819186441,3.7654055576764215e-18,0.2021597938984204,0.2453038620985615,0.1193854576236427
354,0.06893683921894232,0.06517524470232908,0.17282784946574123,0.15986638172514392,0.0,0.19985115155758013,0.243252753461189,0.09008977986807405
355,0.060408504138356446,0.1033809210885385,0.14935415623816384,0.1901097660239037,0.015504972587829048,0.17595398047955302,0.22607633316448236,0.07921136627817318
356,0.06489271689698639,0.09893206948742014,0.14570399303997772,0.19167260289765436,0.033829852397013346,0.164186132756724,0.22585363589199353,0.0749289966312305
357,0.07624072623536983,0.09952471152348712,0.14385199821280578,0.18130642543897219,0.037478219465047785,0.17107899715456631,0.21795022363073227,0.0725686983380186
358,0.07248592158533407,0.09308715232496706,0.13907150912157337,0.17489242934199675,0.04201536298238171,0.17530084611358385,0.220880351768403,0.0822664267607602
359,0.10018280147114608,0.07339440422717065,0.11205189100510629,0.19493653408118694,0.01715270881518279,0.16324084146219023,0.2108714087864384,0.12816941015057856
360,0.12252321517451462,0.10360208819087828,0.09957128959805692,0.1758694874835186,0.0305097346237249,0.18620319074548275,0.18340170727304905,0.09831928690977465
361,0.11822714608701682,0.09922993980456324,0.10934789549399021,0.1807184198583192,0.029273223859750255,0.1915795800878748,0.17684987321211787,0.09477392159536753
362,0.13821631751475885,0.12159673001269385,0.10596777973196934,0.16900285675598511,0.059960015783435905,0.20168112647637793,0.1452301244955626,0.05834504922821634
363,0.13868611925647983,0.12294298473423791,0.10397229600680516,0.17676083850921526,0.05790443430807729,0.19980178272169616,0.14257561578840422,0.057355928674084046
364,0.15363641921063134,0.11531981858845061,0.08947132428937314,0.1478699497736024,0.052808708556376135,0.20847409383320348,0.1452053442659215,0.08721434148144136
365,0.1461111627138595,0.12477017684311069,0.07562055949414513,0.14919041094468907,0.07749513763228624,0.20736190551799255,0.14239724096318346,0.07705340588973318
366,0.14548926446363414,0.13402584239519608,0.07430429446473873,0.15364985381650606,0.08282905144161914,0.18944482864639745,0.15469223425521605,0.06556463051569231
367,0.14206073491061047,0.12861789540220198,0.0693687617260087,0.15943114116155446,0.0971778889379362,0.1826165750960091,0.165660166145189,0.05506683661949002
368,0.0982695105967537,0.12140248014385405,0.07656984464962915,0.15031050632034876,0.19022167536033235,0.13512721080124251,0.15651537024434817,0.07158340188249122
369,0.122393311376424,0.11274347678961157,0.06123934058866093,0.13219423974991684,0.21512711789196287,0.13467246368480865,0.15153746796976117,0.070092581947854
370,0.12612509366177654,0.11177248487877701,0.058075624557126684,0.13027871667834887,0.22267814390525165,0.13635111059397456,0.15878846588842208,0.05593035983532269
371,0.11441209662054085,0.1175450156011269,0.0682191548324556,0.11797331410961294,0.22083382883628003,0.12277051242193504,0.1786293460540807,0.05961673152296786
372,0.11327652005736463,0.10754351741698898,0.1075226400561045,0.1245700975950085,0.22006995631425516,0.08618946380315821,0.18922783721522574,0.051599967540894194
373,0.10930465813323502,0.11805010229119385,0.11638442540391915,0.13000935089470064,0.20097507721381402,0.08988060536471942,0.17766610142063513,0.057729679276782735
374,0.12560795134547018,0.1276763746665195,0.11508136252989326,0.12933404832970757,0.18324634442393004,0.08972821640148985,0.15108495421058415,0.07824074809140547
375,0.10558168469310354,0.14126742236455433,0.1086090536287905,0.1337270042894,0.18917202143829503,0.12047319747137906,0.10959536279649394,0.09157425331698361
376,0.10418917039283408,0.14427253598376993,0.11579543184017452,0.13259844775000842,0.18753247155361724,0.1187971271301521,0.10490523140973797,0.09190958393870576
377,0.11770866729017099,0.14611512727378667,0.10639034434744371,0.1425997715649198,0.1809254617744774,0.12170057886738236,0.09581966995836828,0.08874037892245071
378,0.08775518034726172,0.1463101471575357,0.12458316405683917,0.14556851937499915,0.1667263295408532,0.13201683181888113,0.09881916869383638,0.09822065900879356
379,0.1138526521232901,0.1316089758044397,0.11846851558231043,0.1457453330025855,0.17862267202607846,0.12216223578665511,0.10297188520801052,0.08656773046563011
380,0.116089265354702,0.1294491798391994,0.10895071384365665,0.15377595501394212,0.18089804014556765,0.137693692629577,0.09139341843936442,0.08174973473299074
381,0.1228658197790521,0.12937582537665276,0.10566970606335113,0.15375213504454852,0.18312855824277724,0.14042523763095,0.08903106077087496,0.07575165709079318
382,0.14574365121269786,0.12392049343715637,0.10210665877500873,0.1690880210080182,0.17506941691513742,0.09105769832292625,0.11592475640706322,0.07708930392099188
383,0.15036106661434112,0.129932999432977,0.10178345033529024,0.15638243488549802,0.17519067361061227,0.08676328641278028,0.1123085865529636,0.08727750215453738
384,0.13084864912187102,0.13426096373472723,0.11195770460952507,0.14966800102143168,0.17102544054809263,0.09210802949183293,0.11956157684163131,0.09056963462988808
385,0.12936428955198886,0.12607113792250724,0.11704178386975612,0.14512933035910405,0.16349369940971772,0.0912929853160434,0.1373151353880636,0.09029163818181883
386,0.1273856658160679,0.12849404078200202,0.1302565768241144,0.10690972629649391,0.1768156851354974,0.06281378399715232,0.1514650542490204,0.11585946689865158
387,0.13764127708134152,0.12550306492363103,0.13466927670957846,0.10315925703233861,0.1825855954413673,0.04353675332884847,0.15910308517942381,0.11380169030247077
388,0.10467096527417832,0.14211879277239872,0.11299389721626459,0.09700061242557913,0.19161722268106268,0.058796274207377514,0.16988059095826422,0.12292164446387474
389,0.1129272415591128,0.137791242775786,0.11749028718941132,0.0674218069573272,0.19235625580658414,0.06017021597551594,0.18141794886545096,0.13042500086981162
390,0.13628924096930908,0.1198567698001256,0.11287028626489692,0.09897197661831682,0.18550782166865545,0.05822813351026237,0.16293732130854302,0.1253384498588906
391,0.11008192359929851,0.13658477868600452,0.06103892519119793,0.11721068646033946,0.2136627048159722,0.07626405022727041,0.15560639568261156,0.12955053533630534
392,0.11072264177064121,0.14727096486548724,0.05442393044134595,0.11246771954330649,0.20155011942930076,0.08496010280272964,0.14352064846523438,0.14508387268095443
393,0.10296162553126809,0.15548472544044456,0.050973426849549114,0.10600527790980728,0.20868289443859991,0.08282831272780018,0.14767136116645502,0.14539237593507587
394,0.1092102567247068,0.1470141720054108,0.061042243079908444,0.09464527066810445,0.2055168797500814,0.08899570028890938,0.16864108467892447,0.12493439280295415
395,0.11431160918223524,0.1547967253856836,0.03775493364968945,0.08740391851549048,0.22981577502646292,0.08621855730973767,0.14339806318314513,0.14630041774655544
396,0.0881221970328496,0.18721577770972317,0.023243408418295218,0.13373755369218027,0.22641146342866147,0.08413206431043821,0.11963670558807012,0.13750082981878195
397,0.13655662193397425,0.16047783080298722,0.02846030245251144,0.11109674441598441,0.20790420571138918,0.08678336690785944,0.12730632059984257,0.14141460717445145
398,0.13108761389148205,0.16819107640349565,0.035504020726103834,0.10148223936194194,0.19733159118723714,0.09257717295903443,0.13621840592073134,0.1376078795489734
399,0.13654607525356408,0.17026806814488746,0.019313593689537698,0.07357893253744831,0.21112874435918166,0.08550064559502234,0.1646625092313568,0.13900143118800162
