oos_period,model_1,model_2,model_3,model_4,model_5,model_6,model_7,model_8
200,0.058331574417248594,0.128125942613565,0.3725324651035162,0.08048719379324154,0.07021319955262179,0.06329771123677617,0.09347666089777294,0.13353525238525785
201,0.05878211412202567,0.10411134388112148,0.3767728387955358,0.07816368275473394,0.07054591435688706,0.06374837374757147,0.09656059511435752,0.15131513722776713
202,0.05791748981693701,0.09737503375555565,0.3686351982770541,0.07824828048506142,0.06923496827470188,0.0626314443138848,0.1023188784378863,0.16363870663891877
203,0.05798133803296868,0.10008559048593006,0.3692361226632346,0.07704166749587071,0.0674248225772867,0.06281758589795437,0.10419307375127568,0.1612197990954792
204,0.057796128983544005,0.10063640867218543,0.3674929786686494,0.07639490049712641,0.06769381776228363,0.0628157493434689,0.1057938228212619,0.16137619325148025
205,0.057380199707637615,0.09416716067593388,0.3635783501895304,0.07631255628379999,0.06704283078856334,0.06243498060101573,0.11054500012190406,0.1685389216316149
206,0.05744100626954474,0.09275622024059116,0.364150647242774,0.07499234335099332,0.0654789766357843,0.06273591367022638,0.1173510608549081,0.165093831735178
207,0.05686017321468332,0.08999166241265276,0.168185579608548,0.07516990812410909,0.06506576514322317,0.06238151009140882,0.12366141820835536,0.35868398319701944
208,0.05572868378345601,0.08762205500939253,0.12418397552068315,0.07377005957564323,0.06447940579639568,0.061209965454953566,0.18497118395636053,0.3480346709031153
209,0.055935742674588756,0.08755466291704754,0.12408231673791197,0.07552166053974073,0.06509978371096108,0.06145138047867832,0.180370992474354,0.34998346046671763
210,0.05636459357908089,0.08747449373302871,0.11813163431691953,0.07529156093990984,0.06604426527528649,0.06170626192067368,0.1809674859613984,0.3540197042737025
211,0.055896604858157915,0.08695330885116673,0.11996781299187614,0.07502782242253593,0.06303389480245389,0.06144298552064,0.18806246600580082,0.34961510454736855
212,0.056082741561741804,0.08116822771386414,0.11807290903816195,0.0757865173740771,0.06409548413345008,0.061682747959730694,0.19174439281434538,0.35136697940462874
213,0.05637833356870554,0.08367065129281306,0.11239067171301677,0.07643670107394311,0.06265517325763158,0.06198642482235793,0.192333022448421,0.354149021823111
214,0.05683366968137042,0.0835587908630273,0.11391142004170325,0.07665030389851907,0.06274816004749476,0.06294561775735766,0.1849174995329235,0.358434538177604
215,0.058269370546275887,0.07514362940033323,0.10113827638088836,0.08275040103468015,0.06467696910270443,0.06490009967594462,0.18117423695304746,0.3719470169061259
216,0.057616854091616335,0.07524939902206,0.10141732837510484,0.07891265277395808,0.06273098742701108,0.06458157134267467,0.19368552139942127,0.3658056855681537
217,0.057948960792367825,0.07674405572427224,0.09445918162579785,0.08171056744485143,0.06412821353845374,0.0648867621703925,0.36893139569287364,0.19119086301099084
218,0.05893653270532351,0.07575965035549363,0.08546773703011373,0.08067728561894756,0.06613476694453331,0.0661810684987935,0.37822619016775066,0.18861676867904403
219,0.05945493123216606,0.072745787521524,0.08302483911779408,0.0755675182616356,0.06808823060727005,0.06668243906486539,0.3831052351262688,0.1913310190684761
220,0.05897794027620906,0.06995083708455527,0.08489240043346855,0.07881908965040331,0.06740038504040309,0.06625348091320024,0.3786159084819677,0.19508995811979277
221,0.05914861584311074,0.0703564324338601,0.07657235356104246,0.08100641058703244,0.06847595285652672,0.0666220512680695,0.3802222667586893,0.19759591669166884
222,0.05858277976778036,0.0692260270584969,0.07144749277069738,0.08098039965704801,0.06963036482816018,0.06606248178310255,0.20917370337913468,0.3748967507555798
223,0.05969205951123554,0.07369549822281374,0.06778809847338915,0.07818887555869056,0.07277867331403205,0.06746837586060148,0.3853370306939814,0.19505138836525604
224,0.05927463644973917,0.07136091661158925,0.06554222179062284,0.07833386552298036,0.07740287299320277,0.06624814135297807,0.20042900222251897,0.38140834305636856
225,0.05955199591162003,0.07242650472748893,0.06481718455969222,0.07939361343143934,0.07894361497330078,0.07022561995710272,0.1906226813888146,0.38401878505054143
226,0.05845215997046306,0.07222170574793906,0.06369028670747456,0.07508112159547407,0.08618447147935952,0.06727574200073251,0.20342712454125775,0.37366738795729937
227,0.05887591680947405,0.07433902620357595,0.06386547826786294,0.07502624044990348,0.07600016791902492,0.06774449186234396,0.20649299086923545,0.3776556876185792
228,0.05929244901065208,0.0738537967688732,0.0633395528510607,0.0768643913082622,0.07579676997614541,0.07098940330501377,0.19828764609150246,0.38157599068849024
229,0.05929861644248782,0.07442423686198514,0.06298831326113838,0.07664148260623294,0.07736318129140261,0.07034856940734656,0.19730156302363885,0.38163403710576776
230,0.05953650784620376,0.07395228921525228,0.06308281698708405,0.07983132946825122,0.0772707000738081,0.07093681896588694,0.19151652242041944,0.3838730150230942
231,0.05951215672009633,0.07482064437074647,0.06251048926006553,0.08629056550859429,0.07442566688663202,0.07079795608269777,0.18799869321731968,0.3836438279538479
232,0.059523484779594835,0.07603476264223015,0.06306671038963024,0.08723884939249629,0.07656513962819368,0.07124318022874127,0.18257742795469173,0.3837504449844219
233,0.05899788408634769,0.07615868223669187,0.06259668026676234,0.08367997535814914,0.08290917507182893,0.07109975988750784,0.18575422816238105,0.3788036149303312
234,0.058102513526955876,0.07438635124622074,0.06140891566502777,0.08438447139219295,0.08727294382102382,0.07042117588798541,0.19364703055983243,0.3703765979007611
235,0.058049074485781595,0.0738358898537814,0.060825669512385216,0.08013479522432213,0.09090880386677727,0.07121994191174064,0.36987364221912095,0.19515218292609082
236,0.05830650730158592,0.07413758457565907,0.0609868474670993,0.08197241293321589,0.09075892097053787,0.07125802491383681,0.372296539309044,0.19028316252902108
237,0.058153963231091337,0.07674551910193848,0.060853862392300416,0.0883929584378816,0.1006729163528703,0.06985113748751533,0.37086083041027135,0.17446881258613114
238,0.05812149081156357,0.07736174635536464,0.06049824812606585,0.09120852445249657,0.10079932640564175,0.06985210519011259,0.37055520763824534,0.17160335102050966
239,0.05985460835233482,0.07955734726761643,0.06240644032800479,0.0955021492110156,0.10826765637213234,0.07213047038393613,0.3868669021396218,0.13541442594533792
240,0.05868438818421335,0.08130140416460467,0.060697648920236685,0.09426094886864976,0.1391487445088655,0.07004072246056768,0.3758530652631845,0.1200130776296778
241,0.05937330370136765,0.08215394672567634,0.06084956737418962,0.09355079757936365,0.15318972956457844,0.07186554418991804,0.3823369760128719,0.09668013485203444
242,0.058480433984163825,0.07749607634034857,0.060057145864500935,0.11712468902777053,0.1530629193335947,0.07136445114964765,0.37393349632154194,0.08848078797843179
243,0.05934927797938992,0.08166476674210715,0.06098531029763254,0.09816530133215294,0.16037002625207444,0.07287144794255439,0.3821108515707286,0.08448301788336003
244,0.0589694609724962,0.08503942196651634,0.06035317299088844,0.1014414501375894,0.16683683746351366,0.0730602704071703,0.37853610327055254,0.07576328279127303
245,0.05978155171532782,0.08592539911521993,0.060525291167129756,0.09938430044975183,0.1595153151980405,0.0739449304208106,0.3861793102619088,0.07474390167181076
246,0.05698918488462487,0.08615392733721478,0.057774106624205276,0.10745907781260396,0.18389534217912534,0.07636441813990438,0.35989821067882233,0.07146573234349904
247,0.056314002086083864,0.08396725712410522,0.056757208439441056,0.10696932963554816,0.3535435490454951,0.07580183465946583,0.19651462048653645,0.07013219852332428
248,0.056547701297628886,0.08711754923592448,0.056827054512167616,0.10916753298509882,0.3557430710365071,0.07764112970671379,0.1861580099708496,0.07079795125510967
249,0.05692772036977895,0.0887124277666888,0.05706271881899606,0.1109248225196549,0.3593197211273313,0.07820049263986162,0.17786889939257164,0.07098319736511671
250,0.0573205417836834,0.09182043797717837,0.05722745786545439,0.1121600686541623,0.3621407799101589,0.07853308962252743,0.169172763886051,0.07162486030078426
251,0.05760953930103362,0.09293995219696802,0.057615370011025825,0.11395503451844821,0.3657368404803164,0.07989799708667097,0.16053010534428755,0.0717151610612495
252,0.05796216491361188,0.09315988586332928,0.058001422961223285,0.11766845218997217,0.3690556697751706,0.08092104254953462,0.15156235823638542,0.07166900351077268
253,0.057681193593064485,0.09528288636944815,0.057878713830620404,0.15341209756777469,0.3664112338170774,0.08360153295169384,0.11516546476110726,0.07056687710921371
254,0.05766426209962576,0.09778039850491833,0.058063998422132224,0.15669802725096732,0.366251878584713,0.08482046479627617,0.10873903952681249,0.0699819308145548
255,0.05797121656565463,0.09329492484719354,0.058463548275301064,0.15672141364601272,0.3691408617943966,0.08412674076802251,0.1091873274657503,0.0710939666376686
256,0.05788830961071044,0.09301800733651608,0.058605454137027516,0.1635594331800432,0.3683605610419806,0.08484449846520006,0.1028224462555273,0.07090128997299476
257,0.05801723354030605,0.09012288106216695,0.05879053485776276,0.16916194268101445,0.3695739627322922,0.08549295682984058,0.0979641245482083,0.07087636374840871
258,0.058155701989971234,0.08611082844472165,0.05885709898629637,0.17800963462150143,0.3708771953170191,0.08682916054882739,0.090228299486529,0.0709320806051338
259,0.057946699663324684,0.08424736408165305,0.05867457193124698,0.1796735880392885,0.3689101144783499,0.09074323444532209,0.08922229161620925,0.07058213574460549
260,0.05807557207095579,0.08651278374105915,0.05891984575358815,0.17776760577464795,0.3701230312560545,0.08519732469230518,0.09207320558989121,0.07133063112149803
261,0.057851267943682685,0.08183134269298799,0.05889704278397832,0.1799697699101468,0.36801193358760165,0.09082103325205841,0.09112737715424304,0.07149023267530104
262,0.057617119367504695,0.08133428171944197,0.05854457790260743,0.1788076865488562,0.36580818228239714,0.09689715156629562,0.08992404948083164,0.07106695113206528
263,0.05772330839925561,0.08197793088066352,0.0589702050387565,0.1780339719730547,0.3668076084635821,0.0976640665076978,0.09063599885899049,0.06818690987799926
264,0.05764856431820225,0.08214314776013984,0.05877943866432398,0.18036093841597278,0.3661041347595506,0.09654414829258776,0.09005208423899828,0.06836754355022456
265,0.05764975040185911,0.08234511432587101,0.05880593747325809,0.17987176087160298,0.36611529789985037,0.10263821722511861,0.08425172239408861,0.06832219940835123
266,0.05737655539503884,0.0812535456181308,0.05824271966734815,0.17913360348669058,0.36354405077683605,0.10546631022301811,0.08713980756862147,0.06784340726431606
267,0.057350637236593324,0.08176181897991769,0.05795381696465024,0.17507597903115962,0.36330011516793714,0.10880158453076431,0.08794613227732868,0.067809915811649
268,0.05728449266819308,0.08160567550179776,0.057682806307484805,0.17563850529606387,0.3626775780535818,0.10984345904609832,0.0875859630238325,0.06768152010294783
269,0.05725180214165472,0.08234709611990026,0.05760471038989943,0.17413943887763897,0.3623699025096914,0.11201813193621132,0.08787067988698183,0.06639823813802206
270,0.057299607933891425,0.08144348076301573,0.05742247380072418,0.1717000863834064,0.36281983937780155,0.11453823419310859,0.08786983350419024,0.06690644404386203
271,0.05710661300527217,0.08039719760428062,0.05762596952557447,0.1722061746621121,0.3610034165202087,0.11589526146586618,0.08875142502284077,0.06701394219384507
272,0.057099717818015865,0.08037259991977613,0.057744774331263696,0.17343441217111075,0.36093852064014925,0.1150889237277636,0.08833888411740341,0.06698216727451727
273,0.05686684857904332,0.080276957234365,0.05759173452192151,0.1736967677015499,0.35874681015570176,0.11774702185971501,0.08846729061929894,0.06660656932840454
274,0.05677105202643031,0.08004906764407138,0.05751568752568505,0.17371377278351216,0.35784519554287353,0.11973113446071347,0.08783847323242451,0.06653561678428964
275,0.05664816523861375,0.07783676098908385,0.057574454140430234,0.17414624144120436,0.3566886140104823,0.12204975962375175,0.08849508666618829,0.06656091789024546
276,0.05665409725284399,0.07662280755737821,0.057820205048697844,0.17307581128158125,0.3567444447326493,0.12444039011470674,0.08834756886918572,0.06629467514295692
277,0.05684414474796477,0.07673387571173312,0.05796777434689441,0.17296212184211246,0.3585331270396684,0.12112520626655404,0.08943132722040013,0.0664024228246727
278,0.05733615381781523,0.07678367841101713,0.058955501003744366,0.16293864011463385,0.3631638006382609,0.12378736889515307,0.08987420468847228,0.06716065243090324
279,0.058654431069193325,0.07868803734967883,0.06013592989603181,0.13937326665335995,0.3755711159453491,0.1269384787622994,0.09272102481274208,0.06791771551134547
280,0.05850753253631233,0.07772432365855168,0.06013731647424556,0.13943885721113733,0.3741885415182336,0.12889596235369216,0.09343146971277498,0.06767599653505245
281,0.05618109042243028,0.07472166767221987,0.05789770227924811,0.18171618944446824,0.35229261574052034,0.12259496325655109,0.08966553472696254,0.06493023645759954
282,0.05603521510343856,0.07447086420621762,0.057887815440101624,0.18148078013959995,0.3509196715617746,0.125049595369137,0.08932791424522617,0.06482814393450433
283,0.05597003103822092,0.07342161661947652,0.05793644268155608,0.17975937834220845,0.35030617447737333,0.12754526607740196,0.09031757788546085,0.06474351287830184
284,0.05599396507890919,0.073527680441628,0.05783470579979338,0.179030463149572,0.35053143603679243,0.1266304710166205,0.09152666077618288,0.06492461770050165
285,0.05583826011899243,0.0728819987724016,0.05778990045630889,0.1797350717943335,0.34906597759051694,0.12797180469276256,0.09173839091992515,0.06497859565475902
286,0.055635150949942695,0.07258022846346321,0.057747650663924906,0.1811521019166649,0.34715436188181364,0.12970932296444473,0.09175712878438519,0.06426405437536069
287,0.05564687432128679,0.07285419905364804,0.05783526851894795,0.18169477766722553,0.3472646994944638,0.12882739486760575,0.09184622891845717,0.06403055715836496
288,0.05552525688249533,0.07279174770122698,0.057701662501579175,0.18121721673380284,0.3461200647764266,0.13065120276536318,0.09217843827513962,0.06381441036396626
289,0.05549140353623864,0.07273227578766767,0.05779362912670406,0.18161114811605916,0.34580144504695187,0.13063010246313558,0.09254901127881918,0.06339098464442372
290,0.05554145629993523,0.07320791972879606,0.05816565925412702,0.1810198772381999,0.34627252988174334,0.1289657457301156,0.09337032175192146,0.06345649011516133
291,0.055529658044413614,0.0740128311430702,0.05787846848404098,0.1807894135883618,0.3461614874768339,0.12965536349248843,0.09296021208521973,0.06301256568557138
292,0.05550148989103737,0.0757867690787497,0.05802503792953191,0.18354118764667438,0.3458963754450575,0.12557082798382016,0.09354025925198195,0.06213805277314706
293,0.05535150266481542,0.07285542360061013,0.05794487899529778,0.34448473096296867,0.18818897746822474,0.1265186246471978,0.09227031687002729,0.06238554479085812
294,0.055469017714322534,0.0732382194919369,0.05823215912772726,0.3455907549583297,0.18775271231726418,0.12529400408063002,0.0919167827380751,0.06250634957171429
295,0.055619431858809715,0.07301099309742587,0.05848582217568472,0.3470064174946797,0.18469708101299775,0.12725522480256768,0.09212127923316704,0.06180375032466751
296,0.05563644754230666,0.07353489017631377,0.05856599312908029,0.3471665651040627,0.18070961062552215,0.12884557096819055,0.093722031454375,0.061818891000148896
297,0.05541563841602504,0.07304364586124078,0.05834131048339053,0.34508836156258854,0.1834308874351898,0.12945324088623708,0.09353701719744101,0.06168989815788735
298,0.05519517285423187,0.07273649488837512,0.05829827333334298,0.34301339156924116,0.18721726877011108,0.13008600401778406,0.09202281788574326,0.0614305766811704
299,0.055643694211789205,0.07371699916488775,0.05845360346432452,0.17750322020849446,0.34723476905213363,0.13340666514874988,0.09282298100429506,0.06121806774532548
300,0.055103083658560245,0.07297945548877044,0.058121644727528454,0.3421466697276259,0.18714500799293587,0.1331173664348067,0.09172807829760783,0.05965869367216451
301,0.056041130315304055,0.07438889257826943,0.05886756294235103,0.3509753441440381,0.16924294995821426,0.13620622865926868,0.09315559985207178,0.061122291550482676
302,0.056672850644276365,0.07468792351702425,0.059822507161472006,0.35692094724024814,0.15893487722192184,0.13609822574707858,0.09500814615122331,0.061854522316755374
303,0.05606425944130808,0.07404117280921585,0.05922822749700502,0.35119303003584085,0.17308811292025733,0.13024877425005135,0.09481238833237576,0.06132403471394575
304,0.056609958381228696,0.07520047130619802,0.059672422346078946,0.35632902005862305,0.16190695973198005,0.13233908708306408,0.09605204885585349,0.06189003223697363
305,0.05451027092827858,0.07228019977512205,0.057344725088036716,0.19880404681427058,0.12804419361287403,0.3365672557955631,0.09285685195182987,0.05959245603402514
306,0.05609901954832953,0.07420462158252698,0.05902201435102398,0.1705800464091672,0.13167687545295856,0.35152018398427787,0.09549844987620393,0.06139878879551198
307,0.05535867774608115,0.07304366291587647,0.058275311561831376,0.18415175510855358,0.12982311367731986,0.34455226113958737,0.09432644553113194,0.06046877231961829
308,0.05530950249724662,0.07319656539859087,0.05814431739370162,0.18609018857330925,0.12954221716110934,0.34408943526820346,0.09403137037453987,0.059596403333299006
309,0.05679316361704025,0.07553277580562934,0.059670047651196274,0.1242484694610044,0.1671812627346209,0.3580533046309671,0.09780653020774524,0.06071444589179655
310,0.056778283055502345,0.07463329809901761,0.05971186389326346,0.12279065113926607,0.16963150978084643,0.3579132522870808,0.09755243449826877,0.06098870724675446
311,0.056640687976545694,0.07437364356849317,0.05919588125555969,0.1198488782209759,0.1747829535461199,0.3566182397792536,0.09771785591590434,0.06082185973714766
312,0.05683745989784576,0.0743540155517916,0.059407685976161584,0.11999232020576109,0.1721995974390892,0.35847021080325425,0.0976976389747503,0.06104107115134623
313,0.057866932285155916,0.07578187324765118,0.06031611093540739,0.12270294954014486,0.15374162445374048,0.3681593626838203,0.09945864215885163,0.0619725046952282
314,0.05717671656035453,0.07478546049078433,0.059554931936384274,0.12137185968015235,0.1663667762530795,0.3616632146856896,0.0981239869648654,0.060957053428689886
315,0.05682281394567463,0.07483400629846804,0.05900034163691305,0.11909999466558144,0.17315130896679562,0.3583323665475259,0.09825767933482844,0.06050148860421281
316,0.05872646518353879,0.07746179607962504,0.06078835291691004,0.12359702872569724,0.1382300915374646,0.37624908408036506,0.10244453229601418,0.0625026491803851
317,0.05892745669097347,0.07728308334523043,0.061017976959984524,0.12467153242808093,0.13453192104692027,0.37814076885622083,0.10268739442600996,0.06273986624657957
318,0.05889963791190522,0.07751346348979529,0.060472154503170554,0.12416328537876932,0.1354445280126445,0.3778789450532255,0.10317932098495532,0.06244866466553429
319,0.05892496363940958,0.07786859440405984,0.06064027809299245,0.12478105185984044,0.13484800572474462,0.37811730484150186,0.10233563850003151,0.06248416293741976
320,0.05911177059051158,0.0781264538900626,0.06061182855723812,0.12464312320522047,0.13276920239830817,0.37987548791069714,0.10304505208174401,0.06181708136621793
321,0.05925113839583131,0.07943178084634125,0.06077229397068732,0.11718206509069186,0.13418244556421963,0.3811871849019417,0.10564102821217394,0.06235206301811295
322,0.059166163154285904,0.07904908973216682,0.060269171649988476,0.1179697519217155,0.13553228768837247,0.3803874179226908,0.10470275305673264,0.06292336487404744
323,0.05926117380849334,0.07837747638564127,0.06019224722960602,0.11732986410522173,0.13534563184939377,0.38128163584464314,0.10524809068279929,0.06296388009420148
324,0.059311142318627955,0.07844273183378156,0.060239836417426126,0.11714155666790203,0.13476137305904087,0.3817519277047337,0.10525318429997915,0.06309824769850858
325,0.059366874736289835,0.07813437464839659,0.060072272251968116,0.11521295917540668,0.13659226498491225,0.3822764681062573,0.10537456717707192,0.06297021891969731
326,0.05944295351531818,0.07786625215329027,0.059879094563769365,0.11537919845608775,0.13565759601682822,0.3829925036735828,0.10562302824330809,0.06315937337781541
327,0.05954946742248468,0.0776838520218696,0.06000900499596758,0.11439343001466087,0.13515885593310478,0.3839949875057381,0.10583605444343601,0.06337434766273829
328,0.05897803717189224,0.07692253087527372,0.05935272466258053,0.11424320195153244,0.14409421057675662,0.3786168204413387,0.10479220263137806,0.06300027168924774
329,0.05892691877175711,0.07687400656752255,0.059221163592434414,0.1159934717618685,0.14475953530188782,0.3781357060871257,0.10312612251248991,0.06296307540491405
330,0.05867552101756509,0.07644713597649183,0.058739738774088356,0.11687906084293127,0.1485233680188764,0.3757696095770832,0.1022062695898316,0.06275929620313235
331,0.058894347355024135,0.07626740229023155,0.05873232575165994,0.11711136060694124,0.1476036558167085,0.37630424236856413,0.10207973222122423,0.06300693358964632
332,0.05891196155489936,0.07628885691772011,0.058721586725793216,0.11669601038297621,0.1480672449492543,0.37620316918393615,0.10199887716688912,0.06311229311853156
333,0.058881563842484726,0.07606831714350758,0.05867904946866951,0.11722469326910549,0.1485022559916109,0.37580281852865416,0.10208623964844042,0.06275506210752721
334,0.05889618067644798,0.0761433725619291,0.05862174480297159,0.11784743010378194,0.14855657935538874,0.375263480498556,0.10236354128932001,0.06230767071160457
335,0.05905093526346604,0.07665112004939685,0.058740413235119845,0.11584588013233359,0.14786493435909132,0.3763803598599515,0.10310266869649132,0.0623636884041496
336,0.058822712425366463,0.07613462824995769,0.05844229701329439,0.1195943144512836,0.1490473274221449,0.37357456012512363,0.10238747070659072,0.06199668960623859
337,0.058949765405137064,0.07660456462465975,0.05867409190588428,0.12061169960164281,0.14461097156703948,0.375756159114205,0.10244343624666315,0.06234931153476834
338,0.05921499527476761,0.07704391545694687,0.05882385866026686,0.1220083836231133,0.13987327608353756,0.3771657285672175,0.10301010004298226,0.06285974229116818
339,0.059024776875113545,0.07674431347478221,0.05863199488388506,0.12446322349174914,0.14155403667150043,0.37535995184833004,0.10145061296110061,0.06277108979353895
340,0.05889395424980504,0.07652751370588652,0.05857126008492987,0.12430465138550105,0.14279136414059954,0.37478833021110475,0.10122451231487771,0.06289841390729545
341,0.058975915202971414,0.07677742494224435,0.05861839380222431,0.12590983690578442,0.14183798717310345,0.37523194166799356,0.09978126030038975,0.06286724000528868
342,0.0590516660686213,0.07533075855725356,0.05865379545658419,0.12587669903955642,0.14262977675158028,0.37556513370902767,0.09989341496082164,0.06299875545655483
343,0.05920659599665479,0.07582272325145611,0.05882241662793255,0.12703827799417533,0.1383476916448138,0.37715215649818873,0.10026486818856427,0.06334526979821441
344,0.05951172073019121,0.07610781190536117,0.05902631049196135,0.12879012002826173,0.1322215778798045,0.37907115757140086,0.10156998186657498,0.06370131952644424
345,0.05962140252430525,0.07610421436938644,0.058956085959446194,0.12780484687190014,0.1338663849463415,0.3784102207947878,0.10169052652182238,0.06354631801201012
346,0.05975248687331775,0.07668233988987262,0.05904967747141702,0.1294369559345226,0.13076977759125424,0.3792910820839248,0.10109846954695255,0.06391921060873837
347,0.05955911038383046,0.07659563841184722,0.05897563592957536,0.12905600592190677,0.1323584395140897,0.3785942205136505,0.10083125989448673,0.06402968943061325
348,0.059396351729459056,0.07673193417528121,0.058812835364578264,0.1268776188655223,0.13696651887076614,0.3770619799019131,0.10034021386068917,0.06381254723179076
349,0.05959409568449043,0.07693072235025941,0.058982965080198034,0.12826566873583897,0.1335265742690645,0.37866320075480503,0.0994901832341138,0.06454658989122986
350,0.05963934792377052,0.07566645627718589,0.05892588871643004,0.12722858451480717,0.13630937939631446,0.3781260114487533,0.09932103622764021,0.0647832954950984
351,0.05942653888796877,0.07494925559067588,0.05880563925919649,0.1272208121807338,0.13950644163027315,0.3769942518512611,0.09825598493881559,0.06484107566107516
352,0.059673584553720745,0.07504523755343075,0.05903300208430474,0.1273179615984444,0.13849929141914524,0.37913413726404455,0.09573873198540134,0.06555805354150823
353,0.05962405005953637,0.07525984580505984,0.059002604758318235,0.12698686239079685,0.1393689965370278,0.3788480447841716,0.09506325472710193,0.06584634093798741
354,0.05960491500422413,0.07517996768579516,0.058999486099084196,0.1287357160598965,0.13735742667001277,0.378818692697263,0.0952167443355811,0.06608705144814322
355,0.05965360292369173,0.07491311544328466,0.059031376356710866,0.1299662095680764,0.13477656770120885,0.37911883629845533,0.09599817581159241,0.06654211589697973
356,0.059586521955278055,0.07510804512225028,0.05905286250549282,0.1300181102511037,0.13447435416394427,0.3793210588752266,0.09573117750070392,0.06670786962600032
357,0.05973560869513809,0.07463107917974962,0.059180495763959284,0.13050559837014997,0.13285649641591826,0.380522313072558,0.09545418990197167,0.06711421860055497
358,0.06009713825148007,0.07292589295561203,0.059538758967388986,0.13169903640959962,0.1279478296899588,0.38389420204601393,0.09599897329739242,0.0678981683825541
359,0.06008694931293556,0.07167992109748356,0.059397689587714006,0.13110053584892367,0.13171326703561007,0.38256649023730827,0.09549123961327885,0.06796390726674593
360,0.06048743910005382,0.07080124151233415,0.05963554701156213,0.1334060472636713,0.1264556225134021,0.38480514834411417,0.09577049931575035,0.06863845493911208
361,0.0602605308829565,0.0703783991710922,0.0596256864689462,0.13282868527377376,0.1275922317264341,0.3847123432371406,0.09614899911453507,0.0684531241251216
362,0.060112744415966576,0.06939929787740079,0.05963342925974116,0.1352679904722105,0.1257632782492342,0.3847852165622697,0.09623655169859317,0.06880149146458385
363,0.06005534987930306,0.06929936722693361,0.05959509247871928,0.13612901762734494,0.12664495274691615,0.3844243997997109,0.09484823971515241,0.06900358052591964
364,0.05990162787792919,0.06812255886580128,0.05924554898047405,0.13383716065715964,0.13382556963090586,0.3811345786397558,0.09427371065266758,0.06965924469530653
365,0.059801715736337135,0.06747095263833004,0.059058131547178976,0.13420725246322657,0.1359100914743071,0.3793706498558021,0.09373021851997526,0.07045098776484279
366,0.05990975059972406,0.06553997469518233,0.05910613538237593,0.13519295193980155,0.13468997649349768,0.37982245065765585,0.09077045721478093,0.07496830301698174
367,0.059595444556804635,0.0649310740811819,0.05896947849447982,0.13544243490203708,0.1358264850049769,0.3785362681833394,0.0917699172635972,0.07492889751358289
368,0.05938648241872395,0.06466605333578343,0.05894427270941482,0.135893725177595,0.1366845163469267,0.3782990372650806,0.09176393780242999,0.07436197494404562
369,0.05930552478433453,0.06446649147849917,0.05899210052816326,0.13651194601614558,0.13601372178063434,0.37874918144153663,0.09037852831909761,0.0755825056515889
370,0.059181010197769265,0.06311098996624762,0.05906839784146637,0.13760564474186468,0.13295765188689593,0.37946727380203643,0.0914507540177012,0.07715827754601848
371,0.05920971840425258,0.06303764107009237,0.0592502640022124,0.14001847871818016,0.12911796926038702,0.380797349687083,0.08986446970610336,0.07870410915168917
372,0.059065368734989625,0.06201329000524318,0.059086577021538085,0.14247141352488735,0.12943409119920582,0.37943876456460823,0.08869492457044821,0.0797955703790795
373,0.05916369369997184,0.06120057234473647,0.059367661754127915,0.14283664115265515,0.13026736487985743,0.380364175999735,0.08595911210647121,0.08084077806244495
374,0.05928311316658706,0.06209181120377486,0.05957465701852432,0.13939552015855988,0.13120622754580025,0.38148812392081943,0.08275995210785667,0.08420059487807754
375,0.05927055454318118,0.061236021994708074,0.05965699753558538,0.14235493438202637,0.13025625021975917,0.3813699251122934,0.08239328288928907,0.08346203332315741
376,0.05917658612789768,0.06147369044146535,0.05950115876269453,0.1419538215976407,0.1308342743388627,0.38048551649786055,0.08220935405206202,0.0843655981815164
377,0.05919576487208427,0.06095031731477991,0.059664145695329476,0.14099500133948617,0.13096655983256375,0.38066602232549906,0.08173022950129324,0.08583195911896402
378,0.05886827971859547,0.06082301172437192,0.0598963158388998,0.14022489306058497,0.13366160902870997,0.37758380911619266,0.08134091995331393,0.08760116155933115
379,0.05856662270654468,0.060452465400078696,0.060355086706048375,0.1405708961944259,0.13403843514215247,0.3747446842968911,0.08082835377964531,0.09044345577421337
380,0.058340768080017855,0.06017929653693498,0.060201316042015986,0.13950694968562952,0.1365006359362879,0.37261899369428575,0.07990244249331103,0.09274959753151694
381,0.05808924191908054,0.06000812471419095,0.06083509236315077,0.138286719139133,0.13891670387059785,0.3702516886501697,0.07907764438190856,0.0945347849617686
382,0.05761162456271157,0.05946188340358531,0.0610056913652866,0.1410704188671362,0.1388612824477591,0.36575646647257953,0.07695626491894504,0.09927636796199663
383,0.057975509743458054,0.059815569856257564,0.06156141384883108,0.14227763803263882,0.13222339771747565,0.3691812681737229,0.07755281541900032,0.09941238720861555
384,0.05735753582164189,0.05933628693191925,0.06210214442803901,0.13715143596143578,0.14299942939174878,0.36336504302721767,0.07570741196115108,0.10198071247684659
385,0.05714642772036059,0.059076083660223176,0.06135702103117877,0.1401209719948584,0.14865878292726337,0.3613781432504527,0.07601628993078643,0.09624627948487648
386,0.05663380143248912,0.05872156289285217,0.06140048920736438,0.13948062024865387,0.15538804702376743,0.35655342524695643,0.07572354799183469,0.09609850595608184
387,0.05438576965985613,0.056378066980124285,0.05946306331165742,0.13702719971086436,0.19032243906215537,0.3353954791515872,0.0721238827195929,0.09490409940416222
388,0.054743292561602,0.056789062203691246,0.06049778128072109,0.13587788753771393,0.18672734026061563,0.33876040057978357,0.07233356927411941,0.0942706663017531
389,0.05570182879538698,0.057762945051649195,0.061878385355666324,0.1376630876903566,0.3477819180742303,0.16879168672845488,0.07299285496486373,0.09742729333939193
390,0.05440509709071675,0.05654575380820014,0.06070469379364146,0.1323405626711903,0.19386911861570993,0.3355773843832165,0.07192188095415675,0.09463550868316814
391,0.05566774132071848,0.057441421288533995,0.0628334236817565,0.13707613360752718,0.34746109478323267,0.16675520997079868,0.07352835297835035,0.09923662236908212
392,0.05657261823077712,0.058733967596257666,0.06373430044515829,0.1305735787855499,0.35597758334849045,0.1573573333732748,0.07379998288472392,0.10325063533576787
393,0.056377773190143886,0.05854914489870922,0.06395045110831978,0.1390022576916955,0.35414374767194245,0.15222303841940005,0.07326861818924274,0.10248496883054642
394,0.056297312144626806,0.0584642897565245,0.06483990875565328,0.13664795725877482,0.3533864672435464,0.15384137562694583,0.07278555160832173,0.10373713760560672
395,0.05674241942250163,0.05911117711501721,0.06566106145716907,0.14655838649635122,0.35757571221178,0.1363304100810465,0.07418795307556562,0.10383288014056882
396,0.05696842395976825,0.05904175665631146,0.06661216767327661,0.15765694570351604,0.3597028137389953,0.12093298345692453,0.07260574866610717,0.1064791601451006
397,0.05549338942518709,0.05788455666597748,0.06532053077450106,0.20192725491604974,0.34582013576646675,0.09793608275045872,0.06990257009643928,0.10571547960491981
398,0.05587893592854949,0.058271059652244585,0.06607994167390722,0.19535224819204414,0.3494488087392893,0.0990687124661971,0.07046207018925667,0.10543822315851153
399,0.0550257926573957,0.057453499118220897,0.06572039163583124,0.20690836931344075,0.34141922501078303,0.09510594364485188,0.06790533280428329,0.11046144581519322
