oos_period,model_1,model_2,model_3,model_4,model_5,model_6,model_7,model_8
150,0.06669425330806021,0.17396574934111322,0.18797445976776278,0.025450732138610443,0.19700909568143968,0.13715248684289755,0.13800430850968337,0.07374891440943264
151,0.0551665004132954,0.1603639167381927,0.17935756244747625,0.04589926813274638,0.20938496306000118,0.14194404899816293,0.11880039085055966,0.08908334935856545
152,0.05228814525673813,0.15684645651156515,0.17912444640887445,0.037499416124381464,0.22781399389933624,0.14317019265202766,0.10666720166049659,0.09659014748558033
153,0.05010492124729098,0.16234780355533676,0.18075913852174755,0.021017787851302015,0.23510996920956917,0.14357001036191877,0.11469592398654503,0.0923944452652897
154,0.05733899677773502,0.16039758111923197,0.18708535030007747,0.029118664211184003,0.2142409324942086,0.13389008212728418,0.12214362243859216,0.09578477053068653
155,0.05863211233834764,0.17586008885835563,0.1762703857626117,0.026965796886227553,0.2197715594719209,0.12062146188670558,0.12554769539165525,0.09633089940317575
156,0.04980905455626133,0.17282698393826282,0.15881042220266514,0.05294214506680865,0.22413712454207066,0.1354318197028652,0.13715546180863292,0.06888698818143321
157,0.06032581005160321,0.1854676779216601,0.15285874812074265,0.046829241002456265,0.23231635925800784,0.1259425965587545,0.13513551766118634,0.06112404942458903
158,0.05222384912477192,0.17995501852064238,0.15498020418540645,0.042343710630710164,0.23200074205259602,0.13012979538145614,0.1451352211924817,0.06323145891093515
159,0.05277833234628002,0.17744256928266847,0.15732757687769153,0.0429376230877083,0.22643360383766176,0.13177966432533242,0.15068884370491134,0.06061178653674608
160,0.053237915960100884,0.17363785821873123,0.16322753521797811,0.034208108462133735,0.23674775424898037,0.13735313656411238,0.13295554266885753,0.0686321486581058
161,0.05514262293202596,0.2114444493631708,0.14370944784411857,0.04636089518594506,0.2127392632719842,0.12518801562294132,0.1305540085391394,0.07486129723967469
162,0.055101846884143796,0.2152392163759755,0.14237714528239104,0.04383025091770384,0.21148508075584818,0.12256401552999582,0.13480249287644963,0.07459995137649225
163,0.03599924708337085,0.19592907999100972,0.14718408636607885,0.05734850155088772,0.201595810747728,0.1470419978508835,0.14229166772857377,0.07260960868046759
164,0.015427983019513305,0.19799837325079392,0.1435375948549701,0.07285090509227202,0.16752134607989114,0.15253756924607487,0.16320489453880468,0.08692133391667979
165,0.01287363032278835,0.1982249561384203,0.14354214288349726,0.06471507846203428,0.17838751903136724,0.14419283941133584,0.15521680906110352,0.10284702468845314
166,0.0025555862840546824,0.19569135333577878,0.1422150604765406,0.06808036499581871,0.17161097931860417,0.1620315383776949,0.15542181217578815,0.10239330503472005
167,0.002839795747221326,0.1945314990288211,0.14078718003794582,0.0678463680129499,0.17520722546809034,0.16266113814428815,0.15781875237982967,0.09830804117985363
168,0.0192032724837046,0.19776641621768906,0.15316313207223528,0.05275526201551907,0.18771875341113523,0.15286326801341882,0.1353009552564553,0.10122894052884257
169,0.025816253074871367,0.22346411068924812,0.14414043225226403,0.05242565361816472,0.17817951594045872,0.13845240542687215,0.13174973514544294,0.10577189385167791
170,0.027265571690242005,0.22378654452982957,0.1445340544344132,0.05414086257357107,0.17339191369876283,0.13150478782865357,0.14026540038969115,0.10511086485383657
171,0.009651993792008196,0.169515090676359,0.1660997807299318,0.07323040509281062,0.174513829523316,0.17421114470034482,0.11524773478547687,0.11753002069875272
172,0.0,0.14252273560686335,0.17683238024364922,0.12662340215297005,0.15328869317571453,0.22090079833026535,0.03777623512167534,0.1420557553678621
173,0.005289487896500362,0.14865716020243944,0.17196063967104733,0.14398840165837345,0.1476277348417848,0.22205381582511627,0.020406956687750655,0.14001580321598758
174,3.2589971888749794e-19,0.14620548371613878,0.18180823984526154,0.1145209271873311,0.15411810313643068,0.23687932124182615,0.018746384472062522,0.14772154039994928
175,0.0,0.14682490369384524,0.18334454984059262,0.10901684446671045,0.15250323724895598,0.24123601599768013,0.0433482496023947,0.12372619914882087
176,0.00337628459367858,0.1449829810982594,0.18584542145078017,0.13714937296206614,0.13861985153222117,0.25068375971484436,0.035700810117356915,0.10364151852979323
177,0.011769594140860262,0.13790943757116111,0.18109962558524748,0.13446937335640805,0.15671704480304796,0.2298517809007736,0.03520756239580995,0.1129755812456915
178,0.010700613480313974,0.1244858712431034,0.1865823257571559,0.1335517524541641,0.16116347358194652,0.21976607035282023,0.046204768667697536,0.11754512446179835
179,0.008479016605085486,0.125246563773798,0.2006457501849747,0.14369305878206326,0.1434034116010055,0.25272883344745695,0.020783722098774514,0.10501964350584168
180,0.008593642970918504,0.12768689938467043,0.19873595774468572,0.1406498081856675,0.1455926135048036,0.24736993862996423,0.019999769165235427,0.11137137041305453
181,0.005849623021928183,0.12398625389681549,0.1902209737054007,0.1504362471093172,0.14746655873128484,0.25265527154627343,0.026997961476844884,0.10238711051113521
182,0.0,0.1267610019132728,0.18973284160468618,0.16177002480206448,0.13484354071466909,0.2544855115919498,0.032192743086871464,0.1002143362854861
183,0.004172617994298812,0.12906091027537414,0.1922950031276642,0.16061127822750035,0.13650222119863425,0.2614280827633411,0.026615752175472837,0.08931413423671421
184,0.014903862296925693,0.12732674728177543,0.17624277557418752,0.17327421397569354,0.1577436030900571,0.2504134408414041,0.0,0.10009535693895663
185,0.013694156055351762,0.13337102037745224,0.17122236097978483,0.17062584702609146,0.1577969310894746,0.2566551968149164,0.0,0.09663448765592854
186,0.013610459529943176,0.13298627053334658,0.1720196371941048,0.16938095031022,0.15785200044029055,0.2588267680131775,1.2147987710831417e-17,0.09532391397791741
187,0.012428116992035644,0.12735452235941908,0.184513374129219,0.16903085911738278,0.15085415064940416,0.25556149298637393,0.0,0.10025748376516541
188,0.003944881963066647,0.13787032355664325,0.18386113935166395,0.16836184298540957,0.13694397795278343,0.27531556920253614,8.046812998907808e-20,0.09370226498689707
189,0.009846777391830803,0.12828311974874182,0.19739743044931576,0.16900770650478217,0.1397187609080362,0.2705325086097503,3.370767613595117e-18,0.08521369638654286
190,0.024211329150277187,0.1358586368535894,0.18939488921094072,0.168114865948414,0.15969881561344437,0.25926527433884755,1.6159482809464566e-17,0.06345618888348675
191,0.056493120475266535,0.1426651434825779,0.18212962251339432,0.1371911003303162,0.21033356133831027,0.23512022843441646,1.5128220196183488e-17,0.03606722342471813
192,0.06509078594343244,0.14861282749223403,0.15378338372345499,0.15444377517789376,0.2254528260397508,0.21832199996423932,2.351982101889138e-17,0.03429440165799461
193,0.07011383940926469,0.15349092190628116,0.16040947972622702,0.14937719517735074,0.2277822298962108,0.21446173485373257,3.0156569913929865e-17,0.02436459902993278
194,0.055001455238009686,0.12957915744862958,0.15293827573480023,0.18545928194899777,0.208230556610641,0.22995347798071716,0.0,0.038837795037204505
195,0.057387762668635905,0.12975192158135396,0.15112322153297889,0.18743938095509763,0.21061409796658867,0.2239874881223933,1.627774978472483e-17,0.03969612717195168
196,0.05869428880761832,0.1280232719632174,0.14566463736733323,0.18448708365664399,0.2184334897833353,0.22212995977199024,5.435172194508994e-18,0.0425672686488614
197,0.09701065612787033,0.12052323766017287,0.1253061571254993,0.1591950225907697,0.2876731661297905,0.1637659534133192,0.0028003991364811834,0.04372540781509685
198,0.09632926985675865,0.12026084975485918,0.12667161934018595,0.1577804217869516,0.28634667734128166,0.16521668400716857,0.0013659874526833161,0.046028490459111025
199,0.09720442945671809,0.11834851181088336,0.13343449832818635,0.1558141062302801,0.2854770427305951,0.16568991825643165,0.0,0.044031493185905275
200,0.08915549299350588,0.10569150102027633,0.11445278578950982,0.15616516847957887,0.2921258124042034,0.18307828375934046,0.0,0.05933095555258521
201,0.09615604421764438,0.08131960012072552,0.13491307395600502,0.1735929727300913,0.29078525018251256,0.16890650057961887,0.008421292351685284,0.045905265860716936
202,0.09719611016926089,0.07914115005824006,0.13319697823648013,0.15300770361053,0.30566263839682684,0.17291726619820963,0.016087936813417643,0.042790216516034735
203,0.1113589884278961,0.06843305779805932,0.16910113211903285,0.18002842348807946,0.29408430943848485,0.1617639599916981,0.008136026177107106,0.007094102558642205
204,0.1254712809854381,0.06582945652821859,0.14982808573909306,0.1807610155413128,0.31985024430796977,0.1550722168828746,0.0008717251221343896,0.002315974891958653
205,0.12760979463630434,0.05942531076298721,0.1397793717533246,0.17812833252472932,0.3336789112366921,0.16137827908496233,9.939137542631224e-19,0.0
206,0.13875786566849568,0.0717750348433067,0.14728919306456772,0.16846255539827193,0.341609755495826,0.132105595528532,1.2114847546770127e-17,1.5445645793166723e-18
207,0.14102288647976544,0.07408142457362761,0.1730540153394693,0.14929495322754047,0.33751153569914,0.1215313531259306,0.0,0.003503831553526642
208,0.1383026128389376,0.07284737104279408,0.1676450494161928,0.1513750458447901,0.3374283308071527,0.12645808354375265,6.6467337115468515e-18,0.005943506505379974
209,0.12038203963037605,0.07854164895489694,0.16342523491223393,0.15179798657874774,0.3233290284460957,0.1343377615595795,0.016006508063101235,0.01217979185396883
210,0.13691983393552898,0.054527478322210464,0.17304628311611955,0.13496882694923115,0.3496227186252441,0.1168177367617961,0.014154255276994604,0.019942867011874844
211,0.1250072392735304,0.06596661202097484,0.1355611739051043,0.12882502644754454,0.3539662493440636,0.12938045955289793,0.029897062284151794,0.03139617717073247
212,0.1224217817254635,0.0556851327786878,0.08471275029185123,0.10523559552279113,0.39048259746668307,0.14323722879814313,0.035882646630319016,0.062342266785061135
213,0.1205248238064738,0.040989996452151664,0.06627092376832033,0.10761162284193103,0.4011959864389262,0.16240058139953814,0.045580054188652706,0.055426011103006136
214,0.11820704842740068,0.06722646932850433,0.07809419051058084,0.11136062929363709,0.3834549798932652,0.14890441009895924,0.0385672990604669,0.054184973386185706
215,0.11722580173635125,0.08196711846978963,0.027232621717791942,0.12530453423196078,0.39927031280883146,0.16911136167038007,0.048507948280725036,0.03138030108316973
216,0.11006290929785284,0.06480459169225312,0.023851241801135202,0.10130569623313655,0.4058711669403287,0.17600574341029798,0.050876702311810774,0.06722194831218482
217,0.1131788624198902,0.07376483418002446,0.012807163994228711,0.10060011762832866,0.41403789084681797,0.1738876749521421,0.0533579385933954,0.05836551738417252
218,0.10541723099090274,0.07880550984193667,0.012258104297128205,0.09959043348123792,0.40298150356534945,0.17446324640163263,0.062130463437923646,0.06435350798288872
219,0.10104008082230288,0.08984465611269368,4.235164736267266e-21,0.13147654014112317,0.3875163415698415,0.1828314658925124,0.06140370922557273,0.045887206234953556
220,0.10353667920007079,0.07615172998499098,3.732272838240643e-18,0.13861249048062171,0.38842451332094785,0.18828819714593084,0.06507149718300667,0.0399148926834311
221,0.08403383969552027,0.09604878677796676,0.010473655498886432,0.13810612741912687,0.36043216314265863,0.1785926431729856,0.10350212133247269,0.028810662959382654
222,0.08250847092075839,0.09625458214624356,0.009030986658747143,0.13378124357617002,0.36275836420998553,0.18021470796828482,0.10313949163315903,0.03231215288565155
223,0.08660772557012272,0.0946479523257152,0.005152018101291723,0.12901210835045626,0.36616476329017794,0.17360020762023662,0.10324196055796121,0.04157326418303811
224,0.09494415570732513,0.10848922073911478,1.144751793323241e-19,0.12543925707418496,0.3848010131438136,0.16931898751012148,0.09888582277170825,0.018121543052731674
225,0.09661905006297282,0.08746281012812555,0.009628593883808613,0.1418586938951748,0.37139993625909895,0.17392381515785046,0.10228802074257452,0.01681907986939432
226,0.09596165946690165,0.08723242048484302,0.011825285088659262,0.14021743486950664,0.3724319924573629,0.1749482548602126,0.1021555254216952,0.015227427349818645
227,0.10241834229218465,0.0925893471650791,0.0,0.1437324782798352,0.3876684280882998,0.18317684089197012,0.09041456328163114,1.211045356335625e-18
228,0.10346176026184102,0.08245356301323803,0.0,0.15522613215234532,0.38314062172809715,0.19077432164886052,0.08494360119461784,6.210022052788692e-18
229,0.09532904665244253,0.0749759618837276,1.220362718755413e-18,0.14645329891702885,0.3913288283084615,0.20767458699857852,0.08423827723876108,4.164013968697977e-18
230,0.0930163064042874,0.07937794059455779,0.0,0.13831144883310503,0.4000779941479269,0.21328136081387902,0.07593494920524385,0.0
231,0.09439732337224087,0.07762851013679765,3.39996907445168e-17,0.14741537800539434,0.3898023007659747,0.2029597823605152,0.08779670535807714,0.0
232,0.10150061163143875,0.08158047358853183,6.1252658185041435e-18,0.15458811859311886,0.3849750254084607,0.19114155801141589,0.08621421276603401,0.0
233,0.08849977698871991,0.07529428054533026,3.308041680564671e-17,0.1397790929167852,0.3913343576934407,0.2061941984384625,0.09889829341626136,0.0
234,0.1159386209281391,0.09534987533526913,3.123181206601913e-17,0.17921737179120661,0.36929608981499723,0.16140349673158844,0.07879454539779931,1.504412570638898e-17
235,0.11751667061850306,0.0974409190672424,0.0,0.17008167590965165,0.37911533303426703,0.16321801212169784,0.07262738924763805,1.40017325507854e-17
236,0.12127189418438329,0.09888530834922077,0.0,0.1658509591745383,0.38332765866573254,0.15803683346147124,0.07262734616365368,0.0
237,0.12488718225425842,0.09752466848828895,0.0,0.17859300457853633,0.3737088638143194,0.15216731614858817,0.07311896471500856,6.036380298601733e-18
238,0.1313875858093273,0.09751895934369326,0.0,0.2002126894774536,0.35749091411593437,0.1447297184169905,0.06866013283560089,1.0669703459637326e-17
239,0.11134214475918885,0.09069490788859039,0.0,0.24736813546049832,0.2913900046980824,0.13529548714247028,0.12390932005016973,2.1917295147538323e-17
240,0.11475703141176638,0.0777816624667509,1.7758045739168646e-18,0.2550734980065844,0.2819019213369069,0.13353054032566258,0.13695534645132867,5.824198545314744e-18
241,0.10280699849774502,0.06747356829601792,0.0,0.25309342540674706,0.27748107941446326,0.14315335906462862,0.155991569319398,0.0
242,0.06468690349648182,0.027824412682846838,1.6678131302423882e-17,0.22266386665961282,0.2927858084743494,0.20537430426238876,0.18666470442332028,0.0
243,0.050285005257480864,0.028165460200164572,1.1048667034214287e-16,0.21243661104575556,0.2997162496032114,0.22590084499222596,0.18349582890016142,0.0
244,0.0700154182676606,0.011424163687270367,4.040347158398973e-17,0.23900173411917647,0.26733964485819056,0.18431672766188345,0.22790231140481854,8.303389866542719e-17
245,0.05032463856046449,0.008945803042174887,0.0,0.22654909269800347,0.2748555009716428,0.2130125388448332,0.22631242588188072,3.1102288486111004e-16
246,0.049634625812620015,0.006557604460327887,3.2169796499472903e-16,0.2262424083077446,0.27609143735697605,0.2163202447801935,0.22515367928113772,0.0
247,0.04142759711242953,0.014908584218532278,4.1992439218588195e-17,0.2162648120748635,0.28789665363746725,0.228684071376789,0.21081828157891816,7.931852347273974e-17
248,0.024864551847585202,0.022364243922756304,2.0918749181844908e-17,0.20366735164066527,0.2954621959283984,0.2422174218545095,0.2114242348050851,1.554059818655383e-16
249,0.011642655983672817,0.021745680815400736,3.9200155403297784e-16,0.19945222545991526,0.29459609847903784,0.25480507365299004,0.21775826560798286,0.0
250,0.01198362009866926,0.016778900306866438,5.571182127734054e-16,0.20161060055343372,0.2927459097513362,0.25769911489706804,0.21918185439162563,0.0
251,0.0,0.05087668978328073,1.4485615310208924e-16,0.20295037803571267,0.2925930876757033,0.255804018836023,0.19777582566827998,0.0
252,2.434329675443459e-16,0.040602064322278905,0.0,0.2528937362196719,0.24445220728211653,0.25589057684576794,0.20616141532916446,7.366572870746319e-18
253,0.0,0.05801546898842582,1.4841561124579846e-16,0.2541916190748005,0.25082187444488857,0.2548333558222841,0.18213768166860073,2.702330835578582e-17
254,3.843045683423158e-17,0.042531089400804675,0.0,0.2584948807230819,0.24875554189640012,0.266191735290807,0.18402675268790578,3.148507201539319e-16
255,3.5505678129511814e-17,0.041218383133789685,3.024586048683453e-16,0.2645191672170573,0.24542255638708724,0.26827817062717985,0.18056172263388554,0.0
256,0.0,0.03440840668042146,6.217804396536159e-16,0.25970051857997073,0.2506665418184273,0.2695849884596251,0.18563954446055453,1.8316520227997957e-16
257,0.0,0.018417870618407977,4.963079224994152e-16,0.27388658937694643,0.24116181961847682,0.2941176133261079,0.17241610705906033,0.0
258,0.0,0.023883326498085413,2.0338095850773476e-16,0.2867524608383609,0.23381327658199316,0.2972857065587388,0.15826522952182148,0.0
259,1.3967349953785165e-16,0.05027167780409914,3.1593862951809274e-17,0.30703139724680206,0.21360443476237012,0.26830916578200936,0.16078332440371845,6.719335311402572e-16
260,3.301720990949343e-16,0.08288464561726223,0.0,0.31533477503707164,0.21547874595754807,0.260224908574764,0.1260769248123536,0.0
261,0.0,0.07005262114561424,2.4625104279587476e-15,0.2847158819918311,0.24936705433216894,0.2738585327881485,0.12200590974123462,0.0
262,2.522468334289924e-16,0.07902695967814823,7.427414476337655e-16,0.3094146367822034,0.2356336625160521,0.27771531344508105,0.09820942757751401,2.398803969398533e-16
263,6.118534641410238e-16,0.03501025206914533,0.0,0.3107155210216948,0.23428706955999012,0.2917866387542442,0.12820051859392476,0.0
264,0.0,0.0,0.0,0.275122194539795,0.27834529112717343,0.3335403824322413,0.11299213189978898,1.2139359858722789e-15
265,0.0,0.0,0.0,0.27118108244873285,0.28981187295120237,0.3448887839918012,0.0941182606072626,9.64917669793563e-16
266,8.534454051919204e-16,0.0,0.0,0.27614164402126373,0.30208987874395266,0.38437835321340885,0.037390124020373554,3.5202141393883525e-16
267,0.0,1.5213954824335774e-15,0.0,0.2957928824140415,0.2950747068665506,0.3915794158257,0.017552994892706345,0.0
268,9.687970926531806e-16,0.0,0.0,0.30816460485508373,0.29060405010918666,0.4012313450347285,1.3522110722152814e-16,0.0
269,0.0,1.0598371140911323e-15,0.0,0.34886578474452484,0.24972416165068156,0.40141005360379134,1.2443644252138377e-15,0.0
270,1.360882215369381e-15,0.0,0.0,0.36517662338060264,0.23296043816313222,0.40186293845526366,0.0,0.0
271,7.904862222331832e-16,0.0,2.400257487359139e-16,0.3792327816582335,0.2211681641378815,0.3995990542028824,0.0,1.547561544892684e-15
272,1.3434534816728144e-15,0.0,0.0,0.3917865462594013,0.20563528585077037,0.4025781678888263,0.0,6.949008331120341e-16
273,1.9543118017284657e-15,0.0,2.380340611249935e-15,0.39650336136849224,0.2011926580454996,0.40230398058500383,0.0,0.0
274,0.0,3.6752911275037148e-16,0.0,0.3884453596120008,0.21159177250957165,0.39996286787742513,1.854113177926499e-15,0.0
275,0.0,1.4010126339634306e-15,1.4046736655674138e-15,0.38710757513915084,0.21151018741281782,0.4013822374470274,9.601657800856533e-16,0.0
276,0.0,1.156807509620166e-15,0.0,0.39132179755599816,0.20742197123447745,0.4012562312085205,0.0,2.7321954489801955e-15
277,0.0,2.910520466724671e-15,0.0,0.3899717034313944,0.20609789774577034,0.40393039882182996,2.206185648511729e-15,0.0
278,0.0,2.771236977466366e-15,0.0,0.38406805743240785,0.2151260488039661,0.40080589376262127,1.731740453919698e-15,0.0
279,0.0,3.4028405431639067e-15,0.0,0.3885188412274028,0.2133915656216565,0.39808959314993403,3.085156410699158e-15,0.0
280,4.7673776825576e-16,7.500663292191775e-16,0.0,0.38885629836610547,0.21280948170430047,0.39833421992859214,7.404694838699214e-16,0.0
281,6.0470406317327855e-15,0.0,1.2259858135900537e-15,0.3561710721583726,0.25649708396873927,0.3873318438718802,0.0,5.684032147715911e-16
282,0.0,2.2187600003293275e-16,0.0,0.3566927399895613,0.25981838589335426,0.3834888741160826,1.4966037831144503e-15,0.0
283,2.949268453317394e-16,0.0,3.119041055621983e-17,0.3518867533552946,0.2666532387756585,0.38146000786804524,1.2558753418573857e-15,0.0
284,0.0,2.636990965698747e-15,0.0,0.3521445194650593,0.2658966062073389,0.3819588743265963,2.6406098416999406e-15,0.0
285,9.097371185392513e-16,0.0,1.5540170891376974e-15,0.36706798486818043,0.2561068536280201,0.37682516150279705,0.0,0.0
286,4.472726674664191e-15,0.0,1.4653654674775759e-15,0.3587202663815013,0.27137873494209025,0.3699009986754019,0.0,4.458398465368041e-16
287,0.0,4.922367717509888e-16,0.0,0.34798140719793313,0.28334452803231536,0.3686740647687483,2.6061158318581747e-15,0.0
288,3.267197511976838e-15,0.0,2.4957380165113918e-15,0.3549530797211259,0.27987398428034294,0.3651729359975233,0.0,2.0127345426483037e-15
289,5.799957465239398e-15,0.0,1.3214252115618088e-15,0.3616263151042657,0.2799731663209633,0.3584005185737613,0.0,2.463335092614546e-15
290,0.0,2.5374796359193847e-15,0.0,0.3367752895905242,0.31735802223015597,0.34586668817831273,4.409886659637057e-15,0.0
291,0.0,0.0,2.6214994091505074e-16,0.3364225489484872,0.3201940362869411,0.34338341476356965,1.6556577636296855e-15,0.0
292,0.0,2.093238677984536e-15,0.0,0.3186889511562302,0.3464622825418209,0.3348487663009398,7.117344360139452e-15,0.0
293,0.0,0.0,0.0,0.30664135929575503,0.3675505340205696,0.32580810668267185,1.4254114298770236e-15,1.8588799875364362e-15
294,8.264061956088426e-16,0.0,1.5994636327568376e-15,0.3070731478251366,0.36880669523308224,0.3241201569407774,0.0,1.2275232312746435e-15
295,2.7205489742411e-15,0.0,0.0,0.3226510305019408,0.36653061252208985,0.3108183569749651,0.0,1.3750398789444512e-15
296,3.363634995937e-15,0.0,4.149811753704003e-15,0.3371966888086468,0.36919297778383503,0.2936103334065087,0.0,1.68079472046754e-15
297,1.5917484198473303e-15,0.0,0.0,0.34345106648890666,0.37650288674874266,0.2800460467613486,0.0,3.011562469444891e-16
298,0.0,1.4727509561239441e-15,9.420652429524747e-16,0.36360910628534854,0.3651809074879949,0.2712099862256499,4.216893407265768e-15,0.0
299,0.0,6.818905964557756e-16,0.0,0.3634059643264876,0.36338826626824094,0.2732057694042686,1.3799588665952464e-15,6.713559205319568e-16
