oos_period,model_1,model_2,model_3,model_4,model_5,model_6,model_7,model_8
200,0.018750000000000006,0.1687332614134187,0.3074832292605126,0.026745290185883057,0.023323486184338455,0.02034509805326349,0.28896680960672133,0.14565282529586235
201,0.0578532073034513,0.13885881175653186,0.368030186385424,0.07835054066273858,0.07045416548260915,0.06282228778177504,0.09723298946755861,0.1263978111599114
202,0.05874053173464777,0.10225518070558286,0.37638147514962594,0.0759290622597146,0.07007958461644657,0.06351127334922964,0.10629006442552821,0.1468128277592243
203,0.058770138683363816,0.10499717914845351,0.3766601287846007,0.07532051321785342,0.06414294366290829,0.0627333801242424,0.10898894892982486,0.1483867674487531
204,0.05851913664425381,0.10530480494124189,0.3742977566518006,0.07475095715104933,0.06572071011302023,0.0634945733381856,0.1141805831395279,0.1437314780209207
205,0.055386296393317706,0.08879653050424056,0.34481220134887247,0.07143996349106377,0.06174400190833278,0.060036139327430495,0.10077128209929966,0.21701358492744258
206,0.05879677714643172,0.09183667936453585,0.37691084373112216,0.06943813161215778,0.06300106819007525,0.06826259872702993,0.12653695368100148,0.14521694754764583
207,0.054340948613569987,0.08035097061613868,0.21710415927367022,0.06696674740312084,0.058046657797297306,0.06155530669417365,0.1266615755919588,0.33497363401007046
208,0.05624820356118528,0.08348309937170438,0.1128874589222058,0.07780987098640013,0.0649655473866759,0.061725569155736494,0.18995598180493634,0.3529242688111557
209,0.0569687287909002,0.08053443577552231,0.10408326401333647,0.08237407730488629,0.0664350503468559,0.06246065371104243,0.18743810731957206,0.3597056827378843
210,0.05774201174829292,0.0870327761614311,0.09512771983943787,0.07986278922386478,0.06872482416058605,0.062430895374015506,0.1820953435084384,0.3669836399839333
211,0.05689268326144185,0.08813649716868473,0.10343975192567581,0.07596999782600972,0.06110963424380835,0.06370380895631932,0.19175766651037235,0.35898996010768797
212,0.05648670630672351,0.0744327774152536,0.10857689699172865,0.08528824805216208,0.06690489767068122,0.06233645593166081,0.19080501709792172,0.35516900053386835
213,0.05714929024279575,0.08406582367491551,0.10638527773299128,0.07308017843124774,0.06361430164956917,0.06236535389004911,0.19193468974035388,0.3614050846380776
214,0.0578765165084633,0.08340653179414174,0.113092189304254,0.07848324813694324,0.06367082162721589,0.06385579396590242,0.17136533152460143,0.3682495671384781
215,0.05823351478443556,0.07655710836503374,0.08379832858782629,0.08974459507883746,0.0650731548792755,0.0717256029897265,0.18325814318471656,0.37160955213014846
216,0.05728292394790896,0.07017265247358245,0.09363228687768296,0.085699666457498,0.06314515495679267,0.0642539498487869,0.2031505518103696,0.3626628136273785
217,0.05728102556093207,0.08421870310542025,0.09716222418354067,0.08108214172051781,0.061584967673084336,0.06720502587184059,0.36264494645583134,0.18882096542883292
218,0.05881291499147587,0.07547900510771537,0.07532935654987413,0.11791702411789565,0.06664726169541832,0.0663235512982703,0.3770627323583065,0.16242815388104387
219,0.05866741338126073,0.0699258096957378,0.07699717428703196,0.07179525698072406,0.08887192753103049,0.06646867606964423,0.37569330266682016,0.19158043938775052
220,0.0589038214078179,0.06750182927919998,0.08545738305439032,0.08030352105958362,0.06892883783910125,0.06487417119684,0.3779183193633865,0.19611211679968052
221,0.05802899064078347,0.0733244695390985,0.08832754215252038,0.06998926696193151,0.06948116767124955,0.07018096054893812,0.20098297991429867,0.3696846225711798
222,0.05841559847316178,0.06924743494897073,0.06926161929835385,0.077940982532497,0.0722339667284763,0.06631027100957027,0.21326684726156506,0.37332327974740503
223,0.05860415613134141,0.07572217204936124,0.06094749572700633,0.09113920802127115,0.08009606246221085,0.06779640612291961,0.37509794005968383,0.19059655942620563
224,0.060294034143307355,0.08716891710274108,0.06669157500678735,0.07470457589582086,0.07971535850154259,0.06251949025675427,0.3766247705453906,0.19228127854765598
225,0.05829720216470721,0.07039465046626862,0.06368065993433954,0.08998537518544535,0.08478749115378534,0.07219403892684008,0.18845162061842846,0.37220896155018546
226,0.057818093110065256,0.07286080023757191,0.06274008178424847,0.08799228121267715,0.09973026828348536,0.06880036914817202,0.18235840636434222,0.3676996998594377
227,0.05744639791737975,0.07015155934275637,0.06241529647709279,0.07406641625465239,0.08919382233435584,0.06695469762413082,0.21557041788605796,0.36420139216357417
228,0.05787347385932718,0.0837701549467875,0.06185509542421831,0.07599710804714006,0.0788541323126917,0.07167995943091375,0.20174914553819506,0.3682209304407264
229,0.05913255868622729,0.07354851891504152,0.06305781287833233,0.08339143098146931,0.07903378564342624,0.07238943756373101,0.1893753147555156,0.38007114057625685
230,0.058781513949947586,0.08462084989757573,0.06196647570967328,0.07264001978093668,0.07488837711620236,0.07001347492499943,0.20032209850351115,0.37676719011715376
231,0.05874134569266234,0.07029928940992324,0.061336620956331585,0.08363923464214097,0.0862725566984386,0.07566079877936908,0.1876610178136968,0.3763891360074374
232,0.061584676886290476,0.07518166138462964,0.06376932661958086,0.08673800739244038,0.06846443025549823,0.08037362290680175,0.17532219642580452,0.3885660781289541
233,0.058947665645707616,0.0840963195539044,0.061966748676453486,0.09063791167005047,0.07873280170522585,0.07162738024958772,0.1756601994224096,0.3783309730766609
234,0.05641577512045589,0.0885182867567306,0.05967778244251817,0.07687402089476894,0.08073790902084894,0.06904235781428612,0.21423245505198305,0.35450141289840836
235,0.05663170968618946,0.07596980041348436,0.05936358414911118,0.10119530145391281,0.09613842882439587,0.07047384232148805,0.3565337382229596,0.18369359492845863
236,0.058133176267918134,0.08983756314664118,0.06053750476934185,0.07289048862121877,0.08461103671982655,0.07999328239291159,0.37066518840393536,0.18333175967820667
237,0.05577240003363551,0.07028038957252287,0.05775901404840693,0.1320823531713417,0.1277605280498583,0.0810555597284293,0.3484461179636283,0.12684363743217714
238,0.05824979230892735,0.09067304405004205,0.06082412026845492,0.09920704596032506,0.11669089395659228,0.07038669286288642,0.371762755339487,0.13220565525328482
239,0.059112898883616156,0.08441645981026909,0.060815839793188144,0.11585137147480552,0.13101860849556352,0.07167587072758515,0.37988610713991683,0.0972228436750556
240,0.05828066139102951,0.07429927145647192,0.061238308201634804,0.11409538607368155,0.13541479017266664,0.0787779317072376,0.3720532836802778,0.10584036731700011
241,0.057978588879658156,0.0823342926109376,0.0594546538688878,0.1181324822469615,0.1560399559118723,0.07048235935090885,0.3692102482791356,0.08636741885163811
242,0.05506536620536343,0.16359905090593072,0.05552069904813772,0.10676040585939801,0.11596891935799077,0.0672238518277504,0.3417916889461486,0.09407001784928043
243,0.05714393820391357,0.08170456240137149,0.057931953334209786,0.11420276321016228,0.15722975398773248,0.07313364694724891,0.3613547201654609,0.09729866174990057
244,0.05981822753644907,0.11801386187934428,0.06170588647757577,0.09203900843568903,0.12813886006750774,0.07689173532697004,0.3865244944606971,0.07686792581576703
245,0.05789999106493937,0.08779712682387775,0.05889131474597026,0.10226276569330113,0.1720068987299797,0.08113781073479552,0.3684705041406057,0.07153358806653055
246,0.058004442536990136,0.10158333970722996,0.058146786568441085,0.09598991633336673,0.16565559345937228,0.07851132063809697,0.3694535768187307,0.0726550239377722
247,0.054672995821333635,0.10580488227520633,0.05561147692209194,0.09052922554780835,0.33809878420078715,0.07505135575808765,0.2126956571794225,0.0675356222952625
248,0.05651322826348925,0.08245887569956721,0.05651160996444655,0.117109026228757,0.3554033879006751,0.0772508695119839,0.18418767474761988,0.07056532768346116
249,0.05699775157421577,0.08486639582525127,0.05704602052065897,0.10895247773286917,0.35997883834556016,0.07819965136962971,0.18286924944177765,0.07108961519003738
250,0.05724026782363978,0.08681023246087281,0.05720931773725878,0.12000423304341745,0.36197004929184723,0.08077510874781871,0.16401614881462043,0.07197464208052481
251,0.05846124744313585,0.09948937077632801,0.0576898754571411,0.10545536377938601,0.366492945478975,0.08133989615456134,0.15938072226793776,0.07169057864253499
252,0.058963153007406836,0.10616828662737963,0.05854957829291952,0.09997780450928065,0.37458426628630126,0.08268540297318724,0.14728920773591705,0.07178230056760787
253,0.05586681987494008,0.09892645712989016,0.05527813007863699,0.18938322684260925,0.3437941654459951,0.08179011232986086,0.10794942270646836,0.0670116655915992
254,0.05797884257799098,0.10243382602905698,0.05788004377499319,0.1537215816564156,0.3682827649411123,0.08609457805543341,0.1016732318802978,0.07193513108469976
255,0.05689729937872754,0.09299565564849067,0.05760155926592802,0.16335571823853687,0.3590334059174357,0.08233309404251642,0.11753240217000897,0.07025086533835574
256,0.058148473338026606,0.10060823775473568,0.05941008995741943,0.15628208696448107,0.37080916082848575,0.08631082137674802,0.09660192169660596,0.07182920808349741
257,0.05706863066795554,0.1033153337607199,0.05879318185364679,0.1549513301915506,0.36064594042689324,0.08437195592760825,0.11030206828914646,0.07055155888247909
258,0.05700571771497677,0.09113070524804966,0.0575642186916377,0.18120040759205858,0.3600538164039533,0.09242572822844862,0.09107944354694773,0.06953996257392762
259,0.057862571489224246,0.08192637826484069,0.05863974831556821,0.18444430996296726,0.3681183198985811,0.09110489087378876,0.08675894385922804,0.07114483733580172
260,0.058173958054376355,0.08634069711300378,0.05927123573796382,0.16454136268905736,0.3710490169823657,0.08853147379622844,0.09980138839255633,0.07229086723444808
261,0.05697744438921979,0.08994270138726176,0.05857285329131173,0.18602085648298536,0.35978771289192707,0.09174730194954929,0.08588766060983423,0.07106346899791084
262,0.057409339824143875,0.08008119703446302,0.058247571293229654,0.17885680606767276,0.36385261010958936,0.10122689680751448,0.08939731187272147,0.07092826699066541
263,0.05809760748031489,0.08379799578867167,0.05967369378943076,0.17053239636775386,0.3703304233441401,0.09680897313505976,0.09216009182067748,0.06859881827395134
264,0.05817380708670094,0.08308721501661412,0.05939038599927428,0.17589137599226834,0.37104759611012644,0.09522370626738887,0.08903543157000882,0.06815048195761822
265,0.05693182589756728,0.08676020958569913,0.05803662522817431,0.18135443167350496,0.35935836138886856,0.10852794578329152,0.08154879157622934,0.06748180886666484
266,0.05723246339829495,0.08060351412735568,0.05842621168241747,0.18204410560604867,0.3621878908074818,0.11024742249455444,0.08290061245638462,0.06635777942746228
267,0.057561568148389766,0.0815588830366112,0.05803010497685094,0.17199701460696548,0.36528534727896245,0.10994774619911045,0.08792477219327477,0.06769456355983489
268,0.05735920002032082,0.08152236554503219,0.05750078579307952,0.17541533481889304,0.36338070607360773,0.10993089450024332,0.08718414693687349,0.06770656631194982
269,0.05745401196348495,0.08420736554057574,0.05763237625006691,0.1713163514344484,0.364273053773976,0.11157193588571043,0.08722237732246127,0.06632252782927625
270,0.05770180186604474,0.08198406067695597,0.05734655100648336,0.16796605306733875,0.3632616565316081,0.11650742848109023,0.0884265213798654,0.06680592699061348
271,0.057187971944205225,0.08081332929782907,0.0579118522457577,0.17182313412937159,0.36176914771016677,0.11713735795413723,0.08559669309965212,0.0677605136188802
272,0.05694522779523298,0.07988453720681121,0.05813758773840078,0.17554537616386723,0.35948449689631035,0.1141771087881895,0.08826069068126667,0.06756497472992126
273,0.05700059982175192,0.0802362771635008,0.05826701031485306,0.17321388454308032,0.36000564538119456,0.11596633538320651,0.08809786999287063,0.06721237739954214
274,0.056549734368445806,0.07975555307440792,0.057562734801178767,0.17511309690324472,0.3557622058206663,0.12151078070715722,0.08752230730024557,0.06622358702465359
275,0.056488450502707725,0.07841781245024426,0.05824202808721033,0.17419056219471,0.3551854164960727,0.12597502285831863,0.08447881776383923,0.0670218896468972
276,0.05661063872368317,0.07622519884006404,0.059258282171240365,0.16919540614255815,0.35633542328172385,0.12493638558949158,0.09019711020263152,0.06724155504860746
277,0.05732869978934267,0.07721269342173642,0.0590593818443014,0.16393309695250602,0.36309364507616637,0.11922283704340818,0.09295332301953127,0.06719632285300768
278,0.05846546023733146,0.07763464919850145,0.061632957726783316,0.13919430510362124,0.37379256693959023,0.1276367924270224,0.09238094962435361,0.06926231874279631
279,0.05865837363115211,0.07869166662942217,0.06041389317481487,0.13748037538244035,0.3756082224108434,0.12716814308608324,0.09397043476061302,0.06800889092463068
280,0.05611438011172093,0.07486809877142286,0.05818531819904683,0.17982739180739238,0.3516647539926676,0.12211432009820647,0.09221218722955811,0.0650135497899847
281,0.05615435812466083,0.07410204244134364,0.058298401688334514,0.1809815654494927,0.3520410176438667,0.12224368556202088,0.09076942284486834,0.06540950624541227
282,0.055983867790971,0.07406778716139618,0.058187198789605966,0.18070816391558805,0.3504364027385506,0.12529571702857742,0.09018532047413926,0.0651355421011715
283,0.05594749965725195,0.07446033784629902,0.058228851262642455,0.1777882949860816,0.3500941144211948,0.12610604994235636,0.09280230813020197,0.06457254375397188
284,0.05605977227218262,0.07403252745027637,0.05759151726325324,0.17530689754698825,0.35115079785583636,0.1281448980810468,0.09284194719366495,0.06487164233675143
285,0.055859188793442795,0.0734059954889833,0.05756747746264302,0.17613261984798148,0.3492629533500498,0.12942252483064365,0.0932822694349373,0.06506697079131864
286,0.055497231128155,0.07152560506949723,0.0577310725903501,0.18243405579192726,0.34585629297087056,0.1311380106405631,0.09138417298506189,0.06443355882357485
287,0.05559761980664762,0.07272452104884368,0.05785103669523195,0.1815663391854937,0.3468011275919775,0.13089240653819065,0.09059831037335007,0.06396863876026479
288,0.05551797960754153,0.07330319846469224,0.057160206535120946,0.17772719071583917,0.34605157277686144,0.13321117920203923,0.09329052225540081,0.06373815044250455
289,0.05533865414819432,0.07264597322295539,0.057694346782128016,0.18021617079013838,0.34436380374771114,0.1333217024620391,0.09348503557687854,0.06293431326995506
290,0.055254445206711515,0.07242379979548005,0.05867834468891851,0.18365280293702796,0.34357124900434366,0.13171437854985554,0.09276830922509355,0.06193667059256911
291,0.05560993540706746,0.07543390787312335,0.05789641690191763,0.18235155718893584,0.34691703912534083,0.12814601917005947,0.09238559875999296,0.06125952557356248
292,0.05503574142306221,0.07676526085505064,0.0593097378019057,0.17848936471403953,0.3415128604523501,0.13644955817487878,0.09383050105692421,0.05860697552178888
293,0.05656174194396599,0.07492290380951863,0.058888356538359284,0.3558752182961506,0.19283757384708808,0.10419946782379354,0.09452603612581162,0.0621887016153123
294,0.055846877022561955,0.07251286676108122,0.059135226613651753,0.34914707785940663,0.18700369997117586,0.12119960415710034,0.09165062817687439,0.06350401943814782
295,0.05527680809737204,0.07349238483312735,0.058238584884972126,0.34378172326938394,0.1928079455325022,0.1250605330838558,0.09176747908890547,0.059574541209881086
296,0.055385157882020544,0.07348377062931036,0.05801349798430729,0.34480148594842863,0.1826924245388526,0.13238700098373926,0.09275508625166987,0.06048157578167162
297,0.055719787229970334,0.07359834877797494,0.0583878366711528,0.3479509386350149,0.17669557153969379,0.13122129961078863,0.09415989679926977,0.062266320736134834
298,0.05331490995914097,0.06880077548691982,0.056786384197520724,0.22342766859794258,0.3253167996154444,0.12242819926222044,0.0900806968371067,0.05984456604370435
299,0.0554233583829741,0.07417302694667807,0.05806180262526377,0.1818827939554645,0.34516102007505045,0.132664076269984,0.09183501650549958,0.060798905239085516
300,0.0539577681986518,0.07264393127123014,0.05772822208900976,0.33136723010495805,0.20715337155420643,0.12959238483112198,0.09033318959483515,0.057223902355986615
301,0.057247549233929135,0.07595529399294616,0.06003352385408192,0.3623298751428624,0.14566859288453393,0.14058715196677868,0.09546230583411836,0.06271570709074938
302,0.05511786319952723,0.0741502453473283,0.05778930430939081,0.19342968087860785,0.12721199221094717,0.3422857712896681,0.09102365282885833,0.0589914899356722
303,0.05387104865406726,0.0703364769736209,0.05696308880877858,0.33055104615592723,0.12506227944177148,0.21295108267844487,0.09063038518519212,0.059634592102197424
304,0.05591004462802216,0.0746605918697403,0.058621461049273106,0.34974159649903214,0.17384201578073546,0.13019636621584624,0.09604892904326223,0.06097899491408833
305,0.05419388096609096,0.07253812398789204,0.05575601962851061,0.20646226050166216,0.1266421517664313,0.3335894679161502,0.09160827468547542,0.059209820547787353
306,0.05520341100408525,0.07302219241968436,0.057019185724384545,0.13048225299227675,0.18591127327999912,0.3430909270972729,0.09413853214015133,0.061132225342145706
307,0.057385112968410854,0.07569774517917616,0.06006735152835382,0.15001092000591054,0.13347503321666923,0.3636245926438669,0.0966216770077789,0.06311756744983359
308,0.05813699941036149,0.07794554041869334,0.06037325718530527,0.13543711156759006,0.13519093063521115,0.37070117092104937,0.10114152601255948,0.061073463849229806
309,0.05443489908025029,0.07306547665759545,0.05649141075860795,0.1272715195397065,0.2037331973429376,0.33585787369647324,0.09239565977630046,0.056749963148128524
310,0.05531807266502932,0.07350029029367322,0.05811434809152131,0.11914239377924395,0.19779493883958146,0.3441700956708642,0.09214124484101235,0.059818615819074106
311,0.055531745154472054,0.07317565840696226,0.05698673608435933,0.11489547179902244,0.19742546397002106,0.34618113086561925,0.09599763790304242,0.05980615581650138
312,0.055748055044048436,0.07304724061342867,0.057739318019762204,0.11823566701648987,0.1898388532304147,0.34821698864986766,0.09680175455725774,0.060372122868730636
313,0.018750000000000003,0.02442782416673718,0.019278448546875975,0.2917018541117971,0.2971466390632424,0.29621158065730646,0.03232041115236084,0.02016324230167992
314,0.057260660522102706,0.07504601649969131,0.0591674613076739,0.12163068074802014,0.16478372717550377,0.36245327550214307,0.09885862837570206,0.060799549869163104
315,0.056375984167168186,0.07412692370510435,0.05743842258775822,0.11593685820867564,0.18513896293911383,0.3541269098086417,0.09718028855854116,0.05967565002499694
316,0.018750000000000013,0.024669127640950545,0.018888199873741192,0.29096136473310635,0.2973452135908816,0.2967466295806712,0.03268663909919353,0.019952825481455678
317,0.05927731225174892,0.07793156065259156,0.06116476139764998,0.12195176656806338,0.13225995832298573,0.38143352707528394,0.10214934442904862,0.06383176930262793
318,0.05888229657261974,0.07584760414973704,0.058927974970723024,0.1265663748808062,0.13531299848503844,0.37771573244818574,0.10413091434090152,0.06261610415198829
319,0.058764199946185404,0.07872761822205969,0.06089177377145357,0.12481631190232371,0.13367766187928093,0.3766042347876274,0.10392451113713842,0.06259368835393088
320,0.05911881890262197,0.07748080100750283,0.061332399731991526,0.12343227285264671,0.1355258113307039,0.3799418249658537,0.10157331737965367,0.06159475382902571
321,0.05965529551575731,0.07965328450328323,0.061161589869290225,0.1108293573027366,0.13429838539592098,0.38499101661889223,0.10666454715763746,0.06274652363648205
322,0.0592016415166178,0.07499814697268258,0.06017811791905921,0.12023045763880492,0.13165062946776673,0.38072133192110874,0.10759017028129468,0.06542950428266538
323,0.05932609900015935,0.07939194161626921,0.060045104487028815,0.11572052871516089,0.13601550953865132,0.38189269647208796,0.10388946650262339,0.06371865366801908
324,0.05934762142337012,0.07822436298232258,0.060247804489627195,0.11619645612371528,0.13393449286206147,0.38209526045524816,0.10620473636520758,0.0637492652984476
325,0.05952618559973329,0.07879283793566681,0.06015893115839811,0.11427227749430856,0.136842213645131,0.38377586446807804,0.10316664987137285,0.06346503982731137
326,0.059549041561924254,0.07742064908930499,0.05976972808764308,0.11369316033568574,0.13601144888847572,0.38399097940634597,0.10554782067462015,0.06401717195600001
327,0.05963157443934539,0.07813556420497603,0.05999459862053264,0.11303620701464709,0.1347187927323668,0.38476775942913316,0.10638735028411572,0.06332815327488307
328,0.059139112738224135,0.07634820310750316,0.05943493339595382,0.11245958347390508,0.14297460031184867,0.3801328257715213,0.10604005833944309,0.06347068286160079
329,0.05903590237915144,0.07599236093265316,0.05924900212288143,0.11649814156091007,0.14118364097527988,0.37916143415671943,0.10549294519907725,0.06338657267332734
330,0.05826697406214487,0.0752774607268027,0.05841797326482873,0.1204694783718703,0.15099982637867415,0.37192446176136346,0.10175484467700112,0.06288898075731475
331,0.05880421983683363,0.07529545186416532,0.0586044230014325,0.12014083583538847,0.14661107147176722,0.3751004517781883,0.10154346983111852,0.06390007638110598
332,0.058980287579331866,0.07557877934069597,0.05870541371928399,0.11800523729040104,0.1474647059120165,0.37605095265208455,0.10188444536169096,0.06333017814449522
333,0.05872913539681773,0.07673491618283636,0.05843099557515255,0.11898356667284042,0.14955310692368834,0.37346819364849465,0.10190037501246098,0.06219971058770905
334,0.05878655885677652,0.07460165976910142,0.05848363504143487,0.11907447450107775,0.15071729498141115,0.3739636239193869,0.10206805962321046,0.0623046933076008
335,0.059306053848249995,0.07640173038602281,0.05889630294992162,0.1135380353410054,0.1481559390680461,0.3778475571757328,0.10355900337044005,0.062295377860581216
336,0.05862701882885682,0.07606197587082059,0.058258168644452324,0.12121774955627682,0.14902373992928178,0.3718415872419042,0.10295206557318691,0.06201769435522066
337,0.05938255763480448,0.0763898069572129,0.05848586758738253,0.12116181444231901,0.1480685371462724,0.3739846361165414,0.10175427254633441,0.060772507569132855
338,0.05914859534350306,0.07400794862005967,0.06046768750231519,0.12365548086358534,0.13664932635591834,0.38022207382120515,0.10206198424161907,0.06378690325179415
339,0.06028207894274567,0.07733648405389054,0.05905339350600468,0.13192373112409617,0.1287372922178506,0.3793260565271028,0.10150138634885879,0.06183957727945074
340,0.059629231634390926,0.07599839995341633,0.058547976540703414,0.12497512446209001,0.14323216174021927,0.37456919097132624,0.1009696943881917,0.062078220309661945
341,0.05890080466346412,0.07711574098559004,0.05848251791765027,0.12941688604051368,0.1403298385605391,0.37395310981317903,0.09908218401232456,0.0627189180067392
342,0.05939213425751941,0.07595472390592287,0.05868753753159332,0.12457922270204161,0.1433781445045265,0.37588270617970193,0.09939604705181376,0.06272948386688063
343,0.059740535846077275,0.0749613690260118,0.05876015140198889,0.12703427762082167,0.14136920854675208,0.3765661308422483,0.09896958003126671,0.06259874668483327
344,0.05948843289169166,0.0776534948921376,0.05945523263933022,0.12952490285563856,0.12548166343705705,0.3831080718995894,0.10086397203738193,0.06442422934717355
345,0.05908821928335026,0.07524893338424887,0.059800684794227676,0.12750716230118128,0.13267568223224838,0.37965382854917884,0.10169023572118972,0.06433525373437493
346,0.060343890985458865,0.0753049099994342,0.058800223080819294,0.13085268583214862,0.1356853778376718,0.3769432760547698,0.09996301411654446,0.06210662209315294
347,0.06124846382805462,0.07615618717567703,0.05931205596452119,0.12966763655133307,0.12800574273961682,0.3817605267249052,0.10064911506415575,0.06320027195173625
348,0.05997455513604738,0.07653855795900329,0.05907022489885576,0.12788575093513563,0.13179683105937073,0.3794844696362895,0.10110447445490624,0.06414513592039146
349,0.05974629693901198,0.07760480232290093,0.05842256195700591,0.12610138624388087,0.14440838087070337,0.37338881841887916,0.09755014050538686,0.06277761274223088
350,0.05950609859693324,0.07641975512658797,0.06002559994413255,0.12681486727008556,0.12914329575234046,0.38358681032407754,0.09916526844891753,0.06533830453692516
351,0.062385431689303245,0.07525628612202699,0.05928861283712352,0.12228408055291572,0.13678029204754477,0.38153988552586837,0.09829597772303242,0.06416943350218503
352,0.05967878699522147,0.07324092691706567,0.058726220512770835,0.12669842069200637,0.14876429663820853,0.3762467812966666,0.09132279629633647,0.06532177065172409
353,0.06131559126116972,0.0754783009350735,0.05974640100087443,0.12742448525419958,0.13095273521644177,0.3858484800082299,0.09381542996245114,0.06541857636155995
354,0.05970893982330459,0.0733394787929652,0.05862087481381835,0.13073682007049503,0.14631950718934048,0.3752552923653491,0.09253021655233062,0.06348887039239669
355,0.059675054453444926,0.0726120094765625,0.05831883357710044,0.14062247962575555,0.13613201150235166,0.37241255131388634,0.09426311006640967,0.0659639499844889
356,0.06098722783926715,0.07437436536795852,0.058824721008410914,0.13138894053985406,0.13606769591874768,0.37717384478504395,0.09485990931008227,0.06632329523063543
357,0.058903959798190055,0.07253887504400393,0.059182761754970385,0.13032464563792404,0.14340155202054988,0.37791962163002396,0.0929418395864521,0.06478674452788565
358,0.06068947035351779,0.06990615994995908,0.058970397885496816,0.13219365639453218,0.13667751460025687,0.3785449212752642,0.09424560838094012,0.06877227116003294
359,0.05853756905979903,0.06886496246855978,0.061148420716191934,0.14312359141423184,0.13232520059558384,0.3744712382098732,0.09371986871726916,0.0678091488184913
360,0.05896678254155771,0.06661658995680905,0.057566999932442034,0.13397842168394844,0.15762092071490472,0.36533646995239566,0.09195470017033608,0.06795911504760625
361,0.06251155235667874,0.06751373031733904,0.05825324462635889,0.15010404343815048,0.12609403734728641,0.3717952435422014,0.09537421468571046,0.06835393368627456
362,0.05929348849039192,0.06583607405701959,0.05748112572666765,0.1368760803737999,0.1549648161436361,0.3645282421333425,0.0943340178691148,0.06668615520602748
363,0.05895298584366227,0.06845870617853592,0.05873106706198369,0.15251172281075986,0.12556663146598768,0.3762923958774935,0.09155110009039173,0.06793539067118534
364,0.05760282309220756,0.06679185412851747,0.05928794302709,0.16312033364076386,0.126588091542928,0.3656736291031299,0.09176731575809795,0.06916800970726524
365,0.06056931565607327,0.06617858652819653,0.05863240878308576,0.13483865005498932,0.14015158712893108,0.37536384737021894,0.09253311469559002,0.07173248978291497
366,0.058529395337735345,0.06318035168711701,0.05854669719618613,0.13345157478712374,0.1495837646802291,0.3743943090610385,0.08296577682592884,0.07934813042464142
367,0.06299406118417404,0.06389550361122329,0.05888618417304913,0.1407279959847891,0.13069116477181675,0.3777523216286977,0.0908840938952494,0.0741686747510007
368,0.06147945407491064,0.06354897534124025,0.05894394538426618,0.13735544520597984,0.13305949254830066,0.3782959565577993,0.09274637535532475,0.07457035553217836
369,0.06000226484689455,0.0637843377518415,0.05856643119407343,0.13555941259558707,0.14430553191882514,0.37474288182657345,0.08818368372026296,0.07485545614594195
370,0.060197240061820756,0.060573984558381845,0.05885414384873908,0.13686269398060227,0.14814333523808731,0.3662162169414782,0.0926426266479053,0.07650975872298518
371,0.059132673637446447,0.06093861497066696,0.05786664479011145,0.1350201143553372,0.15626937393323911,0.3681566568481078,0.08623655620474552,0.07637936526034549
372,0.0589507880791876,0.06145390881978242,0.05979374734434105,0.1442843705699016,0.13047690077948598,0.3783603583923539,0.08802134944214492,0.07865857657280258
373,0.0621915701509238,0.0604551727128628,0.05981223885559045,0.14747206089569478,0.13082419893677638,0.374935654658802,0.08214997668809372,0.08215912710125603
374,0.05757479658127118,0.06124114388969092,0.05782204001645491,0.1602844887876518,0.13010371338803386,0.3654098501766698,0.0795391742792967,0.08802479288093082
375,0.05933194216677382,0.05973199090216041,0.05896381519330705,0.13997364862747447,0.14952165445214308,0.3703675359265045,0.08041128637142375,0.08169812636021281
376,0.05844136167246825,0.06193397808593487,0.060328880454954076,0.15386816642232184,0.12864497438534983,0.3735657569173483,0.08356374033395518,0.07965314172766778
377,0.06260459973799137,0.059859771569306955,0.059396112369487435,0.15167695163047545,0.12890317743431293,0.3744080253165189,0.0804642712496586,0.08268709069224833
378,0.05963686359018868,0.059228042082288684,0.058617390921436384,0.16342936634831498,0.12638467980287163,0.36684314445605504,0.07936620978705859,0.08649430301178612
379,0.05786212203832253,0.05948278465370246,0.06010048268079396,0.14021842238496016,0.14374848981089577,0.36811408977244736,0.07999629448800584,0.09047731417087188
380,0.057072435780422336,0.05861653599403449,0.058811210594831735,0.16550738819394148,0.12796402624086947,0.360681748521622,0.07766960620395447,0.09367704847032407
381,0.05817813272361108,0.05979601962943365,0.06195226729678666,0.13638385855369003,0.13565921422592794,0.3710883079869278,0.07843403775032931,0.0985081618332935
382,0.05471576912894291,0.056177029275653496,0.059619959048076196,0.14293424947862787,0.17352847950183226,0.3385013565076979,0.0699690404819197,0.10455411657724975
383,0.05683484692641079,0.05865429498277778,0.061009207244870016,0.14345565831204418,0.14662137385358762,0.358445618130925,0.07506467654231981,0.09991432400706485
384,0.054621992626219716,0.05648136630511582,0.06180917726835429,0.1849999111315582,0.13278855270487375,0.3376187541291268,0.06990761034400904,0.10177263549074243
385,0.056285245006827266,0.05797742272246107,0.06023300410603203,0.18679524998003538,0.12153731430359961,0.3532728941819037,0.07570975051792266,0.0881891191812183
386,0.05275746511061257,0.05506434116936423,0.056953105555758235,0.13529498136446996,0.3200702598645888,0.22234223504474102,0.07086001579898017,0.08665759609148489
387,0.05703162584593478,0.05949295233584678,0.06318215048001845,0.17652988916423581,0.36029765502056255,0.10366629684137052,0.07441786166271401,0.10538156864931705
388,0.01875,0.01982858468153211,0.020980057540869953,0.297159518202596,0.2924411439973964,0.2946979064531042,0.024633261064899045,0.03150952805960231
389,0.054354990448547615,0.056922079571714565,0.060913781204853176,0.13507117498866814,0.3351057924569187,0.18910351218778956,0.07043221003942736,0.09809645910208084
390,0.055164777361857265,0.058256091105074514,0.06179912544335057,0.13369092532543478,0.17976407801236857,0.3427273163468919,0.07394868973082185,0.09464899667420063
391,0.05639099549392786,0.05744913017838095,0.06488134617027605,0.13855065359323018,0.354268192884027,0.15191290305463717,0.07465460941588438,0.10189216920963645
392,0.018750000000000003,0.019652047257832872,0.021212935788716105,0.287681140831659,0.2980648293962916,0.22008484469320092,0.024475101706749068,0.11007910032555042
393,0.05581091324455615,0.05866690215685765,0.0641438168431571,0.15211177078443824,0.3488085952428814,0.1461429972907956,0.07229729868452182,0.1020177057527921
394,0.055647923846670125,0.05925978147618678,0.06498257390488271,0.14126640412735383,0.3472745773804247,0.15723561260273577,0.07147857079084786,0.10285455587089806
395,0.05546430895067773,0.05824052818166128,0.06495157932746944,0.16707990068973083,0.3455464371828491,0.1335694381800827,0.07316369074057139,0.10198411674695748
396,0.055514512880314414,0.057126309323562406,0.06541750391645233,0.1949446043639112,0.34601894475590045,0.10238340983122458,0.06882043446423729,0.1097742804643974
397,0.05407889331143652,0.05698184856292974,0.06428158963733017,0.21312391589774307,0.33250723116646136,0.09345986868470083,0.06711477409333695,0.1184518786460614
398,0.054460581774699,0.05718331626326476,0.06457742526906854,0.2088712928997801,0.33609959317363763,0.0964804790652164,0.06853034341644385,0.1137969681378897
399,0.05391981200167636,0.056632211410782195,0.0649957812831835,0.18826798882650814,0.331009996242693,0.13194878347539313,0.06572762560841569,0.10749780115134791
