oos_period,model_1,model_2,model_3,model_4,model_5,model_6,model_7,model_8
150,0.08132742197591665,0.22565037356305453,0.15373163460130088,0.01163904946018061,0.1654330930593855,0.11274430495897181,0.16715686228886914,0.08231726009132087
151,0.04381698263581594,0.1815302210873182,0.18082699315301184,0.045623832498805354,0.15466365018624126,0.10268272608188155,0.12342293040716432,0.16743266394876152
152,0.05097190392524949,0.1961002812745719,0.1505018471096659,0.05232234140709022,0.1851891759043052,0.11448311688674055,0.13283702396695465,0.11759430952442204
153,0.03401528837942274,0.18400895269444073,0.1893389398820297,0.03852272883724877,0.166015994572693,0.10505305408774056,0.1207736833277106,0.16227135821771385
154,0.03161803960290619,0.18576252200466117,0.18194745134519213,0.050848229910272214,0.13372157520576228,0.10455464300925289,0.12757377821365964,0.18397376070729343
155,0.039997097361554296,0.19962774610681855,0.14938527210167565,0.06709332003186565,0.16672801729272416,0.11853748520316026,0.15346065865659067,0.10517040324461066
156,0.02868129703950031,0.20042121208906918,0.13609370693339223,0.08213022782538623,0.1735752235922759,0.13355480918634616,0.1571845134900406,0.0883590098429894
157,0.028695615258270118,0.20034390816899839,0.13558128934047936,0.08280924126047358,0.1703624779239994,0.13267476758047764,0.16017676230129707,0.08935593816500437
158,0.0359528280534435,0.23458105188641962,0.1322594750400851,0.06802434701865424,0.18016852446159984,0.12246082763096001,0.14942050754037545,0.07713243836746221
159,0.03712145446822334,0.2287590255554524,0.13659711903043073,0.07152576079222209,0.17377344985674043,0.1253348258469418,0.14764403151200303,0.07924433293698611
160,0.03849424383660933,0.2180263807789177,0.14300172046744455,0.059347343047895414,0.1834514515622032,0.12967502628069202,0.1414191657497248,0.08658466827551294
161,0.043500188253501125,0.17283004096484475,0.17574079022254058,0.08522167408998071,0.1588124092085486,0.12782932511027872,0.11787767684697896,0.11818789530232654
162,0.035319428598054876,0.20871041412482064,0.14460288373925115,0.11357984943813312,0.15571110343903485,0.16211640127826513,0.07241371821464872,0.10754620116679149
163,0.026421236015653275,0.18597852600830564,0.1467134115826553,0.13351602960357525,0.15076534629778093,0.18968797022924017,0.06298778470744347,0.10392969555434593
164,0.027177679960892858,0.1602343600174469,0.16586045009296102,0.13019224122868311,0.13397452880676763,0.17693783845907862,0.08061103959422344,0.1250118618389464
165,6.491977802442583e-20,0.16000130676129184,0.16669282109899525,0.1501597441284943,0.1272414263692039,0.21777091033437854,0.043970894184057446,0.13416289712257873
166,0.011469259280492607,0.1661834762120765,0.16831653243661565,0.17940971066172812,0.11569913200251938,0.2196399667939268,0.02382511994444137,0.11545680266719953
167,0.021663736538043352,0.1547597524950145,0.16978640079245055,0.1625524783798528,0.14245046419564686,0.2003153187454856,0.027537824815393915,0.12093402403711237
168,0.01653914288580168,0.14877929014116859,0.1687608532663166,0.16525748821011635,0.14029418711799044,0.19959317935149898,0.04036433305569098,0.1204115259704163
169,0.025536019105270393,0.20202324735364946,0.15460536549412002,0.18591567633106468,0.11021915604246815,0.21572146322052518,0.0,0.10597907245190208
170,0.028045246863407692,0.19756913954866903,0.15629117161491674,0.19369315836108414,0.10396291076732508,0.21064059028042506,0.004507639840565417,0.10529014272260676
171,0.0,0.09664952117154911,0.19319554987380477,0.2716300615352814,0.07719322599711337,0.2594532574843526,0.0,0.10187838393689864
172,0.0005347360588831341,0.11529520099588325,0.18380238370539387,0.2225478973453349,0.09054592089857562,0.27498372220756384,0.009740302346587258,0.102549836440778
173,5.87245810293354e-19,0.12913852240497595,0.1838064492300814,0.22234790792842496,0.09550973207357692,0.27245822145683274,0.0,0.09673916690510778
174,0.0012120140618896288,0.11829062739424755,0.17742176720651906,0.2179452932343392,0.10185219432875757,0.2729518091451511,0.0036478987394146438,0.10667839588868129
175,0.0014541543251427797,0.13048250552290686,0.19589701084995603,0.15782057511209857,0.12367844404658765,0.26999185631811773,0.031999262429566085,0.08867619139462428
176,0.005544973580655413,0.1394115386006847,0.19035687828463793,0.15191504777827386,0.12709055630107097,0.2612520877466792,0.03559290919081267,0.0888360085161852
177,0.0009688449666150001,0.13801363284333545,0.20333653041604302,0.15433733097434446,0.11600044972300944,0.2671602840067963,0.032168762939392526,0.0880141641294638
178,0.0017493816421222071,0.13926363591193552,0.1970806685489518,0.15727002256281625,0.12498040133515745,0.24189523436609123,0.04320892971110036,0.09455172592082518
179,0.02214291690179889,0.14744235180520518,0.2155231463327415,0.1510356939252933,0.12162265740523058,0.21714652506838264,0.03301640686106555,0.09207030169928233
180,0.024335439862755704,0.11235040776041033,0.2440574298139482,0.1474004759941261,0.14688675989647101,0.21818269657786096,0.00550050898198138,0.10128628111144618
181,0.04243117821886907,0.09808185592868332,0.2578293893840852,0.1219786075522968,0.14817487342039196,0.17028951928581199,0.03909937073571762,0.1221152054731441
182,0.03965387942917982,0.11582475783244331,0.239172678271898,0.1277274383916482,0.14903414115543157,0.16681091725482508,0.040489203229084704,0.12128698443448926
183,0.04637884121455532,0.13324863900930312,0.19485372051000752,0.15315020151995926,0.1669350072756596,0.21821149507895699,0.007019271817228974,0.080202823573329
184,0.04810326674157669,0.10755924745804919,0.21741824641113425,0.14831439622185397,0.17149874516541766,0.1825709006864202,0.0047772437522915125,0.11975795356225649
185,0.05242741234525733,0.1130939785263884,0.1854618026205883,0.15527029704636144,0.18593748248683686,0.2063263433183667,7.495636086984673e-18,0.1014826836552009
186,0.028610223005037013,0.10430258024768448,0.23966806190993356,0.13128902484624075,0.17692311697626495,0.18973672703241315,2.6780852451549243e-17,0.129470265981426
187,0.05536783260521874,0.11387002402110398,0.183820124955716,0.14738158639016405,0.1969952222110306,0.2092277183379173,0.0,0.0933374914778493
188,0.04300155618763882,0.13049773326428185,0.18423228555297042,0.1439747984092531,0.18199391953987734,0.23053756311537105,0.0,0.0857621439296072
189,0.04120165304040085,0.12307065529489553,0.20564092019557365,0.1412523314128379,0.18050333039361355,0.22357979597339653,1.92975281208018e-18,0.08475131368828198
190,0.03584801778169375,0.1295191122880224,0.15111337571680314,0.15749953135467365,0.20189537454764736,0.24986525626546255,0.0,0.07425933204469712
191,0.049427641737625615,0.2098037699178889,0.1191960856153056,0.1363135886751938,0.20466012010659781,0.21330643931256563,0.0,0.06729235463382259
192,0.07664402476079431,0.14139055250563237,0.1339474714616612,0.1497674165946447,0.24720363201796647,0.20660204046263705,6.660312708482509e-18,0.04444486219566381
193,0.10161384493942129,0.12376265144735084,0.1652624751363857,0.16862865933085583,0.24437265257434612,0.18537033936409342,0.0,0.010989377206546722
194,0.10144421743020911,0.08680257373293972,0.15643967976517317,0.16801552976918535,0.1979508357003673,0.1949588634574863,1.1054552309432116e-18,0.09438830014363883
195,0.10168734816992755,0.08966339764124752,0.15477933162488564,0.16828175053822397,0.1998047200980417,0.19215638145256347,7.178604227973016e-20,0.09362707047411001
196,0.1574553297807785,0.0882559256448278,0.1444926894493861,0.1848110910285961,0.22830916714691807,0.17279897658404572,0.013298453757128447,0.010578366607319244
197,0.18288545463657105,0.07627813630632492,0.13944605497441306,0.16891613036776293,0.27005696624456826,0.12844308133503346,0.027440153932105815,0.006534022202220468
198,0.18353106606860925,0.07448431164487683,0.1424387523929372,0.16734708317168193,0.26807917345817556,0.12939318363038366,0.02657375376637719,0.00815267586595839
199,0.17043583458775824,0.07432331253879726,0.16083753436152262,0.16097717880107093,0.2505114984192682,0.14235986354353428,0.026229163864334153,0.014325613882714338
200,0.12754353078293895,0.06711861577926301,0.1902961689424289,0.1248725734644667,0.2348890614067801,0.12782684152239798,0.028317809172541897,0.09913539892818236
201,0.13735622413844917,0.025954393100393363,0.18371994160558852,0.10540265181998136,0.256212185808237,0.1314968042622899,0.04867155865365279,0.11118624061040783
202,0.15673290464956205,0.04276703331725392,0.14556456786406707,0.11822395980589843,0.30281439438249014,0.1378433176292984,0.06282648645125609,0.033227335899173815
203,0.15214394541454218,0.042002239507273664,0.12867476601236555,0.12137383210108703,0.31188337875902716,0.15929960940929486,0.04722145008786687,0.03740077870754259
204,0.17113893804014377,0.05267594649555803,0.12259345870047213,0.11117504411744682,0.3172538385511811,0.14447102590896302,0.04254120927290434,0.038150538912330764
205,0.15935159474991553,0.05410793756711814,0.11235080312675708,0.11787474246403672,0.32406743082850453,0.1501762119555744,0.044957036347689876,0.03711424295940373
206,0.16211967403758204,0.03915481889853403,0.10511851490157055,0.09542930954141549,0.3456420275017224,0.1464864490842057,0.038824655977519155,0.06722455005645063
207,0.14471300535291,0.04876490450350341,0.12884375697314773,0.07784783696331862,0.33266499783074516,0.1408649424944362,0.04200705940471796,0.08429349647622088
208,0.1368236902629088,0.04825768831160007,0.12384973360986619,0.08105717055038604,0.338205677456852,0.14506415292151922,0.041635153226163304,0.08510673365970431
209,0.14032689225142497,0.06831486998032338,0.10068536941436473,0.07944491466466046,0.32581894437383424,0.14320907399776683,0.06471503334362112,0.07748490197300419
210,0.1395206979868969,0.059926278032805626,0.09253379770164556,0.08130627166720059,0.338054499240341,0.143872649129598,0.06628888664268931,0.07849691959782303
211,0.16423619756104946,0.06343652292879969,0.10047926739726559,0.0805194123101878,0.32541492280072426,0.13228686171291137,0.07694281500115298,0.05668400028690871
212,0.18270715163791815,0.04791290395183608,0.059152696066658225,0.052012221754433936,0.33735574780881644,0.1469115282184459,0.07728321007541795,0.09666454048547318
213,0.16051007790013788,0.04506107120375797,0.06150446391213067,0.05055739830755701,0.37066431709887365,0.1374717771571654,0.06696796259302007,0.10726293182635718
214,0.16181022022511696,0.07148259295386557,0.06905176846043924,0.055791704757541,0.3614464532479298,0.13380507717084025,0.061425188342771206,0.0851869948404959
215,0.17459624167529914,0.06736005265729293,0.03248164157586668,0.0828831357794922,0.3622763981067202,0.15227171143918947,0.07655241654242856,0.0515784022227107
216,0.1741098895411407,0.0655925179644218,0.029518102029617257,0.08013189412200117,0.3652268071907079,0.15700051689049874,0.07718493068896957,0.05123534157164285
217,0.20488509040521635,0.07444149600667337,0.02515372980809644,0.07575951990827377,0.36633249347903024,0.1507610006231366,0.07711123403282946,0.0255554357357437
218,0.20666465171367754,0.07776014538905375,0.02519106952178641,0.07640433906891646,0.3530079294213606,0.1487556742038414,0.0783407737139482,0.03387541696641564
219,0.09091230837077312,0.026266423935805656,0.0,0.046960522065670904,0.2616541982175845,0.1818213068705549,0.12315175970767678,0.26923348083093407
220,0.2023793469378954,0.07166108476945467,0.020005802858076162,0.09564356976025272,0.3619907685668136,0.1799195148551791,0.06839991225132831,1.4724988275556834e-17
221,0.07381025288992193,0.04477071177095374,5.490744615788469e-18,0.05458745400848101,0.253392056877309,0.16380744631444852,0.1626332426859842,0.24699883545190157
222,0.11816645190177956,0.04761110321982587,4.0525784358227563e-17,0.06363561024528214,0.21984732998361295,0.14333126862879478,0.1689629179938381,0.23844531802586647
223,0.16020709978647574,0.09231075170648678,0.06923124198166722,0.13494774059705794,0.16764707307245075,0.13460110877203552,0.13769521803946697,0.10335976604335907
224,0.16340575168186564,0.09122126218275706,0.06374830762359043,0.1422288825631391,0.16816422926100272,0.12942793516173431,0.1384018446257541,0.10340178689915658
225,0.16182420964808963,0.09313941178719594,0.05843011609657676,0.1454271414306087,0.1673891080584108,0.13545648191905316,0.13723521001741978,0.10109832104164525
226,0.16137761005001458,0.09358559992436848,0.05529231306113726,0.14668153638948161,0.16953569342003447,0.13630570912927067,0.13622690240619506,0.10099463561849777
227,0.10782134007084794,0.05288435000946049,0.0015614903798501572,0.09374961857996301,0.10928455466684973,0.10220673029835105,0.26551650937156185,0.26697540662211566
228,0.10978205477966954,0.04820848362842582,0.0,0.09774807650164447,0.10718059753150873,0.10577746182970438,0.2972736684524223,0.2340296572756247
229,0.11572959925766718,0.0,3.90737225010304e-17,0.11489618490122483,0.11771836534472356,0.09844005789875114,0.10592108213217358,0.44729471046445973
230,0.09673068829498793,1.5481575735870044e-16,0.0,0.12732149403215218,0.12326559574593493,0.06873825809893187,1.4912689440872253e-16,0.5839439638269928
231,0.1216408082512075,6.883625004092003e-18,6.82293574877449e-17,0.1306533932616491,0.1262016942661209,0.08739012965441066,0.013997684584747403,0.5201162899808643
232,0.12787070812521675,1.95866072308096e-16,1.5294146009616558e-17,0.11995025704848977,0.1548516137643185,0.08442265447481596,0.08053705896759925,0.43236770761855964
233,0.09918714529227332,0.0,3.8356574115304354e-16,0.11549853226606632,0.17847274115770204,0.09873271520154721,0.0,0.5081088660814105
234,0.13977900493098508,1.4700645609026328e-16,2.3930108213830614e-15,0.1806383629794513,0.12590852961627919,0.011859009868286903,1.804817419313493e-16,0.5418150926039947
235,0.1399098826768739,1.2321523317152502e-16,2.3720582555321e-16,0.18024251840518749,0.12129820165120898,0.015375504813353154,7.359990638205052e-17,0.5431738924523759
236,0.14246235444486943,0.0,8.008688575347519e-17,0.19205930546529346,0.12459030430913322,0.02004601508569635,2.0328946905782523e-16,0.5208420206940071
237,0.12575206876197773,0.0,7.978423558746555e-16,0.22873889660827515,0.08634444380768855,0.0,0.000524816243164112,0.5586397745778937
238,0.1232274753226194,1.8234800127370927e-16,2.7608484598625818e-15,0.2176608529842248,0.08346494964968226,0.0054411621283670785,1.3571147848153059e-16,0.5702055599141033
239,0.017457982797015822,3.5957983272963445e-16,3.6705063685463025e-15,0.08477733144020816,0.0,0.0,0.6457131890617873,0.2520514966999845
240,0.0,2.8698341508166895e-16,1.9541943105185336e-14,0.105361836758061,0.0,0.0,0.4321873352623512,0.46245082797856796
241,0.1653290922465126,0.11917398251896653,0.013614323159553793,0.16330027428601976,0.13465864531456476,0.15961019765055237,0.14976885499844866,0.09454462982438158
242,0.050661519083444476,5.693748774263216e-16,0.0,0.16205599395894468,0.07228565737062087,0.18055319247055743,0.2892603441799584,0.2451832929354735
243,0.09510014903670168,0.06264167801142519,0.0,0.11241293373967207,0.10173029746527268,0.12453596341303766,0.4709969817432489,0.03258199658964185
244,0.09397951984460745,0.06455370275384036,0.0,0.1117258977839683,0.1284697561167427,0.1262385992736164,0.4504858761494093,0.024546648076815468
245,0.09006666225017398,0.0655022042404493,3.5398699861821724e-17,0.10971775051998658,0.11544663209968295,0.13089191417042004,0.4667139733170673,0.021660863401219765
246,0.09016149888419571,0.06811163418056274,9.647225504461552e-18,0.10376992943859659,0.12977128605233906,0.13465125625899738,0.4511180233287944,0.02241637185551414
247,0.0,0.0,3.4395492366263225e-15,0.010204762100841902,0.3263011912386895,0.07094745658027209,0.592546590079192,9.738837241886456e-16
248,3.394814971305375e-17,1.1490736799109935e-15,0.0,0.03692754405380301,0.3665625673355646,0.227760032355063,0.36874985625456813,9.331882182237833e-17
249,9.092503756559026e-17,0.05891596084640087,0.0,0.05478029216388695,0.43668910346229345,0.1995896183451896,0.2500250251812291,0.0
250,0.013275454287999998,0.10296980773491098,2.815873418173623e-16,0.06979364039554753,0.4213807666401515,0.19166764056563484,0.20091269037475476,0.0
251,0.0,0.12329124799869937,1.119606645423813e-16,0.04617416308893333,0.4225602719468923,0.27207775457560784,0.1358965623888669,4.511646801495478e-18
252,1.1330130499706346e-16,0.1391001971613246,0.0,0.09069512292872406,0.43914605805929696,0.2360038163023331,0.09505480554732108,1.2885020652917334e-16
253,5.611177420828566e-17,0.1501251400451929,6.115759078347843e-17,0.07492167231799832,0.44323609847023804,0.20908393635584976,0.12263315280972059,9.670831293018549e-17
254,2.980462380042885e-17,0.13809197415380203,2.1504020136180114e-16,0.047284698241177224,0.4412991866060562,0.23951474326858851,0.13380939772937558,1.0626727766308395e-16
255,0.06381444070865,0.13431108453292823,0.0,0.10729540709398784,0.41523640461416567,0.15777815490193284,0.12156450814733523,4.975535059637827e-17
256,0.060618488412800785,0.13593226633992053,2.9711109993013364e-17,0.08459265357299543,0.4349156736725904,0.15830983473649388,0.12563108326419892,0.0
257,0.06114005238534889,0.13508232935926856,2.511186667321492e-17,0.09003743874896575,0.42976669979471477,0.15954871391604944,0.12442476579465236,0.0
258,0.05803266549295538,0.1418122885650847,4.532362127678901e-17,0.08934730303864583,0.4161658572335606,0.17221787958807871,0.12242400608067477,0.0
259,0.05382267331850441,0.15019554752434078,2.6465967953407774e-17,0.0838753111917973,0.41221283680537085,0.17649732022064693,0.12339631093833964,0.0
260,0.05326453699548699,0.15936357814688995,0.0,0.0845923657239044,0.40546157677074096,0.17774696007615148,0.11957098228582617,2.097079676892928e-17
261,0.05392213970455512,0.16602118533379162,4.1809131196754783e-17,0.07054711054218911,0.4076214551524343,0.17978357981697862,0.12210452944905117,0.0
262,7.702738024658195e-16,0.1292421620602304,1.6245902097104926e-15,0.0,0.6534451597115307,0.2173126782272332,0.0,3.0596930151060403e-15
263,0.0,0.12231250563878206,0.0,0.0,0.6354997283524264,0.2421877660077909,6.300184245770636e-16,0.0
264,0.0,0.10035211583623277,4.7438112642252e-16,2.616121728925073e-17,0.652334430363794,0.2473134537989717,1.0035124567955237e-15,0.0
265,4.169838062716254e-17,0.09466659988042685,0.0,0.0,0.6468990308887888,0.2584343692297839,0.0,4.976108763849092e-16
266,0.0,0.06307758126542358,1.2675167991020971e-16,8.765990829270689e-17,0.6325400397353114,0.29971403588106194,0.004668343117202689,1.7943199906741988e-16
267,0.0,0.06225213419216417,0.0,0.0,0.6338756251423631,0.30387224066447244,3.0812157335635577e-16,0.0
268,0.0,0.05136821640653144,2.1264195392047958e-16,3.4852705056547453e-16,0.6336363739902935,0.31499540960217265,0.0,1.6900524360376028e-15
269,0.0,0.026492961627767743,0.0,2.4537216296944243e-16,0.5996080945895181,0.36234684270846035,0.01155210107325339,0.0
270,1.375659997886234e-15,3.122863217473446e-15,2.230799996572271e-15,3.0859399952583088e-15,0.6145038342415836,0.3854961657574023,1.889338274784666e-15,2.3919133296580466e-15
271,4.2405118124805064e-17,1.2037987330310771e-15,0.0,4.1063259800969667e-17,0.6166455832683935,0.38335441673060455,4.23832256328576e-16,0.0
272,3.0437440485914775e-16,0.0,6.254366403659041e-16,6.29025557524578e-16,0.6217103645394642,0.37828963545953304,0.0,1.0737279358798785e-15
273,1.4060438734115536e-15,0.0,0.0,8.049121230469532e-16,0.6198809654875048,0.3801190345114907,0.0,2.0266294638493e-15
274,0.0,1.0093407375184795e-15,4.569230580302199e-16,0.0,0.6271410138697875,0.3728589861292102,7.281238378038286e-16,0.0
275,0.0,1.5018406922428215e-15,0.0,0.0,0.631216927254769,0.3687830727442276,1.730866349415314e-15,0.0
276,0.0,3.615761273596832e-16,0.0,9.390403789140843e-17,0.6492808435864086,0.3507191564125906,1.8794270945359464e-16,0.0
277,3.525814065994536e-17,4.770082503889614e-16,1.9793317134180471e-16,0.0,0.6279602058838769,0.3391771887329041,0.03286260538221835,0.0
278,2.5238915891571976e-16,1.4939530687445872e-16,2.169319911697568e-17,0.02838461074029744,0.5636459257344142,0.3383246476882224,0.06964481583606544,9.826943807864437e-18
279,0.0,1.420117639042039e-16,1.2014271319094677e-16,0.041618364369607516,0.5671049815734389,0.3370778590259536,0.05419879502999956,0.0
280,2.964383505729932e-17,0.0,5.413506240465323e-17,0.06608379674678513,0.5829645834855518,0.33818830713624715,0.0127633126304152,4.019848490952304e-16
281,4.1223820985169586e-17,1.6440345672536257e-16,0.0,4.3384963826520465e-16,0.6652909583419077,0.3347090416570911,4.395958988916481e-16,0.0
282,1.9374295991343425e-17,0.0,0.0,0.010800182661465693,0.6745058839692148,0.3146939333683191,0.0,2.823248665336229e-16
283,0.007554166894072268,3.631196363557663e-16,0.0,0.0880259064768204,0.5899299503244777,0.29639118355370586,0.018098792749923362,0.0
284,0.008318914951958054,0.0,0.0007012249807036485,0.11767987672543531,0.5659068143392316,0.29617929394262854,0.011213875059042554,1.5471903814531576e-16
285,0.006485597396490387,0.0,0.0,0.10638943379370298,0.6011663124290408,0.2859586563797653,0.0,1.9327270888651207e-16
286,4.4589794596831644e-17,0.0,0.004200585175899704,0.15243047019167386,0.5835503691564984,0.2598185754749278,1.0019549346226949e-17,0.0
287,5.945955593357445e-17,0.0,0.01836668182470001,0.08924832868695172,0.6556235347190356,0.23676145476831248,6.01380782121209e-17,0.0
288,0.0,3.0158579273730494e-16,9.677345042614511e-17,0.2627703369237457,0.49232228289864166,0.24490738017661215,3.624740684334287e-17,0.0
289,0.0,0.0,0.0,0.2527386585869093,0.49357899376722103,0.2536823476448695,6.839847313997825e-17,7.070317182294735e-17
290,0.0,1.400689114644324e-16,0.0,0.22284663705353006,0.5737751923076952,0.20337817063777427,0.0,6.140797315163985e-17
291,0.0,1.87241829160641e-16,2.1721524304618912e-16,0.2941610802320396,0.5093677668411716,0.19647115292578832,7.150031753512119e-17,0.0
292,6.028068486032419e-16,1.3160162539502483e-17,8.43334158739811e-17,0.2859476807012025,0.5284621111431195,0.18559020815467706,1.1920714922569327e-16,0.0
293,1.510227142190476e-16,1.1811471126057491e-17,1.7089475434561992e-16,0.20436906706404825,0.6254594674600477,0.17017146547490364,6.547996416134986e-17,0.0
294,5.604575568398031e-16,2.342536011940847e-16,0.005901751922576545,0.2736967072808423,0.5746802234858477,0.14572131730973248,7.281542116134028e-17,0.0
295,0.0,4.644264577054088e-16,0.0,0.24377364470794577,0.6368816048330984,0.1193447504579552,0.0,0.0
296,9.175946242505979e-17,1.4306562537210083e-17,0.0,0.32133640552513404,0.5797282412088703,0.09893535326499543,0.0,0.0
297,8.441788124729138e-17,8.350380965823046e-17,5.515739384832575e-17,0.2708060639387246,0.6635759161099034,0.06561801995037157,0.0,0.0
298,0.0,6.391525217889517e-17,1.608271520274092e-16,0.2464588083914041,0.6880984246666829,0.06544276694091256,0.0,0.0
299,1.8057386001509844e-16,0.0,1.3843991325202295e-16,0.30484702421886073,0.6486616247259935,0.04649135105414539,2.0763123594833395e-17,0.0
