oos_period,model_1,model_2,model_3,model_4,model_5,model_6,model_7,model_8
150,0.08132742197591665,0.22565037356305453,0.15373163460130088,0.01163904946018061,0.1654330930593855,0.11274430495897181,0.16715686228886914,0.08231726009132087
151,0.05195701686301847,0.1986804427832683,0.15791783912086255,0.05647375947947044,0.17454835864435997,0.1149240968752374,0.1399957889933852,0.10550269723939763
152,0.04901536791450839,0.19557504642365403,0.15353421490643168,0.05174268671815037,0.18773726323372872,0.11576014900520844,0.1337718923207033,0.1128633794766151
153,0.04962522178135305,0.2003183012124366,0.15558883049964656,0.04985370472814258,0.17933239930073447,0.113216126658676,0.13402274576180692,0.11804267005620372
154,0.04482129877227782,0.2050419647738641,0.15000273330520938,0.06021270656467269,0.1771399903967498,0.11446113941480159,0.14068180382576403,0.10763836294566051
155,0.02721102217417175,0.22549499184016872,0.1461429469938714,0.057493985968779006,0.16648865479836608,0.10543787233736222,0.15327977983140684,0.1184507460548739
156,0.028656731496639394,0.20007915845496405,0.13634660527187184,0.08194292419254076,0.17368481882425954,0.13363608895453458,0.15721848044831244,0.08843519235587727
157,0.02868709720199845,0.20018194417405047,0.1357424203690348,0.08265224454367011,0.17044363520124192,0.13271127156717538,0.1601822210462502,0.08939916589557868
158,0.0359528280534435,0.23458105188641962,0.1322594750400851,0.06802434701865424,0.18016852446159984,0.12246082763096001,0.14942050754037545,0.07713243836746221
159,0.03712145446822334,0.2287590255554524,0.13659711903043073,0.07152576079222209,0.17377344985674043,0.1253348258469418,0.14764403151200303,0.07924433293698611
160,0.03852342449064244,0.21776514132262614,0.14331411231308291,0.05895020404118865,0.18365805599626628,0.12971934540260374,0.14142188389063254,0.08664783254195726
161,0.04307497282587508,0.16767888455405325,0.18111892356343554,0.08103559751924212,0.16086419717064238,0.12876590823143208,0.11804333486388094,0.1194181812704384
162,0.03528658703105506,0.20849771445349632,0.14461520579269124,0.1137466654139779,0.1556619768405246,0.16219530171776722,0.07241839605226798,0.10757815269721961
163,0.026657412496961665,0.18283858101711542,0.15114549414782355,0.1276521263612991,0.1536402884966399,0.18996348037923472,0.06315401141065395,0.10494860568927164
164,0.026541347642163926,0.14662204096990292,0.1919487033317061,0.09525285338443461,0.14739828902530466,0.17896674136643265,0.08228921534956551,0.13098080892948957
165,0.0,0.1469787721307386,0.10322848996018903,0.27898941698067026,0.07610858905222709,0.22566189951478133,0.04610575261951594,0.12292707974087773
166,0.01683712730624424,0.1379598634853345,0.20717126513877374,0.11723089235275228,0.14269510905154745,0.215339755558382,0.03457469295439753,0.1281912941515682
167,0.024717477721751514,0.1260721438832176,0.2030558941308953,0.11524119318576606,0.16327652885087263,0.1993527721819021,0.03597263305806807,0.13231135698652668
168,0.02030720902471422,0.1102807686897329,0.21157483919333187,0.11137795580543937,0.16472090545280596,0.19743207100525903,0.05167518708172303,0.13263106374599362
169,0.030000878318935664,0.13445918791015224,0.22048221449450878,0.11910912612987834,0.14294080035390955,0.21624657622348914,0.009976712488223521,0.12678450407990277
170,0.04673880413922479,0.34247702121682577,0.10117342206912587,0.12267112992016924,0.1233835365668156,0.15948535687529644,0.02364577973196753,0.08042494947957458
171,0.038150729248852086,0.2836131552597306,0.093820669547978,0.1724830456994486,0.10018323045279222,0.24661347729977284,8.825265003349208e-19,0.06513569249042556
172,0.0026590810568481458,0.12142873879667088,0.11833556618600408,0.3353079833804016,0.04642965701579907,0.27633871075732214,0.009686968605815027,0.08981329420013906
173,0.00390899788014152,0.10509065119011307,0.24039772370725979,0.1404781959998439,0.1367280257086238,0.25157198656292834,0.008696496745737643,0.11312792220435187
174,0.0030965368731549533,0.09735632462592018,0.2415985535889123,0.13442390291651202,0.14303893002897322,0.2506801301477239,0.010102261073421673,0.11970336074438172
175,0.0,0.11016599005684706,0.21441592295476675,0.15258913892139536,0.1205445023451707,0.28980637819580735,0.025358402612054187,0.08711966491295862
176,0.030175509807092944,0.10280385218730526,0.2178215225854521,0.11559188679597726,0.14942661619315134,0.21457736779919875,0.056282290912461695,0.11332095371836062
177,0.03194153913086117,0.09966947333281369,0.22927500930542968,0.11302560445673497,0.14164031854856354,0.21363830271151668,0.05599491517642185,0.11481483733665836
178,0.028609391161017336,0.0949983953624147,0.2341766744672452,0.11326771972214456,0.1450370886099019,0.20816028489959082,0.058940029822894355,0.11681041595379107
179,0.026957884719713752,0.07482336982583203,0.295080705393042,0.1046803810458275,0.13554242246991433,0.2597677701442572,0.006694994666495107,0.09645247173391805
180,0.048743897109087164,0.09167196304605092,0.25739765370187956,0.10835905746316252,0.15708874502404357,0.19402550404460878,0.031500059731838,0.11121311987832945
181,0.04652572606616832,0.08416521694925085,0.25822736705209515,0.11487047749362521,0.160446895499626,0.19034635235496294,0.03033471608774801,0.11508324849552344
182,0.04051165511249842,0.08624200480190625,0.25747042917699164,0.12165941330551631,0.16286607603475778,0.1861922064879754,0.030501157047898193,0.11455705803145594
183,0.04402766071516308,0.12411822061638113,0.21226564871517475,0.14790605836706266,0.17048964408914163,0.2184744080209432,0.003533444962065346,0.0791849145130682
184,0.046337935151076724,0.10560513678922356,0.19380907304983838,0.16160929684345382,0.18436534530622312,0.20812916585166802,7.797236064488556e-19,0.10014404700751631
185,0.04943866933203192,0.10468338489146972,0.20071364303219438,0.15343945130356396,0.18834249766141672,0.20622691640616683,0.0,0.09715543737215643
186,0.05197391477871449,0.10260549433916147,0.20039545000733586,0.14811791945306205,0.19174968876094847,0.20618136516670235,0.0,0.09897616749307532
187,0.05299567160322436,0.104125031341089,0.1991435628206998,0.14604845700737548,0.19762364287298365,0.2078517025874217,1.2959604092977834e-17,0.09221193176620601
188,0.04099467685995462,0.11698126693864958,0.20501335781574107,0.14230330854635287,0.18229402675029951,0.22869419912005548,0.0,0.08371916396794687
189,0.04394722474063257,0.1111459522795927,0.22391720615953434,0.1386152245298318,0.1804701709690972,0.21895546623023102,8.631265732512688e-19,0.08294875509008028
190,0.03584801778169375,0.1295191122880224,0.15111337571680314,0.15749953135467365,0.20189537454764736,0.24986525626546255,0.0,0.07425933204469712
191,0.07804770517393053,0.15963307122926826,0.1324870604498352,0.14634451960447284,0.21829908194115694,0.2251305949369874,3.4213248926343076e-18,0.040057966663348696
192,0.0746105636187846,0.15529293723164705,0.12460520155344748,0.1527241560245422,0.24981995862965695,0.2057545876107824,2.5362310492916126e-17,0.03719259533013916
193,0.09832179255765357,0.1386738114072342,0.15578799180798092,0.17229793142395067,0.2480532672536173,0.18475223272786942,1.579427926030032e-17,0.0021129728206939675
194,0.12834073572796456,0.07885394625973592,0.13848914039322804,0.19657256873416606,0.22954153547926912,0.19711334394816785,0.022029711091121205,0.009059018365347206
195,0.13034713351678157,0.07825558928828774,0.13555028510507344,0.19467114353449635,0.23739952305786174,0.19365356807768802,0.020534165629716144,0.009588591789094958
196,0.1574553297807785,0.0882559256448278,0.1444926894493861,0.1848110910285961,0.22830916714691807,0.17279897658404572,0.013298453757128447,0.010578366607319244
197,0.18288545463657105,0.07627813630632492,0.13944605497441306,0.16891613036776293,0.27005696624456826,0.12844308133503346,0.027440153932105815,0.006534022202220468
198,0.18353106606860925,0.07448431164487683,0.1424387523929372,0.16734708317168193,0.26807917345817556,0.12939318363038366,0.02657375376637719,0.00815267586595839
199,0.17043583458775824,0.07432331253879726,0.16083753436152262,0.16097717880107093,0.2505114984192682,0.14235986354353428,0.026229163864334153,0.014325613882714338
200,0.16047835759579018,0.06454633008900391,0.1628777666917581,0.15423036630555648,0.27430588969372494,0.13157924752339759,0.029109334607807635,0.02287270749196109
201,0.17093610473215126,0.0417123845741937,0.1426741798991265,0.14004084113577953,0.2952517732399138,0.1354590460327913,0.04473885313272383,0.029186817252319995
202,0.15673290464956205,0.04276703331725392,0.14556456786406707,0.11822395980589843,0.30281439438249014,0.1378433176292984,0.06282648645125609,0.033227335899173815
203,0.15214394541454218,0.042002239507273664,0.12867476601236555,0.12137383210108703,0.31188337875902716,0.15929960940929486,0.04722145008786687,0.03740077870754259
204,0.17113893804014377,0.05267594649555803,0.12259345870047213,0.11117504411744682,0.3172538385511811,0.14447102590896302,0.04254120927290434,0.038150538912330764
205,0.15935159474991553,0.05410793756711814,0.11235080312675708,0.11787474246403672,0.32406743082850453,0.1501762119555744,0.044957036347689876,0.03711424295940373
206,0.16211967403758204,0.03915481889853403,0.10511851490157055,0.09542930954141549,0.3456420275017224,0.1464864490842057,0.038824655977519155,0.06722455005645063
207,0.14471300535291,0.04876490450350341,0.12884375697314773,0.07784783696331862,0.33266499783074516,0.1408649424944362,0.04200705940471796,0.08429349647622088
208,0.1368236902629088,0.04825768831160007,0.12384973360986619,0.08105717055038604,0.338205677456852,0.14506415292151922,0.041635153226163304,0.08510673365970431
209,0.14032689225142497,0.06831486998032338,0.10068536941436473,0.07944491466466046,0.32581894437383424,0.14320907399776683,0.06471503334362112,0.07748490197300419
210,0.1395206979868969,0.059926278032805626,0.09253379770164556,0.08130627166720059,0.338054499240341,0.143872649129598,0.06628888664268931,0.07849691959782303
211,0.16423619756104946,0.06343652292879969,0.10047926739726559,0.0805194123101878,0.32541492280072426,0.13228686171291137,0.07694281500115298,0.05668400028690871
212,0.18270715163791815,0.04791290395183608,0.059152696066658225,0.052012221754433936,0.33735574780881644,0.1469115282184459,0.07728321007541795,0.09666454048547318
213,0.16051007790013788,0.04506107120375797,0.06150446391213067,0.05055739830755701,0.37066431709887365,0.1374717771571654,0.06696796259302007,0.10726293182635718
214,0.16181022022511696,0.07148259295386557,0.06905176846043924,0.055791704757541,0.3614464532479298,0.13380507717084025,0.061425188342771206,0.0851869948404959
215,0.17459624167529914,0.06736005265729293,0.03248164157586668,0.0828831357794922,0.3622763981067202,0.15227171143918947,0.07655241654242856,0.0515784022227107
216,0.1741098895411407,0.0655925179644218,0.029518102029617257,0.08013189412200117,0.3652268071907079,0.15700051689049874,0.07718493068896957,0.05123534157164285
217,0.20488509040521635,0.07444149600667337,0.02515372980809644,0.07575951990827377,0.36633249347903024,0.1507610006231366,0.07711123403282946,0.0255554357357437
218,0.20666465171367754,0.07776014538905375,0.02519106952178641,0.07640433906891646,0.3530079294213606,0.1487556742038414,0.0783407737139482,0.03387541696641564
219,0.08841344840669962,0.022093025953326535,0.0,0.04556915043204764,0.26899849510110424,0.18071856796737046,0.08526276916865035,0.3089445429698011
220,0.2023793469378954,0.07166108476945467,0.020005802858076162,0.09564356976025272,0.3619907685668136,0.1799195148551791,0.06839991225132831,1.4724988275556834e-17
221,0.07687286387036354,0.0512909097607481,0.0,0.05917651810273465,0.25619829396424365,0.16300836948688774,0.17159501569109914,0.2218580291229231
222,0.0455492046236331,4.049199166964279e-17,0.0,0.018348096340958377,0.1598894198622052,0.10294024421370913,0.09158321875461815,0.5816898162038759
223,0.16020709978647574,0.09231075170648678,0.06923124198166722,0.13494774059705794,0.16764707307245075,0.13460110877203552,0.13769521803946697,0.10335976604335907
224,0.16340575168186564,0.09122126218275706,0.06374830762359043,0.1422288825631391,0.16816422926100272,0.12942793516173431,0.1384018446257541,0.10340178689915658
225,0.16182420964808963,0.09313941178719594,0.05843011609657676,0.1454271414306087,0.1673891080584108,0.13545648191905316,0.13723521001741978,0.10109832104164525
226,0.16137761005001458,0.09358559992436848,0.05529231306113726,0.14668153638948161,0.16953569342003447,0.13630570912927067,0.13622690240619506,0.10099463561849777
227,0.16863161229535092,0.09286968419390065,0.04596647562556945,0.14750936299730436,0.16830362136278953,0.14221137543664975,0.13530117431409264,0.09920669377334271
228,0.17110428851225795,0.08956465542283162,0.039256855179660724,0.15194232395926024,0.16733277518470602,0.14629746937004107,0.1351533748098054,0.09934825756043696
229,0.17255825931506547,0.08910653051637155,0.03800796139038098,0.15248501662150465,0.16740471457528178,0.1485414560398875,0.13271882219236256,0.09917723934814554
230,0.10006907062787604,0.0,0.0,0.1286745612599767,0.13130440179041544,0.0758205933413442,4.8780677722079643e-17,0.5641313729793876
231,0.05661681733477885,5.836684397677643e-17,3.8544411368159216e-16,0.10000322129056995,0.03218213791289431,0.016758935717840113,0.1306993592117326,0.6637395285311839
232,0.12107887265094508,0.030480936294723662,0.0,0.11516015921578822,0.1186781691878743,0.10618397858670049,0.22206934632254605,0.28634853774042224
233,0.10470422924460392,0.0,3.153024291021749e-16,0.12077900127651318,0.1740454021271777,0.1053313739782691,0.036860520237530704,0.4582794731349049
234,0.15472394683490331,0.0,3.242256833629005e-16,0.18499587502594622,0.11237498155015949,0.0193153542941984,0.06622638451840962,0.46236345777538246
235,0.15582454831931908,4.587357463225177e-16,0.0,0.16940034823155797,0.11843596930352107,0.0279010669175026,0.08976206149198998,0.4386760057351087
236,0.06230842047356227,7.539344818520397e-19,5.972250984222854e-16,0.11529516901556744,0.049592723550764876,4.914422868710715e-16,0.20232013096323534,0.5704835559958691
237,0.14487968020147102,0.0,5.137652136484013e-16,0.2055246579358908,0.08564219181742183,0.01190415907294993,0.14292263713150097,0.40912667383976475
238,0.12604561042203222,1.0658003840480814e-16,3.0464611139304754e-16,0.21596674589528161,0.10569648107053672,0.006788804266823699,0.023356247609349276,0.522146110734976
239,0.1199056970667588,0.04619852890507859,3.5882115590669185e-17,0.12378313950226884,0.11086014180997787,0.09692056594104292,0.41356036183694256,0.08877156493693017
240,0.11661188702654098,0.04608757366553511,0.0,0.1261832072378075,0.1071518916588307,0.09917863296147134,0.32932701516183016,0.17545979228698425
241,0.11072497855559663,0.06076036624645514,0.0,0.11633823918914755,0.0851286302478356,0.1107752824839646,0.42928366832368686,0.08698883495231353
242,1.0132700758693797e-15,1.9561735042598202e-16,1.6924513005463435e-15,0.1549904801634314,0.12435086376082215,0.015573316671369868,0.705085339403373,4.837386982920859e-16
243,0.0,2.448075278028022e-16,1.8841035465440573e-15,0.05067719022410184,0.1214041241212202,0.057810873215160596,0.7701078124385151,0.0
244,6.569630824488552e-16,1.7225859869047681e-15,0.0,0.039655286047945174,0.2303371449131272,0.05409253805668559,0.6759150309812395,0.0
245,2.53564868069561e-16,3.498510613151381e-16,0.0,0.2639644989612361,0.009356022531380724,0.049867915710259,0.6768115627961234,0.0
246,0.0,0.0,5.470858535301951e-15,0.05103335098762262,0.14850900729994312,0.0815962821532581,0.7188613595581695,1.0504899880704676e-15
247,0.07237354189117273,0.07185633513000704,0.0,0.4049408729105149,0.12383773149201505,0.16741767259374324,0.159573845981547,1.477419309633364e-17
248,0.034262947724085537,0.07792806850260556,3.885229837987089e-16,0.14415713365452695,0.37849535794419437,0.19266897282764403,0.17248751934594322,0.0
249,0.0214761062282996,0.0903556814526807,1.4962400774097565e-16,0.09786757316762865,0.37851256516705567,0.196160319418026,0.215627754565309,0.0
250,0.0,0.07352751158706684,1.1210713671055973e-16,0.06510378568109243,0.4003179471530975,0.2053695345876794,0.2556812209900636,5.613629218932438e-17
251,0.020912770867860964,0.12028716244365006,0.0,0.2209914667095852,0.3056366754072612,0.1926051818178945,0.1395667427527481,0.0
252,0.0,0.13655859373175652,0.0,0.13926677782866437,0.38059966573315385,0.23339429727585329,0.11018066542957206,0.0
253,8.369401904291707e-17,0.14625313444361832,4.3353961073685224e-17,0.1670277106030193,0.33076310916937485,0.20488386020938099,0.15107218557360638,8.78931968141986e-17
254,1.2666042329961183e-17,0.12188050270629619,0.0,0.1061780492585015,0.34671411354067316,0.26913002774101946,0.15609730675250952,0.0
255,0.06537604452835212,0.13347118521997184,5.11788424037969e-17,0.13701236133592962,0.37295719013778,0.15785440440288276,0.13332881437408345,0.0
256,0.06310578847881528,0.1339632174368481,9.298780634507613e-18,0.0949218659081973,0.3745216834009609,0.156881438409944,0.1766060063642343,0.0
257,0.0,0.128011292165351,1.5080770333587443e-16,0.09375233307805651,0.3887316027533266,0.24729902980162818,0.14220574220063742,1.267112893753982e-16
258,0.05978450125694514,0.14011912358329393,1.5822218112669887e-17,0.12563226861305754,0.3753498117861898,0.17194258795224768,0.12717170680726597,0.0
259,0.05614350138306921,0.14721500878264082,0.0,0.130929680448218,0.3629970546339329,0.1743176751755401,0.1283970795755988,0.0
260,0.05540625745380259,0.15559261546198455,2.5477857668376447e-17,0.14452101022134156,0.3469499255851932,0.17511422186410663,0.12241596941257125,0.0
261,0.0,0.14952725361366295,0.0,1.325096322034512e-15,0.6079115551019094,0.21777653700818966,0.024784654275236635,0.0
262,0.0,0.15003155101333263,8.650589178880011e-16,0.061293928320466894,0.5354400648066843,0.23028526020069295,0.022949195657822222,0.0
263,1.3062248793738516e-18,0.1328079250513752,0.0,0.1054210860104732,0.4660076028160584,0.2598097259570854,0.035953660164007646,0.0
264,1.233603804828e-16,0.1180561746874148,1.1871532281935862e-15,0.0,0.5967986993743384,0.25570302342711526,0.029442102510128933,1.2990079878161058e-15
265,2.423630011255085e-16,0.11878487907350456,3.9524378472381725e-18,0.06534442763596553,0.48920580548978304,0.2779613192864081,0.04870356851333779,6.717684032054532e-16
266,3.4948644849286293e-16,0.0540765784537073,3.629458850089992e-16,3.0747268114832994e-16,0.5863756587040246,0.3552912552646851,0.004256507576581057,8.6615454898716e-16
267,1.8674466791285203e-15,0.0,0.0,0.0,0.6115150619445167,0.3884849380544808,2.4811177324135932e-17,5.447698869578192e-16
268,0.0,0.0387073434972148,2.0769220166038147e-16,0.06699286366017115,0.5031010294504669,0.3911987633911468,0.0,1.4710332773259185e-17
269,5.335911158375857e-16,0.03576957772746095,6.93690302345103e-17,0.5769335100534448,3.795562399174049e-16,0.3708395927880621,0.01645731943003049,4.2546753716132465e-16
270,1.1946996193141436e-16,1.429087568957781e-16,1.9827770129750346e-16,0.4169983268447453,0.14410175773948022,0.4388999154147737,9.500054209001533e-17,0.0
271,3.9666963658478366e-16,9.926578683500527e-16,0.0,0.0,0.5723382050740583,0.42766179492493955,2.7022202456182983e-16,3.277871658306793e-16
272,0.0,0.0,0.0,0.20537545308525296,0.3515017386362234,0.44312280827752293,0.0,6.938229137387321e-16
273,7.939476900152391e-16,9.780029207598915e-18,6.824222488244614e-16,0.015653756344618103,0.539916836413976,0.4378201530172041,0.006609254223198127,2.0298971601718287e-15
274,9.111465795464053e-17,2.2779836014762094e-16,2.1750776824684708e-17,0.05350046008061589,0.5116607474722147,0.4263737376119638,0.008465054834205307,0.0
275,1.7520172819673367e-17,8.319588993223796e-16,0.0,0.6463460244639755,0.0,0.35365397553502337,2.668795198823898e-16,0.0
276,5.945722557110591e-16,9.589070416754119e-17,0.0,0.0,0.6445219099350519,0.34094112681169575,0.014536963252251456,0.0
277,0.0,3.2378983604841987e-16,2.792749850343438e-16,0.0,0.6485188804187105,0.33565316907835424,0.015827950501934286,3.2931245602059395e-16
278,4.711453806760606e-16,0.0,1.7660271710657328e-16,0.6629323883474941,5.270621671936911e-16,0.3370676116515037,0.0,1.0136186682723596e-15
279,0.0,8.192355110313615e-16,0.0,0.6721881556901862,0.0,0.3278118443088126,3.9993286144403686e-16,0.0
280,0.0,5.600001994650521e-16,0.0,0.0,0.6897327145481718,0.31026728545082716,1.2984489498976309e-16,0.0
281,2.7075004716088374e-16,0.0,2.984908882602511e-16,0.0,0.6913524967716284,0.30864750322737006,0.0,8.12823330477179e-16
282,0.0,2.2755293457430403e-18,1.7709549246208782e-16,0.6698072211787596,1.0211279860913796e-16,0.33019277882024,3.8011302372218745e-17,0.0
283,0.0,3.9480055302640913e-16,1.8561053341117904e-16,0.6748210476336678,0.0,0.3251789523653314,0.0,0.0
284,0.0,1.9878943015968233e-16,0.0,0.6834467898631482,2.719908882739136e-16,0.3165532101358511,0.0,0.0
285,9.143946942087837e-17,8.834745074147283e-17,0.0,4.9630115717918905e-17,0.7486274619436513,0.25137253805534826,7.789085839164184e-17,6.37901086730739e-17
286,1.7632491336438537e-16,0.0,1.244279421585197e-16,0.7514198927642519,0.0,0.24858010723474736,1.0442009209446018e-16,2.494146583897278e-16
287,1.7738048905654866e-17,9.407909407609017e-17,7.743173444763857e-17,7.915668528477385e-17,0.7823141305100553,0.2176858694889444,0.0,0.0
288,1.2219566851140956e-15,0.0,0.0,0.8045448949671122,1.6785957143571463e-16,0.19545510503188623,0.0,1.217793374280672e-17
289,8.62153809744838e-16,0.0,0.0,0.8360290341831393,0.0,0.16397096581585924,0.0,5.226035784712282e-16
290,1.0553106189669764e-16,0.0,0.0,3.7074043570289415e-16,0.8146095804871878,0.18539041951181082,0.0,7.315739873414937e-16
291,7.420122534817812e-16,0.0,7.269428262169747e-16,0.8775832936312504,0.0,0.12241670636774706,0.0,9.188333987607373e-16
292,0.0,3.4385508113036503e-17,8.416589407213376e-17,0.869175587606063,0.0,0.13082441239293635,4.935965441836933e-16,0.0
293,0.0,8.04383291681998e-16,0.0,0.8637893008024727,5.209520281710789e-17,0.13621069919652581,0.0,4.668037112427118e-16
294,3.2684667511195823e-16,0.0,0.0,0.0,0.8793219867791999,0.12067801321979879,8.084611965671134e-16,6.497526697762457e-17
295,0.0,9.283816523636224e-18,1.7610979980834304e-16,0.8897159543093109,1.3577056530206096e-16,0.11028404568968857,0.0,0.0
296,1.351515257653918e-15,1.522834093131175e-15,5.040339652025802e-16,7.487666468983424e-16,0.9516228634274093,0.0483771365715843,5.491042370471876e-16,1.522834093131175e-15
297,0.0,8.197845498048649e-16,3.634439548229436e-16,0.8922800456140746,3.9548617768524475e-16,0.10771995438492349,2.5663498780044126e-16,0.0
298,0.0,1.0771911481569032e-17,2.595786373409352e-16,0.8781093944131041,0.0,0.12189060558589473,0.0,7.728845918553405e-16
299,0.019028926939499174,0.0,0.0,0.06661919679175729,0.838077940796906,0.05463421016594644,0.0,0.021639725304890937
