oos_period,model_1,model_2,model_3,model_4,model_5,model_6,model_7,model_8
150,0.05194138266195773,0.05913631948852231,0.16339184254380743,0.09400384804261722,0.061355501527419,0.08354549040570905,0.1742361311266025,0.3123894842033648
151,0.06200426621623264,0.08197506731855586,0.4070989817112972,0.07469535359387719,0.07138461638728417,0.10521689533300803,0.08844826898155325,0.10917655045819169
152,0.06460361981799086,0.07940631593906973,0.4315634806403303,0.07468318694874727,0.07476111319292149,0.07153324856101191,0.07616507450398509,0.12728396039594334
153,0.06514237858638958,0.07210099508962309,0.4366341514013189,0.0734223102118818,0.07158800338053461,0.07161789472580639,0.07334366609185289,0.1361506005125928
154,0.01875000000000001,0.02072545303488145,0.2840671311180623,0.06766689717043584,0.262639822291239,0.020677828183400818,0.09313472156449595,0.23233814663748456
155,0.01875,0.03589960079536577,0.3155788552949766,0.021045794610574372,0.020448197109857843,0.020751149852198628,0.267217579587447,0.3003088227495796
156,0.06380454818948325,0.1324692891889573,0.4240428064892977,0.07776856367165791,0.06923934089831056,0.07378781260619746,0.0876863274726118,0.0712013114834839
157,0.06748486887001096,0.08162683026185448,0.4586811187765762,0.08289330466130544,0.07321354802469626,0.08049335966723042,0.0811074313882671,0.07449953835005924
158,0.0682102700413913,0.08162056696555127,0.46550842391897695,0.08248625718901105,0.07436303975231773,0.07493852619316549,0.07639138064115779,0.07648153529842838
159,0.06733320877933711,0.07449560637373179,0.45725372968787853,0.10222813409842621,0.07331977936902512,0.07409204661530265,0.07543733480899645,0.07584016026730228
160,0.06669885944763453,0.08189647724656256,0.45128338303656024,0.10409818657508098,0.07266679774421721,0.0732988535153192,0.07470116446022333,0.07535627797440196
161,0.065324977310631,0.08981729742582444,0.4383527276294709,0.10923169954915761,0.07128548032599086,0.07257894988869538,0.07805275179872259,0.07535611607150723
162,0.06458141630174996,0.08725206081539555,0.4313545063694517,0.11155389542386028,0.07016246286616296,0.08331231387846215,0.07307419166940783,0.0787091526755096
163,0.06293399733809231,0.08514286308580479,0.41584938671145705,0.12338832588498143,0.06873431266390101,0.10117810541031358,0.07178751072906579,0.07098549817638397
164,0.06125767853991294,0.07623657043981703,0.40007226861094525,0.11810862385409002,0.06615586284924886,0.13970049724203348,0.06929896998920781,0.06916952847474463
165,0.05530739783458033,0.07680657297584599,0.27098331878159543,0.34406962667840363,0.05969750974759904,0.061805761404418354,0.06265891136939813,0.06867090120815911
166,0.06453617108683049,0.08690953822585502,0.43092866905252664,0.12201049595484101,0.06944676585416637,0.07865774109000433,0.07315333581764691,0.07435728291812917
167,0.0649111620806113,0.08135333945489359,0.4344579960528124,0.11613609250976396,0.0701942092970878,0.08228716521802387,0.07671911515638206,0.07394092023042498
168,0.06519338642614385,0.08640234680688742,0.4371142251872632,0.11940425085774987,0.07079842206234553,0.07376100717111544,0.07506768886238534,0.07225867262610933
169,0.06038026905043494,0.08486130481873813,0.3918142969452714,0.12456817057811606,0.06590527651002084,0.13584619590848776,0.06889687322752491,0.06772761296140602
170,0.018750000000000006,0.28652900228905787,0.3074014435434934,0.28274521828297927,0.020292728758053186,0.04203486722273498,0.021165697003619317,0.02108104290006197
171,0.05047620875786339,0.2113532540558926,0.17877770050467892,0.29859961183871425,0.053875795154382344,0.08891298463985263,0.05776629130658131,0.06023815374203456
172,0.054886270096593845,0.07321713068540109,0.2563182181098568,0.3401060714973584,0.06026817443317858,0.09143625692555156,0.06117296183930746,0.06259491641275229
173,0.06150305240486082,0.09040987497742901,0.4023816696928077,0.13226891971893545,0.06706439357150364,0.10600632027633651,0.06930170109068323,0.07106406826744369
174,0.060205360501261476,0.07876968110982203,0.3901680988354021,0.12445960911984555,0.06570235942057252,0.1427376898776205,0.06777733672903065,0.07017986440644515
175,0.01875000000000001,0.021183874264874877,0.3097712732262315,0.29008451068267005,0.020452252672744663,0.2936419421889699,0.021162156921720163,0.02495399004278891
176,0.06212647026498573,0.08019078083007,0.4082491319058067,0.08620714487654628,0.06803802950442334,0.14911531267965478,0.06941992470915356,0.07665320522935963
177,0.06104586712948196,0.07855821523176915,0.39807874945394794,0.10435883285144236,0.0670585098770063,0.14625781511181632,0.06804785599912493,0.07659415434541099
178,0.06135552572196,0.10181744518361498,0.4009931832655095,0.1321863532618628,0.06748803514146441,0.0848957352672785,0.07005124557529349,0.08121247658301642
179,0.059701196466479145,0.11109854638615076,0.38542302556693386,0.1393840973412535,0.06581104731432597,0.08300014766823825,0.07389291402502675,0.08168902523159179
180,0.05627153282780855,0.09343880799307065,0.35314383837937463,0.18924610716657375,0.06177158574270535,0.07934637841791961,0.0659258019038885,0.10085594756865894
181,0.060878038040431,0.1187096241745077,0.396499181557005,0.10564074556497506,0.06686585531518024,0.07495976491114059,0.07116961468906578,0.10527717574769468
182,0.05704737078540873,0.10690194106731286,0.3604458426861998,0.1767398947476725,0.062660240784994,0.06893196564196985,0.0675883709759189,0.09968437331052334
183,0.05832021420956897,0.14559601698743585,0.3724255455018255,0.09758062500962375,0.064310563029819,0.06736219938397192,0.07227023382495228,0.12213460205280273
184,0.05712405700135552,0.09095144000112917,0.3611675953846365,0.18591067324802396,0.06264899213433797,0.07304664610778763,0.07060657989945847,0.09854401622327069
185,0.05917468021596555,0.11187564500048063,0.3804675785037752,0.14387080620842863,0.06542073019862961,0.06903130625020566,0.06758565632834627,0.10257359729416847
186,0.06017271079690336,0.1263008928499248,0.38986080750026686,0.08530555650820325,0.06634997671780267,0.07169520736435545,0.07068330232464073,0.12963154593790285
187,0.059867351637481254,0.13185768261323155,0.38698683894099994,0.08292174275678253,0.06652368413994107,0.06894670946652771,0.0751112148009687,0.12778477564406723
188,0.059707563871652394,0.13491582820182227,0.3854829540861402,0.08427601445662616,0.06752388553435738,0.06557374228143303,0.08011736616197304,0.12240264540599555
189,0.059582664060087207,0.13499630481216818,0.3843074264478795,0.0767391071449402,0.06538492464932011,0.06714948143037629,0.08243202948854937,0.12940806196667903
190,0.05339841565253907,0.1377974842313668,0.3261027355533089,0.06768055979759235,0.05852299683746914,0.06044624907448736,0.07487582698322927,0.2211757318700071
191,0.056884519231063746,0.35891312217471755,0.09511396001273625,0.08863857042593683,0.06489392906474778,0.06313853843083526,0.08862835554900313,0.1837890051109595
192,0.05382217026587671,0.330091014267075,0.11938100009749429,0.06323887737639312,0.05941997809050126,0.0765213110071808,0.0831488937938205,0.2143767551016583
193,0.054292155072053885,0.3345144006781542,0.1097541324126784,0.07400610842822196,0.06225465379736522,0.059970651108247015,0.07914074837268181,0.22606715013059756
194,0.057175089936006764,0.1272440796534087,0.16532891356333648,0.06777840227145454,0.06499434707974415,0.06865867349781364,0.08717258750752956,0.3616479064907061
195,0.05921347069517063,0.12432643120076114,0.13868847366185197,0.06760989030175436,0.06691559801374328,0.06663742594510304,0.09577604466646916,0.38083266551514655
196,0.058622944483398415,0.12979424264612602,0.13572590102243312,0.07460260502949873,0.07036389244372819,0.06453049501071996,0.09108514775564006,0.37527477160845557
197,0.018750000000000003,0.060342869641273146,0.07879465978280474,0.02321835571065959,0.020669228749357133,0.2763795885446456,0.26074558034558964,0.26109971722567016
198,0.05931776086407273,0.11070401740114014,0.13670823483794972,0.07696893687324217,0.0728004676016208,0.06411687238339994,0.09756949014141944,0.3818142198971551
199,0.059587208443295285,0.10926589415997898,0.1381206390732461,0.07338136076689944,0.07029914980214567,0.06438746270502424,0.1006080879360431,0.3843501971133673
200,0.060788089880986475,0.10812631668898044,0.11868680111705812,0.07728606823536158,0.07219084911402286,0.0655505268785593,0.10171873744045266,0.39565261064457863
201,0.01875000000000001,0.280402609375244,0.15855011236750766,0.023584038772354064,0.0217115958679551,0.0201918052779917,0.18456868398910095,0.29224115434984654
202,0.053810414778955484,0.08050824137061541,0.14746443866884992,0.10793575814728323,0.10925325749355298,0.05804939469012482,0.11299811294544909,0.32998038190516893
203,0.05805324094974507,0.08918266314341743,0.15661632967842523,0.06680038486900321,0.07120015946492116,0.06264375568499161,0.12559061021189558,0.3699128559976007
204,0.05938271704354767,0.09753012459458128,0.13306347813744981,0.06891943307828617,0.06661812691315669,0.06321618370743108,0.12884436435098107,0.38242557217456624
205,0.05903045281835525,0.09537107385585288,0.1319396119333273,0.06969532557127983,0.07303309702802466,0.0627394273265909,0.1290808672938139,0.37911014417275524
206,0.05897553733903088,0.0971497293341122,0.1319167176373203,0.0695433136387444,0.06725517364677158,0.06387253952000578,0.13269369628137134,0.3785932926026437
207,0.059160726310642,0.08330657053472423,0.13297635352807724,0.07414129393535993,0.0752635286816467,0.06380324016827686,0.13101203921170135,0.38033624762957174
208,0.05908981897097842,0.09572436836528211,0.12955390956380114,0.06798676064283704,0.07087662293230153,0.06193471952458809,0.13516491556747362,0.3796688844327381
209,0.05909175577918185,0.09923703327442811,0.12884853231835053,0.06783694017836153,0.06663594522424122,0.06331181736461002,0.1353508626449976,0.37968711321582915
210,0.05871275943885107,0.09801576501715983,0.13148430709519535,0.06802320343111676,0.06840959406842365,0.06334257579290622,0.1358917063201018,0.37612008883624526
211,0.059236180424643535,0.087582122306714,0.1291312930889026,0.07348101289491565,0.06887714899606645,0.06329815471252348,0.13734768357958937,0.38104640399664497
212,0.05827815407337868,0.09534788758574006,0.13432335811677915,0.06577497740190151,0.07544939537160274,0.06249634406050422,0.13630019697018156,0.372029686419912
213,0.05766330534648862,0.08160712692564967,0.11503393619525278,0.06873265704250414,0.07011706856083981,0.061895311977833954,0.17870772010212632,0.36624287384930465
214,0.05768750520782567,0.0949128534113754,0.10087138624078239,0.06571578760970188,0.07321746393756759,0.061478027701102916,0.17964633864152016,0.366470637250124
215,0.05612300619362039,0.08792994403199139,0.1211928536280045,0.06912809050881266,0.06539485699075986,0.060131697768861556,0.18835361023211067,0.351745940645839
216,0.05732147462262832,0.09686264057873738,0.07817676889968775,0.06728610139612769,0.07065318737787539,0.06112256299072047,0.20555162062713295,0.3630256435070901
217,0.05700035120163812,0.07144756584412193,0.10478524576990782,0.07515279550190503,0.06756964714724899,0.06155219435500772,0.3600033055889,0.2024888945912704
218,0.0580304696086453,0.0948625663544644,0.07586351918330636,0.07228869367586013,0.07085452521989634,0.06175079952408322,0.3696985374931322,0.19665088894061197
219,0.058804392430313365,0.07241527820262393,0.09120117171670288,0.08793162892866431,0.06554792568657693,0.06190434857567748,0.18521273746825642,0.3769825169911846
220,0.05850765709061347,0.08488776680093167,0.07416382060410454,0.07237681835049516,0.07107217835794101,0.06225485660792359,0.3741897138899309,0.2025471882980598
221,0.05839682937977153,0.08036119504546813,0.06959717329385896,0.07363244639967068,0.07598792350464628,0.06342463168012545,0.20545317105147048,0.3731466296449884
222,0.05905904053139656,0.07318200046165539,0.0745452538054616,0.08340900689083762,0.06857888877752852,0.06370429311246856,0.1981423114192723,0.3793792050013794
223,0.05886584325010456,0.07804286835900225,0.07488446857991972,0.07957156215307483,0.06812352371315361,0.06348970323486106,0.3775608776480429,0.1994611530618411
224,0.05886936245520654,0.06785907741075795,0.08191598512151628,0.0853852951441786,0.06844001030568385,0.06396971486054291,0.3775939995784145,0.1959665551236994
225,0.05806843636716891,0.06760055282498663,0.08228214315810851,0.0928334563180345,0.06887559844041141,0.05939616889832808,0.37005587169100146,0.20088777230196037
226,0.05960835994992925,0.07234753391987556,0.06556638703547883,0.08693963938141357,0.07228617388718576,0.06383645285620208,0.3845492701169812,0.1948661828529338
227,0.05895842256889533,0.07427354970387232,0.06279354967506454,0.0911451427586153,0.07264037814680913,0.06618052242309888,0.3784322124131325,0.195576222310512
228,0.05804789804601521,0.06741406627241402,0.05987726557925133,0.09951603078461356,0.08376823822146115,0.06757526111165109,0.3698625698448491,0.19393867013974436
229,0.05858001476368638,0.06336343297191493,0.05794026118303988,0.09696937221948682,0.08719723670392876,0.07049518092267507,0.368849517016846,0.19660498421842218
230,0.06227949225718087,0.07028201416324334,0.05885904100049412,0.09597154070726317,0.08677665831049353,0.07146706548499328,0.17686733160109294,0.3774968564752388
231,0.05864354042888392,0.06631155121806974,0.06103357445897029,0.09944039599296468,0.08775544891263416,0.06986698608333215,0.18147988710388469,0.3754686158012604
232,0.058729149666015064,0.06955949718394616,0.060291182902531486,0.09157676487553945,0.08443597372221043,0.06866503384376058,0.19046804800820802,0.3762743497977888
233,0.061156086534162615,0.06950638509459352,0.057947764130378124,0.10263162417783851,0.08672263668651999,0.07140949978255137,0.18170587060216184,0.3689201329917941
234,0.058389221716279804,0.07394075414985535,0.05886399236137175,0.10636453202518009,0.08403157860690673,0.06884264200952782,0.17649225121295098,0.37307502791792757
235,0.058367262289649724,0.08250986128219166,0.05865554459564463,0.08591783681396346,0.09201967187649138,0.06774596454575468,0.1819155076348952,0.3728683509614092
236,0.05809078541083132,0.08127350114300066,0.05939761631790596,0.07561834955525144,0.09806148713602034,0.06757996746082305,0.18971207734481368,0.3702662156313536
237,0.0585253408586324,0.0769903784689557,0.05963936766284526,0.07761934668184393,0.10676153892951577,0.06899647055432383,0.17711140758616634,0.37435614925771665
238,0.05858820598541164,0.08332182137621096,0.05811530130557688,0.07555903725854683,0.11247414385161944,0.06850242835698687,0.1729421084013944,0.37049695346425293
239,0.05752355454219907,0.07480416394461459,0.057622179789772375,0.08596095723404445,0.12440009724451853,0.06726494682285948,0.36492757216187355,0.16749652826011802
240,0.0576068141775792,0.0797726273671749,0.058223563316514404,0.07521220008147202,0.10840802830878778,0.06971123726764585,0.365711192259569,0.1853543372212569
241,0.05591545004650454,0.07477038231604691,0.05554786540558532,0.10277764697675978,0.1158439324667681,0.06631575889537598,0.346332850876097,0.18249611301686242
242,0.054328204213071475,0.0709863326630121,0.05453118753946308,0.1451733394289081,0.18388648958771459,0.06467392293273143,0.3348536867112609,0.09156683692383831
243,0.05742320520688977,0.07256005860964554,0.05870762884449203,0.0875059059563749,0.1676493786459337,0.07120539393083883,0.36398310782955073,0.12096532097627453
244,0.05811338839180049,0.09003808773975154,0.059352750334778895,0.0880920076256775,0.18193341347371053,0.07321775412075683,0.370478949614387,0.07877364869913725
245,0.05730795027236605,0.07366864678838216,0.05776591419762643,0.1665117280847746,0.12495218427628302,0.07941454186095863,0.36289835550462163,0.07748067901498756
246,0.057010166423788845,0.07314112767243786,0.061836715121041996,0.10556738738700898,0.17499294297142062,0.07584953588859017,0.3600956839886009,0.09150644054711068
247,0.05650898489648899,0.08770974947293252,0.056648401339340154,0.3553786813787199,0.13001013874128994,0.08250839775547428,0.1581802270812338,0.0730554193345205
248,0.01880145096533734,0.024759057355625506,0.018750000000000006,0.29620534126409265,0.2936106369559152,0.025715082093578742,0.29814358477309494,0.024014846592355678
249,0.05695181039013555,0.07601029689618724,0.05667725441279837,0.1253813162401443,0.3569623944733964,0.08725937056059505,0.16781720610377443,0.07294035092296879
250,0.05650147710728613,0.07863638789201019,0.05624775420841309,0.10926465301803032,0.3529200396085938,0.0949957460137867,0.1796025615038387,0.07183138064804118
251,0.055438576213105134,0.07902786307525395,0.05457624834353399,0.19630788337871805,0.33718821970384927,0.07099822383059551,0.13718178862291766,0.06928119683202635
252,0.055435560523976225,0.07950247078729361,0.05506917435956681,0.19013763320448138,0.3418275233841583,0.07795285280400413,0.12931348776415025,0.07076129717236915
253,0.05584199994743316,0.08686231845023609,0.05542842333617834,0.174631275521414,0.34520869022285494,0.08047314905326464,0.13123033861131553,0.07032380485730343
254,0.05569427332084058,0.0819092220123263,0.05555630767546883,0.17641712550911218,0.3464123109354095,0.1027882039097419,0.11053841619656204,0.07068414044053872
255,0.05743759452817019,0.07688248995568588,0.05652446425403298,0.16552933242493023,0.3555243694497221,0.09251578108964142,0.12485059227440272,0.07073537602341444
256,0.05748260026457407,0.07537451103651999,0.05629124959094543,0.13350190573859294,0.3533294079147805,0.09105132645789586,0.16308679873085147,0.06988220026583963
257,0.05640992045557888,0.07736294355605698,0.05623936299251313,0.1676677701636452,0.3528410634589471,0.09585181804979802,0.12485932928870937,0.06876779203475127
258,0.057377991628646804,0.07791734206769388,0.057293970002744075,0.16455797049178106,0.36276677649641476,0.10293313876740483,0.1057579131363897,0.07139489740892488
259,0.05759698710924357,0.07935287772060615,0.05681734054609411,0.17118859599981928,0.35828085219853284,0.09077338141465212,0.11771674134487783,0.0682732236661741
260,0.057402842787924874,0.0803647887444544,0.056925472604623883,0.18240445344612824,0.3592985656905777,0.08607929249430527,0.10953509370325432,0.06798949052873127
261,0.05804468676211151,0.08263179139424368,0.05860793546742152,0.16087858444214223,0.3698323459963436,0.09550105766977823,0.10390519842303217,0.07059839984492704
262,0.05835348330466365,0.08180378961505826,0.05767889460070043,0.1732695158824606,0.3663895962418864,0.09634927606014042,0.09738675507728889,0.06876868921780128
263,0.057818423744790466,0.07787900549366371,0.05644148249820175,0.19464485956342933,0.3547433646889576,0.10761117812620159,0.08249850175834217,0.06836318412641336
264,0.05767787359951905,0.0789748899130697,0.057507805360363116,0.17639626926199836,0.36477934456812344,0.10753666075960461,0.08855463566318916,0.06857252087413257
265,0.05696477666252052,0.07875127125171928,0.05715366242833907,0.18172721883481727,0.35966848623548725,0.10884189016978049,0.08949280054386807,0.06739989387346801
266,0.056371707868400636,0.07793212285526324,0.05670347847903883,0.1876180942420965,0.35408666229082947,0.1142394899854206,0.0855602312284358,0.06748821305051489
267,0.057495912507935724,0.07550528889518669,0.05669504644962873,0.18473452881289895,0.3571298489376822,0.11544777606792471,0.08664251391626242,0.06634908441248061
268,0.05663012200542373,0.07693992760091321,0.057120439062045406,0.17997937548462734,0.35651879534516445,0.1176017717111651,0.08811690149297563,0.06709266729768507
269,0.05624410581001243,0.07768987019665204,0.057021617426273395,0.3528857017412934,0.18796683193601194,0.11919579174410896,0.08188287813616342,0.06711320300948445
270,0.055924447325720314,0.07310099268865893,0.05594320597149361,0.3498771513008971,0.19247049771790034,0.11940568144515203,0.08796669871143024,0.06531132483874759
271,0.056116926131438476,0.07733688667714425,0.057583307339299346,0.18218176695351973,0.35168871653118555,0.11919435827418699,0.08873991674393446,0.06715812134929129
272,0.055651643932487775,0.0753520637261088,0.056336021760543774,0.19100561673423513,0.3473095899528261,0.12201948781832653,0.08584691143720717,0.06647866463826481
273,0.05537898400025691,0.07483029434741906,0.056003082018723976,0.19574295598478678,0.3447433788259474,0.12762246204811037,0.07915007182679853,0.06652877094795698
274,0.054684045196310774,0.07461899342423928,0.05520932678025903,0.2022860505851442,0.338202778318219,0.1283468326907344,0.08308428804557595,0.06356768495951735
275,0.058058182279252996,0.07585529270267803,0.05835452109815815,0.36995936262826346,0.14083941830979194,0.13795503584706614,0.09066080388695148,0.06831738324783786
276,0.05340846986369047,0.07268059038979785,0.05450444819636302,0.22407649236666302,0.32619736342296923,0.12166377843876558,0.08487536916190669,0.06259348815984409
277,0.05307545457268561,0.07004636626707024,0.05404136827986364,0.22357184521362716,0.3230631018605704,0.12837760151179958,0.08452593559294509,0.06329832670143828
278,0.057832482830772816,0.07583796287550774,0.05946065199616504,0.36783513252492067,0.13844794538934665,0.139251066873425,0.09287284691561627,0.06846191059424574
279,0.05788236278338272,0.07852250461570912,0.05956745815547868,0.36830459090242557,0.14085862022559648,0.1333515314006729,0.09359013080177485,0.06792280111495971
280,0.052540750113696286,0.07263744209955404,0.054080887094078295,0.2271986840795993,0.31803058930537675,0.12762725659522797,0.08633323044916658,0.06155116026330078
281,0.05431167281671663,0.07392810033211923,0.05595808818838499,0.22273994284932028,0.33469809709850945,0.10455734877317249,0.09025157281846953,0.06355517712330745
282,0.05776570825539159,0.07802157773409844,0.059691825766837736,0.36720666593309736,0.14114959322981632,0.12914817101656514,0.09906187573100247,0.06795458233319088
283,0.058097826536409755,0.07549194657411729,0.060144785051346454,0.37033248504856237,0.14265987095497082,0.1274172898189549,0.09757724939317088,0.06827854662246757
284,0.05778590128435803,0.07861445041741298,0.059830277085050614,0.36739671797042844,0.13454778546658025,0.1338674864281346,0.10051046513199907,0.0674469162160361
285,0.05334030179386757,0.06811639295688833,0.05516987015825441,0.22591171330613344,0.32555578158934173,0.11927544724957463,0.09012269743291217,0.06250779551302778
286,0.058371285757382915,0.07510196953472166,0.060430363754765404,0.3729062188930157,0.14471812441732282,0.12134570283868654,0.09837717253257233,0.06874916227153259
287,0.05598662059285979,0.07141240334793442,0.058075501288078035,0.18883154122723164,0.35046231146220985,0.1148816068699622,0.09485598171820425,0.06549403349351984
288,0.05607281120833547,0.0729168698489359,0.05806838386120722,0.35127351725492195,0.17665479685718885,0.1213063430446592,0.09854972299416496,0.06515755493058646
289,0.05632213177174344,0.0728753206343476,0.05828070928031505,0.3536200637340559,0.180144716116774,0.11844693700496964,0.09494868274305542,0.06536143871473889
290,0.05369410981655089,0.07032309344541891,0.055743405311103965,0.23244651068695377,0.32888573944989064,0.10600432455929683,0.09075750153367322,0.062145315197111806
291,0.056951597934550596,0.0757364565728008,0.05929746560623437,0.35954445114871153,0.17201496915951264,0.11501555650347096,0.09798491794053756,0.06345458513418147
292,0.05717970991822674,0.07529462910542783,0.059733413161676165,0.36169138746566337,0.17178061380538717,0.11230568599039725,0.0980312859702061,0.06398327458301545
293,0.058659127914808935,0.07754070674285823,0.060717723506681906,0.375615321551143,0.15682733365780419,0.10470786736369658,0.1005084792383527,0.06542344002465456
294,0.05431132421980882,0.07246512392859593,0.0570492662434143,0.23070082271449463,0.33469481618643593,0.09744806123371272,0.09271709351670723,0.06061349195683044
295,0.05649069769010714,0.0748933930613835,0.0592732151539476,0.3552065664951259,0.18050794994843025,0.11400567904658557,0.09532873084341943,0.06429376776100063
296,0.05479507479126108,0.0730817220501457,0.05750127648669952,0.20357830380458478,0.3392477627412807,0.1182142989193177,0.09203347996452525,0.06154808124218522
297,0.056283654124994024,0.07593090575555399,0.05914578584462358,0.35325792117641425,0.17991800987509332,0.11866588000174902,0.09501753535237908,0.061780307869192766
298,0.056327928325858555,0.07591907218081362,0.05979196224705641,0.3536746195374922,0.17778181111684058,0.1187008259378586,0.09460712660478522,0.06319665404929486
299,0.05355489947749841,0.0732687020239418,0.0561231438953614,0.22972472116980128,0.3275755244941026,0.10952637328948597,0.09154233701618564,0.05868429863362287
