oos_period,model_1,model_2,model_3,model_4,model_5,model_6,model_7,model_8
150,0.10276559162750852,0.1856471775023953,0.17315154683057488,0.03885949307773162,0.1480805566981723,0.08747132726100472,0.02248841742694423,0.24153588957466843
151,0.10931819493942578,0.1912490719348903,0.1663992216949005,0.04204535268310393,0.1432938962185862,0.088694213298959,0.020413937076502818,0.2385861121526314
152,0.07341345215905874,0.1858952429628807,0.17055188543009475,0.03690078001777608,0.14823617944459339,0.11173055276657047,0.033832877725800334,0.23943902949222548
153,0.0780084122703115,0.16900582386683774,0.17325624132155387,0.03938787402173847,0.149817015160844,0.12049615265725658,0.031921503357820354,0.23810697734263747
154,0.07839477296682788,0.1605324553235331,0.1425954087451234,0.044741823702502334,0.16354326623805715,0.13044425951549016,0.03623412507180156,0.24351388843566435
155,0.06684425146979925,0.18378523969851718,0.12143350866931776,0.06865944493705411,0.15685887883008615,0.13718174101989772,0.036500117286190736,0.2287368180881371
156,0.04808062265882212,0.2111343588541812,0.13841014453375317,0.07356961483485205,0.16917667048711044,0.12923912367172166,0.013217749389841243,0.21717171556871803
157,0.06347738798289373,0.2312952488116928,0.12835547776059436,0.08001807627607195,0.16959261566643857,0.11848446464027756,0.0068763015973254665,0.2019004272637055
158,0.05324638317147712,0.22378497564927544,0.14200337136936325,0.08355514283771655,0.17545820001460966,0.11945974853407401,0.0014160675215407043,0.2010761109009432
159,0.06093907682419765,0.23364955987708536,0.10629401172580011,0.0664821183280451,0.17457004058840633,0.11567372959699082,0.012304733215798695,0.2300867298426759
160,0.057498358177679176,0.22673688947951612,0.11953796087008613,0.0600615917100128,0.16494798019283408,0.10853156986833078,0.02956932136835973,0.23311632833218116
161,0.053761138585857474,0.21325812278914993,0.12027600873767041,0.057983483867780176,0.16605492289815377,0.12223234999401886,0.04026005744089327,0.2261739156854761
162,0.04701671648474791,0.20945285134444228,0.1253181159923188,0.05467157371288932,0.15240626171949,0.12266775790254164,0.050112579583604454,0.23835414325896545
163,0.052125022409803774,0.20027311777400486,0.14900668511666532,0.03506951949592108,0.15235325481032036,0.1389363165404664,0.060154045547413,0.21208203830440514
164,0.048643537103237156,0.16888104311931168,0.13542916873774338,0.01714841136869378,0.19440421702376465,0.15328429201089003,0.07038367581955148,0.2118256548158078
165,0.028932683295612983,0.15064909135291576,0.17553978872093912,0.031121748602520913,0.22474721243466048,0.16296390805546646,0.06448089039485085,0.16156467714203332
166,0.02977534364632041,0.16316646800641013,0.16998302289914882,0.030690786428649194,0.21900116075706444,0.14996012012778048,0.09373538281724152,0.1436877153163851
167,0.023515930375491642,0.16075153152997695,0.16471951018831957,0.030947250801557746,0.22805761113286632,0.14736945978688015,0.09157447531821336,0.1530642308656941
168,0.009053548542339881,0.1741396395830905,0.16820876536160628,0.044625430673067325,0.22254938569942948,0.1428580569403291,0.09051948018145954,0.14804569301767767
169,0.0,0.1699693513409414,0.18002068017243214,0.07700488745170389,0.23065791435894423,0.16195358950949365,0.07016732173994389,0.11022625542554072
170,0.0,0.17053602858612518,0.1749635657275273,0.06607290874647734,0.23532002220886503,0.15685063156927903,0.08250793596574497,0.11374890719498112
171,0.0,0.17752112035091683,0.1844495551017384,0.0434771622420748,0.23130684247773473,0.15914868771388674,0.07574435622189946,0.1283522758907491
172,6.497780060244968e-19,0.1740668359895187,0.19877914532029858,0.046107280408486134,0.22551937753142975,0.17093524055424347,0.07592961596230735,0.10866250423271598
173,0.0,0.1825098867612335,0.19604810337920153,0.04553921044351544,0.221510558908503,0.1654721579069476,0.07474119058019493,0.11417889201940402
174,0.0017284168884306543,0.17375453626194945,0.2216514118644319,0.03859639495796313,0.20975471712145613,0.14984613983085404,0.07381094790634468,0.13085743516756998
175,0.0057622506642275645,0.20444907036330157,0.1833181043788772,0.0,0.23831729106545127,0.12785735409415838,0.08490262569907665,0.15539330373390717
176,0.006216891515938914,0.23258621730225645,0.16112134291621102,0.0,0.2366554171872526,0.14199709543244218,0.08629745293369212,0.13512558271120664
177,0.05977974603881032,0.23523161268856416,0.1708099568121025,2.3933524729577158e-17,0.24612827145927244,0.13637953135858297,0.05580615348810187,0.09586472815356568
178,0.06057703334006409,0.23479704534681278,0.17303542595009994,2.5347990342151617e-17,0.24491264146711722,0.13671463369662748,0.05522034587363928,0.09474287432463897
179,0.06566360830383215,0.2525757129950479,0.17699536632030194,3.902211966569695e-17,0.24289712429881052,0.13941756471457079,0.04295330341396517,0.0794973199524716
180,0.07199275883805986,0.22503622284187988,0.16734686599196383,7.910722997313774e-19,0.22050224537612492,0.15277739884548797,0.0841244662857966,0.07822004181968686
181,0.06400990024903547,0.23058605669707402,0.17273767550379748,2.7295107329650496e-18,0.21173571513918224,0.1659903618117473,0.08711278926464136,0.06782750133352193
182,0.07011169077567665,0.2294290165191519,0.16576475712791477,0.0,0.18177836861287733,0.16875262836336466,0.11563031544052124,0.06853322315949331
183,0.06271263787472416,0.2203276671955609,0.16667101650949323,0.0,0.1899847380704856,0.16498424947709048,0.1257474276188156,0.06957226325282993
184,0.053307789444861045,0.22101496239405807,0.1417753651329753,0.0033148097382015625,0.1952318578045576,0.18644123550874486,0.12507884093756316,0.07383513903803837
185,0.05378120900118535,0.194983938944906,0.13527129585241,0.00014715778883399492,0.20028814030020725,0.18915177610405634,0.13534697458158104,0.09102950742581999
186,0.05303416647784874,0.20933618731823309,0.10565932523409925,1.1990810159556695e-19,0.21369818416016303,0.1956780894221561,0.13994011441801132,0.08265393296848826
187,0.0503630469845322,0.22081989269194635,0.10473286334412074,0.0,0.22006456967990612,0.19191073984508927,0.14175397473695764,0.07035491271644764
188,0.04607567009201908,0.22261281195583693,0.1011335997514614,0.0,0.23408417998816688,0.18356619408684643,0.13693966038549044,0.07558788373917867
189,0.05413218625728246,0.22460076122948364,0.10133473903750488,0.0,0.23512600120411428,0.17828986110234604,0.14231592018523387,0.06420053098303476
190,0.06607068595823831,0.2198797014259462,0.09943473542979503,0.0,0.22731702961795563,0.18039076880330626,0.14251888070950797,0.06438819805425057
191,0.055085596184265805,0.22057969273955663,0.10863841377163606,0.0,0.20405851554879287,0.18565624728024724,0.15455505043705553,0.07142648403744578
192,0.06149209217679216,0.22613367483471697,0.10619293788268921,0.0,0.19893631483700766,0.17923686748331571,0.15691489228699224,0.07109322049748602
193,0.05935626125690403,0.22033876418564538,0.09224014857630364,7.2272755352155875e-19,0.20433173413935135,0.18293523644216458,0.1501695302479952,0.09062832515063568
194,0.019796663114478134,0.22107560561185174,0.08454280858058164,3.879066791285994e-18,0.23966070344400522,0.20128752482100748,0.1468174949432376,0.08681919948383812
195,0.014759413592165007,0.14057109247800387,0.10655256083688207,0.0,0.2552414352174187,0.17849068245545602,0.179661176526401,0.12472363889267335
196,0.008825468524323586,0.15977878679602664,0.09140254730668751,1.2560545695703051e-17,0.2623617135511383,0.17901106505450623,0.17865862262584245,0.11996179614047518
197,0.01581961341029027,0.18012006346495693,0.11187603781719628,1.3771220475124255e-17,0.2568697974052913,0.17729070817859247,0.1668466495093796,0.0911771302132931
198,0.025467933861713424,0.14703562447220553,0.09287390730203772,0.016441335162734643,0.2475531708984835,0.16856583811887332,0.19159013088506643,0.11047205929788545
199,0.015901613946785992,0.15680381805025345,0.084320619555903,0.02887348099595002,0.24416647189194293,0.16587129993019462,0.1957077360323719,0.10835495959559811
200,0.021419273892705072,0.14001397871213525,0.08842870082135634,0.03456589074360048,0.22797999966196192,0.1769190610170225,0.20017189259406254,0.11050120255615581
201,0.02568636494717819,0.13808158769288947,0.08504112166246197,0.032605269711357646,0.22434388815979248,0.17832157674991775,0.20397150809518225,0.11194868298022016
202,0.024816438259879975,0.149190317358456,0.08458402726506596,0.06869764559830555,0.24415649114600582,0.13890147314350257,0.21784537690281652,0.07180823032496758
203,0.02549337650449386,0.16598132212712924,0.08541971078948367,0.057394953361581555,0.23611850040247342,0.13465128857881234,0.21600348983664316,0.07893735839838265
204,0.021033298167530586,0.15892361215402012,0.08852327784808978,0.053388329563415916,0.24524737868679972,0.14088194196010712,0.2154085679024987,0.07659359371653793
205,0.04443205697769321,0.13551192043668775,0.11602057000902045,0.016963972367542775,0.2235981375884162,0.15156076171348598,0.22094481197908009,0.09096776892707345
206,0.044809011635392165,0.12783577735884508,0.10326960813056611,4.609976815426919e-19,0.21497560974815483,0.14592891505697964,0.25620245911076966,0.10697861895829247
207,0.013094372589075493,0.14655745603901485,0.09417119863305493,4.0763460586572437e-19,0.2500346237537368,0.13447050693154383,0.25958296087367755,0.10208888117889652
208,0.03353547709497432,0.11528206065473742,0.10063850155306117,1.086055057056537e-18,0.2133250719922356,0.14974132042924373,0.2630601427203631,0.12441742555438463
209,0.029584230040658542,0.10931352330512895,0.09450848500069921,0.0,0.23446666082734666,0.14246497543797815,0.26334598466760784,0.12631614071958053
210,0.0337845900856924,0.1076876830934376,0.10266633865295165,0.0,0.24136512956069509,0.1488030314590118,0.24096114117374123,0.12473208597347019
211,0.043219281333255,0.09944205191131607,0.10849196457388342,0.0,0.22946847088414205,0.1467922259873381,0.24958925250243968,0.12299675280662571
212,0.05411944149160676,0.12038668580121652,0.09767032389366496,4.1751775982449807e-19,0.22354553733614824,0.13757244334952892,0.24561326616612553,0.121092301960709
213,0.052712213933734764,0.12338177281175187,0.08414837959257147,1.54104409862965e-17,0.23071372696590667,0.1337386711432591,0.23835074958752217,0.13695448596425383
214,0.07208501508133047,0.12502778758448058,0.10319007507051253,6.616386109233537e-19,0.2018867063497172,0.12823865528062586,0.2539138267725034,0.11565793385982992
215,0.06317178069755211,0.13244442714540453,0.0829175895853112,0.0005032414773656078,0.21908133410877692,0.13956424854225521,0.24957890240656264,0.11273847603577179
216,0.08426555678095267,0.1238498082091874,0.11237713409965727,0.017670995946560367,0.19649735920268482,0.13207605226128874,0.24218749038901247,0.09107560310965619
217,0.08383341082484116,0.12542971205437536,0.11265059022217438,0.020455765120488065,0.19481781714695817,0.1345481262704835,0.24070720070762164,0.08755737765205768
218,0.09542025252085154,0.10531351988611135,0.10297437987629887,0.010071885418273068,0.20384999097110462,0.12756931499046484,0.27137651672154683,0.08342413961434889
219,0.09892915974199512,0.10605318418474606,0.10241255544128415,0.007877730142428095,0.2021021824939789,0.1291794004651156,0.27049381136603745,0.08295197616341457
220,0.08778428426456118,0.09540120660187835,0.09387541077536021,6.1304009557468675e-19,0.21844729622473646,0.12682189208461567,0.28879811144349704,0.08887179860435108
221,0.13887932396449074,0.049784117905487126,0.08099299347121681,0.022525589274402954,0.22694335332844334,0.11105191668460193,0.27286455976927876,0.09695814560107827
222,0.15682116344422833,0.051862228439991144,0.07968276600952164,0.017378277305215947,0.19870940238777768,0.11521451126184991,0.2779343020287357,0.10239734912167965
223,0.164632286070993,0.05112004699309328,0.06760081283206253,0.016976947145186366,0.1998047034212908,0.11390997280014055,0.2749888548728661,0.11096637586336736
224,0.13134769267232985,0.05826598063738945,0.07470215062152102,0.03632605004999208,0.23202440301958846,0.12426768217991019,0.2638285669546663,0.07923747386360268
225,0.1259748850771635,0.05913797939506085,0.07095355820212082,0.04548563536288536,0.2328508306247448,0.13891468459104442,0.2503926655843984,0.07628976116158191
226,0.12363765943052066,0.062383419516023685,0.07323617971123936,0.042672109043558254,0.2336329259877384,0.1435490323401721,0.24570124765897372,0.07518742631077382
227,0.08044852203409407,0.06446953225123327,0.08089351921648395,0.07896933893344524,0.24294384241598727,0.14540840807418234,0.2489479550445545,0.05791888202901948
228,0.06962761841609397,0.061177113456720625,0.08849238878059806,0.10323331333448556,0.2620604651317485,0.15109805032693635,0.22234438144421112,0.041966669108205804
229,0.08694504285701025,0.07635170090148485,0.05838716159332356,0.1279963400309586,0.25820878189921587,0.15062222350515225,0.22402898118438197,0.017459768027472563
230,0.08078940656535873,0.09097085289808483,0.0659877576873559,0.10591924319936696,0.2729822260741961,0.15149477875476583,0.23185573481987157,8.387032384850526e-20
231,0.08377346996073513,0.08310424901484458,0.03837963941543797,0.11846517834864403,0.26609991960801566,0.16667052845013794,0.24350701520118465,4.2510466040282683e-20
232,0.0839115374404146,0.08238197995705962,0.03828154796343901,0.11685144852497795,0.2672977766501703,0.16890728254538398,0.24236842691755445,0.0
233,0.08855681316975401,0.08219463465957492,0.038898433629514395,0.11396438323374539,0.2655968096804726,0.16642490269103988,0.24436402293489878,1.9260735127155476e-18
234,0.11070024266987767,0.0989190237110514,0.07839990423467975,0.06800292005320566,0.2658784553274914,0.13337943496411317,0.24472001903858093,0.0
235,0.13014978402354155,0.09874003773253771,0.06773566899403513,0.056279714214183034,0.27313920293651156,0.12107416644109413,0.25288142565709676,2.739622188772888e-18
236,0.12186893258649129,0.10006820758198694,0.07855937427678403,0.06340202379388159,0.2693577820646665,0.1188923353537984,0.24785134434139122,0.0
237,0.059569091866310354,0.08711432016231917,0.08193555294107083,0.07548205455837687,0.3035139581067895,0.11906858071411096,0.2733164416500222,8.02881354877867e-19
238,0.06417265546406521,0.0905346755824738,0.07877863633211507,0.07303089605782626,0.3043149267767896,0.12575377506846153,0.26307673637156076,0.0003376983457076555
239,0.05090115740280363,0.09713313206728348,0.09939128813147248,0.08331691754438152,0.2784490051900751,0.14773918439885403,0.2430693152641297,1.1490743083321939e-17
240,0.044294994203205505,0.09409416419805652,0.10851581488051855,0.08902852680643702,0.2727122156923739,0.14481380953200435,0.24654047468640408,0.0
241,0.07360785537681377,0.08756303979885863,0.0952918689584907,0.07965341229412326,0.29209208676915277,0.13229562889296184,0.23949610790859902,1.6973323261534108e-17
242,0.07842594012382477,0.08786964414087638,0.0947472939291668,0.07878719292494935,0.2887364463712842,0.13640163169706954,0.23503185081182879,0.0
243,0.0721511416206481,0.08710852414611521,0.11468323800243947,0.07131108734143067,0.25296039182355845,0.14244815465144475,0.25933746241336325,2.002549999940694e-17
244,0.08709613323566151,0.12171852322528977,0.11160812323729381,0.07532483568924773,0.24142418471537622,0.09941880196853266,0.2634093979275982,4.525908795412014e-18
245,0.08454792812857546,0.09507366183558107,0.12290526683981823,0.035753748598450756,0.25258891346731893,0.11198435762261005,0.29714612350664543,0.0
246,0.11538415561609872,0.08094247075648668,0.12836132039521309,0.054364100809390664,0.23719126642798588,0.10155949533183813,0.2821971906619868,2.8459565873887183e-17
247,0.1338423342676124,0.07683701410822233,0.10865184766264993,0.06825334159713557,0.23269068731496811,0.1012349837799705,0.27848979126844114,0.0
248,0.12494802432446972,0.10678792730910595,0.1124942952647515,0.010054335900966065,0.2542255311051182,0.10262998930283249,0.2888598967917561,1.7004186416113073e-18
249,0.14164959937111662,0.09261624898088128,0.11759078663413144,0.033115502781333676,0.28117225141378743,0.06096151801096944,0.2728940928067801,0.0
250,0.12459572137917098,0.13502697573136946,0.09944220637052509,0.0025082172880056355,0.24166000988672212,0.049288400233421396,0.3144223852507109,0.0330560838590743
251,0.12508254351033066,0.1399387732319601,0.11162542917906679,0.010434939337353174,0.22537776995205125,0.056907284576238754,0.3039299122972526,0.026703347914746652
252,0.11375247133783883,0.13293728327232127,0.11263539884923789,0.014465228752052226,0.19166226912760678,0.0952835813089194,0.2853312047897542,0.05393256256126936
253,0.11980294316373542,0.11947318663925867,0.11669965740027555,0.021274579444420638,0.20954889803842586,0.07489785818987794,0.3067936983970805,0.031509178725925464
254,0.10359184561228929,0.13520866902621664,0.11706602709608267,0.035604255172631105,0.18732291446769644,0.059419191521537615,0.3302880202193549,0.031499076883191264
255,0.09670516021771616,0.15581079122705443,0.1250246568946885,0.07217539212281686,0.14983021615391418,0.05504713233634523,0.3156178343660551,0.02978881668040954
256,0.11876322311464078,0.13350577175593814,0.10987743671396259,0.09940613020284003,0.14843801077788363,0.06677430527827417,0.3036080413243479,0.01962708083111264
257,0.11711954955938589,0.1479098262463502,0.11235219902102969,0.10534686671366368,0.14146870257318658,0.06541970271256416,0.3021968562849309,0.008186296887888788
258,0.12594036590962693,0.14357385980678128,0.10776722796109577,0.09623731707235539,0.13574292733327128,0.07910078612599239,0.3028210365089987,0.008816479280878165
259,0.11718398891932388,0.1436334326218356,0.10806412118974695,0.09887423966306227,0.1350617953922228,0.08311600968811324,0.3047401042201011,0.009326308304594086
260,0.10448242655644331,0.15003019824860053,0.09278058116682189,0.13739694770048788,0.08440780970533605,0.0881873278459556,0.31834742084406115,0.024367287931293672
261,0.10633636146709784,0.15456986674531756,0.08432020074447232,0.12364737614888247,0.1073364210008175,0.08619888033007474,0.3087353077185183,0.028855585843819316
262,0.10302819182498026,0.14158507322363456,0.07950940158516771,0.14339267748144574,0.09185485385960579,0.11029172195974721,0.29830917080384056,0.03202890926057806
263,0.10071386814454597,0.13793542838451703,0.07619372626743912,0.15828063616507695,0.08348164698597225,0.11170458697598996,0.299587049078668,0.03210305799679069
264,0.10072171971840158,0.12511397316772818,0.08326605554475285,0.174203860434327,0.061841989191840335,0.1180360117030235,0.2859621611565848,0.05085422908234173
265,0.09648889954775122,0.12049662365885716,0.09328023404635372,0.181497330337269,0.050522605372487615,0.10494660731546344,0.30837222633892064,0.044395473381897164
266,0.08888874788729016,0.11729210373656618,0.08902453665413827,0.17274906751018113,0.06433392845584675,0.13268987317356798,0.26983425108019865,0.06518749150121067
267,0.08048424011527142,0.12699633378635178,0.08409421936761803,0.18142768811121676,0.055104654960319355,0.13460113475590563,0.2719014792459959,0.06539024965632094
268,0.07857565790486624,0.12199288978169552,0.08918298566396847,0.17791960931806883,0.05994859064138789,0.14495947179417396,0.2584599070516847,0.06896088784315431
269,0.07873713072593089,0.12130781923031986,0.08936380823925479,0.17959531767230785,0.05591284533474168,0.13856961754338706,0.260269723966837,0.07624373728622079
270,0.09343265237131622,0.12647941988977077,0.09741279028586418,0.1923636751555298,0.0769247591651203,0.12098665201296031,0.24095862979353977,0.051441421324898616
271,0.07663036955348294,0.14311037375861785,0.09885724054753037,0.19374705943606704,0.06534461005269214,0.10934091068403366,0.25265072532444316,0.060318710642132706
272,0.07147113453238443,0.1343942435071954,0.09578466076552883,0.19795318206037632,0.08529308154606084,0.11726485396841956,0.23156482901848083,0.0662740146005538
273,0.07056651624916052,0.1362710703501042,0.11098808659958942,0.20505482556931287,0.07362036355975726,0.10141724695607172,0.2439180121200912,0.058163878594912746
274,0.07370953069441058,0.1383317069316476,0.10591947893057825,0.20492439355204423,0.07049696522165622,0.0971296450868764,0.2542906935956906,0.05519758598609603
275,0.07671291062161345,0.1316971341276032,0.11124924634349036,0.224777480060453,0.05997934065263984,0.07800130099881504,0.2603276605211548,0.057254926673230344
276,0.07746160989374612,0.14112093521032767,0.10877558246189271,0.22702143623381185,0.05446457825028648,0.06568701462097036,0.2664283791967232,0.05904046413124153
277,0.08383981159170452,0.15112869545751295,0.11817999590558854,0.20999920809482095,0.0531985956298101,0.05967238337520056,0.24935911681995773,0.0746221931244046
278,0.08998244578249133,0.15123734575890632,0.1205796439711216,0.19184328223306854,0.04978425865924965,0.04446512429251086,0.2738440447061708,0.0782638545954809
279,0.08378879480424385,0.13910955439314632,0.1373652210931431,0.17443048585120555,0.04807006772448367,0.05580209889978265,0.25646329782703786,0.10497047940595693
280,0.0799349398346926,0.1382223005320625,0.13405315233403867,0.17016783406344638,0.05059728176922885,0.06343688724338843,0.2524755662214692,0.11111203800067314
281,0.07208566435514908,0.13533025766246692,0.17299287864391433,0.1749787217392935,0.035631993246850256,0.05783264592785687,0.22540433114965847,0.12574350727381053
282,0.07671927594860865,0.12838985364774066,0.17111028776967552,0.17724541290124324,0.028659221519559235,0.06115763173786628,0.23034060494323677,0.1263777115310696
283,0.09700234296474576,0.11958478932586798,0.16500705641687025,0.17101404565630066,0.04139416627969008,0.06901474752835503,0.21418836073950245,0.1227944910876677
284,0.08412609886734972,0.10767783419696526,0.12951777534590733,0.19132650291734996,0.06435199220350507,0.08943478292806857,0.20245988636823314,0.1311051271716209
285,0.07093286421409933,0.0943342832085945,0.1393849963362291,0.1944663070910705,0.085823096487212,0.1169659092320281,0.17983836146116464,0.11825418196860185
286,0.07676510899649974,0.08898651214809494,0.15109340379296618,0.1959463340557522,0.09429179923233795,0.10366496031879331,0.18538116889631598,0.10387071255823971
287,0.10080439872951083,0.09992892771332809,0.17568820610017438,0.18480313869321335,0.07661073566264621,0.09121206436706143,0.1960588488038959,0.07489367992916982
288,0.10204852617368913,0.09964164768561794,0.16375026454328545,0.18465556222131443,0.0817037102740611,0.09351427835675415,0.19744749772976147,0.07723851301451608
289,0.11672302362944335,0.08397479261317105,0.157101126892713,0.18190674149504876,0.09283250437072169,0.08202413634380123,0.19776230656950128,0.08767536808459953
290,0.11584975381487257,0.08425312312011052,0.14096508630582563,0.17923971306914221,0.09358382565603712,0.09344280481066199,0.19307696418192274,0.09958872904042713
291,0.12176416927728138,0.08760111710379478,0.13093058334282495,0.17880357982490175,0.09967750946693116,0.0983701732124992,0.18814606907292922,0.09470679869783755
292,0.12033400431316521,0.08705127886346731,0.12967083057394277,0.17899642973404045,0.10150425794804752,0.09715864847261267,0.1894483244269852,0.09583622566673881
293,0.12008928979978985,0.08344404938877728,0.14550301961806536,0.16811076107203216,0.12595232836740575,0.09809440140416442,0.15858478171281318,0.10022136863595195
294,0.09910700749499898,0.10216252295108456,0.10587138004905267,0.1840789627699953,0.13265322393331838,0.060031603193600076,0.18666038016571643,0.12943491944123353
295,0.07579566601713777,0.16846184760024852,0.09459549986005382,0.21248654995528304,0.1194638354613243,0.0420998344138488,0.1676414896404625,0.11945527705064118
296,0.06329456757963789,0.1530127273893554,0.09745801090270906,0.20087306266337457,0.12516171355457384,0.06261022310076593,0.16982172991361616,0.1277679648949672
297,0.06482202702665364,0.15358610162554476,0.09590532265420032,0.19969335496749155,0.12417773059959603,0.06109828559736179,0.1683737161494569,0.1323434613786949
298,0.07240211301412097,0.11841823387522274,0.11296579787334818,0.23576748488794155,0.10534379133499495,0.07448232674968223,0.14094415635790333,0.13967609590578603
299,0.07567662004601709,0.11215427391733,0.10934544925465042,0.21845235476823416,0.10055142112786274,0.10175458113635853,0.14333757852646842,0.13872772122207858
