oos_period,model_1,model_2,model_3,model_4,model_5,model_6,model_7,model_8
150,0.1027265205169886,0.1857203343811014,0.17339181105302415,0.03881906840612288,0.1474775239368361,0.08783254191520132,0.02240699522526614,0.24162520456445932
151,0.1096980973393135,0.19132078913581418,0.16602835463793525,0.04241278345161948,0.1433222454744517,0.0877062346843064,0.02070934505894083,0.23880215021661866
152,0.07472194839599376,0.18061192692260605,0.17475671842526241,0.037102190348214076,0.1394454562901938,0.11601293212869744,0.035711192901377926,0.24163763458665452
153,0.07801598301325943,0.16648984773237877,0.174647399676361,0.03891539718883801,0.1509368732144634,0.1204891658152089,0.031838568259889434,0.23866676509860102
154,0.08100470952002152,0.16329608552477784,0.13910819763202048,0.04766289869792048,0.1623123044094718,0.1316765396256443,0.035385388918600415,0.23955387567054312
155,0.06721968512075904,0.1840687674301979,0.12147846042435707,0.06886682069733832,0.15702087898458975,0.13731717055380868,0.036110532849425406,0.22791768393852377
156,0.04472838757510515,0.21030718305435844,0.13750315300112406,0.07123224176664797,0.18075622584427306,0.1280985396555272,0.011162173561463117,0.2162120955405009
157,0.06401111019327287,0.23033924200828568,0.11909789361923628,0.08001251409927014,0.17496894355155687,0.11819542564711735,0.008587067856843562,0.2047878030234172
158,0.05191588324843696,0.2251394407920015,0.14226066933762035,0.08315552615780657,0.17556094169452435,0.12008040484438934,0.0013051430558834892,0.20058199086833742
159,0.06170115192468225,0.24148498330403273,0.10480224216992154,0.061949865985635615,0.17162525146879717,0.11539188695215528,0.01173803727737752,0.23130658091639789
160,0.05675960191066523,0.2324413758713415,0.11775395290624727,0.06016249122195975,0.16558736396783727,0.10676591250050284,0.02830199505329342,0.23222730656715262
161,0.05233745203618989,0.21955911618705376,0.1181837593809169,0.06066445601295645,0.16543694316569058,0.12002744232484608,0.0390220701930847,0.22476876069826154
162,0.04698569508752688,0.2096016094869613,0.12515514661168964,0.05478570545230538,0.15276126200374873,0.12219881732195939,0.050139823211173065,0.2383719408236356
163,0.052921795686087104,0.19933066085482082,0.15036744308413796,0.035680185737677395,0.14800400914492207,0.13963015312246696,0.0612086717166261,0.21285708065226155
164,0.04856898908027584,0.16810553251885776,0.13557590273554845,0.017268785810326242,0.1951404624323268,0.15295614414137754,0.07051273672148574,0.21187144655880158
165,0.028932683295612983,0.15064909135291576,0.17553978872093912,0.031121748602520913,0.22474721243466048,0.16296390805546646,0.06448089039485085,0.16156467714203332
166,0.02977534364632041,0.16316646800641013,0.16998302289914882,0.030690786428649194,0.21900116075706444,0.14996012012778048,0.09373538281724152,0.1436877153163851
167,0.023515930375491642,0.16075153152997695,0.16471951018831957,0.030947250801557746,0.22805761113286632,0.14736945978688015,0.09157447531821336,0.1530642308656941
168,0.009053548542339881,0.1741396395830905,0.16820876536160628,0.044625430673067325,0.22254938569942948,0.1428580569403291,0.09051948018145954,0.14804569301767767
169,0.0,0.1699693513409414,0.18002068017243214,0.07700488745170389,0.23065791435894423,0.16195358950949365,0.07016732173994389,0.11022625542554072
170,0.0,0.17053602858612518,0.1749635657275273,0.06607290874647734,0.23532002220886503,0.15685063156927903,0.08250793596574497,0.11374890719498112
171,1.6437234845336821e-18,0.1758658109290007,0.1861095422482873,0.0471350142156647,0.2257390564315091,0.1615962195733375,0.0781159921963802,0.12543836440482045
172,6.497780060244968e-19,0.1740668359895187,0.19877914532029858,0.046107280408486134,0.22551937753142975,0.17093524055424347,0.07592961596230735,0.10866250423271598
173,0.0,0.1825098867612335,0.19604810337920153,0.04553921044351544,0.221510558908503,0.1654721579069476,0.07474119058019493,0.11417889201940402
174,0.0032518536410630684,0.173507591502886,0.21494133443605312,0.03851854808134383,0.21118120014440842,0.15087003989943096,0.07513875170473705,0.1325906805890775
175,0.0057766444066342,0.20443862921845812,0.18331746164192822,0.0,0.2383665267435053,0.12785993026078296,0.08486628131484038,0.15537452641285077
176,0.006191818506196086,0.23264874050016826,0.16125088584348843,0.0,0.2368369651319789,0.1419780037212185,0.08628565909950903,0.1348079271964408
177,0.05962167079561455,0.2350419754170104,0.17114758934336438,0.0,0.24657284344396083,0.13631350378517101,0.05531091658933314,0.09599150062454566
178,0.06088725460250457,0.23571634236573108,0.17185606675089637,0.0,0.24538977561452552,0.1367905602184611,0.05533803677086804,0.09402196367601316
179,0.06545771105725366,0.2531747966913552,0.17571450601511898,1.1119851719500646e-17,0.2433071879527244,0.13942030711421396,0.043240184368999755,0.079685306799334
180,0.07189997643132999,0.22389449350280682,0.1689612219291943,0.0,0.22039726889579955,0.15280169538286217,0.08392643281314444,0.07811891104386268
181,0.06323951717222577,0.23019179836937106,0.17966879013827367,3.4679117047332476e-18,0.21090553835395093,0.16482492731192222,0.08510232322182607,0.06606710543143032
182,0.0701566470429605,0.22961774349901953,0.16574254821581239,1.8697061170537907e-18,0.18187963788761768,0.16871422104386063,0.11540345647921273,0.06848574583051652
183,0.0638201328428444,0.21703001310697756,0.16652295893788935,2.702273329754931e-18,0.19066607892001394,0.164672945398,0.1264444819874521,0.07084338880582276
184,0.05312032695382055,0.22062686114752056,0.14353053906672114,0.0030893312079282803,0.19499922897974722,0.18624630428561334,0.12481714449303646,0.07357026386461239
185,0.05429853639619041,0.19534519092481212,0.13479517278263725,0.0,0.19953127293146303,0.18940714731228916,0.13566361654083856,0.09095906311076944
186,0.05303416647784874,0.20933618731823309,0.10565932523409925,1.1990810159556695e-19,0.21369818416016303,0.1956780894221561,0.13994011441801132,0.08265393296848826
187,0.04494459987981381,0.22150750481779805,0.0994005349912052,4.611452505639712e-18,0.23489526332426375,0.1895064139212142,0.1398604511864839,0.06988523187822111
188,0.04607628506562413,0.2230934045666985,0.10097374526606517,1.7576014241871666e-18,0.23413569243103266,0.18343980199552976,0.13680220531972181,0.07547886535432798
189,0.054613716596715295,0.2251258325598114,0.10100342486857698,0.0,0.2356941142987924,0.17806004370542125,0.14117430220998925,0.0643285657596933
190,0.06533566745311141,0.21976478725396517,0.0994112053929804,6.550052841551749e-18,0.22820350594795083,0.18045316098422112,0.14327992063655046,0.06355175233022041
191,0.055085596184265805,0.22057969273955663,0.10863841377163606,0.0,0.20405851554879287,0.18565624728024724,0.15455505043705553,0.07142648403744578
192,0.06149209217679216,0.22613367483471697,0.10619293788268921,0.0,0.19893631483700766,0.17923686748331571,0.15691489228699224,0.07109322049748602
193,0.05935626125690403,0.22033876418564538,0.09224014857630364,7.2272755352155875e-19,0.20433173413935135,0.18293523644216458,0.1501695302479952,0.09062832515063568
194,0.04802854133046631,0.1793572814301795,0.10159924654655414,2.562857000592933e-18,0.20318075245824183,0.20064830128238084,0.15713460420734868,0.11005127274382859
195,0.014759413592165007,0.14057109247800387,0.10655256083688207,0.0,0.2552414352174187,0.17849068245545602,0.179661176526401,0.12472363889267335
196,0.008825468524323586,0.15977878679602664,0.09140254730668751,1.2560545695703051e-17,0.2623617135511383,0.17901106505450623,0.17865862262584245,0.11996179614047518
197,0.011385212449155658,0.1791185318572895,0.11005417185388465,2.4240044777364503e-17,0.2651524710978026,0.1766586401185323,0.16755752789832384,0.09007344472401144
198,0.025467933861713424,0.14703562447220553,0.09287390730203772,0.016441335162734643,0.2475531708984835,0.16856583811887332,0.19159013088506643,0.11047205929788545
199,0.015901613946785992,0.15680381805025345,0.084320619555903,0.02887348099595002,0.24416647189194293,0.16587129993019462,0.1957077360323719,0.10835495959559811
200,0.022219575094691066,0.13929016113535223,0.08894399196824293,0.03456772490573017,0.2273987660078897,0.1773040038993484,0.19963633287337582,0.11063944411436956
201,0.02568636494717819,0.13808158769288947,0.08504112166246197,0.032605269711357646,0.22434388815979248,0.17832157674991775,0.20397150809518225,0.11194868298022016
202,0.024816438259879975,0.149190317358456,0.08458402726506596,0.06869764559830555,0.24415649114600582,0.13890147314350257,0.21784537690281652,0.07180823032496758
203,0.02549337650449386,0.16598132212712924,0.08541971078948367,0.057394953361581555,0.23611850040247342,0.13465128857881234,0.21600348983664316,0.07893735839838265
204,0.019340520785086628,0.1595174760642976,0.08917916810184127,0.05549668595058503,0.24904761576353887,0.14104769276521031,0.21062625487951178,0.07574458568892842
205,0.03795512608259152,0.13261273417218053,0.11436691268002698,0.016416334162923304,0.23967812460119353,0.15050879536686526,0.2196601564226999,0.08880181651051895
206,0.043916733868447036,0.1281765681669528,0.10351803787249143,1.2787550525566975e-19,0.21768855152409983,0.14558030448753084,0.2542222652369093,0.1068975388425686
207,0.039721139313407317,0.11264479529434393,0.11435416072844763,3.7103898697862613e-19,0.21296301753520108,0.14758268110772912,0.25823529617607055,0.11449890984380036
208,0.03353547709497432,0.11528206065473742,0.10063850155306117,1.086055057056537e-18,0.2133250719922356,0.14974132042924373,0.2630601427203631,0.12441742555438463
209,0.03238557724701854,0.1102012340075708,0.09473464050892556,1.111201347678124e-19,0.2275374991483182,0.1429129307397145,0.26431989677744394,0.12790822157000847
210,0.0337845900856924,0.1076876830934376,0.10266633865295165,0.0,0.24136512956069509,0.1488030314590118,0.24096114117374123,0.12473208597347019
211,0.043219281333255,0.09944205191131607,0.10849196457388342,0.0,0.22946847088414205,0.1467922259873381,0.24958925250243968,0.12299675280662571
212,0.05411944149160676,0.12038668580121652,0.09767032389366496,4.1751775982449807e-19,0.22354553733614824,0.13757244334952892,0.24561326616612553,0.121092301960709
213,0.052712213933734764,0.12338177281175187,0.08414837959257147,1.54104409862965e-17,0.23071372696590667,0.1337386711432591,0.23835074958752217,0.13695448596425383
214,0.07208501508133047,0.12502778758448058,0.10319007507051253,6.616386109233537e-19,0.2018867063497172,0.12823865528062586,0.2539138267725034,0.11565793385982992
215,0.06317178069755211,0.13244442714540453,0.0829175895853112,0.0005032414773656078,0.21908133410877692,0.13956424854225521,0.24957890240656264,0.11273847603577179
216,0.08426555678095267,0.1238498082091874,0.11237713409965727,0.017670995946560367,0.19649735920268482,0.13207605226128874,0.24218749038901247,0.09107560310965619
217,0.08383341082484116,0.12542971205437536,0.11265059022217438,0.020455765120488065,0.19481781714695817,0.1345481262704835,0.24070720070762164,0.08755737765205768
218,0.09542025252085154,0.10531351988611135,0.10297437987629887,0.010071885418273068,0.20384999097110462,0.12756931499046484,0.27137651672154683,0.08342413961434889
219,0.09892915974199512,0.10605318418474606,0.10241255544128415,0.007877730142428095,0.2021021824939789,0.1291794004651156,0.27049381136603745,0.08295197616341457
220,0.09503144952669136,0.08935136165637177,0.09543090754853711,0.0,0.2082645597440653,0.13059912643720473,0.28761275264466113,0.09370984244146849
221,0.14320591231112054,0.050934210263960215,0.07655611666297621,0.023829935079349534,0.222364490352638,0.11312712243339339,0.2703845904947575,0.09959762240080455
222,0.15682116344422833,0.051862228439991144,0.07968276600952164,0.017378277305215947,0.19870940238777768,0.11521451126184991,0.2779343020287357,0.10239734912167965
223,0.164632286070993,0.05112004699309328,0.06760081283206253,0.016976947145186366,0.1998047034212908,0.11390997280014055,0.2749888548728661,0.11096637586336736
224,0.13203896883897057,0.056388259647616325,0.07288619282182086,0.033861904014892974,0.2306333327200825,0.1236221973220654,0.27076771011377815,0.07980143451977322
225,0.1259748850771635,0.05913797939506085,0.07095355820212082,0.04548563536288536,0.2328508306247448,0.13891468459104442,0.2503926655843984,0.07628976116158191
226,0.12363765943052066,0.062383419516023685,0.07323617971123936,0.042672109043558254,0.2336329259877384,0.1435490323401721,0.24570124765897372,0.07518742631077382
227,0.08044852203409407,0.06446953225123327,0.08089351921648395,0.07896933893344524,0.24294384241598727,0.14540840807418234,0.2489479550445545,0.05791888202901948
228,0.07835222433177387,0.06216679648772915,0.08087719989359753,0.09554132886582085,0.2538198220813631,0.14559326662646307,0.23063969945035587,0.05300966226189652
229,0.09028830846129857,0.07424243121898928,0.05129513897503952,0.12076631658529267,0.259135334582012,0.15166820442664738,0.23005832562523063,0.022545940124489898
230,0.08078940656535873,0.09097085289808483,0.0659877576873559,0.10591924319936696,0.2729822260741961,0.15149477875476583,0.23185573481987157,8.387032384850526e-20
231,0.08400673165617668,0.0827589143211663,0.03778045825718657,0.11871612006560947,0.26574495269769677,0.16708368626627693,0.24390913673488712,0.0
232,0.0839115374404146,0.08238197995705962,0.03828154796343901,0.11685144852497795,0.2672977766501703,0.16890728254538398,0.24236842691755445,0.0
233,0.08855681316975401,0.08219463465957492,0.038898433629514395,0.11396438323374539,0.2655968096804726,0.16642490269103988,0.24436402293489878,1.9260735127155476e-18
234,0.11070024266987767,0.0989190237110514,0.07839990423467975,0.06800292005320566,0.2658784553274914,0.13337943496411317,0.24472001903858093,0.0
235,0.13014978402354155,0.09874003773253771,0.06773566899403513,0.056279714214183034,0.27313920293651156,0.12107416644109413,0.25288142565709676,2.739622188772888e-18
236,0.12186893258649129,0.10006820758198694,0.07855937427678403,0.06340202379388159,0.2693577820646665,0.1188923353537984,0.24785134434139122,0.0
237,0.06409272232719454,0.09076688271668065,0.08543824490171589,0.07650682278955308,0.2994152705590626,0.1189325698933095,0.26347750626985317,0.0013699805416304699
238,0.06419922533629419,0.090487024248115,0.07879399164315587,0.07341814450081142,0.3040603485853175,0.12573105080986086,0.26298023118887165,0.00032998368657356157
239,0.05090115740280363,0.09713313206728348,0.09939128813147248,0.08331691754438152,0.2784490051900751,0.14773918439885403,0.2430693152641297,1.1490743083321939e-17
240,0.044294994203205505,0.09409416419805652,0.10851581488051855,0.08902852680643702,0.2727122156923739,0.14481380953200435,0.24654047468640408,0.0
241,0.07360785537681377,0.08756303979885863,0.0952918689584907,0.07965341229412326,0.29209208676915277,0.13229562889296184,0.23949610790859902,1.6973323261534108e-17
242,0.07776427602793912,0.08604658249414861,0.092736520226681,0.07737859036187632,0.29604989513022445,0.13554170687953948,0.234482428878591,0.0
243,0.0721511416206481,0.08710852414611521,0.11468323800243947,0.07131108734143067,0.25296039182355845,0.14244815465144475,0.25933746241336325,2.002549999940694e-17
244,0.08709613323566151,0.12171852322528977,0.11160812323729381,0.07532483568924773,0.24142418471537622,0.09941880196853266,0.2634093979275982,4.525908795412014e-18
245,0.08019207850954804,0.0932838315480279,0.11954134960270604,0.03035242284577364,0.25255783935183795,0.11233562404638314,0.31173685409472324,0.0
246,0.11622983991493277,0.08103490044309677,0.12837537564937374,0.05473571928942184,0.23914792038539245,0.0961760807282697,0.28430016358851257,1.1313150714529433e-17
247,0.1324182530950088,0.07649200623186644,0.10707345820993823,0.06470938173006054,0.23102920526592763,0.09700258834941902,0.2912751071167793,5.084745954849124e-18
248,0.12277201435793185,0.10515547663006487,0.10839882898684382,0.0017427091981858636,0.2558751338276658,0.1011155281862174,0.30494030881209033,0.0
249,0.1418905679586237,0.09191981814819414,0.11567648685879459,0.02688496068652996,0.28727151812501295,0.05321823447598058,0.28313841374586407,9.752525596439448e-19
250,0.1244365209911345,0.13644527924935368,0.09887545493288112,0.003930750673998511,0.22970291325232606,0.053063259107241266,0.3227479216924755,0.030797900099589243
251,0.1240244514297106,0.1406500400033632,0.1105791476216596,0.010955864918890825,0.2253835991515366,0.05740957058213429,0.30428862521521677,0.026708701076488036
252,0.11361981550473739,0.13299860960768595,0.11272038928708585,0.014706652234551167,0.190733468060716,0.09591248679237042,0.28588833867226177,0.053420239839591446
253,0.11995430845439561,0.11947391280564452,0.11667359858844104,0.020200157050644218,0.20988587219975777,0.07462151915076906,0.3075959543023491,0.03159467744699856
254,0.10325702276732784,0.13539797981181773,0.11680691518715713,0.03501881628347984,0.18708139025795464,0.05881255126682842,0.3319783120360174,0.03164701238841698
255,0.09670516021771616,0.15581079122705443,0.1250246568946885,0.07217539212281686,0.14983021615391418,0.05504713233634523,0.3156178343660551,0.02978881668040954
256,0.11876322311464078,0.13350577175593814,0.10987743671396259,0.09940613020284003,0.14843801077788363,0.06677430527827417,0.3036080413243479,0.01962708083111264
257,0.11663003196996953,0.1520516505547194,0.11246151193083755,0.10565802771306199,0.14192636945494574,0.06590899385634202,0.29820311313716513,0.0071603013819584345
258,0.125954353533294,0.14381936022225145,0.1077774044703566,0.0953539494235421,0.13584690769413624,0.07893912479033614,0.3034720649756277,0.00883683488945575
259,0.11512266379277925,0.14882327659791653,0.10734253895081325,0.09697658232473341,0.13397933600153683,0.08114020542407333,0.30765512742352474,0.008960269483622595
260,0.10803433695428268,0.142148249454818,0.09476464452348123,0.1279504451480815,0.08985023833170662,0.08996080193978077,0.33019061780570735,0.01710066584114187
261,0.10638082525955474,0.15401700449634773,0.08405484455994555,0.12403719558124614,0.1072156038251143,0.08709568774259245,0.3085241079201784,0.028674730614020615
262,0.1033345095419328,0.14002362068338006,0.07933235778135254,0.14372204609467792,0.09226299337037937,0.1114308242663589,0.29985408264747526,0.030039565613443144
263,0.10070733045913527,0.1389394781489723,0.0761540992875908,0.15818606499633336,0.08363687885952684,0.11027975474638882,0.3002405191511378,0.03185587434991469
264,0.09848065660266686,0.12651696259779543,0.08040360924559176,0.1716085203586623,0.056170826277769655,0.1161295182508529,0.30082242867921605,0.04986747798644509
265,0.09433870952145053,0.11881423490194576,0.09338940905761535,0.18241857478980655,0.050165521547110514,0.10914605985840459,0.3086760307954642,0.04305145952720253
266,0.0847684001776737,0.12049190906924008,0.08654940144435885,0.17289111269727192,0.060958252920643996,0.12951045849878964,0.27969778475959994,0.06513268043142184
267,0.08423789532673197,0.12249402826795731,0.08246656976099505,0.17675850112272484,0.05759390193558886,0.13341632444863627,0.28008849055079116,0.06294428858557453
268,0.07969688616713831,0.12284286969996276,0.09033353707238562,0.1783928870410891,0.061690911356339945,0.13979591753656323,0.25742571157350613,0.06982127955201477
269,0.08153360958239853,0.11639951003244584,0.09083680750532269,0.180427380139058,0.059584819509011906,0.14009690432443808,0.2584755061370233,0.07264546276930156
270,0.09343265237131622,0.12647941988977077,0.09741279028586418,0.1923636751555298,0.0769247591651203,0.12098665201296031,0.24095862979353977,0.051441421324898616
271,0.07663036955348294,0.14311037375861785,0.09885724054753037,0.19374705943606704,0.06534461005269214,0.10934091068403366,0.25265072532444316,0.060318710642132706
272,0.07147113453238443,0.1343942435071954,0.09578466076552883,0.19795318206037632,0.08529308154606084,0.11726485396841956,0.23156482901848083,0.0662740146005538
273,0.07056651624916052,0.1362710703501042,0.11098808659958942,0.20505482556931287,0.07362036355975726,0.10141724695607172,0.2439180121200912,0.058163878594912746
274,0.07370953069441058,0.1383317069316476,0.10591947893057825,0.20492439355204423,0.07049696522165622,0.0971296450868764,0.2542906935956906,0.05519758598609603
275,0.07589401686681856,0.13338192358743134,0.11060664154482032,0.2320177188796714,0.05759117778505098,0.07111958403328864,0.26327286334976235,0.05611607395215636
276,0.07518128213429547,0.14006040365459177,0.10961630596431055,0.2376630964060769,0.05434462969788826,0.07044019410298906,0.2520708856906179,0.060623202348230106
277,0.08436945276485425,0.15166502177773686,0.12629560152036237,0.19947367846487896,0.05509629034817794,0.05907377251942363,0.2500977459618634,0.07392843664170247
278,0.09270614984156783,0.14766234941675452,0.1150182633424659,0.19162541567554936,0.047939139039450414,0.03939065799687355,0.290158768592338,0.07549925609400035
279,0.08255879305455169,0.1396233177925161,0.13735502807540392,0.17446279809214138,0.047610609072436666,0.05551537049006797,0.25771875572899083,0.10515532769289145
280,0.08005033005051036,0.13832866199564842,0.13461498252318402,0.16985563075719481,0.04955104359112822,0.0633501637612844,0.25316916439224646,0.11108002292780328
281,0.07229814982147945,0.13542137345998428,0.1733199251200522,0.17552410103987698,0.035928200707078785,0.05730825823325187,0.2264372278535821,0.12376276376369426
282,0.07513903077290815,0.1273854243978324,0.17952062691519782,0.17849299989880307,0.030794972609126215,0.0631814347914007,0.21693800058218138,0.12854751003155018
283,0.09145165938513063,0.12066164312462273,0.17426234432785004,0.17081922936276578,0.03983148881318335,0.06615893402262189,0.21596446231954886,0.12085023864327667
284,0.08346842984686045,0.10785549524952595,0.13645371777595225,0.19125249496292243,0.06290414555254287,0.08690169023660951,0.20156142074420383,0.12960260563038264
285,0.07065759588107177,0.09505719048338017,0.14056744253559517,0.19479554316655853,0.08606443808886073,0.11586643344765796,0.17963267870133684,0.11735867769453878
286,0.07681449243621433,0.08873820601242753,0.15111643025588323,0.19632716239928374,0.09447922858721151,0.1036018539750804,0.18558733838315183,0.10333528794974733
287,0.10186758085796176,0.10022240519099226,0.17059940365212736,0.18281201908533673,0.07872171148473701,0.09278290575611459,0.19592911984534989,0.0770648541263805
288,0.10160815149981876,0.10015069097375236,0.1696686114640472,0.1841800041495562,0.08146288066419109,0.09169848241707847,0.19613640493390797,0.07509477389664791
289,0.11664302907254813,0.08420724628677188,0.15767597347363513,0.1817581582810699,0.09268647893752195,0.08211808791086117,0.19698999531156816,0.0879210307250236
290,0.11591604442686443,0.0843725279465098,0.14116532751129354,0.17904423697776564,0.09375552322628622,0.09330841621317401,0.1931364300554169,0.09930149364168943
291,0.12176416927728138,0.08760111710379478,0.13093058334282495,0.17880357982490175,0.09967750946693116,0.0983701732124992,0.18814606907292922,0.09470679869783755
292,0.12033400431316521,0.08705127886346731,0.12967083057394277,0.17899642973404045,0.10150425794804752,0.09715864847261267,0.1894483244269852,0.09583622566673881
293,0.12008928979978985,0.08344404938877728,0.14550301961806536,0.16811076107203216,0.12595232836740575,0.09809440140416442,0.15858478171281318,0.10022136863595195
294,0.09910700749499898,0.10216252295108456,0.10587138004905267,0.1840789627699953,0.13265322393331838,0.060031603193600076,0.18666038016571643,0.12943491944123353
295,0.07579566601713777,0.16846184760024852,0.09459549986005382,0.21248654995528304,0.1194638354613243,0.0420998344138488,0.1676414896404625,0.11945527705064118
296,0.06329456757963789,0.1530127273893554,0.09745801090270906,0.20087306266337457,0.12516171355457384,0.06261022310076593,0.16982172991361616,0.1277679648949672
297,0.06482202702665364,0.15358610162554476,0.09590532265420032,0.19969335496749155,0.12417773059959603,0.06109828559736179,0.1683737161494569,0.1323434613786949
298,0.07240211301412097,0.11841823387522274,0.11296579787334818,0.23576748488794155,0.10534379133499495,0.07448232674968223,0.14094415635790333,0.13967609590578603
299,0.07567662004601709,0.11215427391733,0.10934544925465042,0.21845235476823416,0.10055142112786274,0.10175458113635853,0.14333757852646842,0.13872772122207858
