oos_period,model_1,model_2,model_3,model_4,model_5,model_6,model_7,model_8
150,0.10104255105416242,0.18506145984755967,0.17286307297238807,0.0362074458034162,0.14943505902280785,0.09008406013034316,0.023595804383203575,0.24171054678511905
151,0.10790885163011656,0.19118462880495227,0.16774898502414953,0.03870609667603452,0.1457387679212639,0.0938847414810798,0.017403282318804492,0.23742464614259887
152,0.05841686737899693,0.1942340006383444,0.1788163848836072,0.022957228213479095,0.14370759303421418,0.12359614363193977,0.02917238288941035,0.24909939932900793
153,0.07638546710473297,0.16856069327631257,0.16985510293820572,0.03927759804128919,0.1516782729355935,0.12030702857162032,0.034113265117393876,0.2398225720138518
154,0.07843845790485397,0.16142456513135225,0.13978314209347673,0.045877877884703454,0.16169794471761212,0.1325864712983427,0.0377514638870124,0.24244007708164633
155,0.06721968512075946,0.18406876743019815,0.12147846042435717,0.06886682069733868,0.15702087898458955,0.1373171705538084,0.036110532849425454,0.2279176839385231
156,0.04808062265882173,0.21113435885418128,0.13841014453375325,0.07356961483485235,0.16917667048711055,0.12923912367172166,0.013217749389841413,0.2171717155687179
157,0.06883913130783374,0.23679730429866905,0.1155896634905765,0.08154116207216205,0.16992423476849589,0.12271044252736299,0.0010309421272573852,0.20356711940664232
158,0.055537329703515485,0.22499583657342453,0.14245509856882888,0.08550262895011575,0.16797834070744144,0.12061524094062805,0.0017115778499301106,0.20120394670511565
159,0.06407181827045924,0.23800836452035992,0.10256425657758778,0.06913942014007286,0.17524999341754074,0.11313229726275206,0.007687068044442392,0.23014678176578499
160,0.05849709641078051,0.22243398124812216,0.12039767089615723,0.05968975067817302,0.16606429698269726,0.1090890819476212,0.029911215740298164,0.23391690609515045
161,0.05369814499811204,0.21374191523180236,0.11994945452157396,0.058605396012331605,0.1661983841282136,0.12189651139262596,0.039995492256686124,0.22591470145765427
162,0.0474061900754354,0.20716584470636243,0.12531766778383116,0.055444896238643585,0.15495864254569855,0.12250476077729136,0.04887854657275506,0.2383234512989824
163,0.05323299803648815,0.1986811508318268,0.15030556308218565,0.035324900952522685,0.14831085036208627,0.1400700118874214,0.06126956192685873,0.21280496291961026
164,0.048514975590717574,0.16824596046267878,0.1359653099022557,0.017407494342807205,0.19403219491639317,0.1528055471171855,0.07076040095816004,0.21226811670880205
165,0.02893268329561275,0.15064909135291557,0.1755397887209394,0.031121748602520836,0.22474721243466056,0.16296390805546698,0.06448089039485067,0.1615646771420332
166,0.02977534364632091,0.1631664680064104,0.16998302289914874,0.030690786428649374,0.21900116075706436,0.1499601201277801,0.09373538281724138,0.14368771531638477
167,0.023515930375492076,0.16075153152997718,0.16471951018831957,0.03094725080155755,0.2280576111328661,0.14736945978688007,0.09157447531821343,0.1530642308656939
168,0.00905354854233953,0.17413963958309056,0.16820876536160612,0.04462543067306738,0.2225493856994295,0.14285805694032885,0.09051948018145976,0.1480456930176782
169,0.0,0.1699693513409417,0.18002068017243245,0.07700488745170415,0.23065791435894384,0.1619535895094931,0.07016732173994417,0.11022625542554053
170,6.880354735989313e-19,0.17053602858612515,0.17496356572752728,0.06607290874647724,0.23532002220886503,0.1568506315692791,0.08250793596574517,0.113748907194981
171,0.0,0.17922912913779568,0.18718792252941524,0.04339565807550606,0.22778509510382852,0.1588170616715543,0.07566143979344692,0.12792369368745327
172,9.18104353943819e-19,0.17406683598951878,0.19877914532029858,0.04610728040848623,0.22551937753142964,0.1709352405542434,0.07592961596230752,0.10866250423271587
173,8.151610703531228e-19,0.18500372777199015,0.19698974000192018,0.04551517181184321,0.221956300402538,0.16449145817887822,0.07352073605310384,0.11252286577872621
174,0.0031873519756287537,0.1730746548391548,0.21508435008992852,0.0385474763857551,0.21118589367508467,0.15113132518069594,0.0752072870897689,0.13258166076298328
175,0.005615453803583806,0.20353074005408597,0.18413281165235504,8.542459117821665e-05,0.23848331248167806,0.12780395725146046,0.08495461511140683,0.1553936850532516
176,0.006884708231625349,0.22762498881925225,0.1608717603362957,2.6531187098116717e-18,0.23774687286398588,0.14350017869749276,0.08727170316703997,0.13609978788330815
177,0.05897463088409388,0.23418512038473982,0.1724574178560988,0.0,0.24646331146515124,0.13550548967942508,0.05546699356993312,0.09694703615955809
178,0.06089316777480965,0.2318901080923116,0.173208750925629,1.1601307352718118e-17,0.24677014820447737,0.13665611247986426,0.055602239413461804,0.09497947310844623
179,0.06630196776667643,0.24653840628935023,0.18002458414970682,0.0,0.24553901437939474,0.13950022180725502,0.04313628780777913,0.0789595177988376
180,0.071485827840468,0.22654741910332862,0.16908799611163886,0.0,0.22130682763740522,0.15172845038344626,0.08330923639510247,0.07653424252761043
181,0.06414094667137973,0.23071148492417934,0.17189452751261447,0.0,0.21199398857501106,0.16587467610697146,0.08735179539954142,0.06803258080930245
182,0.07011618668134853,0.23140315830418856,0.16393882370458338,0.0,0.18362615142472785,0.16695236646645437,0.1154126974264833,0.06855061599121393
183,0.06391804560894454,0.2192205661227545,0.16887694700538375,7.960124470712335e-19,0.18899027236151417,0.16441419537315538,0.12474766401351067,0.06983230951373702
184,0.0506891398099814,0.21701077726762583,0.15001102449764278,0.001692954731306139,0.19751506375226943,0.1833232605044679,0.12489067713533197,0.07486710230037454
185,0.05429853639619035,0.1953451909248122,0.13479517278263725,0.0,0.1995312729314634,0.18940714731228925,0.13566361654083836,0.09095906311076915
186,0.053034166477848886,0.20933618731823317,0.10565932523409932,9.661469554609702e-22,0.2136981841601631,0.195678089422156,0.13994011441801135,0.08265393296848815
187,0.05036304698453234,0.22081989269194635,0.10473286334412053,0.0,0.22006456967990606,0.1919107398450892,0.1417539747369576,0.07035491271644777
188,0.043984911071406355,0.2243032138836573,0.08566227403639523,4.513732696795245e-18,0.24171582175370368,0.17745462570208725,0.1449354356988994,0.08194371785285075
189,0.058139119737453324,0.22534633263531417,0.10222091477369279,2.7926676270946352e-18,0.22416584453921823,0.17875356669907527,0.1454469965135426,0.06592722510070352
190,0.06871088576003817,0.22168771329192752,0.08629255631113643,0.0,0.23466907926462685,0.17545821725896663,0.14727822170532007,0.0659033264069842
191,0.05508559618426579,0.22057969273955658,0.10863841377163617,2.5690773987993254e-18,0.20405851554879278,0.1856562472802471,0.1545550504370555,0.07142648403744598
192,0.06149209217679244,0.22613367483471705,0.10619293788268938,0.0,0.19893631483700755,0.17923686748331535,0.15691489228699226,0.07109322049748593
193,0.05935626125690385,0.22033876418564527,0.09224014857630368,0.0,0.20433173413935127,0.1829352364421646,0.15016953024799537,0.09062832515063572
194,0.042454990208024276,0.19493296285979017,0.09791253477490415,5.509975791663315e-18,0.20664211375580865,0.1979257931740784,0.1552458555849715,0.10488574964142285
195,0.014759413592164827,0.14057109247800384,0.10655256083688183,9.750619772308127e-18,0.255241435217419,0.17849068245545624,0.179661176526401,0.12472363889267325
196,0.004581616642792704,0.156031813905991,0.08609024437887995,0.0,0.26705657910871583,0.18045276512091898,0.18081387325706064,0.12497310758464088
197,0.015819613410289955,0.18012006346495704,0.11187603781719624,0.0,0.2568697974052916,0.1772907081785928,0.16684664950937952,0.0911771302132928
198,0.02546793386171381,0.14703562447220553,0.09287390730203797,0.01644133516273485,0.24755317089848325,0.16856583811887307,0.19159013088506635,0.11047205929788513
199,0.015901613946786405,0.15680381805025354,0.08432061955590306,0.02887348099594988,0.24416647189194277,0.16587129993019462,0.19570773603237188,0.10835495959559784
200,0.02221957509469117,0.13929016113535223,0.08894399196824297,0.034567724905730166,0.22739876600788972,0.17730400389934817,0.19963633287337576,0.11063944411436975
201,0.025686364947178172,0.13808158769288942,0.0850411216624619,0.03260526971135734,0.22434388815979256,0.17832157674991778,0.20397150809518244,0.11194868298022033
202,0.024816438259879926,0.149190317358456,0.084584027265066,0.06869764559830577,0.24415649114600568,0.1389014731435026,0.2178453769028164,0.07180823032496754
203,0.025493376504498923,0.16598132212712863,0.08541971078948528,0.057394953361576496,0.23611850040247623,0.13465128857881595,0.21600348983664033,0.078937358398378
204,0.027801326975238485,0.16176308167868658,0.09220549121915117,0.05295503954934929,0.2309710779956971,0.14225074561766543,0.2136643989627563,0.07838883800045579
205,0.041940410061242335,0.13243009011699045,0.11653122824724843,0.020200832500863353,0.23580154172050644,0.15054888618439752,0.21526967824469798,0.08727733292305342
206,0.050741452743987864,0.1287825749321149,0.10569070134704439,0.00025577787108492793,0.20415779539563186,0.1459885737591657,0.256149404885289,0.1082337190646813
207,0.026369514783182817,0.11772475621002125,0.11059532830917243,2.1423580818407967e-18,0.23957511493670508,0.13964546697945263,0.2604917881055318,0.10559803067493392
208,0.03353547709497405,0.11528206065473728,0.1006385015530612,1.3094070573354321e-18,0.21332507199223574,0.14974132042924393,0.26306014272036315,0.12441742555438456
209,0.03686905337508904,0.1114764841146911,0.09550805855013991,6.075922745546441e-19,0.21890357364645693,0.14383264552841568,0.264280774259201,0.12912941052500623
210,0.033784590085692325,0.10768768309343747,0.10266633865295156,0.0,0.24136512956069506,0.14880303145901178,0.24096114117374134,0.1247320859734704
211,0.04321928133325532,0.0994420519113162,0.10849196457388342,3.052733211681047e-18,0.22946847088414213,0.14679222598733824,0.24958925250243943,0.12299675280662521
212,0.05411944149160643,0.12038668580121661,0.0976703238936651,0.0,0.2235455373361485,0.13757244334952876,0.24561326616612528,0.12109230196070915
213,0.052712213933734625,0.12338177281175186,0.08414837959257149,3.559761839951044e-18,0.23071372696590697,0.1337386711432593,0.23835074958752203,0.13695448596425366
214,0.07208501508133043,0.1250277875844805,0.10319007507051232,0.0,0.2018867063497172,0.1282386552806258,0.25391382677250385,0.11565793385982981
215,0.06317178069755203,0.13244442714540444,0.08291758958531101,0.0005032414773657743,0.21908133410877667,0.1395642485422555,0.24957890240656286,0.11273847603577168
216,0.08426555678095259,0.12384980820918756,0.1123771340996573,0.017670995946560467,0.19649735920268446,0.13207605226128866,0.24218749038901272,0.09107560310965623
217,0.0838334108248416,0.12542971205437542,0.11265059022217437,0.02045576512048822,0.19481781714695795,0.13454812627048313,0.24070720070762158,0.08755737765205768
218,0.09542025252085086,0.10531351988611132,0.10297437987629873,0.010071885418272922,0.20384999097110476,0.1275693149904651,0.2713765167215474,0.08342413961434895
219,0.09892915974199493,0.10605318418474592,0.10241255544128403,0.007877730142428303,0.2021021824939791,0.12917940046511575,0.2704938113660374,0.08295197616341449
220,0.08933599158424745,0.09022733161574663,0.09425483209625157,9.98319552132621e-20,0.22038666790760408,0.12959512657623987,0.2873392098246151,0.08886084039429532
221,0.1432059123111208,0.050934210263960174,0.07655611666297614,0.02382993507934961,0.2223644903526377,0.11312712243339332,0.27038459049475766,0.09959762240080455
222,0.15682116344422806,0.05186222843999129,0.07968276600952179,0.017378277305216006,0.19870940238777784,0.11521451126185017,0.27793430202873537,0.10239734912167942
223,0.16511202995580593,0.050806974091489036,0.06883399400815085,0.016686110995422217,0.19909626290585516,0.11393665562432033,0.27506792093256477,0.11046005148539162
224,0.13129414720821847,0.05872659095897606,0.07516067829851149,0.03659446779291167,0.23234894965455802,0.1243867207387835,0.26233032907927767,0.07915811626776317
225,0.125974885077163,0.059137979395060866,0.0709535582021206,0.04548563536288542,0.232850830624745,0.13891468459104425,0.25039266558439865,0.07628976116158223
226,0.12363765943052044,0.062383419516023726,0.07323617971123943,0.04267210904355837,0.23363292598773844,0.14354903234017238,0.2457012476589735,0.0751874263107737
227,0.08044852203409414,0.06446953225123316,0.08089351921648395,0.07896933893344495,0.24294384241598738,0.14540840807418212,0.24894795504455478,0.05791888202901953
228,0.07774307131238847,0.06033591552644777,0.08395950171597702,0.09913022914060655,0.2544337405473801,0.14787076855642545,0.22858995749165964,0.04793681570811495
229,0.08851301058540884,0.07390899963202072,0.06224885718501017,0.12542226828819425,0.2583829812206099,0.15130243659688233,0.22349511597968486,0.01672633051118887
230,0.08078940656535888,0.09097085289808472,0.06598775768735593,0.10591924319936707,0.27298222607419587,0.15149477875476566,0.23185573481987184,0.0
231,0.08400673165617686,0.08275891432116637,0.037780458257186636,0.11871612006560928,0.26574495269769655,0.16708368626627695,0.2439091367348873,7.019520852566977e-18
232,0.08391153744041521,0.08238197995705954,0.03828154796343903,0.11685144852497785,0.26729777665017024,0.16890728254538379,0.24236842691755434,0.0
233,0.08855681316975424,0.08219463465957498,0.03889843362951438,0.11396438323374537,0.2655968096804724,0.16642490269104,0.24436402293489873,0.0
234,0.11070024266987752,0.09891902371105137,0.07839990423467989,0.06800292005320564,0.2658784553274913,0.13337943496411303,0.2447200190385811,0.0
235,0.13014978402354077,0.09874003773253763,0.06773566899403508,0.056279714214182895,0.2731392029365119,0.12107416644109423,0.2528814256570973,3.8116482626405394e-20
236,0.12186893258649129,0.10006820758198694,0.07855937427678403,0.06340202379388159,0.2693577820646665,0.1188923353537984,0.24785134434139122,0.0
237,0.06261965372992676,0.09071011128577779,0.08510351797750793,0.0805073830772368,0.29499219873363625,0.1220761573954827,0.26314086326565955,0.0008501145337721308
238,0.06517104458027607,0.09144341460826844,0.07843041833772085,0.07546775787794943,0.297966181262071,0.12713257417834378,0.263379599902209,0.0010090092521614492
239,0.0504224489314164,0.09733837789769711,0.09886179889786084,0.08346003763181384,0.2788253008755757,0.1481225399888168,0.2429694957758192,0.0
240,0.044294994203205665,0.09409416419805665,0.1085158148805187,0.08902852680643653,0.27271221569237386,0.1448138095320042,0.24654047468640428,1.5623813879665562e-17
241,0.0736078553768143,0.0875630397988586,0.09529186895849069,0.07965341229412284,0.29209208676915294,0.13229562889296145,0.23949610790859915,1.2272137626135864e-17
242,0.07910696817969448,0.08734556902149639,0.09535816845353501,0.07894313260228494,0.28795650397754907,0.1357011120342383,0.23558854573020174,0.0
243,0.07215114162064853,0.08710852414611518,0.11468323800243954,0.07131108734143081,0.2529603918235587,0.1424481546514445,0.2593374624133628,1.7513464975649212e-17
244,0.08709613323566152,0.12171852322528998,0.11160812323729367,0.07532483568924742,0.2414241847153765,0.09941880196853245,0.26340939792759843,3.027020467775985e-17
245,0.08443043828845283,0.0951970385306937,0.12266598513557622,0.036033433721264864,0.25278047718653734,0.11161572846656412,0.2972768986699109,1.968753385345281e-17
246,0.11729748326957214,0.08097312655292627,0.1308443341778504,0.06053623519693691,0.23935020330592466,0.10007396870407256,0.27092464879171696,0.0
247,0.13517528354801917,0.07784996072788897,0.11057446733950624,0.0678717440952066,0.23234106189566045,0.09869739304219895,0.27749008935051955,0.0
248,0.12494802432446951,0.10678792730910588,0.11249429526475141,0.010054335900966195,0.2542255311051184,0.10262998930283229,0.28885989679175617,7.504711912665596e-19
249,0.14384435396132392,0.09346491816526845,0.11974510536394208,0.03570932285725938,0.2831161336255349,0.05807112123207819,0.26604904479359304,0.0
250,0.1261100421148302,0.13594917305583115,0.10027559274363829,0.004852420771694375,0.25371467022522654,0.05017345637273807,0.3031183565062691,0.025806288208772166
251,0.12496027980109481,0.14051820173495447,0.11142365411394069,0.013390359320322856,0.22602377821797745,0.059441917283566785,0.29802952488318796,0.02621228464395488
252,0.11296217972319221,0.13400337665140702,0.11260208591732308,0.019132601046549635,0.1925823636928558,0.0992454664479694,0.27550011904388383,0.05397180747581902
253,0.12116682260585271,0.11880644603738592,0.11779788276930875,0.023342256883967037,0.21084435168190604,0.07764970215218005,0.2995695128491861,0.0308230250192134
254,0.10359184561228922,0.13520866902621656,0.1170660270960826,0.03560425517263128,0.18732291446769647,0.05941919152153774,0.3302880202193547,0.031499076883191236
255,0.09657125785491874,0.1560233486732929,0.12463125677476604,0.07133775454517902,0.15195491260707877,0.05421580472901432,0.3157728118369882,0.029492852977762034
256,0.118763223114641,0.13350577175593825,0.10987743671396273,0.09940613020284003,0.14843801077788338,0.06677430527827433,0.3036080413243476,0.019627080831112562
257,0.11834485018735245,0.14616090488399275,0.11314124398917723,0.10753077839311363,0.1425943180061663,0.06807685361757032,0.2960209602871148,0.008130090634512515
258,0.1259627149109667,0.14309536362581846,0.10774350900772264,0.09621501369815547,0.13587551805896686,0.0791938997959429,0.30300709713762025,0.00890688376380676
259,0.11748183298754879,0.1431889326794302,0.10798919711470899,0.09885131015905772,0.13494081194846272,0.08322864982924721,0.3048863795593559,0.00943288572118842
260,0.10467108552787964,0.14822651928171895,0.09392162043884493,0.1368527585418446,0.0876864289574899,0.0908865570850494,0.3193101382209018,0.018444891945270714
261,0.10440044637760959,0.1562573487717223,0.08415820828469558,0.12485578788123601,0.10523458340553705,0.089957280700508,0.3048415285713231,0.030294816006368325
262,0.10242660197341932,0.14127013204750608,0.08053009036607826,0.14631646234064294,0.09320518200559447,0.11545417445729658,0.287672661424397,0.033124695384065164
263,0.0990226597819388,0.13921620094331283,0.07626978804605998,0.1609083365009717,0.08199089635601503,0.11744791938549135,0.29018760397905946,0.034956595006150774
264,0.10072171971840171,0.12511397316772813,0.08326605554475286,0.174203860434327,0.06184198919184027,0.1180360117030236,0.2859621611565845,0.05085422908234182
265,0.09516513599601122,0.12147939940988328,0.09386790128833522,0.18440449497602657,0.049319414357631146,0.11030720661972611,0.30241827249295167,0.043038174858434794
266,0.08608379931127735,0.12127732658406251,0.08671000115952894,0.1730723884903687,0.05950960187138431,0.12814783649490372,0.2792078564035485,0.06599118968392596
267,0.08057776651041963,0.1268491157811618,0.08443834038932484,0.18082382488176477,0.05767861592990757,0.13570734337449758,0.2689192739254323,0.06500571920649141
268,0.07723504338414491,0.12399087125949375,0.0875112508936439,0.17797078537240915,0.056097969689630406,0.14181008538685302,0.2660141795772776,0.06936981443554718
269,0.07649950769694698,0.12270450524373457,0.08904217860202338,0.18071570564683864,0.05475095814006782,0.14300341905164193,0.2594642518619626,0.07381947375578397
270,0.09116717631344946,0.12435672728429556,0.09389518330075576,0.1906940933134756,0.0723193889571237,0.12411410246573533,0.2537908068315066,0.049662521532657926
271,0.07633811911308007,0.14286239689070657,0.09876209483318116,0.19412670502711366,0.06496169563050873,0.110170794726725,0.25261855298313196,0.060159640794552806
272,0.0702157093465916,0.13296907519334245,0.09507946276396262,0.19896023012555644,0.08341060368083052,0.12109696324818715,0.23263504610323363,0.06563290953729552
273,0.0705665162495746,0.13627107034911767,0.11098808660165203,0.20505482557404014,0.07362036356240093,0.10141724695268309,0.24391801211661387,0.05816387859291751
274,0.07370953069441073,0.13833170693164756,0.10591947893057842,0.2049243935520443,0.07049696522165645,0.09712964508687646,0.2542906935956902,0.05519758598609579
275,0.07508013625784253,0.1343406656828923,0.112566805603546,0.22342147025480383,0.05801245755672844,0.07476109245982271,0.2648577285928166,0.0569596435905475
276,0.0712656283481604,0.13601422046888786,0.1112192367924089,0.23377741951271927,0.046665922081859455,0.065928150708761,0.27958624578387226,0.055543176302330854
277,0.08324372496573693,0.15179697400880032,0.11857404651522306,0.20776662103895238,0.05391186040660979,0.0623075331282266,0.2457557958569536,0.07664344407849727
278,0.07623584713370128,0.17209954995694396,0.13197938052389105,0.19728598217709373,0.036384593842483506,0.03077619853456734,0.2747288197938881,0.08050962803643093
279,0.08733805403945837,0.13453051899784774,0.13821537864071437,0.1784318737527021,0.04205981746893102,0.04439299179509098,0.27294196825529704,0.1020893970489585
280,0.08005737451119745,0.13907481574023278,0.1280210880604894,0.17124669094189282,0.05245593860539796,0.06406765875417622,0.251341400794556,0.11373503259105741
281,0.07249007530924105,0.13633738226727318,0.1671725728353004,0.17639224983570495,0.03645727373090185,0.058459860887652496,0.22632579603587508,0.12636478909705093
282,0.07620177264202661,0.1291133302056718,0.17239853721049758,0.17881663504542655,0.03140499452505199,0.06355646926447057,0.2186938761002149,0.12981438500563988
283,0.09742798746143964,0.11907801134569572,0.16476313954946276,0.17110356602241777,0.04123955035476029,0.0689560684709827,0.2145121433023387,0.12291953349190217
284,0.0841260988673496,0.10767783419696508,0.12951777534590717,0.19132650291734998,0.06435199220350526,0.08943478292806875,0.2024598863682331,0.131105127171621
285,0.07173060750324751,0.09343225060551992,0.13980285990238905,0.19517617201784443,0.08415199754723225,0.11705396345541733,0.17979915042522646,0.11885299854212285
286,0.07667169542765219,0.08948564683314376,0.14793680186045088,0.19643059651835637,0.09499327085150236,0.10415631658599242,0.18635792542158855,0.10396774650031339
287,0.10028782450999747,0.09927394434067181,0.1702323174301269,0.18670873120736958,0.07732984749455626,0.0926605132244501,0.19784032853279745,0.0756664932590304
288,0.10164832413769694,0.10114142778115168,0.17153219698192,0.18396047847539726,0.08084441546573733,0.09048809712177996,0.19509571454042954,0.07528934549488728
289,0.11698217728171544,0.08408290866865181,0.1530737083157879,0.18231340873309854,0.09343244711975962,0.08282775286975744,0.19886425225000712,0.08842334476022211
290,0.11610602523498928,0.08431358346711841,0.13997299575686117,0.17917034456525038,0.0936190513853779,0.09364983022815673,0.1936347814511068,0.09953338791013926
291,0.1217641692772616,0.08760111710383846,0.13093058334281618,0.17880357982492237,0.09967750946691196,0.09837017321248204,0.18814606907292492,0.09470679869784233
292,0.12033400431426439,0.0870512788628898,0.12967083057447631,0.1789964297330266,0.10150425794712893,0.09715864847321672,0.18944832442739756,0.09583622566659959
293,0.11996734875986377,0.08351858066628756,0.14584475858928952,0.16819097275309333,0.12610249087410208,0.09799818394205681,0.15836966325014212,0.10000800116416472
294,0.09910700749499919,0.10216252295108463,0.1058713800490527,0.18407896276999522,0.13265322393331835,0.06003160319360002,0.18666038016571646,0.12943491944123336
295,0.07579566601713762,0.16846184760024827,0.0945954998600538,0.21248654995528282,0.11946383546132455,0.042099834413849,0.1676414896404622,0.11945527705064155
296,0.06302580365830487,0.15340020494086712,0.09742050404978751,0.20107881971759123,0.12563523165892568,0.06216662457052549,0.16966993259399826,0.12760287880899984
297,0.06482202702665373,0.1535861016255463,0.09590532265419836,0.19969335496748786,0.12417773059959986,0.06109828559735975,0.1683737161494578,0.13234346137869638
298,0.07240211302547325,0.11841823388208036,0.1129657978695594,0.2357674848917691,0.10534379129773298,0.07448232675852166,0.1409441563612827,0.13967609591258032
299,0.07567662004601745,0.11215427391733004,0.10934544925465045,0.21845235476823402,0.10055142112786278,0.1017545811363586,0.14333757852646822,0.13872772122207838
