oos_period,model_1,model_2,model_3,model_4,model_5,model_6,model_7,model_8
150,0.10276559162750873,0.18564717750239518,0.17315154683057496,0.03885949307773151,0.1480805566981722,0.08747132726100491,0.022488417426943894,0.2415358895746686
151,0.10931819493942542,0.1912490719348903,0.16639922169490037,0.0420453526831038,0.14329389621858651,0.08869421329895893,0.020413937076502568,0.23858611215263198
152,0.07341345215905842,0.18589524296288037,0.17055188543009422,0.03690078001777576,0.148236179444593,0.11173055276657055,0.03383287772580116,0.23943902949222645
153,0.07800841227031066,0.16900582386683755,0.17325624132155382,0.03938787402173853,0.14981701516084425,0.12049615265725681,0.03192150335782044,0.2381069773426379
154,0.07839477296682763,0.16053245532353297,0.14259540874512328,0.04474182370250284,0.1635432662380573,0.13044425951548996,0.03623412507180155,0.24351388843566443
155,0.0668442514697995,0.18378523969851723,0.12143350866931801,0.0686594449370541,0.15685887883008606,0.1371817410198978,0.036500117286190355,0.22873681808813687
156,0.04808062265882173,0.21113435885418128,0.13841014453375325,0.07356961483485235,0.16917667048711055,0.12923912367172166,0.013217749389841413,0.2171717155687179
157,0.063477387982894,0.23129524881169275,0.12835547776059433,0.08001807627607188,0.16959261566643857,0.11848446464027768,0.006876301597325348,0.2019004272637054
158,0.0532463831714773,0.22378497564927566,0.14200337136936309,0.08355514283771676,0.17545820001460943,0.11945974853407385,0.0014160675215409088,0.201076110900943
159,0.06093907682419806,0.23364955987708572,0.10629401172580007,0.0664821183280457,0.17457004058840606,0.11567372959699027,0.012304733215798766,0.23008672984267511
160,0.057498358177679204,0.226736889479516,0.11953796087008633,0.06006159171001281,0.16494798019283416,0.10853156986833072,0.029569321368359987,0.23311632833218074
161,0.05376113858598245,0.21325812278907041,0.12027600873658605,0.05798348386755826,0.16605492289810755,0.12223234999400108,0.04026005744140328,0.2261739156862909
162,0.04701671648282087,0.20945285134526437,0.12531811599747517,0.05467157371463041,0.15240626171990088,0.12266775790278113,0.0501125795810996,0.2383541432550276
163,0.05212502240980397,0.20027311777400494,0.1490066851166655,0.03506951949592105,0.1523532548103198,0.13893631654046654,0.06015404554741294,0.21208203830440522
164,0.0486435371032372,0.16888104311931165,0.13542916873774333,0.01714841136869397,0.19440421702376492,0.15328429201089008,0.0703836758195515,0.21182565481580734
165,0.02893268329561275,0.15064909135291557,0.1755397887209394,0.031121748602520836,0.22474721243466056,0.16296390805546698,0.06448089039485067,0.1615646771420332
166,0.02977534364632091,0.1631664680064104,0.16998302289914874,0.030690786428649374,0.21900116075706436,0.1499601201277801,0.09373538281724138,0.14368771531638477
167,0.023515930375492076,0.16075153152997718,0.16471951018831957,0.03094725080155755,0.2280576111328661,0.14736945978688007,0.09157447531821343,0.1530642308656939
168,0.00905354854233953,0.17413963958309056,0.16820876536160612,0.04462543067306738,0.2225493856994295,0.14285805694032885,0.09051948018145976,0.1480456930176782
169,0.0,0.1699693513409417,0.18002068017243245,0.07700488745170415,0.23065791435894384,0.1619535895094931,0.07016732173994417,0.11022625542554053
170,6.880354735989313e-19,0.17053602858612515,0.17496356572752728,0.06607290874647724,0.23532002220886503,0.1568506315692791,0.08250793596574517,0.113748907194981
171,0.0,0.17752112035091677,0.1844495551017384,0.04347716224207459,0.2313068424777348,0.15914868771388663,0.0757443562218994,0.12835227589074946
172,9.18104353943819e-19,0.17406683598951878,0.19877914532029858,0.04610728040848623,0.22551937753142964,0.1709352405542434,0.07592961596230752,0.10866250423271587
173,4.647421330103771e-19,0.1825098867612335,0.19604810337920148,0.04553921044351543,0.221510558908503,0.16547215790694778,0.07474119058019493,0.11417889201940397
174,0.0017284168884307794,0.17375453626194962,0.22165141186443227,0.03859639495796336,0.209754717121456,0.1498461398308538,0.07381094790634461,0.13085743516756954
175,0.005762250664227357,0.20444907036330148,0.18331810437887747,2.117582368133633e-22,0.2383172910654514,0.12785735409415838,0.08490262569907658,0.15539330373390722
176,0.0062168915159386195,0.23258621730225654,0.16112134291621075,0.0,0.23665541718725294,0.1419970954324421,0.08629745293369234,0.13512558271120667
177,0.05977974603880991,0.23523161268856402,0.17080995681210243,0.0,0.24612827145927238,0.13637953135858322,0.05580615348810212,0.09586472815356592
178,0.060577033340064076,0.2347970453468128,0.17303542595009996,0.0,0.24491264146711753,0.13671463369662742,0.055220345873639214,0.09474287432463883
179,0.06566360830383226,0.2525757129950479,0.17699536632030205,2.770538891347639e-18,0.24289712429881058,0.13941756471457062,0.042953303413965194,0.07949731995247147
180,0.0719927588380599,0.22503622284187988,0.16734686599196383,1.0751495078606489e-18,0.22050224537612478,0.15277739884548788,0.08412446628579662,0.07822004181968692
181,0.06400990024903576,0.23058605669707422,0.1727376755037977,5.702085745510149e-18,0.21173571513918205,0.1659903618117472,0.08711278926464108,0.06782750133352196
182,0.07011169077567699,0.22942901651915196,0.16576475712791483,0.0,0.1817783686128771,0.1687526283633644,0.11563031544052105,0.06853322315949342
183,0.06271263787472393,0.2203276671955608,0.1666710165094933,1.042035813578959e-18,0.18998473807048571,0.16498424947709076,0.12574742761881538,0.06957226325282986
184,0.053307789444861635,0.22101496239405818,0.14177536513297528,0.003314809738201335,0.19523185780455765,0.18644123550874495,0.12507884093756286,0.07383513903803808
185,0.053781209001185784,0.19498393894490607,0.1352712958524102,0.00014715778883402208,0.200288140300207,0.18915177610405612,0.13534697458158088,0.0910295074258198
186,0.053034166477848886,0.20933618731823317,0.10565932523409932,9.661469554609702e-22,0.2136981841601631,0.195678089422156,0.13994011441801135,0.08265393296848815
187,0.05036304698453234,0.22081989269194635,0.10473286334412053,0.0,0.22006456967990606,0.1919107398450892,0.1417539747369576,0.07035491271644777
188,0.04607567009201923,0.22261281195583696,0.1011335997514614,0.0,0.2340841799881667,0.18356619408684663,0.13693966038549032,0.0755878837391787
189,0.054132186257282854,0.2246007612294837,0.10133473903750505,2.412985108488275e-19,0.2351260012041142,0.17828986110234607,0.14231592018523356,0.0642005309830345
190,0.06607068595823858,0.21987970142594626,0.0994347354297952,0.0,0.22731702961795566,0.18039076880330623,0.14251888070950783,0.06438819805425029
191,0.05508559618426579,0.22057969273955658,0.10863841377163617,2.5690773987993254e-18,0.20405851554879278,0.1856562472802471,0.1545550504370555,0.07142648403744598
192,0.06149209217679244,0.22613367483471705,0.10619293788268938,0.0,0.19893631483700755,0.17923686748331535,0.15691489228699226,0.07109322049748593
193,0.05935626125690385,0.22033876418564527,0.09224014857630368,0.0,0.20433173413935127,0.1829352364421646,0.15016953024799537,0.09062832515063572
194,0.01979666311447812,0.22107560561185177,0.08454280858058141,6.244829812964889e-18,0.23966070344400522,0.20128752482100767,0.14681749494323748,0.08681919948383829
195,0.014759413592164827,0.14057109247800384,0.10655256083688183,9.750619772308127e-18,0.255241435217419,0.17849068245545624,0.179661176526401,0.12472363889267325
196,0.008825468524323622,0.1597787867960267,0.0914025473066875,0.0,0.26236171355113846,0.17901106505450623,0.17865862262584237,0.11996179614047518
197,0.015819613410289955,0.18012006346495704,0.11187603781719624,0.0,0.2568697974052916,0.1772907081785928,0.16684664950937952,0.0911771302132928
198,0.02546793386171381,0.14703562447220553,0.09287390730203797,0.01644133516273485,0.24755317089848325,0.16856583811887307,0.19159013088506635,0.11047205929788513
199,0.015901613946786405,0.15680381805025354,0.08432061955590306,0.02887348099594988,0.24416647189194277,0.16587129993019462,0.19570773603237188,0.10835495959559784
200,0.021419273892704822,0.14001397871213525,0.08842870082135641,0.03456589074360045,0.22797999966196217,0.1769190610170221,0.2001718925940627,0.1105012025561561
201,0.025686364947178172,0.13808158769288942,0.0850411216624619,0.03260526971135734,0.22434388815979256,0.17832157674991778,0.20397150809518244,0.11194868298022033
202,0.024816438259879926,0.149190317358456,0.084584027265066,0.06869764559830577,0.24415649114600568,0.1389014731435026,0.2178453769028164,0.07180823032496754
203,0.025493376504498923,0.16598132212712863,0.08541971078948528,0.057394953361576496,0.23611850040247623,0.13465128857881595,0.21600348983664033,0.078937358398378
204,0.021033298167534648,0.15892361215401424,0.08852327784808321,0.053388329563414376,0.2452473786868038,0.14088194196011103,0.21540856790249843,0.07659359371654023
205,0.04443205697769337,0.1355119204366879,0.11602057000902043,0.01696397236754271,0.2235981375884162,0.1515607617134861,0.2209448119790798,0.0909677689270734
206,0.044809011635392346,0.12783577735884516,0.10326960813056636,6.359364549301315e-19,0.21497560974815466,0.14592891505697958,0.25620245911076933,0.10697861895829237
207,0.013094372589075733,0.14655745603901488,0.09417119863305504,0.0,0.2500346237537366,0.1344705069315437,0.2595829608736775,0.10208888117889645
208,0.03353547709497405,0.11528206065473728,0.1006385015530612,1.3094070573354321e-18,0.21332507199223574,0.14974132042924393,0.26306014272036315,0.12441742555438456
209,0.02958423004065833,0.10931352330512878,0.09450848500069928,0.0,0.23446666082734657,0.14246497543797854,0.26334598466760806,0.1263161407195803
210,0.033784590085692325,0.10768768309343747,0.10266633865295156,0.0,0.24136512956069506,0.14880303145901178,0.24096114117374134,0.1247320859734704
211,0.04321928133325532,0.0994420519113162,0.10849196457388342,3.052733211681047e-18,0.22946847088414213,0.14679222598733824,0.24958925250243943,0.12299675280662521
212,0.05411944149160643,0.12038668580121661,0.0976703238936651,0.0,0.2235455373361485,0.13757244334952876,0.24561326616612528,0.12109230196070915
213,0.052712213933734625,0.12338177281175186,0.08414837959257149,3.559761839951044e-18,0.23071372696590697,0.1337386711432593,0.23835074958752203,0.13695448596425366
214,0.07208501508133043,0.1250277875844805,0.10319007507051232,0.0,0.2018867063497172,0.1282386552806258,0.25391382677250385,0.11565793385982981
215,0.06317178069755203,0.13244442714540444,0.08291758958531101,0.0005032414773657743,0.21908133410877667,0.1395642485422555,0.24957890240656286,0.11273847603577168
216,0.08426555678095259,0.12384980820918756,0.1123771340996573,0.017670995946560467,0.19649735920268446,0.13207605226128866,0.24218749038901272,0.09107560310965623
217,0.0838334108248416,0.12542971205437542,0.11265059022217437,0.02045576512048822,0.19481781714695795,0.13454812627048313,0.24070720070762158,0.08755737765205768
218,0.09542025252085086,0.10531351988611132,0.10297437987629873,0.010071885418272922,0.20384999097110476,0.1275693149904651,0.2713765167215474,0.08342413961434895
219,0.09892915974199493,0.10605318418474592,0.10241255544128403,0.007877730142428303,0.2021021824939791,0.12917940046511575,0.2704938113660374,0.08295197616341449
220,0.08778428426456111,0.09540120660187841,0.09387541077536042,6.0968902147711545e-18,0.2184472962247366,0.12682189208461558,0.2887981114434966,0.08887179860435132
221,0.13887932396448707,0.049784117905479465,0.0809929934712245,0.022525589274404602,0.22694335332844467,0.11105191668459356,0.2728645597692846,0.09695814560108153
222,0.15682116344422806,0.05186222843999129,0.07968276600952179,0.017378277305216006,0.19870940238777784,0.11521451126185017,0.27793430202873537,0.10239734912167942
223,0.16463228607099262,0.05112004699309327,0.06760081283206236,0.016976947145186327,0.19980470342129097,0.11390997280014074,0.2749888548728664,0.11096637586336734
224,0.1313476926723303,0.058265980637389546,0.07470215062152119,0.036326050049992134,0.23202440301958838,0.12426768217991001,0.26382856695466583,0.0792374738636026
225,0.125974885077163,0.059137979395060866,0.0709535582021206,0.04548563536288542,0.232850830624745,0.13891468459104425,0.25039266558439865,0.07628976116158223
226,0.12363765943052044,0.062383419516023726,0.07323617971123943,0.04267210904355837,0.23363292598773844,0.14354903234017238,0.2457012476589735,0.0751874263107737
227,0.08044852203409414,0.06446953225123316,0.08089351921648395,0.07896933893344495,0.24294384241598738,0.14540840807418212,0.24894795504455478,0.05791888202901953
228,0.06962761841609426,0.06117711345672064,0.08849238878059798,0.10323331333448559,0.26206046513174835,0.1510980503269363,0.22234438144421093,0.041966669108205915
229,0.08694504285701038,0.07635170090148476,0.0583871615933237,0.12799634003095872,0.258208781899216,0.15062222350515234,0.22402898118438205,0.017459768027471994
230,0.08078940656535888,0.09097085289808472,0.06598775768735593,0.10591924319936707,0.27298222607419587,0.15149477875476566,0.23185573481987184,0.0
231,0.08377346996073566,0.0831042490148447,0.038379639415437844,0.11846517834864391,0.2660999196080155,0.16667052845013794,0.24350701520118445,0.0
232,0.08391153744041521,0.08238197995705954,0.03828154796343903,0.11685144852497785,0.26729777665017024,0.16890728254538379,0.24236842691755434,0.0
233,0.08855681316975424,0.08219463465957498,0.03889843362951438,0.11396438323374537,0.2655968096804724,0.16642490269104,0.24436402293489873,0.0
234,0.11070024266987752,0.09891902371105137,0.07839990423467989,0.06800292005320564,0.2658784553274913,0.13337943496411303,0.2447200190385811,0.0
235,0.13014978402354077,0.09874003773253763,0.06773566899403508,0.056279714214182895,0.2731392029365119,0.12107416644109423,0.2528814256570973,3.8116482626405394e-20
236,0.12186893258649129,0.10006820758198694,0.07855937427678403,0.06340202379388159,0.2693577820646665,0.1188923353537984,0.24785134434139122,0.0
237,0.05956909186630999,0.08711432016231911,0.08193555294107058,0.07548205455837698,0.30351395810678994,0.1190685807141109,0.27331644165002245,7.808584982492772e-20
238,0.06417265546406584,0.09053467558247381,0.07877863633211515,0.07303089605782581,0.30431492677678934,0.1257537750684617,0.26307673637156065,0.0003376983457075027
239,0.050901157402804105,0.09713313206728368,0.0993912881314725,0.08331691754438136,0.2784490051900749,0.14773918439885414,0.2430693152641292,7.703685245931353e-18
240,0.044294994203205665,0.09409416419805665,0.1085158148805187,0.08902852680643653,0.27271221569237386,0.1448138095320042,0.24654047468640428,1.5623813879665562e-17
241,0.0736078553768143,0.0875630397988586,0.09529186895849069,0.07965341229412284,0.29209208676915294,0.13229562889296145,0.23949610790859915,1.2272137626135864e-17
242,0.07842594012382456,0.08786964414087656,0.09474729392916681,0.07878719292494946,0.2887364463712848,0.13640163169706926,0.23503185081182845,2.114170413542978e-17
243,0.07215114162064853,0.08710852414611518,0.11468323800243954,0.07131108734143081,0.2529603918235587,0.1424481546514445,0.2593374624133628,1.7513464975649212e-17
244,0.08709613323566152,0.12171852322528998,0.11160812323729367,0.07532483568924742,0.2414241847153765,0.09941880196853245,0.26340939792759843,3.027020467775985e-17
245,0.08454792812857555,0.09507366183558102,0.12290526683981816,0.035753748598450756,0.2525889134673193,0.11198435762261001,0.297146123506645,4.619029480050691e-17
246,0.11538415561609831,0.08094247075648674,0.1283613203952132,0.05436410080939064,0.23719126642798574,0.10155949533183817,0.2821971906619872,1.2709305857064438e-17
247,0.13384233426761188,0.07683701410822232,0.10865184766264996,0.06825334159713527,0.23269068731496803,0.1012349837799708,0.2784897912684418,1.1225436482374397e-18
248,0.12494802432446951,0.10678792730910588,0.11249429526475141,0.010054335900966195,0.2542255311051184,0.10262998930283229,0.28885989679175617,7.504711912665596e-19
249,0.1416495993711167,0.09261624898088133,0.11759078663413153,0.033115502781333496,0.28117225141378777,0.06096151801096915,0.27289409280677984,6.248985568362351e-19
250,0.12459572137917109,0.13502697573136946,0.09944220637052492,0.0025082172880055483,0.2416600098867222,0.049288400233421535,0.314422385250711,0.0330560838590742
251,0.12508254351033063,0.13993877323196005,0.11162542917906676,0.01043493933735337,0.22537776995205092,0.05690728457623857,0.30392991229725275,0.026703347914746843
252,0.11375247133783868,0.1329372832723213,0.1126353988492378,0.014465228752052082,0.191662269127607,0.09528358130891934,0.28533120478975454,0.0539325625612693
253,0.11980294316373592,0.11947318663925863,0.1166996574002757,0.021274579444420433,0.2095488980384254,0.07489785818987751,0.3067936983970805,0.03150917872592574
254,0.10359184561228922,0.13520866902621656,0.1170660270960826,0.03560425517263128,0.18732291446769647,0.05941919152153774,0.3302880202193547,0.031499076883191236
255,0.09670516021771634,0.1558107912270545,0.1250246568946885,0.07217539212281703,0.1498302161539142,0.05504713233634513,0.3156178343660546,0.02978881668040968
256,0.118763223114641,0.13350577175593825,0.10987743671396273,0.09940613020284003,0.14843801077788338,0.06677430527827433,0.3036080413243476,0.019627080831112562
257,0.11711954955938579,0.14790982624635024,0.11235219902102958,0.10534686671366378,0.14146870257318614,0.06541970271256381,0.30219685628493165,0.008186296887889017
258,0.1259403659096265,0.1435738598067811,0.10776722796109564,0.09623731707235557,0.13574292733327104,0.0791007861259929,0.30282103650899883,0.008816479280878298
259,0.11718398891932372,0.14363343262183548,0.10806412118974687,0.09887423966306236,0.1350617953922226,0.08311600968811372,0.30474010422010117,0.009326308304594027
260,0.10448242655644306,0.15003019824860045,0.09278058116682203,0.13739694770048805,0.08440780970533565,0.08818732784595597,0.31834742084406087,0.0243672879312937
261,0.10633636146709798,0.15456986674531747,0.08432020074447234,0.12364737614888247,0.10733642100081758,0.08619888033007479,0.3087353077185178,0.028855585843819493
262,0.10302819182498016,0.14158507322363464,0.07950940158516773,0.1433926774814459,0.09185485385960557,0.11029172195974737,0.29830917080384056,0.03202890926057797
263,0.10071386814454625,0.13793542838451697,0.0761937262674391,0.15828063616507712,0.08348164698597231,0.11170458697598978,0.2995870490786678,0.03210305799679065
264,0.10072171971840171,0.12511397316772813,0.08326605554475286,0.174203860434327,0.06184198919184027,0.1180360117030236,0.2859621611565845,0.05085422908234182
265,0.0964888995477514,0.12049662365885712,0.09328023404635384,0.18149733033726895,0.05052260537248779,0.10494660731546354,0.30837222633892025,0.044395473381897047
266,0.08888874788729009,0.1172921037365663,0.08902453665413845,0.1727490675101812,0.06433392845584683,0.13268987317356756,0.26983425108019904,0.06518749150121061
267,0.08048424011527125,0.12699633378635175,0.0840942193676179,0.18142768811121665,0.05510465496031942,0.13460113475590574,0.2719014792459964,0.06539024965632091
268,0.07857565792305213,0.12199288976129091,0.08918298565916143,0.17791960929599837,0.05994859063152557,0.14495947179954555,0.2584599070695457,0.06896088785888027
269,0.07873713072683992,0.12130781922970565,0.08936380823739956,0.17959531766679535,0.0559128453328535,0.13856961754682884,0.2602697239688752,0.07624373728970182
270,0.09343265237131629,0.1264794198897708,0.09741279028586416,0.19236367515552993,0.07692475916512061,0.12098665201295987,0.2409586297935401,0.05144142132489821
271,0.07663036955348304,0.14311037375861768,0.09885724054753003,0.19374705943606696,0.06534461005269238,0.10934091068403398,0.25265072532444305,0.06031871064213277
272,0.07147113453238528,0.1343942435071957,0.09578466076553155,0.19795318206037424,0.08529308154606266,0.1172648539684168,0.2315648290184827,0.06627401460055107
273,0.0705665162495746,0.13627107034911767,0.11098808660165203,0.20505482557404014,0.07362036356240093,0.10141724695268309,0.24391801211661387,0.05816387859291751
274,0.07370953069441073,0.13833170693164756,0.10591947893057842,0.2049243935520443,0.07049696522165645,0.09712964508687646,0.2542906935956902,0.05519758598609579
275,0.07671291062232896,0.1316971341269385,0.11124924634287985,0.22477748006150874,0.05997934065249376,0.0780013009977579,0.26032766052080014,0.0572549266742921
276,0.07746160989374586,0.14112093521032767,0.10877558246189269,0.2270214362338119,0.05446457825028624,0.06568701462097054,0.26642837919672335,0.059040464131241616
277,0.08383981159170452,0.15112869545751278,0.11817999590558866,0.2099992080948209,0.05319859562981019,0.05967238337520076,0.2493591168199576,0.0746221931244046
278,0.08998244578249129,0.15123734575890638,0.12057964397112153,0.19184328223306862,0.0497842586592494,0.044465124292510864,0.2738440447061709,0.07826385459548092
279,0.08378879480424968,0.1391095543931456,0.13736522109314064,0.17443048585121115,0.04807006772447831,0.05580209889977438,0.25646329782703503,0.10497047940596525
280,0.07993493983469255,0.1382223005320625,0.13405315233403858,0.17016783406344624,0.05059728176922896,0.06343688724338854,0.2524755662214691,0.1111120380006734
281,0.07208566435514892,0.1353302576624669,0.17299287864391427,0.1749787217392934,0.03563199324685022,0.05783264592785677,0.2254043311496587,0.12574350727381062
282,0.0767192759486087,0.1283898536477407,0.17111028776967563,0.17724541290124332,0.028659221519559096,0.06115763173786633,0.2303406049432364,0.12637771153106972
283,0.09700234296474572,0.11958478932586801,0.16500705641687033,0.1710140456563008,0.041394166279689934,0.0690147475283551,0.21418836073950212,0.12279449108766798
284,0.0841260988673496,0.10767783419696508,0.12951777534590717,0.19132650291734998,0.06435199220350526,0.08943478292806875,0.2024598863682331,0.131105127171621
285,0.07093286421409936,0.09433428320859469,0.1393849963362292,0.19446630709107035,0.08582309648721188,0.11696590923202774,0.1798383614611647,0.11825418196860203
286,0.07676510899649984,0.08898651214809489,0.15109340379296615,0.19594633405575218,0.09429179923233777,0.10366496031879342,0.18538116889631606,0.10387071255823958
287,0.10080439872951086,0.09992892771332819,0.1756882061001745,0.18480313869321333,0.0766107356626461,0.09121206436706143,0.19605884880389587,0.0748936799291697
288,0.10204852617368892,0.09964164768561794,0.16375026454328534,0.18465556222131443,0.08170371027406102,0.0935142783567541,0.19744749772976208,0.07723851301451612
289,0.11672302362944346,0.0839747926131709,0.15710112689271305,0.1819067414950487,0.09283250437072157,0.0820241363438014,0.19776230656950142,0.08767536808459946
290,0.11584975381482428,0.08425312312020455,0.14096508630580096,0.17923971306919528,0.09358382565598256,0.09344280481063885,0.19307696418190787,0.09958872904044556
291,0.1217641692772616,0.08760111710383846,0.13093058334281618,0.17880357982492237,0.09967750946691196,0.09837017321248204,0.18814606907292492,0.09470679869784233
292,0.12033400431426439,0.0870512788628898,0.12967083057447631,0.1789964297330266,0.10150425794712893,0.09715864847321672,0.18944832442739756,0.09583622566659959
293,0.12008928979978949,0.08344404938877721,0.14550301961806508,0.16811076107203218,0.125952328367406,0.09809440140416462,0.1585847817128131,0.10022136863595231
294,0.09910700749499919,0.10216252295108463,0.1058713800490527,0.18407896276999522,0.13265322393331835,0.06003160319360002,0.18666038016571646,0.12943491944123336
295,0.07579566601713762,0.16846184760024827,0.0945954998600538,0.21248654995528282,0.11946383546132455,0.042099834413849,0.1676414896404622,0.11945527705064155
296,0.06329456757963763,0.15301272738935542,0.09745801090270916,0.20087306266337468,0.12516171355457378,0.06261022310076614,0.1698217299136157,0.12776796489496745
297,0.06482202702665373,0.1535861016255463,0.09590532265419836,0.19969335496748786,0.12417773059959986,0.06109828559735975,0.1683737161494578,0.13234346137869638
298,0.07240211302547325,0.11841823388208036,0.1129657978695594,0.2357674848917691,0.10534379129773298,0.07448232675852166,0.1409441563612827,0.13967609591258032
299,0.07567662004601745,0.11215427391733004,0.10934544925465045,0.21845235476823402,0.10055142112786278,0.1017545811363586,0.14333757852646822,0.13872772122207838
