oos_period,model_1,model_2,model_3,model_4,model_5,model_6,model_7,model_8
150,2.8280786149225965e-05,0.0004481344639874238,0.9562843876962503,3.7092662533966593e-06,0.030223002242564828,0.010330454608153919,0.0025678288956133095,0.00011420204102755638
151,0.01812471014739551,0.15603443414139895,0.25043172275597936,0.00044205038971058063,0.07682727393658385,0.4914454590252716,0.002237226698499695,0.004457122905160606
152,5.154086401718815e-07,0.37716173586040974,0.1334990301353316,3.3222905953950793e-07,0.38622297416783047,0.09248378092299808,4.980977026436865e-07,0.010631133178027741
153,4.204147490484328e-07,0.04467540111806848,0.6585574898169191,4.644077564364456e-07,0.17500427101243274,0.037852947635190294,0.03881519423462324,0.04509381136026069
154,0.013896121049358407,0.003160604379657355,0.13582052252585397,0.05139560885159705,0.22486935491164792,0.08817822617859876,0.2299881562912625,0.252691405812024
155,0.037073039221383365,0.05817152044643942,0.144361471957617,0.1364708695344765,0.03979874121704653,0.07591793657261818,0.42144983827588706,0.08675658277453191
156,0.03125791209437138,0.16747787970687586,0.06643398824633326,0.19959655073136418,0.22616254106147798,0.03516943766662877,0.22608441812610922,0.04781727236683938
157,0.06350520756666388,0.27814336122532535,0.14589342271710176,0.1018647855175264,0.2001552011491346,0.17528951614939728,2.5549770571574397e-07,0.03514825017714494
158,0.06710396225426599,0.1445015250621144,3.099920614185563e-06,0.0029093872325549617,0.7672612617582094,0.018066620817161174,8.377828254473032e-06,0.00014576512682544875
159,0.008336473947140304,0.36885884095657984,0.0066540346884503025,0.24980836237112788,0.3526021305324272,0.009478960773435009,0.0007226736821035169,0.003538523048735918
160,0.0343748491855206,0.5646784629413344,0.0070835152479157,0.21999246243983955,0.13964083357320092,0.0008606901470386543,0.009402315391344961,0.023966871073805122
161,6.420261471632346e-05,0.9301686199274903,5.876680557230362e-06,0.06923675685427012,0.00042609793884306076,1.198117655416914e-05,7.6164634280745175e-06,7.884834414064624e-05
162,4.5156653832916675e-05,0.9996052192354234,2.653964419192979e-06,0.00010546894773148392,0.00017669358636468135,4.5809424556802855e-05,4.521503246306667e-07,1.8546037346792544e-05
163,0.00028431713919756224,0.9653775039317806,9.417068419921791e-05,0.00010731196991671734,0.03349494903912781,0.0004249190055908449,6.0053977469708096e-05,0.00015677425271759513
164,0.12641708037634017,0.15344672460530417,0.039769879204461435,0.009444443398406359,0.1706995566363429,0.46755050863558356,0.032671702795764125,1.0434779720826051e-07
165,0.18836590322928184,0.02946355798214822,0.04543659104699304,0.31366728599295535,0.20855509636539882,0.05598753124811366,0.12857790261012744,0.029946131524981587
166,0.49694534633946763,0.22944000332125647,0.010415009096927176,0.21075929511143984,7.107165692214089e-07,0.0048603787493862695,0.04075725527987012,0.006822001385083305
167,0.29059962316115706,0.4760072866961993,0.10001839533666293,0.10344366059612717,0.006726302508571038,5.273232450529117e-07,0.0232038101825043,3.9419553325276476e-07
168,0.5347671452774821,0.20239365358334466,1.1700211822704585e-06,0.021995999662737836,0.17141841760364768,8.380860599671479e-07,0.06942221472507862,5.610404668085707e-07
169,0.04364977825860661,0.7711580623350365,0.009052721454256084,0.14750812363095214,0.0014414610947647958,0.016783424992654998,1.1577850672494335e-06,0.0104052704486616
170,0.08139532833318312,0.7737902205656253,0.07132863077144645,0.046917226584487444,0.010666484524270601,0.015900356690106837,7.727929689298506e-07,9.797379113061017e-07
171,0.07755314590844063,0.38152655758938886,0.12373657016938414,3.586260193224044e-07,0.25641364482297013,6.944772367081853e-07,3.0763383537912824e-07,0.16076872077272483
172,2.1568633728846465e-06,0.8534337293648084,0.015949858004934512,4.0071820076213436e-05,0.0020623388567948633,0.0007621625097116436,0.0001787395356819442,0.1275709430446195
173,0.01145353929000674,0.6699090110646547,0.18517041515849442,0.0066515368275412825,0.10662302158573152,0.015444799176836823,0.004414883075199434,0.00033279382153511826
174,4.4183796892033706e-07,0.3593328687971052,0.4818118636362775,0.04019191667865218,0.030409194826335213,0.06829489014299661,0.01995840878511546,4.1529554893750344e-07
175,0.0006711770930532439,0.8188537511189617,0.1550820148252749,0.0008837831020902414,0.007385561848043383,2.190285852965362e-06,0.016636008821292365,0.0004855129054311833
176,0.01867277968517679,0.4134255823689027,0.3293784870721854,0.035861356648140094,0.08166918196735772,2.464086516642524e-07,0.05426888906489218,0.0667234767846934
177,8.30155565258375e-05,0.8313951777742088,0.12420270567997702,1.3744825315087513e-06,0.010739606485495368,1.1779973773162396e-05,0.029992309560179183,0.0035740304873090483
178,1.315525730512666e-05,0.999690588614139,0.0001649898055559928,8.500041705444847e-07,6.410106427934201e-05,1.7496599563325553e-06,9.887256486100554e-06,5.4678338107464966e-05
179,1.2199811964966166e-05,0.9997840244690285,0.0001512910689010537,6.264979599484136e-07,4.0576197894956484e-05,1.1616108832424371e-06,7.229378792323655e-06,2.890964575016397e-06
180,1.4103387242206187e-05,0.9997247338945827,0.00011046062350024241,3.806126431268299e-07,0.00010592842128943614,1.103447291966804e-05,2.5959970786569947e-05,7.39861703608292e-06
181,1.0173984113194619e-05,0.00012624240424597308,0.9998064687185222,5.934367965796897e-07,1.8404403074256598e-05,1.3499432526443407e-06,3.057027560192188e-05,6.1968343931864415e-06
182,6.074303895057582e-06,8.197468540564223e-05,0.9998565868774045,6.791083046359714e-07,3.589363835997963e-05,1.5952039177709799e-06,1.2467220705858873e-05,4.728962006626348e-06
183,0.040160486434050964,0.2682260157728198,0.2774001557827921,0.1319386606884569,0.07138975586216324,0.10344033892974427,0.06359734975411004,0.04384723677586274
184,0.01114547775264992,0.04117051875087904,0.42646305291070435,0.17049391434080802,0.1581161465771428,0.0009473012802771931,0.09722891665281728,0.09443467173472135
185,0.005844632791328767,0.04835238386178053,0.22670159695125192,0.13829154660852852,0.24026928642820214,0.023526664267434036,0.1295221188725122,0.1874917702189619
186,0.04963758634087509,0.045337755855388434,0.31431921877197533,0.1807102166991708,0.07367108940788371,0.20710580007645688,0.10442417449153227,0.024794158356717444
187,0.0009612077800670589,0.009182083989672437,3.2778145683115443e-06,5.698045548203624e-05,0.0650868025939028,0.000222993488148173,0.9236600359373068,0.0008266179408522921
188,0.01813629302203812,0.014946917856004684,0.0035661320416947163,1.5071362392401948e-06,0.8010651506763173,0.004680591305081824,0.1335652512596494,0.024038156702974645
189,3.933692475662554e-05,2.254981283901603e-05,5.445163628881064e-06,1.3816687443809806e-05,0.9997851740611918,5.614526658400527e-06,0.0001055919352864692,2.247088819495849e-05
190,4.970961746194659e-05,8.96242795835888e-06,2.1946718985012545e-06,8.428689697356255e-07,0.9998197978744942,2.9139310826233e-06,7.254758284458207e-05,4.3031025289978826e-05
191,0.15402614942695717,0.03753867385766747,0.06909750733013521,0.11988529708045711,0.14113455009782253,0.15748199741111674,0.292584126123939,0.028251698671904676
192,2.638408938510592e-06,0.009801705721947756,4.566092390730224e-06,2.960258984994044e-05,0.05830231837894566,0.03548378629748587,0.8328582428460941,0.06351713966434737
193,4.215754811764243e-06,0.05175506896686229,1.734322667248374e-06,0.03049694875929371,0.12230953968886461,0.0470191434331248,0.7269670139031885,0.021446335171187107
194,2.3235627322207886e-07,0.502552993901381,0.020689823524587772,0.033476572508057266,0.1992079400277821,0.09798679562583708,0.11118087930230758,0.034904762753773966
195,1.000824591304142e-06,8.815899206062282e-07,0.009456154870174318,0.051251485570793114,0.16222768349958894,0.09808007527888396,0.4334688549509112,0.2455138634151365
196,1.405735247599744e-06,1.3868372467064306e-06,1.9730155635822973e-06,0.07910346396240206,0.2314133433380947,0.05312071833503538,0.18564328403134697,0.4507144247450629
197,6.785132718419904e-07,9.196040638947954e-07,5.864486520200762e-07,1.9696305784104484e-06,0.4137373082431173,0.218208708232118,0.1459706022960659,0.22207922703213256
198,0.034355564088282706,0.06716139617488688,3.6777326166246493e-07,0.180735783106788,0.4532914353729039,0.10070388678131072,0.1504966385924143,0.01325492811015197
199,0.00012525784656738703,7.009422829394187e-06,1.1679303779033383e-05,0.0012664549239502058,0.05687469526704414,0.0029228169344211897,0.932180877650025,0.00661120865138366
200,2.665920510905921e-07,0.21898007138452943,2.7506681554384897e-07,0.13527367143250732,0.17876924553350393,0.04953128995740742,0.3180198624787805,0.09942531755440473
201,1.6051186558502956e-05,4.116827504426454e-06,3.3901289723368106e-05,0.02441706835145061,0.0008159138355982185,0.21251450987348697,0.758925459176375,0.0032729794593028623
202,4.575430661722672e-07,1.9676195872818298e-07,1.0075432149179456e-06,0.04727111192663045,0.2572794443978308,2.901885347719369e-07,0.1514197194696839,0.5440277721690803
203,1.5645428573711558e-06,1.1339261153253814e-06,1.6786355493895365e-06,0.12128877500934783,0.6267259628605746,7.109762482398016e-07,0.2519795120844771,6.619648302398038e-07
204,0.07838581900272919,0.010473902390437408,0.0009484483640063064,0.061401420910736394,0.7559079593304652,3.4458908460394365e-07,0.09288178504474744,3.2036779344430964e-07
205,0.1309970046815158,0.011874541511181901,0.07011822651080687,0.2475471259604342,0.46138457580025183,0.001600862626189413,0.07586150864518294,0.0006161542644370418
206,0.06154743048969353,0.003736607275512446,0.044005377734193274,0.0030679628790945437,0.6310029944095487,0.008731032714198913,0.24595636108621646,0.001952233411542125
207,0.027231690402326755,0.19230331022081423,0.030664813879585258,0.07050351536337127,0.34461544889784923,2.3026982938064244e-07,0.2928106065039704,0.041870384462253496
208,0.16019038555331136,5.003982541963072e-07,0.08184726321526141,0.19508722854402183,0.04719483212697796,8.148157904299284e-07,0.5156779800263939,9.953199890059079e-07
209,0.005899036153231276,5.551306084315136e-06,0.029050854900095485,0.0034598859464927472,0.6724893643989508,0.0006101378657097846,0.2884372601269078,4.790930252773797e-05
210,0.12275265989828034,2.566752493808798e-07,0.023759855557769632,0.413533338768449,0.4234117977182906,3.163462067445292e-07,0.016541270837555678,5.041981987165729e-07
211,0.18602920822275162,8.155655830935203e-07,0.13077707654217877,0.14503911493524954,0.0758242594188277,1.9922491930722458e-06,0.4623213125268062,6.220539410003827e-06
212,0.7922600326083349,3.9565574681058866e-06,0.03398041258169887,0.0021531683779116174,0.011036009955256859,0.0004806400868648227,0.16005630528258172,2.9474549883145697e-05
213,0.809450115685179,4.988584263739866e-06,0.03866336421447159,0.00012416297318269012,0.010768323340983337,0.00034238917383859447,0.13987790927403426,0.0007687467540468223
214,0.4434660715378206,9.689088383324115e-07,0.21752370156930526,0.01071134430061928,0.03628644424407323,0.0015056153547964898,0.266353438071983,0.02415241601256388
215,0.25636745842103553,5.809954997792243e-07,0.530466253590921,1.0315242114134406e-06,0.08626666375435191,1.7661614725741483e-06,0.1268953973016764,8.482508314111189e-07
216,0.13740292294258902,0.03348260024105245,0.039149940261894625,0.10275315999482741,0.16859674593118612,0.014318442397342722,0.36096300049920393,0.14333318773190376
217,0.7926137750616897,1.9635364433108563e-05,0.03560232701830352,0.0005700482575412495,0.0012196515552457673,0.0001589096166130799,0.16981121346381536,4.4396623581697455e-06
218,0.8132574288748362,1.5040994412196672e-05,0.008326228117939207,0.027177337916190786,0.0003022178055956368,6.560395924118051e-05,0.15085279079320407,3.3515385805573297e-06
219,0.26729047862068844,2.135411800748336e-06,0.05562257902036045,0.20769297669749207,0.018445325421179007,7.311740785438651e-06,0.4509382287133995,9.643742943812777e-07
220,0.03812206679777473,0.2017077301005631,0.07411684856261798,0.017069922715652212,0.46230838827022414,0.01841510849562764,0.17172559549966518,0.016534339557875116
221,0.01048414413305507,1.771554648119674e-06,0.2121956903804956,0.04715501392726579,0.45167312631442386,6.729312720560039e-05,0.2784150836621027,7.876900803283112e-06
222,0.46765738047839117,3.3389094516650055e-07,0.09958986379948391,0.126485804219058,0.20991727141016392,2.562238063541244e-05,0.09632338429633179,3.395249905792518e-07
223,0.9322028631141986,3.029946135992152e-06,0.008044667582642832,7.146314594339897e-05,7.799345725700694e-05,0.00027293116996474683,0.05931936987454187,7.681709315451652e-06
224,0.0071675263284393855,5.114652187910217e-06,0.00022774986259935478,0.09699208753579619,0.00034047658328980853,0.002267336463897446,0.8929779608232109,2.1747750579059104e-05
225,0.1953293507018194,0.0006656822079718573,0.21093184490200811,0.08892929601150441,0.12270559232989908,0.0631352392714297,0.31328276457682946,0.005020229998537882
226,0.8141825384832501,8.532638425109186e-06,0.12409583542917299,0.04284918509651943,0.0049036108793379905,0.011766402535888655,0.0021025425231565743,9.135241424904525e-05
227,0.23083238721842977,5.964200172065526e-07,0.09400897593396784,0.44350741621638934,0.14337746384420116,0.08827022150591972,2.358414908209333e-06,5.804461667257996e-07
228,9.282603944655312e-05,3.398730135387033e-06,0.25528479376337265,0.39966549234991805,0.1997544639888441,0.14434551962590356,0.0008474982723823338,6.007229997298056e-06
229,0.08221848016714933,0.09649287515112005,0.38211676927734106,0.19243689442233783,0.1223292718302526,0.03310065632204069,0.03537372952416481,0.05593132330559361
230,0.0717391819724189,5.005179068337813e-05,0.00027428557717763704,0.7773515707819331,0.1387983841918596,0.010200104628116352,0.0015813524065458678,5.068651265132869e-06
231,0.1368475324578145,0.20567471155422434,0.290833109782262,0.12445356687712233,0.12960754224335602,0.05648271428973093,0.056100659350546776,1.634449429639697e-07
232,0.36170245307707966,0.00026026509647063685,6.862573700110955e-06,0.023729431147215603,0.5992047222346355,0.012031179164582658,0.0030491787388432774,1.5907967472526888e-05
233,0.31780789643164775,2.1013852482402145e-06,9.430739454775369e-07,0.16969710724853307,0.39939385531683586,0.02137609057123874,0.09172125332486103,7.526476897403084e-07
234,0.6515651587918438,0.05556203207304355,2.488680442610596e-06,1.2335287083197226e-05,0.20691331611397146,0.02185979802243838,0.06408385731170939,1.0137194675073134e-06
235,0.9014212809807376,0.00012648740366052089,5.089416949864207e-06,0.0019329249409171453,0.08793928074573655,0.008213112751690723,0.00035202705907116087,9.796701236402457e-06
236,0.16512641224644986,0.06749612678764107,3.5466301072661836e-07,0.21522760512093841,0.22826693517482924,0.2998885122357933,0.023993764177882675,2.895934546964225e-07
237,1.2763421695236706e-06,1.954313272876254e-05,1.0193068163555803e-06,0.1895142740686378,0.5124798296222072,0.18939552865638978,0.10856933709148923,1.919177956140763e-05
238,0.0003896550148377827,0.002733773246178948,5.453419384497077e-06,0.022740905228094018,0.8208615050844086,0.14791904742293452,0.005269758738785334,7.990184537619826e-05
239,1.2844228067474914e-05,0.05364789388426351,5.638745799158177e-06,0.014319288316118978,0.2114573368899844,0.7188597427935421,0.0015902219967711612,0.00010703314545316351
240,4.930569374408296e-06,0.00010766302259314036,1.0688799538784875e-05,0.01838118243133746,0.24826014796040904,0.7310410361905194,0.0020806565996618373,0.00011369442656593958
241,7.979191355001338e-05,0.0006980932610160819,3.918706919984266e-06,0.01796436062741944,0.24313737260577126,0.7360768350116542,0.0020163634649270202,2.3264408741945495e-05
242,6.742534058636684e-07,0.18223600287679234,1.645481005028864e-06,0.09620513835477401,0.572663721375449,0.1405464184677431,0.008342495519574427,3.903671256259693e-06
243,4.549960331265228e-07,0.1450435042189489,4.0986743540496017e-07,0.4166218682350268,0.3015846031058579,0.13311299197251975,0.0036357681219443064,3.994822338583827e-07
244,1.065054074684859e-06,0.4458490400391602,2.146658490479267e-06,0.3972313247371362,1.5506512954748478e-05,0.15685956254883315,3.818255459516983e-05,3.171894755373869e-06
245,0.04928809109441722,0.21713415658417423,0.01297426617441913,0.269960131377261,0.07277664567554892,0.11089258504844508,0.0871120935809575,0.17986203046477697
246,1.0874316426879965e-06,1.551369209230049e-06,4.226807034676651e-06,0.03395511922351208,0.012271531824692192,0.44931344589143585,0.4871217482954393,0.017331289157034056
247,0.017817806588542737,0.03285919701201744,0.003849703510213021,0.19039449167433195,0.21321180852692806,0.223091071071024,0.1391624774163217,0.1796134442006211
248,2.781275351139098e-07,0.11737756197168481,6.447229253541215e-07,0.6750987488298626,0.030830510515585524,0.06265756997544276,0.11403432486359995,3.6099336380969365e-07
249,3.0153365415107004e-06,0.00010477795795750327,6.469666142320812e-05,6.213454009609766e-05,0.0012554666803593763,0.037560157556085355,0.9609293297100936,2.0421557443321514e-05
250,1.2353121904204425e-07,0.02081739188118059,0.12163046150773167,0.03732397962194884,0.30953996289870184,1.344757918228706e-07,0.17636519271377113,0.334322753369655
251,0.05563450697061533,0.1079364701062153,0.054931590436405955,0.04762605976174407,0.02512192738635162,0.038689381681736565,0.5478814701472262,0.12217859350970493
252,5.686125133334477e-06,0.10895009587137774,4.22337905924577e-05,0.00986184312023987,0.0030383799734174477,0.0003811358025458775,0.8112566097112263,0.06646401560546704
253,5.1452293282778336e-06,0.17021385577718445,0.000133477173773347,0.02292862352453664,5.4765003017749165e-05,0.0011510836942647893,0.7407066640135419,0.06480638558435285
254,4.514890237553688e-06,0.38210904417031244,0.00014628282917560762,0.059615307911455494,5.847618807969167e-05,0.0019053209749440095,0.5475038223327844,0.008657230703010853
255,3.5545416367513554e-07,0.04545967847756678,4.6980563686650506e-07,8.515983014053734e-07,0.3837743088794778,2.270939882651819e-06,0.15580605944490913,0.4149560054000618
256,0.054875793989923705,0.20412447078504856,0.10732596994173152,0.05669519768418799,2.277721805443737e-07,0.1310256019679573,0.2114319969359456,0.2345207409230248
257,7.239571732277153e-06,0.2894109775758255,1.6714652004783344e-05,0.002507741210451099,4.4672176903783724e-05,0.0005489156689660929,0.6694573159587717,0.03800642318534482
258,2.2183462403411565e-06,0.7631801622464297,2.161811488076609e-06,0.16868883037325805,0.0037428412701524232,0.0018193883376344477,0.05242685833239053,0.010137539282406335
259,0.008822425050570206,0.7087000409944556,8.299999569176493e-06,5.610147342892365e-05,3.0122836474239705e-06,0.0006263544346370989,0.23482504570751075,0.04695872005618086
260,6.45570841006745e-07,0.2881580545288343,1.06888302126479e-06,0.21696090730827203,2.8107401720415204e-06,5.549126673466856e-06,0.22307695864019403,0.2717940052019918
261,5.176720919863385e-06,0.053637775682915716,0.00043552193855965054,0.001628368127883654,4.073966804082259e-05,0.029863581248790363,0.779696893907062,0.13469194270582793
262,5.49029118746307e-06,0.12267769600336913,0.00028233347050548907,0.0016916344479208153,4.22378004275285e-05,0.019873623213209426,0.7900144097864735,0.06541257498690663
263,6.7911860425184895e-06,0.09662933329852415,1.79942631855388e-05,0.0007203236392027344,3.336318611477136e-05,0.034527477708417284,0.8183449361923506,0.049719780526162376
264,4.832873893722478e-07,0.26158606859518296,5.272372960960026e-07,1.424198481286992e-06,0.20480578361827467,3.966502885478887e-06,0.2902029090276527,0.24339883753283736
265,0.06068092180331978,0.1669526519945649,0.024439061646812026,0.023061925237106675,4.848728067678671e-07,0.13979696175196463,0.5327779403865102,0.05229005230691513
266,0.0867185939626884,0.07480979985145975,0.0823077388231071,0.05545972620849607,3.3462430831645826e-07,0.13982726844907648,0.5244785343579911,0.0363980037228729
267,5.6453381117605e-07,0.1808198797776704,0.07506841744321417,0.21448311221492894,1.14391330444465e-06,0.22975232636045564,0.220230758711508,0.07964379704510725
268,7.785468475631132e-06,0.003770842346725604,8.794773707781301e-05,0.007029101153250419,5.168772963996229e-06,0.767616077172717,0.22089640436118593,0.0005866729876035829
269,2.474422708229449e-07,0.30682551303916594,0.022118041426053066,0.06995469386552969,0.0007070656865993996,0.17895113674520066,0.17553204776032494,0.24591125403485542
270,8.357004943017067e-07,0.0006887161623915277,0.013597625479934084,0.03211907354638784,0.0059648849477507565,0.5903982665967537,0.34755605586013155,0.009674541706156194
271,5.623504063993005e-06,0.00010563985938184881,0.0017175202259146584,0.17611946897224942,1.0456277912299842e-05,0.799275186072353,0.022673705581799278,9.239950632543056e-05
272,5.934524437197303e-06,5.637916748134048e-05,0.0008419454442528705,0.0072086366791669475,6.526272312054665e-05,0.919704367007033,0.07209732925633981,2.014519816838277e-05
273,0.12420452667312278,0.0007557471579887975,0.05338490161379727,0.04621523790683017,0.3648930530761186,0.3547191358836026,0.047147692099636,0.008679705588903857
274,9.686042376035628e-06,0.0002462338319087035,0.0021798353986255147,0.023733279514980245,4.242305491275873e-06,0.9679960260401353,0.005697960758654477,0.0001327361078284881
275,1.7350191366090348e-07,3.200393478720809e-07,0.26823172877299184,0.11793579060198535,2.536043343573248e-07,0.16367123213824492,0.4501602981051434,2.0323603842049374e-07
276,5.959837654156662e-06,2.4678056260722365e-05,0.010454361747099242,0.04637876020446191,0.0002726259779843202,0.0019169180933872503,0.9408985060100721,4.8190073080321835e-05
277,0.0035355032435068,0.001360339829938892,0.04329764179593845,0.906961262880821,1.7758173996615102e-06,0.006333864211010346,0.034308624624478604,0.00420098759690625
278,4.954009119538453e-07,0.275849111941745,0.47819416628037864,0.050806569756545544,0.0048431715737559606,0.03992185707203348,0.10180552531181727,0.048579102662812096
279,0.007189759904341019,4.447396627972828e-05,0.7908211469011377,0.03689101662867765,0.0008365300333621024,5.929403183975208e-06,0.1639039803018757,0.0003071628611420725
280,5.59684324462382e-06,2.6642692205552958e-05,0.5963767873230853,0.05553197875689239,0.040176141213912275,2.7309012714822896e-06,0.2855488978397248,0.022331224429663583
281,3.721465294204309e-05,4.662115675185609e-05,0.8259282727481304,0.01244929824968831,0.0002313705783194622,4.947848928083363e-06,0.15697375447374384,0.004328520291495899
282,0.0009349890833881742,0.008383586482987988,0.33391833500171014,0.016610935258526652,0.0004850166129540493,6.317664297648935e-06,0.6395940354102162,6.678448591908442e-05
283,0.9130424950564466,2.8034449884278156e-05,0.07785730118625137,0.0014420847496007909,0.0001103367548742338,4.178752744283252e-06,0.007185225888199737,0.00033034316199882443
284,0.002534384398713547,0.005987076116857548,0.14510338862526623,0.08631841323298099,0.31091294229408634,0.1524607196518994,0.26721634609123823,0.029466729588957546
285,0.04738491923794446,0.015737273453021648,0.5558075477408924,0.1637056486405134,0.016024891568516816,0.07489771601687167,0.047900754962963345,0.07854124837927633
286,1.0221725975042495e-06,0.032427090688544165,0.7652445315714242,0.1379368276635325,0.02051739436254549,0.006017411985726711,0.012555584747947223,0.02530013680768226
287,5.097072914771783e-07,0.024985993238883234,0.6336660341507965,0.20839300538358185,0.028816768913603845,0.04507026402073284,0.05906670687010827,7.177150020060384e-07
288,0.025082412658223727,0.08194168219491124,0.4833408602753051,0.05954875607797047,0.1526526891287072,0.00016601492691662977,0.011655006642136985,0.18561257809582876
289,1.2494887918511486e-06,0.044510794847768854,0.7152572614805005,0.06233381134918447,0.1487878461713529,1.282291079808532e-06,0.02910499886296889,2.7555083525988594e-06
290,0.0021361105555777454,0.044696923179554954,0.5850725064692639,0.1586284631795152,0.0807069812804015,0.024813816087728965,0.0058229809876134,0.09812221826034437
291,0.009690715111421543,0.23464225459931318,0.18425523910472788,0.20878505655151017,0.23847592064377676,0.10789108543920187,0.01625923175717655,4.96792872035777e-07
292,0.0002465659108823026,0.004753153513798538,0.18229212995171148,0.03953411420422233,0.7728589798324521,0.00027845442208302454,2.9093291803845207e-05,7.508873046442445e-06
293,0.001252999694183884,0.0311388592725439,0.3699113131058267,0.05804170300097409,0.5216085121086844,0.013983577640136665,0.004061264605791892,1.770571858490513e-06
294,0.4920240665705169,0.19582377027382314,0.23530631895585238,7.530515774104647e-07,0.0768425198815535,1.9971661567619177e-06,2.8638767268658467e-07,2.877128472083399e-07
295,0.0003147366604006178,0.18022142250435957,0.004474198992259954,0.043193230129913315,0.7709123283384218,4.006374871196348e-06,0.00014195307192117014,0.0007381239278523486
296,1.6701939282781761e-06,0.2122652224285439,0.027747621826563335,0.2593225454464357,0.45788493614977954,8.607604156304114e-07,0.016148767439884637,0.02662837575444897
297,1.6953106585716848e-06,0.2736071013196242,0.036456169783055,0.030594254130829626,0.608687317487633,9.158192095199665e-07,0.017045211692449817,0.03360733445654026
298,0.009287935531885606,0.2426123213201508,0.04337023077223963,0.08569718869239631,0.5478686406135448,0.020457378419151177,0.03264998882499655,0.018056315825635095
299,0.00718384768406915,0.5609548269895264,0.05780362080360857,0.15689077360282402,0.12722534547658376,0.03913711579113883,0.02069211489978985,0.030112354752459377
