oos_period,model_1,model_2,model_3,model_4,model_5,model_6,model_7,model_8
200,0.1243425731673338,0.17347748725102896,0.06541344832296822,0.12711980131760842,0.08362624435057292,0.10065698618309146,0.2726425994646229,0.05272085994177318
201,0.129384736272301,0.17818344903421166,0.08248144293739311,0.11729902861292744,0.0622297560085117,0.11127468067230377,0.27231792793395443,0.04682897852739703
202,0.12526571350773236,0.17945307980354627,0.09317392081039104,0.11208574095546828,0.06362430512025112,0.11518965926040611,0.2591883422023138,0.052019238338890904
203,0.199936025359329,0.13485589088856478,0.0765387099916771,0.09075442993996917,0.0592901316345133,0.09431899983255929,0.27500626793295685,0.06929954441943045
204,0.17824651930846516,0.13233372089113515,0.06886555990115285,0.08300433605519224,0.07951175584005972,0.09946719578847994,0.2898729493232123,0.0686979628913026
205,0.16053311202142118,0.1417126406954361,0.07079795069425084,0.07747792426710025,0.08387784898033526,0.09408789344503833,0.307798616751923,0.06371401314349501
206,0.17771169086387925,0.13778012960865407,0.08823039930882615,0.06361398830884009,0.1152467181657722,0.09897356992443868,0.2935891408260283,0.024854362992561347
207,0.18453826239651003,0.15182655874771658,0.08629646115419999,0.08205804017490752,0.09335873995496217,0.07445835122302237,0.3026689667410338,0.024794619606647462
208,0.18521108480771026,0.17076420239103263,0.09031329490406582,0.0819856259994964,0.0869020628837312,0.07813013464274454,0.298076697732427,0.00861689663779214
209,0.20202496655170124,0.1659846555366409,0.08275170395663371,0.08186449218458673,0.08339900284786221,0.07364198527568429,0.30251194692713246,0.007821246718758494
210,0.18653433881472986,0.1859727816256927,0.09537704596884146,0.05815454694126485,0.12748535295210106,0.08088350214866266,0.2586789836214165,0.006913447926290846
211,0.18699520600056832,0.18553750717834183,0.09274591891609599,0.05904681190766121,0.1285219284244949,0.08123255276291153,0.25927199721867805,0.0066480775902479335
212,0.20443322606907882,0.185155067942408,0.09231768814116667,0.05030784531215186,0.12936629908922714,0.07662280317878409,0.26179707026618326,1.7014244932361709e-18
213,0.2040414169949072,0.14376680502771252,0.10330435187768629,0.051323525718665435,0.14398563502735615,0.06896832365955048,0.25276297410339255,0.031846967589729394
214,0.2147511797900117,0.17791746733919891,0.09201226137604494,0.04624392919563343,0.16696836714719565,0.06506577907292024,0.237041016077995,1.2329530694229473e-17
215,0.1980307888943599,0.1799302964286185,0.09454106951757404,0.050665245948270286,0.1689176078713525,0.07265220309008141,0.2352627882487433,5.215817130949952e-18
216,0.21064601942731598,0.16526739701180612,0.094399704733592,0.06632960024905794,0.18350186941548904,0.06763141872093735,0.21222399044080154,9.745920547513166e-18
217,0.20476893348720082,0.16442629958193106,0.0923444198297387,0.061600313217498905,0.180644228728163,0.07924748920027572,0.2169683159541919,1.2116038686852202e-17
218,0.2179129556893608,0.16797863749016073,0.09855847818307903,0.0539444382499425,0.1851674302042932,0.0760378032209962,0.2004002569611675,0.0
219,0.21639610547063248,0.16525633176881677,0.0967628783508096,0.05780814906721555,0.18526497583876295,0.07659496645410298,0.20191659304865972,0.0
220,0.21159262636034348,0.16558179757603192,0.09931212046614818,0.05563026630851491,0.19208684534500206,0.0863978911832604,0.18939845275969916,0.0
221,0.23495818232597848,0.1881642272359255,0.09320220750517422,0.046115217643267765,0.19357574767264818,0.077239796772156,0.16674462084384992,0.0
222,0.227340090271323,0.20437573786734461,0.08497018954764894,0.03906573501286603,0.1904410513850438,0.07762159681083937,0.17618559910393422,5.719589976328943e-19
223,0.2313462182398744,0.21563787484475924,0.08434612374202978,0.03262056715736103,0.15042120859149208,0.08094083581108868,0.19986023814913884,0.00482693346325574
224,0.2694932510802479,0.24369788271289217,0.10660131686495979,0.004729893273850713,0.1269527713632296,0.08449044218416572,0.1636281619161822,0.0004062806034718679
225,0.2744800569070325,0.24876360005747863,0.09923571154709694,7.400950376627048e-20,0.1307939457404137,0.08512903910425394,0.1615976466427243,8.113516843504015e-19
226,0.27337383880465876,0.24930712694631313,0.0995477694217625,8.12329175121497e-05,0.1330223626607531,0.08452732385793084,0.16014034539006952,0.0
227,0.2674735421325423,0.2072137015635779,0.1305785497279938,0.03475839289605695,0.13470587206120566,0.09218868033260903,0.13308126128501413,1.470660954668808e-18
228,0.2916482292699633,0.22698691618149694,0.11848125810218504,0.007124835117179222,0.1290177290247638,0.08320132157906235,0.14353971072434935,7.318788180743462e-18
229,0.30138810372538916,0.23156941882680504,0.12717270420056917,0.00899633692180445,0.09734164206063022,0.0865149510773675,0.14701684318643443,5.912025274033087e-20
230,0.3016956450692141,0.2268702548991865,0.1271756844416658,0.010086749310904489,0.09780033366711655,0.08613152215625064,0.14838158590604694,0.0018582245486149734
231,0.2508703533905575,0.2211140092944774,0.11248512433420904,0.016829383725825677,0.09808143651142293,0.12054114478392303,0.15492303669458904,0.0251555112639953
232,0.24190908470250722,0.1981217112533773,0.11944470386042541,0.02304177117411007,0.0949863923137228,0.12730535285395442,0.1483013408243651,0.04688964301653761
233,0.24389316510247108,0.21021717390313158,0.1176850318881942,0.0005752798365386239,0.09584643476709935,0.109834528296302,0.16008822634469008,0.06186015986057313
234,0.25121987341749424,0.23070811299191063,0.1249494233129759,0.0,0.0850207094632326,0.1123790854003354,0.15873212965363978,0.036990665759411255
235,0.23153363583473527,0.20294703037888917,0.13602926241078622,0.029223493832761592,0.090868798994074,0.08595549002598647,0.15336129120854738,0.07008099731321983
236,0.2106248344563894,0.20583408622032034,0.13340873116030874,0.04034234985073339,0.11151964355320627,0.10145972041177968,0.16642561353544205,0.03038502081082004
237,0.19787533342364955,0.24891708023943526,0.11479547991127109,0.030548947440704882,0.0967308223801461,0.1422380901875338,0.15625930179957828,0.012634944616680945
238,0.19209735107853748,0.25876313833491427,0.11079517299766178,0.026129075599545665,0.09261479902181145,0.15045289575638654,0.15288324421693966,0.016264322993203125
239,0.1961735113468384,0.26731587998650747,0.08535400872642543,0.032890655210162247,0.07817342137082829,0.165375513470133,0.15132304436604668,0.023393965522058326
240,0.12350709487851395,0.3433327162515663,0.051261909794960724,0.08077168647257979,0.07505926709245234,0.14884215147697857,0.12359333288983305,0.05363184114211523
241,0.1483669651468398,0.2907923006225873,0.06714208160995228,0.05299689744271789,0.09630089300726509,0.15440872492981472,0.14014174905349486,0.04985038818632797
242,0.1492526477341786,0.2908615206414701,0.05891308346500877,0.05330871338868352,0.09223763007462882,0.16039291863487581,0.1380804029407245,0.05695308311942989
243,0.08708698932305838,0.2865329716596093,0.03617719384480517,0.05259763686471159,0.07549089372795732,0.17831550031840096,0.1804300268375312,0.10336878742292607
244,0.07358517325974794,0.35200031918560765,0.06587518594382241,0.0690073714950052,0.07353003489903431,0.12064469532577353,0.1699569717272868,0.07540024816272209
245,0.07874628260481809,0.3586711948706526,0.03549905083200673,0.03694157404368364,0.07362080383700567,0.12502524573195137,0.18488147809667257,0.10661436998220926
246,0.06302299654458043,0.3804322141112955,0.04845408769158467,0.038949279249981386,0.054598923200997115,0.11384027406838305,0.18099197241594606,0.11971025271623188
247,0.07006991191753614,0.3668104990594561,0.06042778738231491,0.035374005698442276,0.05738415027557898,0.09543984508590261,0.18489620866580542,0.1295975919139633
248,0.08108886000859279,0.34924377292250297,0.06957929780608144,0.04429296251394102,0.052774026179968424,0.11831095660480867,0.1601937046372924,0.12451641932581223
249,0.09504419070370722,0.33230664649154706,0.019509966579975113,0.06302292944743806,0.07962786137541353,0.13601195048059397,0.12165775330404222,0.15281870161628283
250,0.093493725360515,0.32576671842664545,0.017171471735898246,0.06524840668314753,0.0770406526254823,0.1369926121407876,0.11481357053175073,0.16947284249477307
251,0.09694064916998826,0.33729930248810047,0.011982655400341954,0.0531517568779259,0.09389609678142448,0.11336941859964227,0.11349388120981205,0.1798662394717646
252,0.07689469281402268,0.33706203494236586,0.011638984492959512,0.06727157031063596,0.08535589673515348,0.10858404131634183,0.11764576291214514,0.1955470164753755
253,0.0815323957647224,0.3347791874934077,0.02610617149210461,0.03723203110835374,0.0628330376265191,0.1138190100243851,0.14372577982201495,0.1999723866674924
254,0.1017647341843821,0.3408355133236351,0.0,0.07421954008948352,0.05243047286276359,0.10416990012158203,0.14946239229723837,0.17711744711991526
255,0.10593047634811768,0.33009606120459184,0.0,0.08811129533582042,0.03952361470147783,0.11906560617339244,0.13819311845878027,0.1790798277768194
256,0.11064129390839127,0.33385458744758817,0.0,0.08469431889672559,0.03648978856582979,0.11236774533660451,0.14047998607340503,0.18147227977045563
257,0.10872573482591566,0.31090979570695026,4.890556479204626e-19,0.07402854857504908,0.04074553512931498,0.129428711749311,0.13918316642405726,0.19697850758840166
258,0.12392685294981982,0.3167164546527056,0.0,0.06529472231626218,0.033257892361858866,0.12893409713302914,0.14562256155271103,0.18624741903261338
259,0.1199989632456164,0.30253425117034277,2.429472058867359e-17,0.0700450413174364,0.03496618121217535,0.13248172472074912,0.14398905490045955,0.19598478343222034
260,0.13151754612260413,0.2857610794957659,1.1317959417345904e-17,0.06575278380627046,0.051102153069943014,0.11874340928206309,0.14906892658489806,0.1980541016374553
261,0.12621013907269785,0.289643488288685,3.1174435510010058e-18,0.06716911438329043,0.05040685343893558,0.11800551920151009,0.15018384364483775,0.1983810419690433
262,0.10208752234246721,0.30917897305174485,0.0,0.09140120480250344,0.041984433192090685,0.13946198309489896,0.14106836543733306,0.17481751807796186
263,0.09580765132256991,0.2822809119292014,1.1995625143210234e-17,0.08956753438524982,0.03790701154065288,0.16449583516849264,0.1443788382342925,0.1855622174185407
264,0.09835315463129828,0.26815933085350413,0.0,0.09470856908711965,0.032171978347427896,0.1852973104271483,0.15867724648090725,0.1626324101715944
265,0.10195316042752738,0.2678743867937688,9.87874922201185e-19,0.09255554176405446,0.030985662644416635,0.18391948013242318,0.1601552128816993,0.16255655535511027
266,0.09943161965236542,0.2708468807259996,1.5672227106557019e-18,0.08691733235462773,0.035871144999752365,0.18396526191524862,0.15803755159757943,0.16493020875342682
267,0.09854625892759064,0.27231222615381095,8.071800470851783e-18,0.09020766494472927,0.035082594124315594,0.1837052936267456,0.15753974381330724,0.16260621840850073
268,0.09236006273581103,0.2590249552923428,7.002771718046837e-18,0.09497132362754468,0.037474547027913585,0.18241119068253422,0.16398378061416144,0.16977414001869215
269,0.09013329663337706,0.25734066559034474,0.0,0.10300603574566476,0.02983929734938809,0.1950888562070104,0.1527911440758071,0.17180070439740788
270,0.09231985400387935,0.25406712267529025,1.9729658868182683e-19,0.10076969687834002,0.02710067887878384,0.19947289503638485,0.15197920192306902,0.17429055060325263
271,0.09314885420114598,0.24786936242944246,0.0,0.09306330904863692,0.02297015576717917,0.2135078983527645,0.16285310389267502,0.16658731630715595
272,0.09205615708295117,0.248164260912672,3.5514900338255215e-18,0.0978575728282316,0.021207647925806972,0.22316309517537974,0.15551440887402604,0.1620368571999325
273,0.09252750320928643,0.24635611423680873,0.0,0.0979905811140642,0.013679596462814607,0.21395023643146066,0.17073712350589043,0.1647588450386749
274,0.0786014424895569,0.24837980738793852,9.222047223138865e-18,0.09822409266782763,0.022381514195597564,0.2243306913293711,0.15979512595425463,0.16828732597445348
275,0.08174802556014514,0.2510691631881242,4.006743773194651e-18,0.09487900851344626,0.030185849432580767,0.2216599825336565,0.1362908810595854,0.1841670897114617
276,0.0814996005267149,0.25592529214785603,0.0,0.09517386601382188,0.03069390280027929,0.2185270569349621,0.1350220925282841,0.1831581890470816
277,0.08837891193193981,0.26756421076359477,5.141095590112396e-17,0.0945105687188695,0.020848366371996024,0.19665666146751962,0.14369138965032457,0.18834989109475564
278,0.08606975972000593,0.24945208713363407,0.0,0.09205025396836004,0.023007816906830462,0.22799207353759765,0.11513291618470524,0.20629509254786668
279,0.0736755244124764,0.2518323756498279,0.0,0.11445340721879262,0.025860239108333214,0.22998856990202113,0.1216816393500801,0.18250824435746868
280,0.07219909244766008,0.25502140507122373,0.0,0.11653706252918557,0.02583206423431235,0.22840142892054255,0.12263976126947294,0.17936918552660272
281,0.0775481668598793,0.25186834234563354,0.0,0.11582051596690267,0.031673206041129026,0.22476594035916062,0.12540595227457002,0.17291787615172477
282,0.08079989442192743,0.2150270246211893,0.0,0.12879841035655862,0.015367148265706279,0.25373648666553617,0.12153396164927051,0.18473707401881162
283,0.0926855904427969,0.20677981719605362,8.837465315609701e-18,0.14182479780656843,0.01894356476112648,0.25158561229464194,0.12607017513495514,0.16211044236285727
284,0.0798659585030325,0.19227325655126412,3.2865473923475024e-17,0.1358956722867496,0.03865868464657601,0.25634398265586944,0.1180776569539845,0.17888478840152383
285,0.09207222132693603,0.19139175907113926,1.585179809137475e-17,0.13156610123320336,0.022711295854133506,0.2588124067395016,0.1292855740653655,0.17416064170872064
286,0.09905022490216914,0.1810377882386893,1.5295932719739673e-17,0.12142152958717908,0.016332110410283575,0.2555944731728249,0.12638803910649102,0.20017583458136287
287,0.11025758581257891,0.1402180903423434,0.0,0.1292866654139269,0.035376433070084944,0.23302684395891662,0.14210869629832937,0.20972568510281991
288,0.08600616981314188,0.14307656647597508,8.66599408335008e-18,0.1278222447027429,0.03836805410214899,0.23857629584087398,0.1561001001485708,0.21005056891554638
289,0.0844809959758063,0.13291330326129502,0.001961296384710494,0.1198260135516125,0.050939238175433096,0.23888058647636554,0.16201586353579214,0.20898270263798485
290,0.09822946727857215,0.12824516964918364,0.004578657240360078,0.12046688854469909,0.041805959568470163,0.23555487320725016,0.1825821882074297,0.18853679630303494
291,0.10213112252902627,0.1399718697930024,0.011180760312743997,0.11743670434621072,0.017495195827152882,0.24202710918123868,0.16610912408255735,0.20364811392706766
292,0.11007403765951067,0.13148689886378556,0.008593102330632561,0.11503968854406413,0.026509534498749338,0.23955364868286871,0.168389808992389,0.20035328042699976
293,0.14863422059500164,0.13357322833943877,0.06356767907191374,0.1305417156741512,0.02810806718130905,0.21911205245563198,0.12802988917715122,0.1484331475044023
294,0.12459217326950284,0.08996694891528817,0.040451477667667816,0.13822427959232772,0.07069844139311027,0.22477025281307753,0.13305131779798351,0.17824510855004208
295,0.13780958092600523,0.08831189868173948,0.05494895799558721,0.16651080005538177,0.0729348972790235,0.20858008788415278,0.11897914911484715,0.1519246280622628
296,0.14864381737400087,0.03473741204712708,0.0362535290398197,0.17016387113605994,0.12402690110010835,0.2319934449669494,0.12743852475700793,0.12674249957792674
297,0.14061663062915633,0.037275326131022815,0.02527937102742971,0.17166457749083244,0.13124484980402196,0.25740623535391544,0.13507633731878493,0.10143667224383639
298,0.128914998628657,0.050605908778301296,0.018271783519754288,0.177360581595922,0.12430737914654832,0.24215666693508853,0.15094205459451898,0.10744062680020942
299,0.10847250699287048,0.05996618750224705,0.05199443820019193,0.15806966345622203,0.10801845681095591,0.24518666552538523,0.16575973596821753,0.10253234554290971
300,0.10622520477015257,0.059427920076417035,0.05311315693698452,0.15883847173999532,0.10988136394375274,0.24466648142796235,0.16671995789465954,0.10112744320907581
301,0.10565625676127585,0.06420593126832627,0.060256050440440724,0.1496702251211941,0.10215388212564844,0.25939767555651394,0.1831569335171372,0.07550304520846342
302,0.12656289063702544,0.05916687799553546,0.07316921534505787,0.13140420543438497,0.11231767341082934,0.2754826145628313,0.16361786264478861,0.058278659968546885
303,0.12158064373538534,0.06746459124160756,0.05069716665650087,0.1775245797613444,0.13571812451656107,0.2661847947412129,0.13382046041395704,0.04700963893243068
304,0.12493833418468689,0.08017057012663348,0.06604583199949277,0.1502716457456952,0.15063360766849518,0.257474435699602,0.12345207918955824,0.04701349538483619
305,0.124464240789179,0.08519959150712117,0.06591760374852162,0.15439790507391227,0.15110166678279496,0.2541449034080148,0.11640465498197826,0.048369433707477795
306,0.11750720692054188,0.07847690568645957,0.04625171991717943,0.14952965601471516,0.1584216279257514,0.29402397058607715,0.11222078657926737,0.043568126369008024
307,0.11413612713168864,0.0681311920861181,0.061106892043160506,0.13840366043096317,0.14795054415112524,0.30530940951590724,0.12743315913965392,0.037529015500383116
308,0.07806343771894861,0.07045536640836939,0.06363386677774051,0.12953959709040067,0.13491766050695553,0.3290270316852659,0.1150526084236501,0.07931043138766923
309,0.07301988565757352,0.06427305025657423,0.06592484630137396,0.13601748001266634,0.1425536833619799,0.3365998532616093,0.10630589445382171,0.07530530669340098
310,0.06923008294503738,0.05339584337029747,0.09035699721466654,0.0929691302043824,0.11616908022571967,0.3621691918447651,0.11480267222359822,0.10090700197053319
311,0.07789153143213447,0.05190224944887327,0.09131472241080238,0.09352302011532858,0.11263799249544573,0.3583315858395807,0.11452522534058575,0.09987367291624909
312,0.08579613872267916,0.05184656899024931,0.0887011163901799,0.09883768298512925,0.11676475679747376,0.3411380726092777,0.11776621790725467,0.09914944559675626
313,0.11012466288972299,0.054245311097776125,0.07186286417936465,0.12431669072695592,0.10514755421050306,0.29595920994309843,0.14406477145754737,0.09427893549403137
314,0.12518407794399736,0.05900411428299488,0.09295848286216533,0.11832290214251957,0.10502064689511678,0.26980587145181467,0.1277015997276702,0.10200230469272113
315,0.13390680651758535,0.07224928409547304,0.11267705706176327,0.11164164257054841,0.09524130024448152,0.24164193000807002,0.12969382920390501,0.10294815029717334
316,0.14318523117307091,0.06299445710416317,0.12227963344655651,0.12398649546939684,0.08947642574078493,0.2207101741549134,0.12856113974325967,0.10880644316685452
317,0.1459617393043338,0.05852366796715633,0.12415983021608039,0.12489642627574746,0.09540226835773913,0.22634966576296728,0.12436330877249209,0.10034309334248354
318,0.16382223439313234,0.0508483565893903,0.13406530380658283,0.13233081739309446,0.08594179463332319,0.20633046383754383,0.12356638439664458,0.10309464494928844
319,0.1632863816457945,0.05049406624557378,0.13415407896885878,0.1316079553744842,0.08787664532487262,0.20470473023074517,0.12472459599516535,0.10315154621350553
320,0.1662896165429366,0.054820111841968285,0.1405348221948805,0.1312316397992164,0.08024699445116619,0.20454868110705882,0.1246359128184588,0.09769222124331435
321,0.14937619034553995,0.04938245280069412,0.1687377210909852,0.15040078784947475,0.10300257762049907,0.13593393765184306,0.1405778276952292,0.10258850494473458
322,0.11018409385401513,0.05125497492807494,0.17159005598786312,0.1557700329707276,0.11725150744805903,0.13926655786210304,0.14585686068292092,0.10882591626523616
323,0.1006632657592918,0.04445232005077685,0.17151605543706425,0.16257068406336103,0.11033281682468067,0.14998280659788907,0.15002757623277618,0.11045447503316014
324,0.11021566362641444,0.04216797277296046,0.17966564102240323,0.15345555163329114,0.11410064763303436,0.14780805487256218,0.15468340726013183,0.09790306117820229
325,0.09839322133423677,0.03904773696407265,0.19107224769390738,0.15011353983187029,0.07323516033266397,0.16933432394673886,0.19718320709054182,0.08162056280496827
326,0.11282210024379966,0.03343407940809237,0.2045589712526417,0.13551577975278634,0.06342786412379176,0.17807702272772166,0.18835782107155452,0.08380636141861196
327,0.12359433855000813,0.03427913226366215,0.1500293942671656,0.14608101873543766,0.07127397445529489,0.2021992176033057,0.17761271086460534,0.09493021325952038
328,0.11856753381024152,0.04825526100216434,0.13182372082687438,0.1731089503608505,0.052646385869245534,0.16584279644080566,0.20785313755833437,0.10190221413048368
329,0.11855421268222557,0.05011358895979278,0.1213752526212784,0.17464748171007843,0.062166838325459696,0.16444582224053056,0.20576411403811912,0.10293268942151537
330,0.11977655545486451,0.04809104416224148,0.12136917773383353,0.17764371583792785,0.06047279887549483,0.1623088155340704,0.20947708135753876,0.10086081104302863
331,0.13280830959308246,0.048514606432494334,0.11094408704041274,0.1782022962857235,0.057481929816000886,0.1583421916654939,0.2111792782591683,0.10252730090662383
332,0.14282570390763827,0.08030488888974495,0.1019697248850557,0.1646068646100987,0.06757867484334962,0.14998424744276245,0.2010503322251267,0.09167956319522358
333,0.1545040321850423,0.09853083214570714,0.10748655770903837,0.1535145326608221,0.06687241481603773,0.1591077897568341,0.15746216510401925,0.102521675621499
334,0.16798926366500339,0.09522322241065684,0.10731248839233459,0.15000555630106108,0.04411788026156864,0.18424150461672562,0.15162898501987712,0.09948109933177275
335,0.139110655001308,0.128063133540338,0.10897563750435602,0.14925949918034997,0.07024712767647524,0.16230966570136038,0.1280494692202456,0.11398481217456673
336,0.14053537903830898,0.130594928965576,0.1084441426579376,0.15057688642267883,0.06858456840147255,0.15649430210806076,0.12912986807346355,0.11563992433150164
337,0.1462172556615629,0.12529856329521824,0.10746850752405453,0.15615776981561688,0.06299338969900602,0.16837805239516293,0.11341020699037091,0.1200762546180075
338,0.13024364454702278,0.14184339858516928,0.09865410078058202,0.15368994202932096,0.07361186806012068,0.1705575091856334,0.10978439623948497,0.12161514057166586
339,0.1275163430758131,0.14334158313458456,0.09921917894991454,0.16896728827553884,0.05910649545616215,0.15697796788920104,0.11598457056476222,0.12888657265302333
340,0.1285506168118767,0.14834514698988194,0.09832210614807611,0.17247976259301404,0.05783243378262042,0.15487102446712084,0.11197041257835534,0.12762849662805462
341,0.12319606445946395,0.15054684731562631,0.10051648313162392,0.16662461497106468,0.05752778075199874,0.15193229073996362,0.11995284772731805,0.12970307090194066
342,0.10186908829975641,0.165028273706399,0.11390068465178238,0.17487992126400012,0.04961956176123049,0.1456466869246113,0.11924839814159699,0.12980738524962326
343,0.09583070907258909,0.17359271294139914,0.10056429835606444,0.14795507459009194,0.07274265981500515,0.10851077832812556,0.13844564797351766,0.162358118922207
344,0.12366088596883963,0.18636771467961621,0.10468993717835914,0.12352652434263547,0.06928889946637143,0.12126700967724041,0.13080011206991474,0.14039891661602288
345,0.13889417614512697,0.19193677869145395,0.09314387459997338,0.10166120715295801,0.11689045534345475,0.12233319662754973,0.10266272876834044,0.13247758267014267
346,0.13746278015084173,0.18639315845012433,0.09561955069053862,0.07649982508975867,0.12432446961242027,0.12935781228439738,0.12324397690200053,0.12709842681891842
347,0.13940300788372634,0.19326789826287766,0.09153160881558307,0.07856918817930957,0.11907107034514278,0.11991665874501652,0.11576222488330395,0.14247834288404007
348,0.1478207893295679,0.19113526954679028,0.09216214815011187,0.07470350555564312,0.12492501008132219,0.10431225069849988,0.11345506261614723,0.1514859640209175
349,0.15159653086379368,0.19022984737702175,0.08300759769286296,0.07776992212185788,0.11296057913199999,0.0946871110375785,0.13825669854763856,0.1514917132262466
350,0.1630316848236201,0.1725626595696058,0.07734338230009727,0.09481001495588508,0.09322981619273808,0.09304409272916422,0.15822036545200324,0.14775798397588613
351,0.1648975814912219,0.16217110368900578,0.07135009999995644,0.1038429690032381,0.1028611835175481,0.0902087282031898,0.134720482083479,0.1699478520113608
352,0.17355820826857923,0.1544989850830551,0.06839085767524604,0.10313935158605947,0.10332992052970051,0.08837718563223433,0.13968698312350322,0.16901850810062205
353,0.20382491579403667,0.13392523682553853,0.060216630643972674,0.08869003154321714,0.11634456850297453,0.09174447332896439,0.13037433122351297,0.17487981213678297
354,0.20173701010643322,0.12419309953892595,0.06606739776072015,0.10216735907947047,0.10093285515817371,0.1010560208441581,0.12063112200056003,0.18321513551055826
355,0.18714485019372248,0.13091125636195428,0.059223734648198835,0.10570313954043671,0.10508690326115755,0.10160222418237709,0.13410425445662316,0.1762236373545298
356,0.18981946390515614,0.13937430918360946,0.059792632822327184,0.11669391998088335,0.10041534538482384,0.0932712671100962,0.13001965430090795,0.1706134073111958
357,0.1904701618873482,0.16173903371687562,0.03076251515039045,0.1340876830742304,0.11587855555891997,0.07529336274115508,0.10163802200365112,0.19013066586642904
358,0.19637777783855961,0.13738788220634587,0.04459879984171218,0.14486664714162265,0.12029760883416753,0.07746079983991634,0.1097614018773771,0.16924908241929876
359,0.20462770997919935,0.1409428754795728,0.04906875634268716,0.12333242689491422,0.12062016962382893,0.07545669140972387,0.11688000350675887,0.1690713667623147
360,0.2174853753612577,0.19182794382505333,0.006508402808687784,0.17806153224297225,0.13189287876560493,0.041399684024144644,0.09881954290639988,0.13400464006487944
361,0.19629772268753398,0.1917412623185323,0.023583394947283908,0.15672582234504592,0.14503494926593535,0.037351940070393205,0.12025943463678826,0.129005473727487
362,0.19182228032384213,0.17244206828063546,0.03021646939600216,0.15653597913376052,0.14082877547010464,0.04549886054449835,0.12203635256804111,0.14061921428211555
363,0.17856593664624376,0.16845470477161598,0.04121003564388743,0.13939671672698226,0.1506173379844438,0.06222106428654206,0.10915139606874469,0.15038280787053995
364,0.13240022235681756,0.1668103355132816,0.048240398043766994,0.12977019093870248,0.1726196531004111,0.07552323829897917,0.12049033313393205,0.15414562861310901
365,0.13709650802749213,0.18022820129965064,0.04210228975784197,0.12150905583390585,0.17434959384124016,0.07782313931138592,0.11696939495260655,0.14992181697487678
366,0.1198332614429372,0.17091541697252888,0.04513849126731813,0.1313957075790337,0.17886430001516862,0.0790720400555476,0.12104246839312369,0.15373831427334228
367,0.11984030541904234,0.17198153430547125,0.05039955822546748,0.12219901632011042,0.16448913849763178,0.07117167624518833,0.12625413474364947,0.17366463624243889
368,0.10714037974701426,0.18435803489411215,0.050023126439872716,0.127380878814571,0.182533002524259,0.07431834082694187,0.10670125141308692,0.16754498533914197
369,0.10466119832262923,0.18460563255244233,0.049121052009543,0.12990989990800675,0.182468782378862,0.06967672526172727,0.11151923674501218,0.16803747282077716
370,0.12079517276954187,0.15618124717116513,0.04881927978411331,0.058404253728873555,0.20229489938258913,0.09367309916961536,0.1027461669836065,0.21708588100949505
371,0.13360205212234294,0.12332136717012872,0.049582912046690415,0.0553129249212996,0.21327808589287986,0.11130255832096944,0.08556367560998385,0.22803642391470513
372,0.160036865964419,0.13127669845194415,0.054100500218670994,0.03656659789664714,0.1925674720639762,0.10304091641014097,0.10303285865191374,0.21937809034128766
373,0.17317584216010953,0.13418817808959027,0.05831176124891609,0.016946826629086073,0.19585887814332156,0.09364968643143129,0.11629011575570602,0.2115787115408393
374,0.1870702795802386,0.16357079452485318,0.06099887841478947,0.02542283154357413,0.17977024085529075,0.08733087833407446,0.1139953564384384,0.18184074030774103
375,0.1830754891453398,0.12282617117908383,0.08368375914499843,0.05799059233412185,0.19033796876851938,0.07725596678204451,0.08893181954132015,0.195898233103572
376,0.18015072282095804,0.1383213888757107,0.0688097074130897,0.0823405713549352,0.16349923257280138,0.05426126432945505,0.09964871352563263,0.2129683991064173
377,0.1746340291148542,0.1477528857639447,0.09730077159712042,0.05989045549971706,0.1527999454494772,0.051512476480664086,0.11485841251556402,0.20125102357765817
378,0.17727716960498466,0.12163106747503427,0.1056935609738753,0.041187579955063995,0.1663676947100271,0.05872043969622779,0.09151194413434148,0.2376105434494452
379,0.15891896317245147,0.12731713178126927,0.1224663320150784,0.01920669623871183,0.14974252586784906,0.07122373816506676,0.1050171130498389,0.24610749970873427
380,0.16233484025601197,0.1313336743320178,0.13456197854590968,0.015286320296557238,0.15347475259526108,0.06763576873399951,0.10687450546504237,0.2284981597742003
381,0.13907148186196538,0.13890181298356039,0.1437892234788704,0.02664352364042464,0.1437357450545732,0.07628809195985102,0.10909497815581753,0.22247514286393746
382,0.13310609656819175,0.13810698187519763,0.11835797373310253,0.04480518403151191,0.1584816783714251,0.08077536845600873,0.11674310125131399,0.2096236157122483
383,0.12441841322033312,0.12530491912076575,0.11224418059304406,0.02861118656281764,0.16248353163317852,0.08920569725997395,0.14500921004870293,0.212722861560184
384,0.11652117325005532,0.05582286522661554,0.09634370167882683,0.08357592453119908,0.1817527204726805,0.05436834870988508,0.17712157396709993,0.23449369216263768
385,0.10741207096017306,0.04206111846339099,0.10760339411072255,0.07831243280469245,0.2008496464655602,0.06019905151974482,0.16404300096061786,0.23951928471409803
386,0.13036350923884532,0.03896842387631056,0.10470887334126436,0.0690155813848266,0.19994465675107898,0.05197186506376456,0.16535597300934007,0.2396711173335695
387,0.13400853339527646,0.05077218984454096,0.1181770226859818,0.04629384621324232,0.2026267572199699,0.03582916798762779,0.19449590793522983,0.21779657471713082
388,0.14074052508649795,0.0400054438292226,0.13397650707861458,0.04332088831361651,0.19197974715225755,0.03155044254371171,0.2023438696998537,0.21608257629522531
389,0.14611463007890255,0.043796370970611634,0.12382537303692494,0.04605194987954222,0.20192028758506386,0.03437458317158949,0.2013759451183321,0.2025408601580332
390,0.15296503145956428,0.018087757225319023,0.1161509106671263,0.05235166737955354,0.20660200279486565,0.04171073265072518,0.2094510738422873,0.20268082397955864
391,0.14962557746889632,0.005275347042550342,0.12498287442525491,0.07290421766284728,0.2113797533728078,0.021790016077328247,0.19296048066633728,0.22108173328297778
392,0.15240270686070792,1.9833805855531637e-19,0.11232671860985702,0.08147249817539763,0.21034844013872347,0.02616235587766707,0.19205535490439454,0.22523192543225212
393,0.14823330317364514,0.004824675748933497,0.09403560975712177,0.10502189766840238,0.20326757715196753,0.04887340992601666,0.17853324970913426,0.2172102768637787
394,0.14628975156330845,0.0,0.10391585091892713,0.11260554025505322,0.19768836464711093,0.05608123605526166,0.17350509115490195,0.20991416540443655
395,0.14249645602523908,0.0,0.11796171931813833,0.11473250047598305,0.16122855450147733,0.05625901825430992,0.1949063708330071,0.21241538059084525
396,0.14207304031555992,0.0009091936802659212,0.12210035733931035,0.14087824672707336,0.15000026061523936,0.0605247696597691,0.18227101425869296,0.20124311740308898
397,0.14704650197574146,2.866412433064889e-19,0.13034549180583282,0.15278692575588299,0.15868641465493774,0.05583436049033386,0.1857914018915857,0.16950890342468541
398,0.14698624509481148,7.195677235816094e-19,0.12625870506993062,0.15078394662738048,0.16438027566607946,0.05618110050330492,0.18941809250565936,0.16599163453183366
399,0.15251235219268475,0.0035206538120738096,0.12342517007457555,0.1513017300617357,0.1609405749892726,0.05245540106290006,0.18782907068948995,0.1680150471162675
