oos_period,model_1,model_2,model_3,model_4,model_5,model_6,model_7,model_8
150,0.07223454306418842,0.11286905234493876,0.25439539161727276,1.800495584329303e-17,0.16104186908051868,0.13333793659314983,0.004187163581583901,0.26193404371734746
151,0.0658192685960822,0.10765178324231309,0.24072658323148033,0.0,0.17631869383465965,0.1262946599213024,0.027284551362269652,0.25590445981089255
152,0.04263418664689631,0.11154820612424246,0.24678254157729276,0.0,0.15857994206848072,0.14784647190217395,0.0368340517795477,0.2557745999003661
153,0.047860671304425194,0.1021295149936499,0.2493818934064344,1.869399067610411e-17,0.15086715623228783,0.15975838151192173,0.03742720845867865,0.25257517409160224
154,0.054244081001319444,0.09691493294758685,0.24181621574274456,3.125292171525146e-17,0.1744598902130632,0.14800665144090072,0.038125106254025265,0.24643312239935988
155,0.046189633740564215,0.13643252884619764,0.2026029225641246,0.0,0.16470005975459143,0.16528373047086273,0.04213298180196047,0.24265814282069897
156,0.043231930920040997,0.16257296340249935,0.19880680573887352,0.004312531921573534,0.1752766425786202,0.16650877415747548,0.009126476550702882,0.24016387472921405
157,0.06692736787097972,0.17148877838089646,0.18866410353579385,1.5774319623109601e-18,0.17295419013043573,0.15854751166368528,8.429036616355926e-19,0.24141804841720896
158,0.07714752870470235,0.21168091662441293,0.17098658624009808,0.021140212310277302,0.16015565257612172,0.13930044135244854,8.089146448297005e-18,0.2195886621909391
159,0.07162663278746467,0.2128787597148777,0.17371310667394993,0.03478131827594089,0.15828405969834877,0.13276329832348605,0.0,0.21595282452493195
160,0.06796132018031693,0.20552294775466615,0.15809654159979813,0.05379729007057676,0.17114866676077337,0.11523770515324028,0.01301198971716757,0.2152235387624608
161,0.06085624888797762,0.2060220541722306,0.15503254568211822,0.060925726267295435,0.16640707093748194,0.12598542638108426,0.021430526239189188,0.20334040143162274
162,0.05140884993304546,0.2020425236284315,0.14648273262965203,0.06276382628901886,0.1783640548016243,0.12825183133073306,0.023300762416582296,0.20738541896991233
163,0.05930238566474479,0.19581732594443482,0.17040712178572548,0.03993858479731073,0.17614520919694399,0.14103373809271438,0.031245459395183847,0.18611017512194186
164,0.06028920350565124,0.1846608855226401,0.15132445154637197,0.036810909003989284,0.18125644997195475,0.16183186338556577,0.03259353365724456,0.19123270340558232
165,0.04914459890098651,0.19833889704128718,0.13945204883904413,0.05706712559734022,0.19374214406015994,0.14871744319239127,0.03142764581036797,0.18211009655742272
166,0.02872079197839833,0.21940952799581923,0.1496864496952401,0.05394376122947401,0.19159514021789337,0.12471181847623954,0.06048569296737745,0.17144681743855783
167,0.04064147850851265,0.23248811136193118,0.13998454593569273,0.0627068983596448,0.18506851938716107,0.10795325625618468,0.06398618174701669,0.16717100844285612
168,0.02324965451604497,0.22264623815296228,0.1565641179772153,0.06344526518533891,0.18714231849586535,0.11200921406154939,0.056075843019786936,0.17886734859023679
169,0.0404233408270756,0.2285443882112866,0.1216633935099698,0.03372453001255714,0.18876083011922645,0.11792712907821144,0.06745261022574485,0.2015037780149281
170,0.04358297072956816,0.21938917391710372,0.12458162229324438,0.013520974888967625,0.18801732300941598,0.12091244841278846,0.07527318497137674,0.21472230177653487
171,0.03831328842648978,0.21786603054537676,0.1316530907577973,0.0,0.18555083417341317,0.13230303914280633,0.07606617212689379,0.2182475448262228
172,0.03938033644439393,0.19956827093737423,0.14334763755068144,7.517893862907227e-18,0.1777539192692456,0.13798607776818392,0.08470560941434227,0.21725814861477852
173,0.03863184134191043,0.19908523150783125,0.14355491324764594,6.449957369988034e-18,0.1790588581851585,0.13868431869530418,0.08457604363705488,0.21640879338409472
174,0.023824309110789067,0.17989989260467484,0.13170696132891424,0.0,0.2124857720257696,0.1403167500142085,0.09295770883748962,0.21880860607715408
175,0.011668375810552651,0.16641347920148805,0.1824957258697409,0.0,0.2281736608443837,0.1427130255302207,0.09410326743985488,0.1744324653027591
176,0.015508347510178187,0.17651583019258446,0.18315914821810497,0.0,0.21876327797657708,0.13914678116348148,0.09696168439628076,0.16994493054179308
177,0.021824071453244803,0.168860401528125,0.1759897508426248,0.0,0.23691877572713105,0.13899553508457815,0.08427409547006522,0.17313736989323106
178,0.022918813805457593,0.17299699936163515,0.17603737902611505,1.2548793113559906e-18,0.2387865122428977,0.1361319149426936,0.09096293189471827,0.16216544872548241
179,0.01324885445421274,0.16935638502912997,0.18969932837112413,0.0024825638885096523,0.2487286472853948,0.15358555193111667,0.07998156440715024,0.14291710463236165
180,0.012820863871462881,0.15973627814480282,0.1862420001296151,0.014387334898248397,0.24060272577843236,0.15625261694692844,0.08291573281856814,0.14704244741094186
181,0.021672383954522582,0.16395369713820962,0.19613754734337113,0.0018972422799495524,0.23741634270888642,0.15229005273708804,0.07310461014759395,0.1535281236893786
182,0.02189554595160774,0.1686281381487565,0.1990363318459919,0.005024280445281153,0.23103600020135776,0.14964925399891374,0.07201328387380214,0.15271716553328904
183,0.025000286999629473,0.18035996171009397,0.19664333550826896,0.0079907780866232,0.2303062393284043,0.1424061453448063,0.06611857081700097,0.15117468220417285
184,0.020085706794603954,0.1785446573255379,0.19731825079234327,0.013725242299540218,0.21141752468874814,0.15935281075803337,0.06466222344702192,0.15489358389317118
185,0.012350898134902099,0.2038765353507808,0.147809034485536,1.4204186660068775e-17,0.2408487864885708,0.15464294181989155,0.07584992786570531,0.1646218758536134
186,0.01589227161191987,0.23019805894569598,0.08904210685211875,1.938033882628563e-17,0.2574892869641673,0.1866376531001309,0.08912874009737976,0.13161188242758748
187,0.05325905972264579,0.23427275997789568,0.108714898445295,0.0,0.25787892419284053,0.18342554709049053,0.0667866117025178,0.09566219886731463
188,0.05485335439858221,0.23499099590332212,0.1110261244505453,2.2694779023877445e-17,0.2554000406235078,0.17955027541677487,0.06777004848406874,0.09640916072219888
189,0.05803044098089434,0.2461078051939911,0.11298999266318714,2.972486104351644e-17,0.2540007343452731,0.18084721114606178,0.05858795984858563,0.08943585582100698
190,0.05862898051718457,0.23725777679594381,0.10681772558633988,2.232937667637712e-18,0.25102685512000034,0.18449274588948755,0.08433104695315943,0.07744486913688414
191,0.03642425466487244,0.23937382672686688,0.1177355588636178,1.7080366441806682e-17,0.2358207516189055,0.19786511265711768,0.09191693247840439,0.08086356298921527
192,0.04596086411161011,0.23436975544330255,0.11061262831323972,0.0,0.21377936320993754,0.198805257445354,0.10930217654722366,0.0871699549283324
193,0.045397570872748094,0.23784064415178893,0.10733571613164858,0.0,0.21611797598619678,0.19166146313037405,0.11758675077745469,0.08405987894878886
194,0.02380582410727994,0.20952020596164225,0.10672616684182379,0.0,0.2344424532188356,0.21395097194563242,0.10887921489903206,0.1026751630247538
195,0.02657708782250749,0.17899212829216948,0.0916610936618317,0.0,0.24145010461475655,0.20495263699224156,0.11452487653869028,0.14184207207680294
196,0.0033103412482335974,0.2125606415301561,0.07500568703599424,1.7173937112698582e-17,0.2649731536218954,0.20053756490225724,0.10192217767048638,0.14169043398997683
197,0.0032311188542525583,0.2322124168517312,0.10841922591836788,5.341389765380276e-18,0.26609658277720166,0.18984947371010114,0.09684053740231291,0.10335064448503256
198,0.004706750693518458,0.2115745414663605,0.09102371963347633,0.0,0.2578182151267396,0.183334046865141,0.12603279399568584,0.12550993221807838
199,0.007881676342547092,0.21189502489963902,0.09227899436255918,9.080193194557019e-19,0.2531922090122457,0.18656698886135425,0.13866876828846755,0.10951633823218718
200,0.02490269899407676,0.1878140858230597,0.1019397819107027,4.65974000107806e-19,0.22619685917293625,0.20080494104433005,0.14810474252008232,0.11023689053381218
201,0.02591723160590053,0.18859524219624382,0.10173376958230393,9.323715166892386e-19,0.22609111073689214,0.20266269945515367,0.14660375118449953,0.10839619523800634
202,0.015592273008138697,0.21373188766877166,0.10144177311821627,0.03178165010209036,0.24655317675697386,0.16713157254112662,0.16572265054778795,0.058045016255894616
203,0.015428905262656575,0.21462120454039746,0.0987804434300001,0.02878383117102138,0.24476987583971127,0.17111605302442154,0.16051408085148763,0.06598560587930384
204,0.013103734370951152,0.2087320150143314,0.09647925204944735,0.02242151256602885,0.2630999969629975,0.18089288171751683,0.14936442749405893,0.06590617982366778
205,2.742259339171018e-18,0.1602517738350417,0.125180044635143,1.1566391550251188e-18,0.29646510379718627,0.17936337193630525,0.17222603230390107,0.06651367349142266
206,1.935064207271754e-17,0.17060541820561664,0.11979185834024994,0.0,0.3008248146253181,0.17144320972760144,0.1713477945161107,0.06598690458410307
207,0.0,0.17533308349691795,0.11311107497572447,3.062514975399037e-17,0.30072477408748466,0.18014850901681137,0.16770220585507342,0.06298035256698792
208,0.0,0.17726214773125415,0.11242607820827485,3.1080156493817604e-17,0.2991808804643419,0.18117497740047528,0.1674184243399261,0.0625374918547277
209,0.0,0.17968088976095142,0.10016684659728277,9.166654277419226e-18,0.299112513471451,0.17624391534507214,0.1751573641621258,0.0696384706621169
210,0.0,0.18133738976984687,0.1021877974980321,5.9233270171168894e-18,0.29923470495812793,0.17874389161195156,0.16714699556188353,0.07134922059915794
211,4.079698479581389e-18,0.17853290838757782,0.10303479763133243,8.381114036064775e-20,0.29229432071286277,0.1775663403628647,0.1806089525423746,0.06796268036198756
212,0.011858586375218446,0.19434807259862336,0.10093574596565633,4.59113033235053e-17,0.28980843514144095,0.1667842564352375,0.17261317747202712,0.06365172601079626
213,0.014240842797834306,0.19844492599123367,0.10022219710810902,0.0,0.2848166641301302,0.15986590165907877,0.17522494141602804,0.06718452689658595
214,0.0449178581876986,0.1897003922027816,0.11348936601812645,1.648576254772456e-17,0.24942478832754666,0.15921464283242623,0.18983730957646772,0.053415642853952686
215,0.040271050185601544,0.19462258676729066,0.09894323583839328,1.0243612799944335e-17,0.2554303880340045,0.16889661724887475,0.1916807136022265,0.050155408322608626
216,0.07042283588568213,0.17686374451384723,0.11488132185732741,4.454644852781138e-18,0.20087486786826195,0.16348898509547294,0.23394689475842204,0.0395213500199862
217,0.05335110181194034,0.16558150091925325,0.12921726653055068,3.974850977247029e-18,0.2048675290000303,0.15999706837273966,0.2444842985428236,0.04250123482166214
218,0.06229488522216048,0.15170070339305447,0.11500748699394933,0.0,0.20055038610664958,0.15697579472526293,0.25392882317022664,0.05954192038769656
219,0.061974193654772344,0.15128073538016448,0.11979417599470224,0.0,0.19786769411481317,0.15806651865140345,0.2541390868431945,0.05687759535994982
220,0.05783422828247988,0.13996073870429457,0.11432448495407165,1.8997142444437143e-17,0.20154768381688556,0.1644563626486478,0.2585326288882773,0.06334387270434308
221,0.06491786880804916,0.13027217107170283,0.10789020655512814,0.0,0.2018482048643492,0.1718848139598445,0.2618502094943823,0.061336525245543845
222,0.08193201979128621,0.13046413302023804,0.10987726415701486,8.517457830000794e-18,0.17769891053373815,0.1755828270394856,0.26719307509139534,0.057251770365841656
223,0.08599193330799768,0.13384930086811186,0.08135234229753176,3.039090687274346e-17,0.18910245568068051,0.17392250925904518,0.26034762557232916,0.07543383301330386
224,0.06533931370838028,0.14127774371795823,0.0938687970567388,7.826743251299517e-18,0.20611564233497798,0.16962520970035969,0.2598207487808401,0.06395254469974475
225,0.06904175684680398,0.14297129948303158,0.0963445239326239,7.341128674727275e-19,0.19967445148877,0.16908401970630457,0.2529906152228924,0.06989333331857374
226,0.07679957649259035,0.1369135086017772,0.09778455061652687,3.3651855365166865e-18,0.19564921682343953,0.17193743281515225,0.2472394901529361,0.07367622449657775
227,0.05195091200188226,0.1385850162624895,0.1092468259601614,0.0,0.21997797045929984,0.17266651537395147,0.2499698451541966,0.05760291478701892
228,0.06163387849309165,0.11995927909429976,0.09686575856099533,0.000669737953311609,0.2498112730631611,0.15939954266915043,0.26524387023171686,0.04641665993327326
229,0.074866052894721,0.12766651028338385,0.07027312377763066,0.014044523405118635,0.2621097184605046,0.16409978075021986,0.2689138717176457,0.018026418709775657
230,0.07794944556274974,0.12768170088667374,0.08058902897921609,0.018714874572800706,0.260505330190016,0.16288326770068687,0.2626445524197243,0.009031799687132382
231,0.10090867876807612,0.1110191196249591,0.054308637300923314,0.033444716584651514,0.2752541365009991,0.15481784850791983,0.26186469689779523,0.008382165813675735
232,0.09707597303153695,0.11097252853568314,0.05065708052952561,0.04122922714672103,0.2726801451533016,0.14918813582582865,0.2613356313835745,0.016861278392828517
233,0.08355765313016372,0.10854146807323611,0.05776161107015668,0.03952311545765148,0.28674837152778826,0.15228689522479047,0.26635610084448724,0.005224784670725959
234,0.08872748470982655,0.12817300145349697,0.08922195872204301,0.01992857519376329,0.2670970794369324,0.15665233536152778,0.25019956512140984,0.0
235,0.09087395668236921,0.13775560523627345,0.08512970477437388,0.0254185964562476,0.2608209473850645,0.16186621420259112,0.23813497526208022,0.0
236,0.0976939872083651,0.13789882760179772,0.08289389434461396,0.02574760835467241,0.2561535729689002,0.16138737556603253,0.2382247339546181,1.0144966548813813e-17
237,0.03347279919396517,0.13545300803330435,0.07748951617488359,0.08685113820891097,0.2704652220652176,0.15937582868110814,0.2368924876416101,5.138525374513074e-18
238,0.036241552688802504,0.1361524911030931,0.07338082724840292,0.0926621825663221,0.25693202370851337,0.16725467349186918,0.2373762491919968,0.0
239,0.023618627345128373,0.14353832689994842,0.08192124153932238,0.09264430050648156,0.25032661620212826,0.1782074019225905,0.22974348558340046,0.0
240,0.006601514265921111,0.1520642596034358,0.08555482165763213,0.05615157443386093,0.2776140673483461,0.17059711525071183,0.2514166474390921,8.435733470595148e-18
241,0.013880329965793688,0.13805729273083686,0.08060552030787516,0.07652131565469544,0.26234221118489703,0.17863748999206736,0.24995584016283448,5.6210959264311275e-18
242,0.022491205564986214,0.1354515978677393,0.08236873902243505,0.0769931296701466,0.2552905457155118,0.18445238081063922,0.24295240134754187,5.0608101016025696e-18
243,0.01662534391824886,0.12970692380317955,0.08941891897236737,0.07609877177060026,0.23970083502428063,0.19201528854798675,0.25643391796233655,0.0
244,0.021590792619668057,0.13280063748372253,0.10652348321506211,0.05682222097029892,0.25692069949946167,0.15306172086316466,0.2722804453476221,5.922242608959332e-18
245,0.04660041803876524,0.0924384197965917,0.10667714659902129,0.01606589205672978,0.2878387149853029,0.137458390708548,0.3129210178140411,0.0
246,0.07914601674708673,0.09358630755979608,0.11798914502708585,0.03674052972049517,0.2675682896155396,0.11727301111660532,0.2876967002123912,8.481314431069226e-19
247,0.09342344860710727,0.07921939879636047,0.12544604631361977,0.04298732708891349,0.24371039468101982,0.10071876633306796,0.30174587597883495,0.012748742200076216
248,0.08526621144127254,0.09038969513089386,0.11764884153553636,0.01818868567177937,0.25861757700500865,0.10170840350492266,0.3153104027572727,0.012870182952313843
249,0.08548242551004699,0.08491693584169883,0.1237659681900947,0.043412847951712054,0.26541689398108986,0.06607565125660882,0.30761580113478876,0.023313476132959848
250,0.07177541290950061,0.10316522596166892,0.11091960411942368,0.04091369220347472,0.20449074608467824,0.0837597333274232,0.33288982692238733,0.05208575847044321
251,0.0944590547982381,0.1003477136539346,0.11534085728982034,0.04515806066937893,0.21665358382213884,0.08710720448856618,0.3078221610025759,0.03311136427434705
252,0.08543364010886313,0.10332406061295459,0.11600964683677713,0.05276050704705956,0.2043488724950893,0.09515530049434377,0.30756226296061334,0.0354057094432992
253,0.08621041661623484,0.10184066347180132,0.12669296235746008,0.04449826006536025,0.20182558674121795,0.09509052724272081,0.3163436068838517,0.027497976620353023
254,0.10110484991065377,0.1278108302746919,0.11304962913300398,0.05311519719714542,0.2034028108368545,0.07234952890777839,0.31417434805096556,0.014992805687906447
255,0.094877434965094,0.1421751223982673,0.13830258555109298,0.06572256150907022,0.15895805247527717,0.09165967495532013,0.3083045681448783,0.0
256,0.11535934356882238,0.1278657539762919,0.13084681175678442,0.07356443568317472,0.1691169742310266,0.08328385343611076,0.29996282734678914,3.040596817733681e-18
257,0.1197959898505271,0.12022506598082913,0.11597753646855809,0.07643274121593313,0.16813903805969543,0.09354984860155567,0.3027443423987223,0.0031354374231791163
258,0.12279007055540576,0.1383589569064576,0.11705493583728226,0.03706461626962853,0.1669622401056045,0.1122809010787097,0.3054882792459116,1.03349269221252e-18
259,0.12104479120900256,0.13287206075457042,0.11694348276481262,0.036652048749613385,0.17808706288739484,0.10678005279899695,0.3076205008346091,0.0
260,0.12466940931302704,0.12484096048477963,0.11277373280949,0.06635801367898085,0.17416479522618594,0.10127836279977141,0.2942433128205276,0.0016714128662374539
261,0.1265388421450989,0.13106271905620762,0.10516116888929139,0.06450856195783375,0.18155395624260806,0.09813890606550793,0.2855656679167746,0.007470177725677721
262,0.13186795540568114,0.116992380227824,0.096813277555766,0.07364463142899123,0.1508638698021583,0.13906031868908972,0.25866964010854815,0.03208792678094154
263,0.1387228125867579,0.10397821826735107,0.0962536143847842,0.08352684356026845,0.16509479674432942,0.1213782666283475,0.2792373355075596,0.011808112319601813
264,0.12698491571377193,0.1088177749428803,0.10453655190217917,0.09731630504078947,0.11500463497063655,0.10012054448696675,0.3014655003794797,0.045753772562295965
265,0.11082581798049897,0.12239187165115516,0.1040019334514713,0.13365277869232328,0.11415183688020493,0.08668951348737634,0.29953133456616093,0.028754913289809027
266,0.1156742687038616,0.10077020431350966,0.10409118689258882,0.1594064709909384,0.09971817936408676,0.10957365168788004,0.2828858508796987,0.027880187166436008
267,0.1078135685715347,0.11810379511808962,0.10536329763212153,0.16376935554074437,0.08732155797998482,0.10449495389201632,0.2873226634296662,0.025810807834842218
268,0.10821214253020996,0.11424233294509735,0.1093934890690376,0.16216187661607323,0.0898600301628784,0.10785623553428757,0.27988949345702624,0.02838439968438961
269,0.1028473179663929,0.1108844952943201,0.11263738383559865,0.16652213623998885,0.08331117461648595,0.11425225781817946,0.2795687029384951,0.02997653128953894
270,0.10616816957572274,0.12193440154727715,0.10050876232938967,0.17982111258858582,0.07260118172017294,0.11209417280296502,0.2836833855808553,0.023188813854031216
271,0.09991935543668372,0.1222579711060879,0.0999166497196331,0.1764438634236539,0.07462799973796283,0.11054343921367651,0.2795441415158766,0.03674657984542544
272,0.09754564884047477,0.10134475761851894,0.10097406325398091,0.18272848448013537,0.07888621782055137,0.13657967284228179,0.2645662652565138,0.03737488988654309
273,0.09665249769352223,0.1013555881029217,0.0970718180904449,0.19649102709525731,0.07286585072139777,0.12964414487830386,0.2664874497011307,0.03943162371602148
274,0.09983504524179157,0.09454355011132896,0.09581960785824079,0.2021418667941209,0.08290110094313935,0.12388776851126211,0.2737099726586633,0.02716108788045298
275,0.10913755472822413,0.08823822251303891,0.10777923339459217,0.2192337893611279,0.07607272850785368,0.08790137865343574,0.2754948164209272,0.03614227641980018
276,0.09646914200978829,0.0941127207379817,0.09836228489448995,0.21822863971613418,0.07801070722699766,0.10741485426696015,0.242773537019812,0.06462811412683597
277,0.08906464513836888,0.10950366377721671,0.10498937299260942,0.19924392908727515,0.0775692909403511,0.09642030344508855,0.2487449878519563,0.07446380676613391
278,0.09184584693215316,0.10242167632449498,0.10263662093179098,0.20800551871174183,0.07630753125573032,0.0859758845833357,0.24857441378743386,0.0842325074723191
279,0.09327804734773784,0.10244309254350704,0.10235287060225448,0.20673492592197776,0.07738325266008945,0.08351910431229818,0.2506014261874219,0.08368728042371322
280,0.09502697719581715,0.1308507280102298,0.10670838519320046,0.20942378836065925,0.07290022928938031,0.05929277113654706,0.2528082211672404,0.07298889964592548
281,0.07801086084038113,0.1571942398778792,0.10708824461517853,0.21356637881794713,0.06116566061285299,0.04695240695375252,0.26601483150258926,0.07000737677841926
282,0.07843751700011319,0.12968433495002443,0.11151643704928046,0.21662844077814294,0.08179078658122596,0.07073556106487584,0.2347832830069283,0.07642363956840878
283,0.09298109340478666,0.1231322289595786,0.1257961223484601,0.21689945036624422,0.07574891995190043,0.05884483448302173,0.24560841834842073,0.06098893213658746
284,0.09294260113910224,0.13489987261395325,0.12392538010442392,0.2088969014941575,0.07898968677137015,0.06013256656548291,0.23407831465558582,0.06613467665492423
285,0.07809805334179871,0.1272348155415212,0.12873926331540275,0.21226912627501032,0.09803082341026038,0.08893104479874618,0.2103428738854606,0.05635399943079985
286,0.08897979287202111,0.12249685059477101,0.1342314312995643,0.21098878503551008,0.10046637479414755,0.08031164409847276,0.2157524131998003,0.046772708104712804
287,0.09938581085856325,0.12100205256894746,0.13204531218211327,0.20579396967944286,0.09168633583353612,0.08214749886646511,0.21244524282351598,0.05549377718641586
288,0.09968370121638963,0.12493832252210574,0.13371754709865924,0.19578979208323077,0.08682729446662259,0.07614428021300747,0.22975602763469724,0.053143034764287264
289,0.09821994458870144,0.10945510180380373,0.14807048880207224,0.17466883352099535,0.09429789529067889,0.09007977459276964,0.19602284076376125,0.08918512063621725
290,0.09343800466549455,0.10632237105156211,0.13758937114359024,0.16841414845220903,0.09544427701938876,0.10471596768127513,0.18800491645858117,0.10607094352689894
291,0.09379280145407097,0.10954547638021071,0.16642548457830206,0.17432536584139027,0.09012945111267329,0.10034811079899035,0.15291340089501618,0.11251990893834607
292,0.09206799701069947,0.11424748362300863,0.16656523634697337,0.1784938494133907,0.08459123018798971,0.09438563275738962,0.15523473165355306,0.11441383900599547
293,0.09046880910347078,0.1104654916933757,0.17957085116054364,0.17427183229597598,0.10039035638357491,0.09991633228838676,0.13703814516522106,0.10787818190845112
294,0.07093930921621401,0.11919343047445878,0.11884007306708542,0.20314351148274976,0.10148734078242189,0.06764130029942346,0.1817523740083602,0.13700266066828637
295,0.07185385752416211,0.10720521683981561,0.11793638955866081,0.2036650388175253,0.10674932603491728,0.0726251452892294,0.1856980446594803,0.13426698127520914
296,0.06290597797665719,0.10206562225152359,0.12330242289182393,0.19641828214842963,0.11362778978845912,0.08154514380715379,0.18051363173532722,0.13962112939962554
297,0.08886690991560756,0.1174620322104634,0.13493241444811166,0.1802432611179325,0.09917943192552396,0.06543979002949851,0.19976307788252698,0.11411308246933533
298,0.0803856362430718,0.11877225825668772,0.14866966285926606,0.18078031596518854,0.09247936527958604,0.07008165579776011,0.1867612810393556,0.12206982455808411
299,0.09259543809607082,0.10470124665224356,0.1378993928720091,0.17940770663056163,0.09628421663221434,0.06464093004294871,0.19808460560029303,0.1263864634726587
