oos_period,model_1,model_2,model_3,model_4,model_5,model_6,model_7,model_8
150,0.10323685811133139,0.19660717146271459,0.17671826973785967,0.02356614419579038,0.14893736716460715,0.08242365185372177,0.007210285386182791,0.26130025208679214
151,0.10971819483682063,0.20126944182069062,0.17501958075147683,0.02553137790111498,0.14338044466616767,0.08330561184259956,0.005138961101202011,0.2566363870789276
152,0.07082962564782666,0.190830061519111,0.17317935971473086,0.023385292666818828,0.13859415303257974,0.11443176699084481,0.02680184861335237,0.2619478918137357
153,0.07409107858420406,0.1770925035609256,0.17250651259749022,0.026038064166784974,0.1470906831157319,0.12708893241585542,0.019890481927503506,0.25620174363050424
154,0.07406121288171838,0.16936476839184622,0.14322553029138824,0.03181783401469111,0.16682352717140586,0.13688794114137143,0.021705975844457274,0.2561132102621214
155,0.0565309371470212,0.19351423437851062,0.1212642097196374,0.05900167647642443,0.15995459922028477,0.1443962141879959,0.02286067585535889,0.2424774530137668
156,0.03038962591637585,0.2237865330970914,0.14110079747644624,0.0657278599378307,0.1728414534143968,0.13317009471286914,2.974925294541937e-18,0.23298363544398984
157,0.05265583391648181,0.24373612611060383,0.12232035911078454,0.0764049772681624,0.16586303924040502,0.11986539180425201,0.0,0.21915427254831038
158,0.03738940234928932,0.23304853743074794,0.1471282147528204,0.07842029383262261,0.16817486971732273,0.11959655444331144,6.169370136727658e-18,0.21624212747288551
159,0.05150843809961639,0.2426336144975972,0.10282508392604502,0.050030652753851115,0.1773681357858412,0.12317071679994188,0.0,0.2524633581361072
160,0.044619105923667544,0.2318009323293169,0.11968991602664723,0.04647105909840833,0.1708546444445891,0.11267928059047766,0.020834891913192127,0.2530501696727011
161,0.03774831132352264,0.22321239740472512,0.11730909192813949,0.04662718000895216,0.17147902001476184,0.12593411281145314,0.03296725081230058,0.24472263569514496
162,0.031696520201638254,0.2114328339818206,0.12663284710566222,0.04101586826089378,0.15612369628925435,0.12851779078407596,0.04578487886919864,0.25879556450645613
163,0.03660332669982538,0.2031721085774651,0.1544604556678224,0.017462410212237253,0.14945030576510812,0.14772741967469183,0.05785276246506378,0.23327121093678596
164,0.030573457875771214,0.16962894991544086,0.13688492019772977,0.0,0.20011764973630314,0.16244493492846535,0.06869322055034209,0.2316568667949476
165,0.00737967734152114,0.1467626043698353,0.18297208450846184,0.012227698792357937,0.2407558858338975,0.17624684521243517,0.06090224627438214,0.17275295766610882
166,0.008909724865313554,0.1592970627754021,0.17601723384308124,0.011185755046988063,0.2338603314289895,0.16068824870452295,0.09565384833806038,0.15438779499664226
167,0.00030917647990514707,0.1558732823597468,0.17234279533438765,0.011770870905743192,0.243867073919859,0.1576781083904977,0.09292124906034853,0.16523744354851194
168,1.0695619995467175e-18,0.17133125489680828,0.17157233342165928,0.0265742598753909,0.23480231658100323,0.149990978592291,0.09023835942709532,0.15549049720475203
169,0.0,0.16813464776658507,0.182952030271119,0.06709001591939005,0.24193712006217322,0.16922716962488643,0.06418014240310065,0.10647887395174555
170,0.0,0.16834209719938645,0.1764248534134135,0.053590697306595714,0.24681504070699262,0.16444232517059254,0.07858647423188883,0.11179851197013023
171,0.0,0.17302630292550328,0.18841420989960328,0.030451607450789665,0.23749352784032934,0.17009634382832864,0.07394351605142123,0.1265744920030246
172,0.0,0.17094982873407072,0.20147693057847615,0.030156549574022418,0.23730594031280217,0.1803461048258147,0.07105899585955155,0.10870565011426216
173,0.0,0.1809113320398024,0.19836922064673276,0.0293969920870439,0.232952332427204,0.1718584804119197,0.06964812945047259,0.11686351293582443
174,1.1630270142628117e-17,0.17034298141877818,0.21686388826656033,0.020039059337973952,0.22262745993033073,0.15775485612737447,0.07193587458166172,0.14043588033632054
175,4.5623714608972016e-18,0.20643209795690595,0.1781605289131756,0.0,0.24773963863504886,0.1283568612339444,0.08104667637682435,0.15826419688310087
176,0.0,0.2320920862025827,0.15173929502902408,8.612732985499066e-19,0.24861224196451528,0.14674370712955562,0.08473332367715765,0.13607934599616456
177,0.04973940964531406,0.23640588047150426,0.16684649547484495,0.0,0.26132714788388445,0.1425925426965332,0.050491645521151374,0.09259687830576764
178,0.050978808979344425,0.23650506368596758,0.16683088109612268,0.0,0.26044795843081886,0.14386276341059884,0.050358727769222886,0.0910157966269245
179,0.05927931308136011,0.2486682562142063,0.17271536922565753,1.7338817369837392e-17,0.25896720418732583,0.14940559784810142,0.03625471454326609,0.07470954489908264
180,0.06481614853967879,0.22975132670195988,0.16360526725806346,0.0,0.23210288716566446,0.16036726046483335,0.0794682318055947,0.06988887806320539
181,0.05629070952426344,0.237646092771272,0.16854983611787014,7.204862249337871e-18,0.2214098595989158,0.17487904013788613,0.08371736881995573,0.05750709302883653
182,0.06434060329438249,0.23786435398853065,0.1524279496774232,2.7886442205951815e-17,0.18809125090012221,0.17892838682117068,0.11767963957557784,0.06066781574179287
183,0.0552461822550293,0.2266320939158737,0.1604525770119289,0.0,0.19747357458679893,0.17211683545835868,0.12640720493451718,0.06167153183649333
184,0.043359837223275285,0.23026575232955232,0.1340884449277372,2.8321671785072523e-19,0.20523185280827846,0.19775007882937684,0.12355768772758627,0.06574634615319362
185,0.043101377961605854,0.2028016877601055,0.12516173258280824,0.0,0.2102621318203199,0.19959373522913437,0.1351359056312186,0.08394342901380765
186,0.03855005063913688,0.2191391566900864,0.09633182899517256,0.0,0.22889998690199784,0.20498608077150185,0.13446533079649306,0.07762756520461131
187,0.03525955770682474,0.23185034321769757,0.09799467712040634,0.0,0.2355982829788476,0.20068460022684553,0.13701838819061282,0.061594150557765355
188,0.03654267187781706,0.2339242230456263,0.09941217381931601,7.520382022189785e-18,0.23384995832362715,0.19418798065414597,0.13410568486383173,0.06797730741463576
189,0.04486569505709599,0.23741851815904136,0.09989729022466075,0.0,0.23438228519120874,0.18900198597032905,0.1397112859711024,0.05472293942556173
190,0.05365852416892187,0.232251572663979,0.09868440561130078,1.4638700499939384e-17,0.22709238261380338,0.19175829388337012,0.14299612163119071,0.05355869942643409
191,0.03725020693437085,0.23328826450705886,0.10334993386369262,9.061637879056247e-18,0.22060535596618758,0.19456903774012718,0.150660594150633,0.06027660683692984
192,0.04440662181466082,0.23811225998186303,0.10115388346914478,2.2808982612979792e-17,0.21517721167834503,0.18778514427864018,0.15330002273646898,0.060064856039877136
193,0.04163656090876287,0.2310014302120192,0.0862855278052707,1.5289765261092483e-17,0.22158366057088766,0.19092980464504797,0.14752482008652032,0.08103819577049125
194,0.028311140862180548,0.1867172107716142,0.0925913362372611,0.0,0.22087758195626478,0.21093717059828052,0.15593669706951993,0.10462886250387908
195,0.0,0.14004225864968425,0.09666713846573463,1.6918829662948156e-17,0.27203307110638214,0.18690306561631012,0.1806570947337166,0.12369737142717226
196,0.0,0.16089730623676624,0.08004560426742999,0.0,0.2763056236290695,0.18723830183553003,0.17840393027378154,0.11710923375642258
197,1.791138266635562e-18,0.18643401452865824,0.10657860765337596,0.0,0.27563805000747366,0.18453035833052145,0.16417222070228948,0.0826467487766813
198,0.000509924587996168,0.15270412172981596,0.08712559420959498,0.0,0.27309559902567476,0.17898472065154986,0.1948957023760266,0.11268433741834159
199,1.7062006991929104e-18,0.16126080819820773,0.07682706899589686,0.007449477872626429,0.26625566068652656,0.1771035165403876,0.19982103120991598,0.11128243649543879
200,5.54410305463503e-19,0.14243687210020003,0.08290677246373669,0.01507894293600006,0.2518871847171522,0.1891610623169975,0.20490309441609622,0.11362607104881733
201,0.003115139703826616,0.14153762325368557,0.07717008541913785,0.012359361509356334,0.24920857581289957,0.19129936772657638,0.20932843817013266,0.11598140840338496
202,6.880916244808835e-19,0.15435989374000156,0.07716515987001964,0.055264736708403275,0.26865639955927423,0.14935072622812517,0.22593610593097038,0.0692669779622058
203,6.472324993757035e-19,0.1718134377754069,0.0778712690135764,0.04217493704105924,0.2605585688975645,0.14400121697154153,0.225213002471168,0.07836756782868352
204,0.0021702847085681076,0.1674643067108839,0.08511494601144308,0.0374072823910487,0.2541987544572425,0.15237933235300702,0.22342493317245105,0.07784016019435562
205,0.021954568251170793,0.13924499707396315,0.10857085856108316,8.14686876580212e-19,0.24312030021891473,0.16294456589444822,0.23308337903993515,0.09108133095948483
206,0.03220582776679971,0.12929213515075505,0.09378957300584972,0.0,0.20931406706927097,0.15587189755649855,0.2685627774075026,0.11096372204232345
207,0.014744095171755348,0.10980445159127564,0.10405838174601402,0.0,0.22783541893145481,0.1564098667788995,0.2708551286608088,0.11629265711879183
208,0.008120350555049505,0.11210737000521259,0.08681811778665431,1.1900548211115e-17,0.2286917456320374,0.15881783971864458,0.2770477611517779,0.1283968151496237
209,0.01168906629374389,0.10706219756321285,0.08001416539000442,1.5963077044820172e-17,0.2350160885865977,0.15108590922734927,0.2796949047356491,0.13543766820244268
210,0.004375938798724511,0.10435655175957408,0.08876871952480073,8.21358584528813e-18,0.2643981281122873,0.1559029917153476,0.2536108634559374,0.1285868066323284
211,0.013334289951129952,0.0950439171848011,0.0941673812426137,0.0,0.25092380756331145,0.15594747337046128,0.2659101096938295,0.12467302099285298
212,0.02611621324543568,0.12047460557560301,0.08001581824011716,3.7334916061551764e-17,0.24456128700389465,0.14551253384525611,0.2605834988362787,0.12273604325241444
213,0.024312506305992142,0.12403108658412701,0.06273114480835033,0.0,0.25354941315659596,0.14127510381720176,0.2528344499473477,0.14126629537938504
214,0.05140347989956491,0.12395372192172817,0.08730566963401247,3.7753581948066495e-18,0.21625046229738576,0.13478515617117165,0.27004923783469265,0.11625227224044428
215,0.04085319617531164,0.13261837886794192,0.06499677019355454,0.0,0.23575030784239961,0.1453155388931944,0.2674533348312368,0.11301247319536109
216,0.07097078075252657,0.12641560194972382,0.10386684400295733,9.740878893414712e-20,0.20488794776238245,0.13999706676910398,0.26472078788546116,0.08914097087684471
217,0.07108303053093558,0.12900083486803265,0.10315560856993924,0.0003298422063697956,0.20326704067028048,0.1432366146668201,0.26413437874618884,0.08579264974043317
218,0.08482808175524059,0.10231436556350873,0.09343815515642637,3.073459049109155e-18,0.2119139815915572,0.133318776432309,0.29226734135110205,0.081919298148856
219,0.08918218668626852,0.10328331392469613,0.0924934359619131,6.483454876073946e-18,0.2091625542848888,0.13562355943164034,0.29019395697461486,0.08006099273497802
220,0.08406276853211994,0.08616794282532393,0.08302873739027154,0.0,0.21636608404665655,0.13369129302507315,0.304716749531788,0.09196642464776675
221,0.1471116376865481,0.04244860384968169,0.06230180253479425,0.00018467189642641158,0.2249731014284535,0.1155810802927353,0.3004578340727076,0.10694126823765307
222,0.16166411939379116,0.041467094786354505,0.0647698463043915,1.5875117967203821e-18,0.20097988621452972,0.11719721019049954,0.30519980065738744,0.10872204245204606
223,0.1701872870740412,0.03991842624374163,0.05170323190153469,2.894682157679473e-18,0.20075797474492096,0.11473630275874909,0.30351997977020145,0.1191767975058109
224,0.12882367414645882,0.052808240292762675,0.06420064478028938,0.015918286966413252,0.24222995335159336,0.12977734959760764,0.28946277794996955,0.07677907291390529
225,0.12240864890369864,0.053317822720847625,0.05890305957178089,0.028227020930810615,0.24588976271921256,0.1409381122153928,0.27486811029986136,0.07544746263739546
226,0.11746169583110158,0.05915153027174678,0.06296936040018154,0.021068736157058617,0.24749703926404037,0.1473289773401525,0.2708267196911413,0.07369594104357716
227,0.0653969954032292,0.06395210355768458,0.07320573884552564,0.06480099285779523,0.2626046694804179,0.15237182583943584,0.2686546439158254,0.04901303009908621
228,0.0632153350890111,0.061999932118985454,0.07395485473347012,0.08530115492371704,0.2726856451321051,0.15336089232046146,0.2477019966267128,0.041780189054536794
229,0.07198297659881282,0.07755655416083988,0.04195707031556728,0.116941411896186,0.2825265386136523,0.1651419631575704,0.24224487940513315,0.001648605851238128
230,0.0625545448258835,0.09257266169156814,0.0536257432502136,0.09206389529665228,0.2943271455481558,0.15468428781612062,0.250171721570406,4.1802399435938e-18
231,0.06785586894215957,0.0820823937203938,0.02501021234100267,0.10816815752862824,0.2845719349581198,0.17141964093233925,0.26089179157635656,0.0
232,0.06774384157283563,0.08196389187784947,0.025290509899093577,0.10650648612537349,0.28586097868748006,0.173252379565415,0.2593819122709528,5.795875881140959e-18
233,0.06793588085289004,0.07939349716329334,0.027377038415807672,0.10307356671714725,0.28658593472598454,0.1713795373020705,0.2642545448218066,1.0805612543002103e-17
234,0.09353794152023474,0.10098599654598511,0.07786387308788305,0.04292756004498571,0.288809005558137,0.12710795571602793,0.2687676675257465,9.915685317904144e-18
235,0.11904545853599756,0.09975452443830313,0.06393593004702236,0.02660029702230387,0.2986703060562809,0.11142479445307242,0.28056868944601954,0.0
236,0.11653583523136163,0.10033124920184941,0.06971797605082243,0.031118274769139694,0.2957281711830657,0.10984530140031737,0.2767231921624438,0.0
237,0.05186855684059194,0.0913405817804703,0.08269572465154773,0.0479283845574347,0.32017897923994115,0.11168583814809452,0.29430193478091965,6.116080804982364e-18
238,0.05227062361442663,0.09080345936850613,0.07457622170790969,0.04484210370987423,0.324974582144419,0.11881576999371274,0.29371723946015155,4.44282015724237e-18
239,0.032110675773761074,0.09958616130497865,0.09635159585570037,0.05490134759347972,0.30355731064926916,0.14192899184201424,0.27156391697979687,0.0
240,0.02517828558918977,0.09714059329905515,0.1061728923721748,0.06079990331883259,0.297389244827758,0.13864386430222111,0.27467521628976854,9.834247732237155e-18
241,0.060255769981403834,0.08900805800184255,0.09026206147008825,0.0494734698274099,0.31878857435199265,0.12422374352264856,0.26798832284361424,7.619167239663218e-18
242,0.07088180371531111,0.08755901857656648,0.08914618609610392,0.049046983166310204,0.3115862268522223,0.13095303311155873,0.26082674848092713,4.2456507578252516e-17
243,0.0607835771608808,0.08735284906626234,0.1121997329818305,0.03637515083140313,0.2754174464623393,0.137695016701805,0.29017622679447896,0.0
244,0.07939141680085815,0.12579074448369046,0.10885455775903437,0.03983886471230592,0.26375600338137284,0.08860324210739298,0.2937651707543453,0.0
245,0.07349182541456042,0.09978523382238963,0.12036603118276416,2.8475130104292965e-18,0.2744089725144396,0.10246089066950081,0.3294870463953453,3.3286382308112425e-17
246,0.11959231680922079,0.08551838234469004,0.1282632172641999,0.022401997179464738,0.26189287701568253,0.08264178707164309,0.2996894223140989,0.0
247,0.14097080379280477,0.07965294861821334,0.10230581154501539,0.031664192121558875,0.2538656352971571,0.08419602162175992,0.30734458700249057,0.0
248,0.12812398530871763,0.10476578663737265,0.1047205185193289,0.0,0.2675708153747453,0.08992318610428424,0.30489570805455124,1.4078322858062833e-17
249,0.15777897233683344,0.09324940406564837,0.11526231773623705,0.0,0.31143838328672874,0.03350679370731332,0.2887641288662391,1.5440510655923996e-17
250,0.1320626568152553,0.14176005636239597,0.095237144747019,5.0104116412409896e-18,0.2517274425572654,0.041909967691443895,0.32184258716817477,0.015460144657445643
251,0.13083815397297147,0.14726622929443198,0.1123625979042704,4.30051862210379e-18,0.24830978792449998,0.04389498511365545,0.30683224400301784,0.010496001786152821
252,0.11878453504468661,0.14071787597049423,0.11510177396766723,0.0,0.21125267590028138,0.08298855341047975,0.291869642303609,0.03928494340178174
253,0.12861259862907648,0.12536677500910556,0.11937895486784941,2.932671851202984e-18,0.23803561350934418,0.050183533015192384,0.32618255056641593,0.012239974402015972
254,0.10656375038383707,0.14889398652296512,0.11909331393118326,0.0063935679042139495,0.2128829217300971,0.03160535269688242,0.35997451869385827,0.014592588135962772
255,0.09685507746233257,0.1700998812726462,0.13002342941447723,0.05043072590814911,0.16800887070796075,0.02872500043951496,0.34259457744852345,0.013262437345395811
256,0.12230909849085615,0.14368330535113352,0.11399392833023136,0.08207057734194681,0.16610875928841268,0.04413497689790173,0.3270579174518207,0.0006414368466970221
257,0.12079703213064019,0.15508104597941302,0.11665516205788734,0.09138622626045093,0.15338535753175153,0.04477522761962797,0.31791994841922894,0.0
258,0.12952561343466215,0.15074782470073797,0.11047734771046798,0.07830556228506064,0.14634506133062264,0.05797816602870856,0.32662042450874,7.54645475509743e-18
259,0.12135780244691885,0.1509976325913879,0.1107741207908751,0.08139170669863208,0.1451553343966449,0.06166140218746552,0.3286620008870756,0.0
260,0.11179732338769513,0.14849525493929294,0.09858147889097484,0.12935454515530848,0.09295078271692603,0.0815032401250399,0.3373173747837628,0.0
261,0.11006512901248937,0.16317626811064984,0.08595203451050301,0.12326788113228612,0.11335882720340885,0.07563991233000589,0.31550889914000857,0.013031048559648307
262,0.10667016169948601,0.14525698993696454,0.08064900616735077,0.1474238544442298,0.0943471239085134,0.1053627344043213,0.3038625281294254,0.01642760130870874
263,0.10367714072229813,0.1434588969452425,0.07698091512841904,0.16319331450792568,0.0833033165999161,0.10476273889187833,0.30511542757208204,0.01950824963123813
264,0.10039182634046866,0.1302301238398255,0.08151568248906464,0.18164086238639454,0.04665810900829107,0.1090468143645673,0.30709940565412813,0.04341717591626001
265,0.09689391851763453,0.1236396166881267,0.09519577771793063,0.19275144934402544,0.03929807600769704,0.098432050201233,0.31598282906607555,0.03780628245627701
266,0.08695320035963675,0.12480650063445985,0.08759535701824533,0.18213292396622352,0.05049438926255106,0.11925572637452234,0.2868123727970169,0.06194952958634421
267,0.08600419326687032,0.12816602863485219,0.08350323537763546,0.185826087940969,0.04690462678804804,0.12235686662981013,0.28767466123876745,0.05956430012204734
268,0.07801272389669288,0.12910369440486288,0.08893431644349617,0.18623912429747624,0.04590617598715892,0.13073681899813594,0.27519362524762,0.06587352072355677
269,0.0793619242463418,0.12344388768819813,0.08965792333535728,0.188597245314086,0.0435802156146632,0.1301778700017392,0.27667986375523457,0.06850107004337984
270,0.09491559474742467,0.13406279298969634,0.09820877158575757,0.20200378762314164,0.06589749066022861,0.10436265803032244,0.260076978074717,0.04047192628771164
271,0.07139053253732768,0.1588642833224024,0.1000529041523033,0.20525930476179619,0.048729982030554383,0.08777728015367532,0.2752321167941964,0.05269359624674423
272,0.06664728976224299,0.14660939019744745,0.09655464220680698,0.20814703113801442,0.07192388901201535,0.10061724491859475,0.24979628201303286,0.05970423075084518
273,0.06653407896554901,0.15038516394217316,0.11469926501916297,0.2167983209790077,0.0574059446823429,0.07949403543071214,0.2655941021489952,0.04908908883105681
274,0.0702673451942056,0.15354501387946964,0.10901924479073205,0.216540062399526,0.053058343674475233,0.07379214918793364,0.277768861947296,0.04600897892536178
275,0.0753565193612919,0.14954353701603015,0.11466850875711829,0.23347675716573554,0.04439118394802037,0.05115194701709913,0.28255972959440867,0.04885181713929587
276,0.07513043830552532,0.15565041700169022,0.11305449909425437,0.2386178102219296,0.040200446426843804,0.049782901397779945,0.2741795775099279,0.05338391004104877
277,0.08387776573380007,0.1686482718272864,0.1216671497681997,0.20928503493085135,0.03824246519700631,0.03663529043981775,0.2727003937919064,0.068943628310132
278,0.09178526256324765,0.16556795557443327,0.11648952952163188,0.20364666631889128,0.031349575868018766,0.018746754066836995,0.3010502192740837,0.07136403681185635
279,0.08089297607012386,0.1561384962849207,0.1323986829922431,0.18571254082659777,0.029398785223750654,0.037657719001441686,0.2746612787741587,0.1031395208257635
280,0.07793941478057326,0.1520413909243006,0.12918793783220467,0.17981370936706687,0.034259960446984136,0.05093527820076605,0.2665702484513541,0.10925205999575026
281,0.06785720675641371,0.14978394082135485,0.17026071405168638,0.1859093478078634,0.018226151451035063,0.04621491694801232,0.23573935383754785,0.12600836832508633
282,0.07160821040639467,0.1390470740744567,0.17794288701714825,0.18918359195745935,0.010775026235890954,0.05458245642432066,0.22516928306077294,0.13169147082255642
283,0.09496666497997577,0.1270907943638434,0.1714113809600706,0.1791315306239736,0.02285303049812783,0.05731206025078232,0.22540401150426284,0.12183052681796358
284,0.0851385719291659,0.11040108759726948,0.12995961803762437,0.1984812238750682,0.05332623724161726,0.08189737331767225,0.21059722112460086,0.13019866687598167
285,0.07010329216059744,0.09138005775137326,0.13233556560805404,0.2029005253151271,0.08155742201720768,0.11924148177628725,0.18403926991001882,0.11844238546033439
286,0.077825717057504,0.08470698344249133,0.14377896679708108,0.2042426311747853,0.0907783893338449,0.10443750886412059,0.19204741579442805,0.10218238753474453
287,0.10654921067859201,0.09984332149870713,0.16583378650741537,0.19151606713395689,0.07072915505817966,0.08730452531078786,0.20941155152629562,0.06881238228506541
288,0.10632980193283734,0.09950562557215273,0.1674284902939124,0.1930693061600106,0.07322297036311717,0.08554732153115419,0.20921335224273876,0.06568313190307673
289,0.12494340860807462,0.07891582977351354,0.15271743068409982,0.1888926946195215,0.08807939813253143,0.07535841739735849,0.21083680029547366,0.08025602048842691
290,0.12180372208411067,0.07707200803049173,0.1398471345790023,0.18529011651557997,0.08934626835430616,0.08955748589790777,0.20222540308514905,0.09485786145245231
291,0.12842289464200324,0.08026599611228208,0.12989382206474356,0.18441254403302243,0.09630298497503044,0.09452004435928976,0.19704729515315902,0.08913441865946953
292,0.12572828421974575,0.0804965774732634,0.12838612938343189,0.18502656074974572,0.09802044628766983,0.09255815876828978,0.19901205395432373,0.09077178916252993
293,0.1249179286500937,0.0752220940473228,0.14745743666901515,0.17291312452607036,0.1251737455592039,0.09486523977665655,0.16311918430591582,0.09633124646472169
294,0.10094697668374958,0.09918277750710941,0.1036980570126771,0.19081369793075806,0.13251317157836803,0.050078388477426704,0.19544378725022143,0.12732314355868968
295,0.07258176885374568,0.1786579163115391,0.0932785228938759,0.22311580419594407,0.11555993995839972,0.026449805508328265,0.17446715741092045,0.1158890848662468
296,0.057151639916104974,0.15833936734308446,0.09550797861670589,0.21125875785806417,0.12297948401294094,0.0533430195073407,0.17386183972289385,0.12755791302186498
297,0.059121384088883136,0.16055102511319538,0.09374480667352876,0.21081736375120225,0.12139910906287844,0.050391576308360435,0.17264611101663313,0.13132862398431844
298,0.06877401293718258,0.11638534503428864,0.11384081296048547,0.2470645343576533,0.10165869293311929,0.06996908998782989,0.14014346590402754,0.1421640458844132
299,0.07276882457982282,0.10696451140610831,0.10931825479576383,0.22799068396393893,0.09808820647830524,0.10044465419078948,0.14241778238043656,0.14200708220383473
