oos_period,model_1,model_2,model_3,model_4,model_5,model_6,model_7,model_8
150,0.10094326729806916,0.1852147462428675,0.17310303287281428,0.03637666417063332,0.14954704034347188,0.0903771878933759,0.022693360062714864,0.24174470111505306
151,0.10707626108305986,0.19017874770697826,0.16885619946112815,0.038406580253395266,0.14589983015141036,0.09240115264974498,0.018557208596961635,0.23862402009632147
152,0.05845406184826595,0.18361885687551516,0.18146791924520597,0.02261979058982904,0.14699689916025632,0.12784496701885356,0.031059825994376938,0.24793767926669702
153,0.07757806666306147,0.1677681438772152,0.16796320997183103,0.039662715069539355,0.15114535049940414,0.12169110551485023,0.03359493162115016,0.2405964767819484
154,0.0787407946673159,0.16134695631308563,0.14143121398579184,0.04472790866118509,0.16242566086656335,0.1326335070813233,0.0364377227563741,0.24225623566736068
155,0.06721968512075904,0.1840687674301979,0.12147846042435707,0.06886682069733832,0.15702087898458975,0.13731717055380868,0.036110532849425406,0.22791768393852377
156,0.04395540303062206,0.2113550836157941,0.14031703688179728,0.06834207030645918,0.17992680646300807,0.13086936997063647,0.007371660846885337,0.21786256888379749
157,0.06643252896533336,0.23243557628770875,0.11639349704237001,0.07735587480672203,0.17350468281732984,0.12305071418084446,0.002097920932034228,0.2087292049666573
158,0.05477533347376675,0.22454793993416788,0.14445991345078857,0.08445339095860034,0.16725499023833665,0.12087110991861515,0.0018474786039488402,0.20178984342077574
159,0.06405210186371171,0.23870425334061107,0.10207815481112475,0.0634967975548923,0.17597019878888845,0.11633270598294526,0.00757302778635254,0.23179275987047385
160,0.058718918910860216,0.223311977064241,0.1201308732074132,0.0596128879941026,0.16683391635889427,0.10868358543114869,0.028878965027792323,0.23382887600454758
161,0.05259380957645601,0.21714361771904364,0.11845823853067278,0.06180539911670929,0.1677755132196207,0.11991725403266777,0.037812392305133946,0.22449377549869567
162,0.047769655557427376,0.20513298226067095,0.12617728929673452,0.054625504432211286,0.15384443458041053,0.12326217254069952,0.05024594159067417,0.2389420197401716
163,0.05305780354191833,0.19808806968937534,0.15079721599543913,0.03563044804501228,0.14797848215755535,0.13982932802086442,0.06147181014882808,0.21314684240000703
164,0.048514975590717754,0.1682459604626788,0.13596530990225597,0.017407494342807077,0.19403219491639237,0.15280554711718547,0.07076040095816002,0.2122681167088025
165,0.028932683295612983,0.15064909135291576,0.17553978872093912,0.031121748602520913,0.22474721243466048,0.16296390805546646,0.06448089039485085,0.16156467714203332
166,0.02977534364632041,0.16316646800641013,0.16998302289914882,0.030690786428649194,0.21900116075706444,0.14996012012778048,0.09373538281724152,0.1436877153163851
167,0.023515930375491642,0.16075153152997695,0.16471951018831957,0.030947250801557746,0.22805761113286632,0.14736945978688015,0.09157447531821336,0.1530642308656941
168,0.009053548542339881,0.1741396395830905,0.16820876536160628,0.044625430673067325,0.22254938569942948,0.1428580569403291,0.09051948018145954,0.14804569301767767
169,0.0,0.1699693513409414,0.18002068017243214,0.07700488745170389,0.23065791435894423,0.16195358950949365,0.07016732173994389,0.11022625542554072
170,0.0,0.17053602858612518,0.1749635657275273,0.06607290874647734,0.23532002220886503,0.15685063156927903,0.08250793596574497,0.11374890719498112
171,1.8597172104676231e-19,0.17877338012012087,0.18651976208326454,0.04671249756552089,0.22516566830701137,0.16055946694141657,0.07727602317116843,0.12499320181049732
172,0.0,0.17460503252691625,0.1989593804994247,0.04601215479579971,0.22543224204241002,0.17080177629382792,0.07577327011637806,0.10841614372424332
173,0.0,0.1825098867612335,0.19604810337920153,0.04553921044351544,0.221510558908503,0.1654721579069476,0.07474119058019493,0.11417889201940402
174,0.0016884912516798992,0.1765529586205131,0.21869988312552874,0.038448874487520046,0.21083608875145732,0.14917329795542372,0.07435748739985427,0.13024291840702285
175,0.005755451537330909,0.20376572597566658,0.18361609719599495,0.0,0.23859591723951695,0.12784777872037048,0.08497872297707458,0.15544030635304554
176,0.005948102885914691,0.22951697167377738,0.16277960084827073,0.0,0.23799389431931348,0.14164695211054934,0.08679712867041459,0.1353173494907598
177,0.060553494195639795,0.2292389681005827,0.17037689586115373,5.7461788699388206e-18,0.2473218174013812,0.1384455164067202,0.056826326789820296,0.09723698124370206
178,0.06112749890031608,0.23252285904570544,0.17325618097050677,1.1339110950873771e-17,0.24674126281350486,0.13658571918779028,0.05559383038820586,0.0941726486929707
179,0.0656140717506942,0.24644196768428897,0.17792523710799496,0.0,0.24617416428154104,0.13915853156838437,0.04423960163103728,0.08044642597505919
180,0.07202984722461875,0.2241163811072667,0.16789177049666296,0.0,0.22066165073037902,0.15276301938815534,0.08421459812235499,0.07832273292956227
181,0.06349680292507384,0.23243459229605906,0.17745835127500428,0.0,0.212588546772639,0.16221834250048525,0.08533555995036585,0.0664678042793726
182,0.0706009513571279,0.2316736831534912,0.16271646180871951,6.234797766495854e-18,0.18376314825398957,0.16641786086480667,0.11560578474920465,0.06922210981166026
183,0.062308151146122544,0.21572967804440224,0.17149202389982632,0.0,0.19203337993397665,0.16184170166832187,0.12589961565146124,0.07069544965488915
184,0.0516372206780499,0.21966963731049965,0.1459680675929755,0.0,0.19639561506165845,0.1837746217384613,0.1261162006304013,0.07643863698695384
185,0.05429853639619041,0.19534519092481212,0.13479517278263725,0.0,0.19953127293146303,0.18940714731228916,0.13566361654083856,0.09095906311076944
186,0.05303416647784874,0.20933618731823309,0.10565932523409925,1.1990810159556695e-19,0.21369818416016303,0.1956780894221561,0.13994011441801132,0.08265393296848826
187,0.043471074636863574,0.22608107070433373,0.0831709021699705,0.0,0.24259607267970934,0.1848178211320587,0.14485054083416077,0.07501251784190335
188,0.04581245057128498,0.22689884284762535,0.08648936197383701,3.0987906281879535e-18,0.2391716920204607,0.17754781810442394,0.14232549024258498,0.081754344238783
189,0.05616312062317869,0.22732515008160858,0.08783732064536802,0.0,0.24304364814352192,0.17173797182718753,0.14532879413193797,0.06856399454619733
190,0.06969770645905478,0.2196933223891655,0.10046378057856417,5.751618409646964e-19,0.21663484719465934,0.18136563152835738,0.1469465328030732,0.06519817904612556
191,0.055085596184265805,0.22057969273955663,0.10863841377163606,0.0,0.20405851554879287,0.18565624728024724,0.15455505043705553,0.07142648403744578
192,0.06149209217679216,0.22613367483471697,0.10619293788268921,0.0,0.19893631483700766,0.17923686748331571,0.15691489228699224,0.07109322049748602
193,0.05764264583400126,0.22095779775444663,0.09035560944379237,2.727710787952136e-19,0.20571482571778577,0.1829982111001026,0.15123974041054844,0.09109116973832296
194,0.04765538085811763,0.17914876264012922,0.10121514737970733,5.694598287828764e-18,0.20348523907129365,0.20079519000278845,0.15737306485002855,0.11032721519693521
195,0.014759413592165007,0.14057109247800387,0.10655256083688207,0.0,0.2552414352174187,0.17849068245545602,0.179661176526401,0.12472363889267335
196,0.008825468524323586,0.15977878679602664,0.09140254730668751,1.2560545695703051e-17,0.2623617135511383,0.17901106505450623,0.17865862262584245,0.11996179614047518
197,0.01581961341029027,0.18012006346495693,0.11187603781719628,1.3771220475124255e-17,0.2568697974052913,0.17729070817859247,0.1668466495093796,0.0911771302132931
198,0.025467933861713424,0.14703562447220553,0.09287390730203772,0.016441335162734643,0.2475531708984835,0.16856583811887332,0.19159013088506643,0.11047205929788545
199,0.015901613946785992,0.15680381805025345,0.084320619555903,0.02887348099595002,0.24416647189194293,0.16587129993019462,0.1957077360323719,0.10835495959559811
200,0.022219575094691066,0.13929016113535223,0.08894399196824293,0.03456772490573017,0.2273987660078897,0.1773040038993484,0.19963633287337582,0.11063944411436956
201,0.02568636494717819,0.13808158769288947,0.08504112166246197,0.032605269711357646,0.22434388815979248,0.17832157674991775,0.20397150809518225,0.11194868298022016
202,0.024816438259879975,0.149190317358456,0.08458402726506596,0.06869764559830555,0.24415649114600582,0.13890147314350257,0.21784537690281652,0.07180823032496758
203,0.02549337650449386,0.16598132212712924,0.08541971078948367,0.057394953361581555,0.23611850040247342,0.13465128857881234,0.21600348983664316,0.07893735839838265
204,0.027801326976570357,0.16176308168290596,0.09220549121433992,0.05295503954946425,0.23097107799542552,0.14225074561771386,0.21366439896154427,0.07838883800103578
205,0.04443205697769321,0.13551192043668775,0.11602057000902045,0.016963972367542775,0.2235981375884162,0.15156076171348598,0.22094481197908009,0.09096776892707345
206,0.05149314445839189,0.13067510311867156,0.1052031850395455,0.0022831800121781015,0.19904467823329225,0.14654581028368519,0.2555734113648026,0.10918148748843268
207,0.039721139313407317,0.11264479529434393,0.11435416072844763,3.7103898697862613e-19,0.21296301753520108,0.14758268110772912,0.25823529617607055,0.11449890984380036
208,0.03353547709497432,0.11528206065473742,0.10063850155306117,1.086055057056537e-18,0.2133250719922356,0.14974132042924373,0.2630601427203631,0.12441742555438463
209,0.03686905337508897,0.11147648411469124,0.09550805855013993,1.1122601388621907e-18,0.21890357364645693,0.14383264552841565,0.2642807742592008,0.1291294105250064
210,0.0337845900856924,0.1076876830934376,0.10266633865295165,0.0,0.24136512956069509,0.1488030314590118,0.24096114117374123,0.12473208597347019
211,0.043219281333255,0.09944205191131607,0.10849196457388342,0.0,0.22946847088414205,0.1467922259873381,0.24958925250243968,0.12299675280662571
212,0.05411944149160676,0.12038668580121652,0.09767032389366496,4.1751775982449807e-19,0.22354553733614824,0.13757244334952892,0.24561326616612553,0.121092301960709
213,0.052712213933734764,0.12338177281175187,0.08414837959257147,1.54104409862965e-17,0.23071372696590667,0.1337386711432591,0.23835074958752217,0.13695448596425383
214,0.07208501508133047,0.12502778758448058,0.10319007507051253,6.616386109233537e-19,0.2018867063497172,0.12823865528062586,0.2539138267725034,0.11565793385982992
215,0.06317178069755211,0.13244442714540453,0.0829175895853112,0.0005032414773656078,0.21908133410877692,0.13956424854225521,0.24957890240656264,0.11273847603577179
216,0.08426555678095267,0.1238498082091874,0.11237713409965727,0.017670995946560367,0.19649735920268482,0.13207605226128874,0.24218749038901247,0.09107560310965619
217,0.08383341082484116,0.12542971205437536,0.11265059022217438,0.020455765120488065,0.19481781714695817,0.1345481262704835,0.24070720070762164,0.08755737765205768
218,0.09542025252085154,0.10531351988611135,0.10297437987629887,0.010071885418273068,0.20384999097110462,0.12756931499046484,0.27137651672154683,0.08342413961434889
219,0.09892915974199512,0.10605318418474606,0.10241255544128415,0.007877730142428095,0.2021021824939789,0.1291794004651156,0.27049381136603745,0.08295197616341457
220,0.09503144952669136,0.08935136165637177,0.09543090754853711,0.0,0.2082645597440653,0.13059912643720473,0.28761275264466113,0.09370984244146849
221,0.14320591231112054,0.050934210263960215,0.07655611666297621,0.023829935079349534,0.222364490352638,0.11312712243339339,0.2703845904947575,0.09959762240080455
222,0.15682116344422833,0.051862228439991144,0.07968276600952164,0.017378277305215947,0.19870940238777768,0.11521451126184991,0.2779343020287357,0.10239734912167965
223,0.164632286070993,0.05112004699309328,0.06760081283206253,0.016976947145186366,0.1998047034212908,0.11390997280014055,0.2749888548728661,0.11096637586336736
224,0.13129414720821886,0.05872659095897604,0.07516067829851168,0.036594467792911624,0.23234894965455752,0.12438672073878346,0.2623303290792775,0.07915811626776333
225,0.1259748850771635,0.05913797939506085,0.07095355820212082,0.04548563536288536,0.2328508306247448,0.13891468459104442,0.2503926655843984,0.07628976116158191
226,0.12363765943052066,0.062383419516023685,0.07323617971123936,0.042672109043558254,0.2336329259877384,0.1435490323401721,0.24570124765897372,0.07518742631077382
227,0.08044852203409407,0.06446953225123327,0.08089351921648395,0.07896933893344524,0.24294384241598727,0.14540840807418234,0.2489479550445545,0.05791888202901948
228,0.07836176493946465,0.06017811677013845,0.08303068833650784,0.09859492447316709,0.25502575040385556,0.14776465403778796,0.22841614701359725,0.04862795402448122
229,0.09030459791572211,0.073214983867645,0.05090837996010306,0.12325086569239359,0.26100086432512004,0.15252260471832008,0.22878162743598818,0.02001607608370785
230,0.08078940656535873,0.09097085289808483,0.0659877576873559,0.10591924319936696,0.2729822260741961,0.15149477875476583,0.23185573481987157,8.387032384850526e-20
231,0.08400673165617668,0.0827589143211663,0.03778045825718657,0.11871612006560947,0.26574495269769677,0.16708368626627693,0.24390913673488712,0.0
232,0.0839115374404146,0.08238197995705962,0.03828154796343901,0.11685144852497795,0.2672977766501703,0.16890728254538398,0.24236842691755445,0.0
233,0.08855681316975401,0.08219463465957492,0.038898433629514395,0.11396438323374539,0.2655968096804726,0.16642490269103988,0.24436402293489878,1.9260735127155476e-18
234,0.11070024266987767,0.0989190237110514,0.07839990423467975,0.06800292005320566,0.2658784553274914,0.13337943496411317,0.24472001903858093,0.0
235,0.13014978402354155,0.09874003773253771,0.06773566899403513,0.056279714214183034,0.27313920293651156,0.12107416644109413,0.25288142565709676,2.739622188772888e-18
236,0.12186893258649129,0.10006820758198694,0.07855937427678403,0.06340202379388159,0.2693577820646665,0.1188923353537984,0.24785134434139122,0.0
237,0.06300546988760196,0.09144853607239257,0.08529616713297826,0.07942423491823504,0.29470447872301425,0.12181424913511824,0.26345273511455025,0.0008541290151093784
238,0.06494682425965305,0.09134667796277483,0.07875342409929657,0.0756468585161852,0.2978764382988164,0.12702576036946303,0.26350148956319774,0.0009025269296131666
239,0.05090115740280363,0.09713313206728348,0.09939128813147248,0.08331691754438152,0.2784490051900751,0.14773918439885403,0.2430693152641297,1.1490743083321939e-17
240,0.044294994203205505,0.09409416419805652,0.10851581488051855,0.08902852680643702,0.2727122156923739,0.14481380953200435,0.24654047468640408,0.0
241,0.0732097332827192,0.0874878162935044,0.09487060061085487,0.07985692393994663,0.2924416341838125,0.13269320810384394,0.23944008358431854,0.0
242,0.07862385038369331,0.08737640264718793,0.09500368145098664,0.07915176751069386,0.2882420130735663,0.13602946167786042,0.23557282325501158,0.0
243,0.0721511416206481,0.08710852414611521,0.11468323800243947,0.07131108734143067,0.25296039182355845,0.14244815465144475,0.25933746241336325,2.002549999940694e-17
244,0.08660945139122862,0.12185857274531797,0.11135011228710277,0.07572916614846152,0.2413558240520064,0.09966382219138661,0.26343305118349614,0.0
245,0.08057095170858244,0.0930498540414413,0.1207763113789657,0.03591779921555695,0.25447354621769264,0.11438208225081638,0.30082945518594456,3.699257578451847e-18
246,0.11779518768150786,0.08121529005795564,0.13108347629590036,0.0615998490915515,0.24024011503473477,0.09806317317605515,0.27000290866129484,0.0
247,0.13368812953658482,0.07738819884369072,0.1098445813360919,0.06851034005555359,0.2325257766534774,0.0992133798534733,0.2788295937201283,0.0
248,0.12124264271546253,0.10626243412723921,0.11030273886092049,0.007166290740639942,0.2563892986266697,0.10395013921177215,0.29468645571629604,1.6184943163547274e-17
249,0.12862783182831652,0.09253871925334099,0.11122476199981013,0.01596393193799458,0.30364900689901664,0.04587519386041591,0.30212055422010503,0.0
250,0.12318763595446583,0.13767218282909321,0.10123382589101684,0.00851483676428484,0.23043879447963242,0.05584926136513217,0.313350322026516,0.02975314068885863
251,0.12345406484242195,0.14171223398010066,0.11051452926676163,0.015854252934199346,0.22687022325293876,0.060874183819189784,0.29435892726124746,0.02636158464214037
252,0.11457588090161169,0.1327092433925534,0.11382658054631277,0.020271808232724432,0.19229912582767492,0.10079304767723808,0.2730018081137385,0.0525225053071462
253,0.12080536938783641,0.11903959445716968,0.11757794045212683,0.02322410396518488,0.21065651060909543,0.07759526467448377,0.3000496484241351,0.031051568028967892
254,0.10359184561228929,0.13520866902621664,0.11706602709608267,0.035604255172631105,0.18732291446769644,0.059419191521537615,0.3302880202193549,0.031499076883191264
255,0.09670516021771616,0.15581079122705443,0.1250246568946885,0.07217539212281686,0.14983021615391418,0.05504713233634523,0.3156178343660551,0.02978881668040954
256,0.11876322311464078,0.13350577175593814,0.10987743671396259,0.09940613020284003,0.14843801077788363,0.06677430527827417,0.3036080413243479,0.01962708083111264
257,0.11687371395917587,0.14852770002529012,0.11231318680995363,0.1075221920226223,0.14142611117274914,0.06790506276113431,0.2974298155082837,0.008002217739790948
258,0.12450198678953571,0.14581498737759638,0.10684875329916206,0.0950234828247763,0.1343431807899213,0.07867892854384077,0.30548788859642456,0.009300791777742854
259,0.11325609692136157,0.14809157820013935,0.10620786997633214,0.0982047561570859,0.13129281052189398,0.08285295433803136,0.3092765326530931,0.01081740123106255
260,0.10681804889103269,0.14373198740238058,0.09491702432201735,0.1310835340917974,0.08964065503786418,0.09458386411972573,0.3203110521541353,0.018913833980046656
261,0.10536371075168063,0.15572340946817545,0.08442984409009038,0.12730301218565263,0.10711829447460469,0.09182595000074485,0.2980123907744796,0.030223388253571723
262,0.1020986974511963,0.14121375107462905,0.0796495869458986,0.14705319893017538,0.09182313819162813,0.1167485663857826,0.28863482714216504,0.032778233877524855
263,0.09980574131259011,0.13941931262614843,0.07653955535962138,0.16156555520111598,0.08341283778927866,0.11529629853363049,0.28962103385460775,0.034339665322007024
264,0.0973861159231827,0.12827225689776017,0.08081703453352872,0.17478896940199956,0.05627641780030402,0.11961079656535488,0.2905458278795593,0.05230258099731062
265,0.09320123783637163,0.12054491558218104,0.0940838116039487,0.18557801076469937,0.050324012131084984,0.11187568482759039,0.3003486445865646,0.0440436826665592
266,0.08260341610151807,0.12248229027496978,0.08754000365895752,0.17587624066085952,0.0614522174635234,0.13263007556884718,0.27074734172874576,0.06666841454157871
267,0.08237861488708094,0.12402855149061066,0.08344676050106593,0.17946801928935563,0.05843501309002046,0.1364885945549395,0.27125144121226424,0.0645030049736625
268,0.07680539172662049,0.12437535586809526,0.08836307480401508,0.1797045121480567,0.05799101533643591,0.14253683200916567,0.2605472443198787,0.06967657378673223
269,0.07919786376135696,0.11590449779669833,0.08919193737546302,0.18221347958839665,0.05633314088260502,0.14314662155748847,0.261303249089744,0.07270920994724764
270,0.09222691320521167,0.12543618996766207,0.0966687548634531,0.19355151136724547,0.07552229128064337,0.12427648934054003,0.24131568423808505,0.0510021657361592
271,0.07639874572657969,0.14289232374253463,0.09874664122995959,0.19397822507219065,0.06509745002302586,0.11000808459606518,0.25270157892568146,0.060176950682962874
272,0.07125327585676162,0.13417630011128437,0.09568961588354329,0.19816432846546242,0.08506960127385316,0.11793400941605447,0.23155681673551928,0.06615605225652134
273,0.0691761667752416,0.13555393855433856,0.11059161878621393,0.20625960037197177,0.07218434207361656,0.10443799434308466,0.24401282296330015,0.0577835161312327
274,0.07230604964254138,0.13763402863435995,0.10564645240101322,0.20637475029838043,0.06904165634609608,0.09987916521761865,0.2546572406438266,0.054460656815163745
275,0.06946376041060755,0.1337209238600269,0.11515332820095737,0.23458667636111183,0.05018175449840753,0.0708476654305708,0.2738568311817001,0.05218906005561775
276,0.0698521012322778,0.1398587031136726,0.1135703016852977,0.2399844491915256,0.04745573573111376,0.07189562589773094,0.25889157738292623,0.058491505764455366
277,0.07848196798769844,0.15419986608407493,0.12428324764126404,0.20325117785434563,0.048409964665895866,0.05916935043859921,0.25786395025720726,0.07434047506991459
278,0.08952772001662346,0.14715006691954627,0.12149036852039079,0.19586349516440055,0.04631876647787151,0.033972327921507936,0.29057164704476024,0.07510560793389921
279,0.08021301795042295,0.14035392864659502,0.13710034051047795,0.17762701551485383,0.044626415952516846,0.04586670177533885,0.27001505066481357,0.10419752898398088
280,0.07851118103525337,0.1410192486116805,0.13608294441005137,0.1716335463850728,0.04699559677106352,0.049832157790049354,0.2661971187725009,0.10972820622332818
281,0.07229136518127782,0.1386391069245049,0.17605505892366444,0.17761786663224777,0.03416167179310562,0.04276666651344794,0.2407904428891371,0.11767782114161439
282,0.0764484981232221,0.12796217097899837,0.18327401610244629,0.18045651277114522,0.03119219390266593,0.049675865703862,0.22729217922993084,0.12369856318672919
283,0.09159463096211423,0.12178394278119627,0.1668816126698635,0.17216785414642313,0.04196295852275406,0.06781841669083945,0.21520785532139725,0.12258272890441212
284,0.08298114170167545,0.10836516367533681,0.13401881390274553,0.19187942108883485,0.0634310273099769,0.08658608920059242,0.20270206055994908,0.13003628255988886
285,0.06986187430127656,0.09571962278908709,0.13939347137490524,0.1954117418268597,0.08656688271144854,0.1156496607930724,0.18009565693699225,0.11730108926535818
286,0.07700379542856,0.08893787621299802,0.1472264236880199,0.1965342351186502,0.0953027585649882,0.10441861833005169,0.18683014874261036,0.10374614391312156
287,0.10131090850547511,0.10066124601328316,0.16988399473322188,0.18334827711146093,0.07956053982886768,0.09249575743409784,0.19601866085870087,0.07672061551389249
288,0.10116363041599577,0.10091737074463857,0.1673146755578064,0.18498954320807268,0.08232393487468434,0.09132397367038406,0.19685287380503838,0.07511399772237962
289,0.11731357130212215,0.08379808045267947,0.15124487951498994,0.1823696068388216,0.09297818915787284,0.08392344248928656,0.19918633494804708,0.08918589529518028
290,0.11610602523498834,0.08431358346710766,0.13997299575684677,0.17917034456525627,0.09361905138538264,0.09364983022816455,0.19363478145110677,0.09953338791014718
291,0.12176416927728138,0.08760111710379478,0.13093058334282495,0.17880357982490175,0.09967750946693116,0.0983701732124992,0.18814606907292922,0.09470679869783755
292,0.12033400431316521,0.08705127886346731,0.12967083057394277,0.17899642973404045,0.10150425794804752,0.09715864847261267,0.1894483244269852,0.09583622566673881
293,0.12008928979978985,0.08344404938877728,0.14550301961806536,0.16811076107203216,0.12595232836740575,0.09809440140416442,0.15858478171281318,0.10022136863595195
294,0.09910700749499898,0.10216252295108456,0.10587138004905267,0.1840789627699953,0.13265322393331838,0.060031603193600076,0.18666038016571643,0.12943491944123353
295,0.07579566601713777,0.16846184760024852,0.09459549986005382,0.21248654995528304,0.1194638354613243,0.0420998344138488,0.1676414896404625,0.11945527705064118
296,0.06304378169242762,0.15340335979421413,0.09748037423401987,0.20101154438821364,0.12558102332733762,0.06216901845867434,0.1697012669502401,0.1276096311538726
297,0.06459205703723538,0.15393199396503604,0.09594187795709459,0.19977543828234715,0.124614178266078,0.06068791735688957,0.1682591908336712,0.13219734630064822
298,0.07240211301412097,0.11841823387522274,0.11296579787334818,0.23576748488794155,0.10534379133499495,0.07448232674968223,0.14094415635790333,0.13967609590578603
299,0.07567662004601709,0.11215427391733,0.10934544925465042,0.21845235476823416,0.10055142112786274,0.10175458113635853,0.14333757852646842,0.13872772122207858
