oos_period,model_1,model_2,model_3,model_4,model_5,model_6,model_7,model_8
150,0.1038050502475348,0.18660157971148258,0.17080991947787952,0.040027208967731806,0.1472053367024032,0.08657250142847325,0.022895893473907122,0.24208250998958755
151,0.1096980973393135,0.19132078913581418,0.16602835463793525,0.04241278345161948,0.1433222454744517,0.0877062346843064,0.02070934505894083,0.23880215021661866
152,0.07511853344380594,0.17951269388759786,0.17853709743731155,0.036760307607155866,0.13780329718456405,0.115484699116704,0.03580637330774093,0.24097699801411973
153,0.08033872929378454,0.16944509429955606,0.16711229190805893,0.04257004997601724,0.1477718942784767,0.12102577812115013,0.03320003537555423,0.23853612674640218
154,0.07767574872955499,0.1601158799805543,0.14401858427501435,0.0428720235909686,0.15962079092883383,0.12928142379526764,0.0364490243795616,0.24996652431924465
155,0.06721968512075904,0.1840687674301979,0.12147846042435707,0.06886682069733832,0.15702087898458975,0.13731717055380868,0.036110532849425406,0.22791768393852377
156,0.047402102990772695,0.21081243005697772,0.13801461034338014,0.07312306370018355,0.17209787578486208,0.12882379119189166,0.012868160661759304,0.21685796526917275
157,0.06629466242002939,0.22936896430449594,0.12141430117281343,0.08162689996966428,0.16713844105107276,0.1185082410937209,0.010447240597959605,0.2052012493892436
158,0.05423072412995668,0.2233833893414578,0.14485903687869928,0.08436034838224296,0.16825906602064386,0.11934189345742287,0.0033426080618924915,0.20222293372668398
159,0.061282728281013325,0.2424767691968444,0.10449421016058279,0.061694159627251416,0.1721824324155942,0.11509430007429367,0.011805572418523069,0.23096982782489706
160,0.05632552696199713,0.23526675016646975,0.1173374140315848,0.05928394338774798,0.16472955986510027,0.10669073172118498,0.02837627230527038,0.23198980155964483
161,0.05319152661600842,0.21655994109535973,0.11932986687022255,0.058792602393241834,0.16537848728791257,0.12131173159082521,0.0397929601657116,0.22564288397971802
162,0.047665721030275915,0.20630527694386272,0.12636420583504274,0.05360839049572846,0.15258542312616996,0.12336543213174068,0.050927756841635315,0.2391777935945441
163,0.05266003957233673,0.2017479752899985,0.14969352194235785,0.0358899738971796,0.14751711580824817,0.1389614982798556,0.06094310499694489,0.21258677021207867
164,0.04881973797837732,0.16777179129933847,0.13516627219239963,0.01707410209147345,0.19619584476927385,0.15309507051285812,0.07033479169501063,0.21154238946026854
165,0.028932683295612983,0.15064909135291576,0.17553978872093912,0.031121748602520913,0.22474721243466048,0.16296390805546646,0.06448089039485085,0.16156467714203332
166,0.02977534364632041,0.16316646800641013,0.16998302289914882,0.030690786428649194,0.21900116075706444,0.14996012012778048,0.09373538281724152,0.1436877153163851
167,0.023515930375491642,0.16075153152997695,0.16471951018831957,0.030947250801557746,0.22805761113286632,0.14736945978688015,0.09157447531821336,0.1530642308656941
168,0.009053548542339881,0.1741396395830905,0.16820876536160628,0.044625430673067325,0.22254938569942948,0.1428580569403291,0.09051948018145954,0.14804569301767767
169,0.0,0.1699693513409414,0.18002068017243214,0.07700488745170389,0.23065791435894423,0.16195358950949365,0.07016732173994389,0.11022625542554072
170,0.0,0.17053602858612518,0.1749635657275273,0.06607290874647734,0.23532002220886503,0.15685063156927903,0.08250793596574497,0.11374890719498112
171,1.6437234845336821e-18,0.1758658109290007,0.1861095422482873,0.0471350142156647,0.2257390564315091,0.1615962195733375,0.0781159921963802,0.12543836440482045
172,6.497780060244968e-19,0.1740668359895187,0.19877914532029858,0.046107280408486134,0.22551937753142975,0.17093524055424347,0.07592961596230735,0.10866250423271598
173,0.0,0.1825098867612335,0.19604810337920153,0.04553921044351544,0.221510558908503,0.1654721579069476,0.07474119058019493,0.11417889201940402
174,0.0034265599853717976,0.17232825480180103,0.2146190716475685,0.03842900603947251,0.2114917064141599,0.1513742342144647,0.07538529428919005,0.1329458726069715
175,0.005737647470703393,0.20678914665560255,0.18267835356137624,7.725608245770648e-05,0.23785125196925205,0.12721570915052893,0.08455549787912599,0.15509513722995302
176,0.00693586694473694,0.23031926525154228,0.15979240964177002,0.0,0.23721973140520433,0.14317449345421254,0.08690839665232762,0.13564983664920607
177,0.060350649519336046,0.23306358071206779,0.16960173127209494,9.033229188098756e-18,0.24664215455408023,0.13751620391490638,0.05627442331747706,0.09655125670903748
178,0.0613071504136504,0.23378793462708067,0.17008455756793023,0.0,0.24552623769223994,0.1379169017167991,0.05624349271486766,0.09513372526643196
179,0.06658669527606703,0.24530910081557664,0.17312059806124483,3.755919766875452e-18,0.24403668273091333,0.14245276405974844,0.045642224610505044,0.08285193444494461
180,0.07207663677461724,0.22381621705621624,0.16737633558999973,1.1227951111436557e-18,0.2206511415130553,0.1531334141116292,0.0843872862657092,0.07855896868777304
181,0.06368342767649456,0.2291830243337664,0.17696007982027914,2.417326152342949e-18,0.2110839306136687,0.16575753397563092,0.0861970536736265,0.06713494990553376
182,0.0706061925510602,0.22855854334247627,0.16317821281466754,0.0,0.1818353195489645,0.16966770707998696,0.1166362560483436,0.06951776861350088
183,0.06405216419518067,0.21740859618375438,0.1647660908162365,6.627185779311018e-18,0.190778031374898,0.16497191190314808,0.12681483797792803,0.07120836754785438
184,0.053307789444861045,0.22101496239405807,0.1417753651329753,0.0033148097382015625,0.1952318578045576,0.18644123550874486,0.12507884093756316,0.07383513903803837
185,0.05429853639619041,0.19534519092481212,0.13479517278263725,0.0,0.19953127293146303,0.18940714731228916,0.13566361654083856,0.09095906311076944
186,0.05303416647784874,0.20933618731823309,0.10565932523409925,1.1990810159556695e-19,0.21369818416016303,0.1956780894221561,0.13994011441801132,0.08265393296848826
187,0.035169276204901366,0.22200663139005836,0.09352288450381514,1.0774682605537551e-17,0.2636968290485206,0.18676744249093866,0.13118925403905687,0.06764768232170897
188,0.036085898469494206,0.22381783850043618,0.09513332169186997,0.0,0.26442006727212697,0.18070748458707017,0.12709808954180501,0.07273729993619739
189,0.05081044452743439,0.22582110215354614,0.10030863529964,4.3323352971849984e-18,0.24431298701885512,0.1778567332973437,0.13739382753150597,0.06349627017067454
190,0.05932422136231142,0.22114373467530138,0.09856252569353141,2.4576660964558946e-18,0.23964447864830152,0.18011743260707863,0.13852936706107694,0.06267823995139861
191,0.055085596184265805,0.22057969273955663,0.10863841377163606,0.0,0.20405851554879287,0.18565624728024724,0.15455505043705553,0.07142648403744578
192,0.06149209217679216,0.22613367483471697,0.10619293788268921,0.0,0.19893631483700766,0.17923686748331571,0.15691489228699224,0.07109322049748602
193,0.05935626125690403,0.22033876418564538,0.09224014857630364,7.2272755352155875e-19,0.20433173413935135,0.18293523644216458,0.1501695302479952,0.09062832515063568
194,0.04802854133046631,0.1793572814301795,0.10159924654655414,2.562857000592933e-18,0.20318075245824183,0.20064830128238084,0.15713460420734868,0.11005127274382859
195,0.014759413592165007,0.14057109247800387,0.10655256083688207,0.0,0.2552414352174187,0.17849068245545602,0.179661176526401,0.12472363889267335
196,0.008825468524323586,0.15977878679602664,0.09140254730668751,1.2560545695703051e-17,0.2623617135511383,0.17901106505450623,0.17865862262584245,0.11996179614047518
197,0.01581961341029027,0.18012006346495693,0.11187603781719628,1.3771220475124255e-17,0.2568697974052913,0.17729070817859247,0.1668466495093796,0.0911771302132931
198,0.025467933861713424,0.14703562447220553,0.09287390730203772,0.016441335162734643,0.2475531708984835,0.16856583811887332,0.19159013088506643,0.11047205929788545
199,0.015901613946785992,0.15680381805025345,0.084320619555903,0.02887348099595002,0.24416647189194293,0.16587129993019462,0.1957077360323719,0.10835495959559811
200,0.022219575094691066,0.13929016113535223,0.08894399196824293,0.03456772490573017,0.2273987660078897,0.1773040038993484,0.19963633287337582,0.11063944411436956
201,0.02568636494717819,0.13808158769288947,0.08504112166246197,0.032605269711357646,0.22434388815979248,0.17832157674991775,0.20397150809518225,0.11194868298022016
202,0.024816438259879975,0.149190317358456,0.08458402726506596,0.06869764559830555,0.24415649114600582,0.13890147314350257,0.21784537690281652,0.07180823032496758
203,0.02549337650449386,0.16598132212712924,0.08541971078948367,0.057394953361581555,0.23611850040247342,0.13465128857881234,0.21600348983664316,0.07893735839838265
204,0.018221213736445606,0.1596508222921384,0.08845671678894579,0.05882624605710598,0.25016524760035197,0.14091278690125839,0.2083721726641661,0.07539479395858766
205,0.027988941400373477,0.13057413145287178,0.11088839651445082,0.012219634853336199,0.2622093408054286,0.1498640481617925,0.21893801974099233,0.08731748706975417
206,0.02803689863865597,0.12722491687323798,0.0988124813071479,9.087075337253453e-20,0.2540370684250388,0.1453697833813765,0.24367575116683934,0.10284310020670344
207,0.039721139313407317,0.11264479529434393,0.11435416072844763,3.7103898697862613e-19,0.21296301753520108,0.14758268110772912,0.25823529617607055,0.11449890984380036
208,0.03353547709497432,0.11528206065473742,0.10063850155306117,1.086055057056537e-18,0.2133250719922356,0.14974132042924373,0.2630601427203631,0.12441742555438463
209,0.03498070587612312,0.11087365891127215,0.09478811506108625,1.4611318340122068e-19,0.22202438090842644,0.14348966940664395,0.26505346247505035,0.12879000736039758
210,0.0337845900856924,0.1076876830934376,0.10266633865295165,0.0,0.24136512956069509,0.1488030314590118,0.24096114117374123,0.12473208597347019
211,0.043219281333255,0.09944205191131607,0.10849196457388342,0.0,0.22946847088414205,0.1467922259873381,0.24958925250243968,0.12299675280662571
212,0.05411944149160676,0.12038668580121652,0.09767032389366496,4.1751775982449807e-19,0.22354553733614824,0.13757244334952892,0.24561326616612553,0.121092301960709
213,0.052712213933734764,0.12338177281175187,0.08414837959257147,1.54104409862965e-17,0.23071372696590667,0.1337386711432591,0.23835074958752217,0.13695448596425383
214,0.07208501508133047,0.12502778758448058,0.10319007507051253,6.616386109233537e-19,0.2018867063497172,0.12823865528062586,0.2539138267725034,0.11565793385982992
215,0.06317178069755211,0.13244442714540453,0.0829175895853112,0.0005032414773656078,0.21908133410877692,0.13956424854225521,0.24957890240656264,0.11273847603577179
216,0.08426555678095267,0.1238498082091874,0.11237713409965727,0.017670995946560367,0.19649735920268482,0.13207605226128874,0.24218749038901247,0.09107560310965619
217,0.08383341082484116,0.12542971205437536,0.11265059022217438,0.020455765120488065,0.19481781714695817,0.1345481262704835,0.24070720070762164,0.08755737765205768
218,0.09542025252085154,0.10531351988611135,0.10297437987629887,0.010071885418273068,0.20384999097110462,0.12756931499046484,0.27137651672154683,0.08342413961434889
219,0.09892915974199512,0.10605318418474606,0.10241255544128415,0.007877730142428095,0.2021021824939789,0.1291794004651156,0.27049381136603745,0.08295197616341457
220,0.09503144952669136,0.08935136165637177,0.09543090754853711,0.0,0.2082645597440653,0.13059912643720473,0.28761275264466113,0.09370984244146849
221,0.14320591231112054,0.050934210263960215,0.07655611666297621,0.023829935079349534,0.222364490352638,0.11312712243339339,0.2703845904947575,0.09959762240080455
222,0.15832641419680543,0.05095476755688699,0.07928244017423021,0.01601209718526752,0.197427622492409,0.1148852684621879,0.280568665657386,0.10254272427382687
223,0.164632286070993,0.05112004699309328,0.06760081283206253,0.016976947145186366,0.1998047034212908,0.11390997280014055,0.2749888548728661,0.11096637586336736
224,0.1302743385507386,0.05420330332872608,0.07022521572914088,0.02967134914541908,0.22723137194917462,0.12205308787596768,0.28450478583640654,0.08183654758342641
225,0.1259748850771635,0.05913797939506085,0.07095355820212082,0.04548563536288536,0.2328508306247448,0.13891468459104442,0.2503926655843984,0.07628976116158191
226,0.12363765943052066,0.062383419516023685,0.07323617971123936,0.042672109043558254,0.2336329259877384,0.1435490323401721,0.24570124765897372,0.07518742631077382
227,0.08044852203409407,0.06446953225123327,0.08089351921648395,0.07896933893344524,0.24294384241598727,0.14540840807418234,0.2489479550445545,0.05791888202901948
228,0.07907157174712828,0.062323272394167,0.08101245040064836,0.09496517208408532,0.25218398808469217,0.14568977571998407,0.23112474681113523,0.05362902275715953
229,0.09028830846129857,0.07424243121898928,0.05129513897503952,0.12076631658529267,0.259135334582012,0.15166820442664738,0.23005832562523063,0.022545940124489898
230,0.08078940656535873,0.09097085289808483,0.0659877576873559,0.10591924319936696,0.2729822260741961,0.15149477875476583,0.23185573481987157,8.387032384850526e-20
231,0.08400673165617668,0.0827589143211663,0.03778045825718657,0.11871612006560947,0.26574495269769677,0.16708368626627693,0.24390913673488712,0.0
232,0.0839115374404146,0.08238197995705962,0.03828154796343901,0.11685144852497795,0.2672977766501703,0.16890728254538398,0.24236842691755445,0.0
233,0.08855681316975401,0.08219463465957492,0.038898433629514395,0.11396438323374539,0.2655968096804726,0.16642490269103988,0.24436402293489878,1.9260735127155476e-18
234,0.11070024266987767,0.0989190237110514,0.07839990423467975,0.06800292005320566,0.2658784553274914,0.13337943496411317,0.24472001903858093,0.0
235,0.13014978402354155,0.09874003773253771,0.06773566899403513,0.056279714214183034,0.27313920293651156,0.12107416644109413,0.25288142565709676,2.739622188772888e-18
236,0.12186893258649129,0.10006820758198694,0.07855937427678403,0.06340202379388159,0.2693577820646665,0.1188923353537984,0.24785134434139122,0.0
237,0.065406968972418,0.09108845543938018,0.08653938279769949,0.07646930750492764,0.2954872656566789,0.11783703436687638,0.2640035777397484,0.0031680075212710125
238,0.06547080581618055,0.09074054244942428,0.07996261330971184,0.073658859257524,0.3001189948800187,0.12456213000135113,0.2633651194489509,0.0021209348358385317
239,0.05090115740280363,0.09713313206728348,0.09939128813147248,0.08331691754438152,0.2784490051900751,0.14773918439885403,0.2430693152641297,1.1490743083321939e-17
240,0.044294994203205505,0.09409416419805652,0.10851581488051855,0.08902852680643702,0.2727122156923739,0.14481380953200435,0.24654047468640408,0.0
241,0.07360785537681377,0.08756303979885863,0.0952918689584907,0.07965341229412326,0.29209208676915277,0.13229562889296184,0.23949610790859902,1.6973323261534108e-17
242,0.07869519581108679,0.08670725644697479,0.09420738100711576,0.07778820101924248,0.292187823735283,0.13535025133141643,0.23506389064788064,9.727908701409895e-19
243,0.0721511416206481,0.08710852414611521,0.11468323800243947,0.07131108734143067,0.25296039182355845,0.14244815465144475,0.25933746241336325,2.002549999940694e-17
244,0.08709613323566151,0.12171852322528977,0.11160812323729381,0.07532483568924773,0.24142418471537622,0.09941880196853266,0.2634093979275982,4.525908795412014e-18
245,0.0761652308747805,0.09289929878186863,0.11597054703482176,0.0169342755436076,0.2509129241840286,0.10808144981190212,0.3390362737679907,2.70986750952265e-17
246,0.11625752618156762,0.08198636465171166,0.12795624308600684,0.0496633864415572,0.23851291345041317,0.09358383650541094,0.29203972968233255,3.958200114983203e-18
247,0.13259309621683402,0.07741048681501436,0.10661989199244669,0.059539431517208044,0.23025648155970035,0.09463660019501972,0.29894401170277674,3.6574948836853116e-18
248,0.12299769149523786,0.10504288393691288,0.10809503183055387,0.0,0.2531193946938123,0.09810572773124333,0.31263927031123967,3.5466706759737655e-18
249,0.14133052563791468,0.09200330042429257,0.11520474120317073,0.025603799115536344,0.2824933380566646,0.05333843071985256,0.29002586484156856,7.602120701599743e-20
250,0.12438931210106721,0.13544431218950623,0.09797972780084899,0.001575076038198922,0.22899542419640279,0.05217738276683545,0.3290612780889025,0.030377486817237863
251,0.12413400601667776,0.1397439169129814,0.11069640242297837,0.008088428253005275,0.22516890544562518,0.0561141451698222,0.3100255920464066,0.02602860373150315
252,0.1138587914864738,0.13265608854251115,0.11275158630676205,0.012007359740395813,0.1910175507389563,0.09411298762446756,0.2911596731630018,0.05243596239643146
253,0.120762987664647,0.11895265199778683,0.1173440115328009,0.021647662510014796,0.2105695804889693,0.0759933796691893,0.30386992279008473,0.03085980334550711
254,0.10292465821693692,0.13545315545358824,0.11651524349105265,0.03418373853238415,0.18685320181305842,0.0578079444267639,0.3348052364142083,0.03145682165100733
255,0.09670516021771616,0.15581079122705443,0.1250246568946885,0.07217539212281686,0.14983021615391418,0.05504713233634523,0.3156178343660551,0.02978881668040954
256,0.11876322311464078,0.13350577175593814,0.10987743671396259,0.09940613020284003,0.14843801077788363,0.06677430527827417,0.3036080413243479,0.01962708083111264
257,0.11788268671650808,0.14877362249118292,0.1131059788909018,0.10675582268244393,0.14276255287106962,0.06721186665805025,0.29609839839817864,0.007409071290664651
258,0.12641474812058306,0.14249024168361504,0.1079716332817604,0.0958367608399145,0.13608914151573068,0.07945338624414539,0.30280835489901003,0.008935733414240834
259,0.11668266749857534,0.14432448359565384,0.10794073255236764,0.0981223887397229,0.1348523138816224,0.08223367025642597,0.3068547435544713,0.008988999920160617
260,0.10869275822554487,0.1409889845972164,0.09494019535902339,0.126338760443776,0.09052177912059445,0.08741151044009678,0.33475972481999405,0.01634628699275402
261,0.10700095467030651,0.15309052391958228,0.08424776109004116,0.12262071841074305,0.10779707810363731,0.08474051355339972,0.3122725927652586,0.02822985748603127
262,0.10382803311909887,0.1399467084817774,0.07910696666880046,0.14210503417052245,0.09250160218879541,0.1085858046445346,0.3051445945550621,0.028781256170408685
263,0.10124231191184338,0.1390287495167471,0.07595305761122778,0.15654977548207677,0.08397770252113929,0.10706470914513633,0.30569691023834106,0.030486783572488334
264,0.0994639011195873,0.12569719896868822,0.08014959652789194,0.1700631987765848,0.056108022763495115,0.11204613945839124,0.30787245321449935,0.04859948916986189
265,0.0954939439340292,0.11828360888459051,0.09296890214164709,0.18028927604691372,0.05008573443125401,0.10419952553546284,0.31607121650594505,0.04260779251915756
266,0.08541577351788299,0.11950464540604605,0.08640713653419041,0.1715626049321339,0.06129812138192388,0.12968745575687568,0.28148075666135053,0.06464350580859646
267,0.08477596355074928,0.12167008446116868,0.08237919292791786,0.17541740036452588,0.057903963142661954,0.13394699860590104,0.28148567468543656,0.0624207222606388
268,0.08000049122361165,0.1230616347466985,0.09061406647561732,0.17843967531069543,0.06209418665675419,0.13836917907653093,0.25741177656129,0.0700089899478019
269,0.08181296575925487,0.11672730424164696,0.09112662018188161,0.1803993850045684,0.06000112395806212,0.13862672570322662,0.258516198504102,0.07278967664625734
270,0.09343265237131622,0.12647941988977077,0.09741279028586418,0.1923636751555298,0.0769247591651203,0.12098665201296031,0.24095862979353977,0.051441421324898616
271,0.07663036955348294,0.14311037375861785,0.09885724054753037,0.19374705943606704,0.06534461005269214,0.10934091068403366,0.25265072532444316,0.060318710642132706
272,0.07147113453238443,0.1343942435071954,0.09578466076552883,0.19795318206037632,0.08529308154606084,0.11726485396841956,0.23156482901848083,0.0662740146005538
273,0.07056651624916052,0.1362710703501042,0.11098808659958942,0.20505482556931287,0.07362036355975726,0.10141724695607172,0.2439180121200912,0.058163878594912746
274,0.07370953069441058,0.1383317069316476,0.10591947893057825,0.20492439355204423,0.07049696522165622,0.0971296450868764,0.2542906935956906,0.05519758598609603
275,0.07581484416270194,0.13359955211367663,0.1093424690378064,0.2346201409870015,0.05729992940269677,0.0703563091214976,0.262630440405344,0.056336314768275074
276,0.07456243096901154,0.13976873110819868,0.10820897785872347,0.24329234254169085,0.05389193453944325,0.07059690665753832,0.24885017686642857,0.06082849945796525
277,0.08593724347580176,0.15222772337380291,0.12057868378402169,0.19724897758781385,0.058192965113544354,0.06178725565018815,0.2472208734805029,0.07680627753332432
278,0.09252436511102845,0.1473261410079626,0.1228416009868679,0.18845415475544808,0.043941099356388014,0.03309122813634658,0.3015630028740803,0.07025840777087804
279,0.08311233451034652,0.13983156339013528,0.13614957730854152,0.1734749427643224,0.04677706109062517,0.05459341759498886,0.2620020159639868,0.10405908737605321
280,0.08088942448672082,0.13877116632997027,0.12807606614904757,0.17061383313788997,0.05186876373253852,0.06725805901951866,0.24858542771137943,0.11393725943193474
281,0.07205003297533924,0.13501728290920859,0.17758134066725484,0.1743115992810041,0.036055305241891385,0.05797987596054583,0.22250652787894631,0.12449803508480974
282,0.07448302504445167,0.12745317536830736,0.18474882784592112,0.17737530235024027,0.03059232026244995,0.06357324599320585,0.21245810611797047,0.1293159970164533
283,0.0920325226277436,0.1213559616206594,0.16715639908180768,0.1715611256523117,0.04148626116287468,0.07035401030825927,0.21231721401950376,0.12373650552583988
284,0.08388487239429611,0.10778844619796661,0.13362056890943064,0.1907583453522722,0.06366517869716364,0.0882655733909006,0.20155016268639134,0.13046685237057887
285,0.07118191152804862,0.0948550393577647,0.13752496243953835,0.19394621394398537,0.08671093015916875,0.11703193387459215,0.18053899246117902,0.11821001623472295
286,0.0774927833118544,0.0886006950379218,0.14804970983757354,0.19546435408505164,0.09486591105919295,0.10483166897985163,0.18641389658732183,0.10428098110023212
287,0.102429145763119,0.09978992255724962,0.16705147492533973,0.18284995391739126,0.07873042298474679,0.09417729370558697,0.196969327518947,0.07800245862661963
288,0.10119776930188779,0.09981476040728,0.1823548319400853,0.18221213900424313,0.07913930971851069,0.08926529214506453,0.19269283008642452,0.07332306739550402
289,0.11720987004234469,0.08370226516138347,0.15469999830248937,0.1817927235205912,0.09242260932105835,0.08328075380067722,0.19821353118213228,0.0886782486683234
290,0.11579030848253555,0.08417099017208717,0.1433492340241369,0.1786053743383049,0.09352383277741307,0.09300974129536627,0.19241488288510966,0.09913563602404642
291,0.12176416927728138,0.08760111710379478,0.13093058334282495,0.17880357982490175,0.09967750946693116,0.0983701732124992,0.18814606907292922,0.09470679869783755
292,0.12033400431316521,0.08705127886346731,0.12967083057394277,0.17899642973404045,0.10150425794804752,0.09715864847261267,0.1894483244269852,0.09583622566673881
293,0.12008928979978985,0.08344404938877728,0.14550301961806536,0.16811076107203216,0.12595232836740575,0.09809440140416442,0.15858478171281318,0.10022136863595195
294,0.09910700749499898,0.10216252295108456,0.10587138004905267,0.1840789627699953,0.13265322393331838,0.060031603193600076,0.18666038016571643,0.12943491944123353
295,0.07579566601713777,0.16846184760024852,0.09459549986005382,0.21248654995528304,0.1194638354613243,0.0420998344138488,0.1676414896404625,0.11945527705064118
296,0.06329456757963789,0.1530127273893554,0.09745801090270906,0.20087306266337457,0.12516171355457384,0.06261022310076593,0.16982172991361616,0.1277679648949672
297,0.06482202702665364,0.15358610162554476,0.09590532265420032,0.19969335496749155,0.12417773059959603,0.06109828559736179,0.1683737161494569,0.1323434613786949
298,0.07240211301412097,0.11841823387522274,0.11296579787334818,0.23576748488794155,0.10534379133499495,0.07448232674968223,0.14094415635790333,0.13967609590578603
299,0.07567662004601709,0.11215427391733,0.10934544925465042,0.21845235476823416,0.10055142112786274,0.10175458113635853,0.14333757852646842,0.13872772122207858
