oos_period,model_1,model_2,model_3,model_4,model_5,model_6,model_7,model_8
200,0.17494005648277142,0.08627623985508423,0.1053411895292862,0.06123205095324574,0.21091230973650507,0.06914289128226798,0.1625861009697884,0.1295691611910511
201,0.16264598741747047,0.08887395040120012,0.14662429933392584,0.08624897216071968,0.18346102396516942,0.0971757666181082,0.15453133563568952,0.08043866446771666
202,0.185797311894464,0.07949055772325138,0.1819941563419627,0.09183801511736034,0.1484131633964587,0.09603567385305604,0.1426089656124105,0.0738221560610363
203,0.1592882457153602,0.10957674564725933,0.09789225450891408,0.10428966698091516,0.1657559546470243,0.12288101244109066,0.15377832358912638,0.08653779647030987
204,0.12808126046399707,0.1154296923013562,0.07244122417192593,0.1483355180300131,0.20593598360457213,0.08721020177090162,0.15147071782225616,0.09109540183497777
205,0.10683151303194555,0.06822946863900577,0.12407193086376989,0.0334646773747876,0.20886616988532256,0.23380738560014117,0.12914698143997733,0.09558187316505018
206,0.12978737821706887,0.09646447907667456,0.1428702113246744,0.04725094929777822,0.21033808339693982,0.08738761481911166,0.18130746952544258,0.10459381434230994
207,0.039166787906553514,0.04129822733040103,0.013966260908549147,0.029932203273815797,0.03674799837677128,0.7043698707266283,0.06584313085844684,0.06867552061883413
208,0.16830813996668806,0.12043139854792878,0.09086157427524971,0.08673694705975116,0.17097450132884423,0.012032187611772098,0.22091660216117787,0.1297386490485881
209,0.16409806696150944,0.12576225555813425,0.10417564694826359,0.08449693495600166,0.16085826377763304,0.03606858612633253,0.2143682461029897,0.11017199956913573
210,0.10016013535066239,0.17055305094006998,0.08075660397874582,0.0816131121561188,0.22815654045008782,0.068219866684021,0.13673909967834108,0.13380159076195317
211,0.11579431540692252,0.1547756415359083,0.1259623837598189,0.10167547953333461,0.19105079490509233,0.05566758426057378,0.14109390822095064,0.1139798923773989
212,0.14403007821436048,0.15565857455701132,0.07986553651987216,0.08439398546900459,0.20695038295626336,0.037860271917421154,0.18370261536369345,0.10753855500237347
213,0.13258093899267287,0.15844263585382176,0.11254084496388155,0.0614256226411599,0.23023350590967323,0.027098924823588666,0.17452470078200888,0.10315282603319326
214,0.14191393029609503,0.1683125972121805,0.071220307547847,0.08803289420824369,0.21651909235752964,0.0540387112489497,0.15453246057696385,0.10543000655219055
215,0.11416041476367005,0.16768459643163258,0.05356892987095698,0.10819534161420938,0.21563031332783741,0.06428901272377685,0.17553734972738091,0.10093404154053572
216,0.12945469575091126,0.1922787693923541,0.05228693254179246,0.147226676651776,0.2124250401437691,0.08615044049208438,0.09211029665134211,0.08806714837597064
217,0.14351571828997403,0.20068444828951235,0.04945422019877936,0.02761080679265975,0.2478243454162056,0.10471594665122283,0.12090294535789917,0.10529156900374706
218,0.1864776230183547,0.22453875320482236,0.06332073711386113,0.08520718908308121,0.2018097879909092,0.07412698142350335,0.0403131642194099,0.12420576394605817
219,0.13881426860512136,0.1888293616273846,0.06785874586309786,0.0795812050291467,0.22329825973502426,0.09615561331272003,0.09612926876497498,0.10933327706253017
220,0.15100925174742932,0.1882250737176146,0.0713814314672283,0.08090554979142678,0.20139203086968582,0.10076782600715477,0.08411181339944983,0.12220702300001068
221,0.1951064557711676,0.19611052041304394,0.07213140713492314,0.1024485983356935,0.213440072916912,0.10969867638550315,0.0158212177181862,0.09524305132457062
222,0.17006510962780325,0.2182256402428951,0.06933880177158473,0.08755598933948051,0.25145665928269134,0.04766431460499843,0.03901262999232696,0.11668085513821971
223,0.16433906872161852,0.18187127087914523,0.07567776024213935,0.12511457444515614,0.13802792399273695,0.13935835292371596,0.04557067797252775,0.1300403708229601
224,0.1547544456991896,0.30403763601246814,0.10160533097299729,0.16886530751111814,0.0007185107766049931,0.07440799291735485,0.01913817445103214,0.17647260165923492
225,0.13425549192892286,0.2602389992524983,0.10050368878445266,0.07437800807558097,0.12303582183413063,0.1436079854291129,0.02823244995533798,0.13574755473996367
226,0.15076371717808074,0.2561383818289852,0.11237679675623376,0.10234111297905915,0.08283559641073392,0.11488229355394158,0.037395296159381884,0.1432668051335839
227,0.15505861874244167,0.11943181862625812,0.12226983123856332,0.11384966779293977,0.15301478818536748,0.17221387071097433,0.038709014119189325,0.12545239058426605
228,0.17270497452758465,0.15473903189767482,0.11342218547789203,0.1258072393080066,0.19510568880415993,0.07975769792114068,0.01594731222779425,0.14251586983574713
229,0.1999661819273751,0.26101281507824314,0.14365268858138983,0.06256338821393344,0.03503227559471719,0.1435173318188916,0.031943335962995666,0.122311982822454
230,0.18207273125463558,0.21222443365720337,0.13030887297672342,0.07475262839944627,0.061133053301158216,0.18142621473760284,0.032338185351764505,0.12574388032146594
231,0.07114244899196179,0.14593701523211156,0.1437444822722814,0.0840717356979856,0.06417844504094228,0.2731009027551407,0.036757419909113326,0.18106755010046344
232,0.11864117993689513,0.27605719334546,0.14803215852090917,0.0600634559303787,0.06961212516359028,0.09053639074144029,0.04460932123754749,0.19244817512377912
233,0.1647376886297258,0.1607821673351969,0.167149380142484,0.08342628215531446,0.08944336890287496,0.10217023356705904,0.043428312142824985,0.18886256712452001
234,0.19184365108478144,0.18609399558069833,0.17101516322007293,0.0938856970585644,0.013247660834606531,0.11077505233431724,0.053290935943126665,0.17984784394383246
235,0.18365218924065352,0.1729066132181846,0.2371938395649325,0.15939490055020372,0.02082401908191826,0.07761339165456488,0.05524874196555496,0.09316630472398763
236,0.2058248699695835,0.21854796923123576,0.2939133433559641,0.018822423775907537,0.0415257719833818,0.04686166367563895,0.09567429359692617,0.0788296644113622
237,0.14238446153367854,0.2596814883292867,0.20293031832693512,0.08661873278321612,0.03403549988268291,0.14319780020607334,0.06861238290348122,0.06253931603464613
238,0.008386798256118919,0.3832466328851858,0.25331348280788324,0.020687409127672918,0.031487920530983995,0.1851261653530453,0.00597862795408732,0.11177296308502248
239,0.05387403417670627,0.30981936576835906,0.19506853181052217,0.05536072190642016,0.035001078000096164,0.1397077928897158,0.027206037603229913,0.1839624378449504
240,0.06168987864104488,0.4068554698499973,0.0739287495890172,0.07294484613373528,0.02882998215018508,0.20639814517285637,0.016633717981156135,0.13271921048200777
241,0.08090034539614581,0.307692552235179,0.18598317930091288,0.05775068482369782,0.037208412391179994,0.19383997875871217,0.02276022865378568,0.1138646184403866
242,0.092523795499697,0.21869436799435396,0.15946900410728326,0.15553227835165295,0.030274934087490497,0.22080252879944598,0.02890834114467275,0.0937947500154036
243,0.06080354486045442,0.18430114572973272,0.07547913386785816,0.0771412550244754,0.040906519431000286,0.31352300247957354,0.05489259101836615,0.19295280758853933
244,0.029908370585044513,0.31955790997130695,0.1605035773288295,0.07425356414309882,0.026383713157948657,0.22393260683301416,0.04016867565760537,0.12529158232315202
245,0.007043461128008729,0.041376473029461035,0.061320221073489965,0.8327030933694474,0.002730563258668065,0.03032096545106307,0.009445085825642345,0.015060136864219371
246,0.031452711033351295,0.2678779248580579,0.0317898441590045,0.015431713582195361,0.12663757677522405,0.27865912274839455,0.062431578947711,0.18571952789606133
247,0.020904043156407592,0.3770790244615621,0.13904849673761002,0.03221558948863538,0.003967251888445603,0.20864891132929286,0.060293758383347516,0.15784292455469898
248,0.04147713973236556,0.30868195230689643,0.14641228559148767,0.07403042630508984,0.01765389679982375,0.20029566159085588,0.05871536610045994,0.15273327157302088
249,0.07142699019871271,0.13260597100959234,0.1783589835691021,0.07720569723052544,0.013485107924785892,0.3105891926579118,0.0006976387284258082,0.21563041868094399
250,0.06191576006751182,0.2352250086338089,0.10378901593223751,0.1169566898923973,0.026370523312591702,0.22976713184658049,0.0264249096263208,0.19955096068855152
251,0.06583494940679796,0.19302461058090992,0.11365586103414506,0.12043167418367137,0.033051784493050775,0.251494331663528,0.033617602649776784,0.18888918598812005
252,0.062336411821672766,0.27539665670208147,0.11424981969945223,0.10053162251070441,0.04068316753545691,0.166449937965485,0.05799052741413732,0.1823618563510099
253,0.017282614240119953,0.2597517167793211,0.11929820532715495,0.2474538152411862,0.031897044319847065,0.07642680827065548,0.10415342499628323,0.1437363708254321
254,0.03199199714517972,0.11737946954094369,0.3633960803222696,0.02082620463495258,0.00739741076714242,0.2758746050143744,0.0335471327573003,0.14958709981783735
255,0.07068753704062404,0.23037883469554532,0.10069464537520575,0.10218863113980493,0.04156099089984696,0.16571310902582523,0.0609340057497936,0.2278422460733541
256,0.058971953874617865,0.20335527131880377,0.14344678696906477,0.060227012577844366,0.025291227839558478,0.24300697072874392,0.06783602793402595,0.19786474875734106
257,0.07846626642742763,0.22289534337796732,0.1120741228864971,0.11027221064604964,0.04410808797692078,0.1198126427063632,0.07741319098736996,0.23495813499140444
258,0.0670134861971461,0.2028848110305438,0.13997438174058505,0.15439009601647347,0.038299207483977464,0.09031830389517352,0.0998116646420233,0.20730804899407734
259,0.07487262831330571,0.22854828779959882,0.07861243509370937,0.1347644885013225,0.05433206905397664,0.09371625334513142,0.10578641983707819,0.22936741805587732
260,0.0901585265983983,0.2207887323482371,0.07261158962207477,0.07708649788647204,0.09370932226973297,0.11600527545945664,0.0866233083862174,0.24301674742941082
261,0.11149878683200266,0.18666818981492322,0.09641169191780685,0.07332590064601323,0.04277805726120727,0.1054664449744883,0.11864441576441695,0.26520651278914165
262,0.0596823462102477,0.23333236712815505,0.10347475992821471,0.08709303136930001,0.06881926586679248,0.13125723474212242,0.09867338831302086,0.21766760644214678
263,0.05204025439123775,0.30963642974788425,0.08754527298823046,0.15242685174143336,0.06719848097935087,0.1331073632979653,0.10652132904121593,0.09152401781268207
264,0.06957124901669359,0.09124602992102583,0.17910763948381828,0.08732539020892176,0.09085818760160422,0.15066306975180271,0.14244389468277646,0.1887845393333572
265,0.06689834133296906,0.1180252406523935,0.09771698044706759,0.14385088128984677,0.09403061228645648,0.19060535116004096,0.17263474141539778,0.11623785141582797
266,0.055678776748211714,0.14844225216470844,0.0767878412425183,0.2545874767617587,0.08994661485310959,0.09220325345958263,0.20287302808998411,0.07948075668012654
267,0.09138227858992123,0.11865772795046454,0.14813660964011185,0.08851319597013788,0.10179710307052017,0.17450530054566774,0.1780236455954886,0.09898413863768804
268,0.081251035211809,0.1370614143112657,0.09793249917204554,0.10355932256647606,0.11902529236435129,0.18249662041510484,0.19995778659029215,0.07871602936865547
269,0.06578976868717884,0.09730644910319722,0.07469268460642164,0.1508953707016039,0.23914403419428612,0.12865027868080736,0.13564731933864493,0.10787409468786013
270,0.09257621384248625,0.14670333434612598,0.08944112568710906,0.044566495245058166,0.19862076828458236,0.1949237081778929,0.13850511352155437,0.09466324089519088
271,0.10154763822147644,0.050752647950867986,0.18459796201238168,0.1578250395312378,0.06653587962787272,0.1420210678187859,0.20214112461772896,0.09457864021964849
272,0.11155829347515629,0.06961666446199911,0.13052271505848795,0.03826222053991587,0.08028978564950215,0.19086729146829623,0.25902423483595227,0.11985879451069005
273,0.08817277086491145,0.09692674044004637,0.08432813742197579,0.09545541661113861,0.0755302993515368,0.18793139305349055,0.24571255052448057,0.12594269173241987
274,0.12578081145617345,0.08051709782112279,0.0957505498755238,0.06797885100204808,0.12650477672088947,0.2518128672746448,0.11011436558039621,0.14154068026920139
275,0.16060279684182882,0.09955537712062543,0.045379036328096506,0.11227444443026216,0.1263870333089264,0.29204422378222267,0.0038843416484508316,0.1598727465395873
276,0.13192753001303809,0.14387403810079263,0.063629630122347,0.05973264081951264,0.13748847609958495,0.22190169889745046,0.09180234340816777,0.1496436425391065
277,0.13831372305969133,0.1156739328311406,0.0694126991603485,0.10586566346795112,0.13129287903223102,0.21395273742130452,0.07119300277482477,0.1542953622525082
278,0.1097082660219924,0.10593289100475167,0.06251968821274079,0.20441325380625536,0.13422364844862308,0.22000541646743757,0.024913033043690542,0.13828380299450874
279,0.13838387435635624,0.07632464800080474,0.06641438563205761,0.044136510076096244,0.1585277946949735,0.2519745770043086,0.12273339474790204,0.14150481548750105
280,0.13717888733471176,0.09493758983244041,0.07006063710658121,0.06989165390972442,0.148998847564397,0.23614836685097654,0.10569319583568162,0.13709082156548713
281,0.1546053915196224,0.09812140262724652,0.06817314992927632,0.06776467891027103,0.1507281304216812,0.24657362079993833,0.06681119424525192,0.14722243154671227
282,0.05927174741784975,0.6628612004810288,0.025163133817079474,0.011841929244468453,0.03938550334980954,0.10964876853010007,0.05607101635847528,0.035756700801188555
283,0.1610164443976939,0.04163080513524594,0.08202197358664357,0.0499693456462942,0.10524449612831709,0.31230843509148115,0.11704921437153318,0.13075928564279105
284,0.1738985359920976,0.045191631505128615,0.08713703387938725,0.07299003350484837,0.14077000452180236,0.24623603194638327,0.11856965787638724,0.11520707077396537
285,0.20750591773989333,0.0470590113678273,0.10538360983961939,0.08041334728178852,0.08578787737276472,0.24856333201569983,0.10108573602198959,0.12420116836041736
286,0.231605105313534,0.053460074159694115,0.09735435372609066,0.08055552253018199,0.09671887789258163,0.23227222840515657,0.06552848309825722,0.1425053548745039
287,0.18363653718927644,0.07046977076370771,0.08417586532998893,0.09369511952265448,0.11741638018136834,0.24596353922606912,0.08458934166589431,0.12005344612104075
288,0.1764969456168073,0.04040032910360514,0.09761775341278645,0.09479070642812575,0.11744355087323981,0.2468628090793258,0.09762329677055166,0.12876460871555798
289,0.14584487360929096,0.05062607128355708,0.09686706246230921,0.10580111051627368,0.13099340607932036,0.19336311444271032,0.16991749814416024,0.10658686346237826
290,0.20407645678678288,0.05544288526689931,0.11409308544538654,0.052471596977562145,0.13277699252501637,0.2516101845256902,0.07734764124348116,0.1121811572291814
291,0.2186194827386862,0.059368779732495734,0.07410458010948417,0.05924334993005585,0.13366387068937743,0.23266564944445992,0.10092554078371864,0.12140874657172208
292,0.2072777094227788,0.04819312694110542,0.07934959412152115,0.06420149867943363,0.09839808229721582,0.22437411293768655,0.14716130195751628,0.13104457364274225
293,0.15020078468146655,0.032599121649982354,0.08028756571817981,0.04897457355413622,0.10031341264520974,0.333211699610385,0.12174018321918062,0.1326726589214598
294,0.1434278475432131,0.08145688475364726,0.05678505134653207,0.0904687672947014,0.14861119922913268,0.33718302584625565,0.10805053222950196,0.03401669175701596
295,0.1191248568869768,0.038374557584576016,0.07087325854640661,0.10004207294448353,0.15670293252578704,0.2738806182359008,0.12145071076993635,0.11955099250593282
296,0.1345757179546994,0.05722927431466811,0.10100924533259165,0.09554824907290978,0.15846422202010096,0.23684263123192562,0.06513065142703166,0.1512000086460728
297,0.13069801245147006,0.030287898486211304,0.0877898633813086,0.10763879614753334,0.19165167535384303,0.23427148603146275,0.1038471567808296,0.11381511136734139
298,0.16466683988403777,0.03953899318528935,0.09729062667492326,0.11802421215600283,0.10927801030475572,0.2954402298777096,0.10911430932397806,0.06664677859330342
299,0.14320193052153307,0.05215897455716886,0.12381683753541663,0.11893376436669949,0.153697838222567,0.26875518178892077,0.07252364151857171,0.06691183148912257
300,0.13189725397983143,0.0562722111405441,0.09079710244565256,0.12604276829683192,0.15461707355790572,0.2997805101381756,0.07380296882151335,0.0667901116195454
301,0.15442200230330297,0.03778502342800543,0.13920258143099348,0.10778119312752661,0.14279226476891654,0.25770654633256046,0.08249752586554202,0.0778128627431525
302,0.1283432995817473,0.0712797099397024,0.11934381876492255,0.11254590200526589,0.13849976257200322,0.3079719337469721,0.0831538309769111,0.038861742412475385
303,0.08546028568576466,0.060587494091790484,0.14835355458151006,0.14624449380109225,0.11241118981075952,0.31584721574755475,0.08617571382985788,0.04492005245167033
304,0.03587787690144219,0.04376407698123659,0.09161282589169882,0.07192723159485633,0.04968216557768075,0.6185056100172123,0.0679493068736572,0.020680906162215913
305,0.1419634137793347,0.11526873091251044,0.12548556736609198,0.11873223344979075,0.11797511367416624,0.21286245281760835,0.11909989346244611,0.048612594538051536
306,0.12691629258334508,0.12085184549829313,0.12680300744009068,0.1176073367424015,0.12031075518308079,0.2301924128056331,0.10539751718166383,0.05192083256549184
307,0.15125459298893232,0.09081551971199575,0.14446301294573105,0.10547705514914077,0.12595268548629962,0.19937676937279744,0.11795867366914885,0.06470169067595416
308,0.17166353762703726,0.08405207462872027,0.1652969092403096,0.10030827289299887,0.08390243634468812,0.2118242866714973,0.1329728862954113,0.049979596299337355
309,0.16380298505391852,0.11479909167121002,0.1609459663354153,0.08829992983023205,0.08693924037981494,0.23069548568654877,0.12081267808846204,0.03370462295439834
310,0.1301069280778662,0.053939510047227315,0.3642281917784908,0.027802753734268004,0.08581215411401313,0.25377784457252056,0.04386878641944236,0.04046383125617175
311,0.13297588343721548,0.07734778631890545,0.1952988551278572,0.0673350101636498,0.09005551284785598,0.2763119878566914,0.10467152272650318,0.056003441521321515
312,0.12907538263634916,0.08444834786308582,0.18228989769373444,0.07436193472435869,0.09240143425640276,0.269425710962637,0.11590139984134441,0.05209589202208776
313,0.13602270967169447,0.11144368088827483,0.1502795277901864,0.12501568333006965,0.10034320856295793,0.19619783295868487,0.12820660573410544,0.052490751064026446
314,0.16434103068166003,0.10838196971903674,0.16417375257879954,0.10854468470020344,0.09245232297267299,0.18444601761482765,0.1299570835522665,0.047703138180533275
315,0.15370692213697415,0.09291336899938077,0.24373750301688338,0.07366547812372595,0.07345106451570493,0.2129707256200741,0.1002378526375565,0.049317084949700184
316,0.17349305317072994,0.07279526119553707,0.1775524179724677,0.1030038567677942,0.09410292598686655,0.1823298546520324,0.13709497470291146,0.05962765555166058
317,0.1779687731694762,0.08450190306198391,0.18317555501335928,0.12332655177814315,0.1054245018402881,0.14457586369886907,0.1230704017825107,0.05795644965536959
318,0.16011225770656276,0.09509682115600746,0.20954338635775643,0.13890690542449063,0.10103770794011441,0.1597901517875227,0.10887042324810361,0.02664234637944201
319,0.14714748629443067,0.06830017717704345,0.20973189955188332,0.11638287492884498,0.06870186848626193,0.14757261883050932,0.20047633034575654,0.04168674438526982
320,0.1456467824297663,0.10863157589194399,0.16842268671137772,0.16860394102695184,0.07873195650498623,0.13228328636675316,0.1018811801005032,0.09579859096771744
321,0.19376831138313247,0.05776974038725558,0.1658568649441037,0.1457498934910963,0.0745701259900678,0.19670439857498084,0.13870216157662904,0.02687850365273429
322,0.1031975255847416,0.08329107038616013,0.20986547292962654,0.17876427547883614,0.12081510255184794,0.11337853910893247,0.15730924626918016,0.03337876769067513
323,0.10227490330672546,0.09175699983008392,0.21629519060845037,0.1210298355453281,0.1263402021155465,0.15000858091857638,0.15238940934996406,0.039904878325325334
324,0.07695079334963129,0.10931012477743908,0.20378308807648113,0.1252390765709648,0.13462678737130448,0.13766882656512505,0.15684842463015006,0.05557287865890408
325,0.10481840984280869,0.11325843638161061,0.21525332288464816,0.126271558754026,0.15781807836436818,0.13071401784490957,0.10811827958418326,0.043747896343445614
326,0.09069569901777062,0.05029696303132607,0.1656275655671471,0.05465488988082507,0.04822568736106902,0.08995396352692372,0.4681403734753944,0.032404858139544045
327,0.2087796886672801,0.14486739829890416,0.024309971597100535,0.14322179014057626,0.15463040805225395,0.16152119508217672,0.09035635546330967,0.0723131926983987
328,0.14138158418846825,0.11975746720897924,0.10468266900417637,0.12311058498788015,0.14880842222504093,0.17927885218975143,0.108841700378075,0.07413871981762868
329,0.14682463886377706,0.1322597962903014,0.11685217219063558,0.11232100174543062,0.13621845175891242,0.12451549845432511,0.1404121957807808,0.09059624491583704
330,0.1337138464001732,0.1376243183652797,0.1057018800609469,0.10752651446380508,0.153269993864383,0.12415263719910076,0.15174467184497234,0.08626613780133915
331,0.14753380454564954,0.1405510301258115,0.08922809984376026,0.10623272213595172,0.1581986474742992,0.13652454712578513,0.13198324586471083,0.08974790288403178
332,0.15165025737208124,0.13627941038730992,0.08688885729857944,0.10352819626592787,0.16158731477061627,0.10824450301912206,0.14767726190026584,0.1041441989860973
333,0.18070894024485912,0.06589815598629067,0.05899361651711507,0.0645873678610911,0.08542090696729122,0.09198812951396458,0.40196832670809396,0.05043455620129427
334,0.22515964655555068,0.1837781731734282,0.10895023578914469,0.14086728346522553,0.05034160410412385,0.14541335675328654,0.05891067631464125,0.08657902384459923
335,0.13801212272370408,0.16491962579891833,0.10284653793563257,0.13628717483960584,0.08517648297817365,0.14580909225563832,0.12566483143665688,0.10128413203167018
336,0.15663477566908368,0.1748197211129583,0.09993753805858352,0.13710734883936954,0.10669336169522152,0.11118821916566839,0.10561168085778697,0.10800735460132815
337,0.2011901004180655,0.167016814099703,0.09589461129023796,0.12138313387632543,0.0873959258222709,0.09928700890500362,0.11070963008990402,0.1171227754984896
338,0.15914947078170308,0.1854990912101432,0.08370915716021902,0.1414254810938893,0.119512377445601,0.10483281381437926,0.07211933874268044,0.13375226975138463
339,0.14773777900398527,0.18599425898120395,0.08010980693462334,0.18754478967602894,0.11124412281410245,0.10670336041331602,0.06697401041841886,0.11369187175832111
340,0.14034366481130586,0.18363813076558902,0.09422126805174844,0.17518504979724192,0.08028902323573667,0.08982183477142845,0.09639567987110044,0.14010534869584917
341,0.1493028167623761,0.19280638868428027,0.0847554010554359,0.15152515950712434,0.10025702410915792,0.11006011691251692,0.08461301860315072,0.12668007436595793
342,0.1435090754912823,0.19417370283856772,0.08501247179239806,0.15563979869885108,0.0935412447572937,0.0972726259494098,0.1043488814083821,0.12650219906381535
343,0.10904607215752912,0.1959932286304387,0.08648385445037109,0.1689239017645836,0.14976830901034152,0.11162261688785675,0.11572408025218693,0.06243793684669227
344,0.1404827858747863,0.21806019524586595,0.10079317821428979,0.13620659520004838,0.12157449954708052,0.052853365637431905,0.09499993444399601,0.1350294458365012
345,0.1937255247556209,0.2034054115656188,0.08428501402099361,0.12775160991835857,0.07629491146268455,0.06287183120949338,0.12709714712498338,0.12456854994224689
346,0.1823476297388995,0.23164945340688223,0.09159061211989855,0.11215105492008987,0.10358172836935232,0.07532270174270271,0.07934539267207119,0.12401142703010365
347,0.18111879288368152,0.2021997166228485,0.08812967735577254,0.10936666340433573,0.10192985024263586,0.059103474626816574,0.09872039811341128,0.1594314267504981
348,0.15925983641666422,0.2103286602037749,0.09057423265773878,0.1394394228308078,0.0964089779041991,0.0845681001365179,0.10897396042384806,0.1104468094264492
349,0.14472019087801954,0.22723928874436514,0.1043518959969733,0.133861784892434,0.08856553677501378,0.05442981972453638,0.11102061064418334,0.1358108723444746
350,0.13605740527227642,0.22597838358628314,0.10889260209163905,0.13836592939356598,0.1326442096004868,0.05365057372368162,0.06678640867011014,0.13762448766195695
351,0.17039218576987292,0.17358851037927947,0.10373812409897266,0.14136272616967166,0.07845573022474789,0.06567892988768644,0.12011192141730448,0.14667187205246449
352,0.15620671075673678,0.1640430160345341,0.10712406826602328,0.14526080196147562,0.08055873779127558,0.07815931174547087,0.12756066924022963,0.14108668420425408
353,0.20001445368521098,0.17008273985633646,0.10092155846038489,0.1056066015991875,0.09847031239265204,0.03807078155447515,0.09525240680351503,0.19158114564823803
354,0.16570283654930262,0.15629137255481337,0.07148223889940036,0.1377296805668156,0.0738609714024256,0.11833341165563889,0.12787638554734143,0.14872310282426213
355,0.18629778348040466,0.1581537569665382,0.08155481474117234,0.15202068569203858,0.08086786449572173,0.03621299725057521,0.12568459774726196,0.17920749962628732
356,0.1565826781518,0.16152003515140498,0.08505870782659188,0.1698526243698955,0.09247798894315344,0.053129196965469846,0.15037875848895751,0.13100001010272683
357,0.15088897127452278,0.17206982326566225,0.08341433385767812,0.16550029539702069,0.11199642131331165,0.07008293706801949,0.11519128553240983,0.1308559322913751
358,0.15003656287001305,0.16828978431198297,0.08075333870141364,0.17389093135617928,0.0824779057893253,0.07648178427592155,0.1335284569526347,0.1345412357425295
359,0.201424146731934,0.1393321501460246,0.06817317622586958,0.15448838677424367,0.09469642054510756,0.05209625751033862,0.16598324584508875,0.12380621622139322
360,0.16205109315304977,0.1523059316375066,0.03758232030621265,0.15786905940750318,0.10568451362219365,0.1545240224566526,0.11034229622579463,0.11964076319108684
361,0.18498598341372008,0.16020311804276485,0.056122911487527884,0.18398362900702736,0.08015384460190751,0.04867963790574163,0.14931063463602381,0.13656024090528704
362,0.15003067902415756,0.1627174003164907,0.06193664894131193,0.17614389297748875,0.10959330441816433,0.05632367365652384,0.13259712774481003,0.15065727292105283
363,0.14083353831497672,0.15258604667387554,0.05446392019966614,0.16638327626618857,0.10948667698737578,0.11175481782936343,0.12276370274833716,0.1417280209802167
364,0.4518923944818821,0.08849407075676435,0.05621657487020366,0.153636406907047,0.059517752120111636,0.00645130876652996,0.08864467824627674,0.09514681385118455
365,0.06830025961022002,0.16498502694165582,0.06068510701418346,0.18148426047424837,0.12793432196000554,0.06056433326520354,0.17002581099641323,0.16602087973807006
366,0.12181383018115574,0.16453055524417584,0.06526212461111268,0.16966303703617233,0.13862172051811347,0.05890109556406046,0.12522412093783264,0.15598351590737677
367,0.05066039218236016,0.15929632858160228,0.07454758698453769,0.18811562451239539,0.1587892843266561,0.06737022920065738,0.13287608880232302,0.16834446540946787
368,0.044132022358825344,0.15013285131774456,0.06723374717644762,0.18134997850281775,0.08390613292352542,0.07511816972124005,0.2300854776944843,0.168041620304915
369,0.08077704940596453,0.1626123856353051,0.07623220650465126,0.17366411220596248,0.13972249523815694,0.09714336110897107,0.10952431024985129,0.1603240796511374
370,0.029289630760666183,0.1623881380606424,0.0886919906531634,0.25898185270570967,0.11273097296129764,0.03734620628157953,0.12633542167847134,0.18423578689846987
371,0.05812445066052254,0.14886039454541075,0.10668246375303464,0.08321216886108214,0.1459867194527592,0.10874484907620116,0.10364164827670085,0.24474730537428876
372,0.05545149152271967,0.0708195501598186,0.12402093757928667,0.12595845189712065,0.23932661197768165,0.07227292234908775,0.11000200853818783,0.20214802597609727
373,0.07086047009167148,0.14745015546320492,0.09531953755926524,0.09432603785932933,0.12081864935912338,0.06592651450426158,0.18328991018092755,0.2220087249822166
374,0.0757737686946704,0.12652536780328472,0.11317090046598699,0.10746137217914124,0.19803361414079154,0.0773737229271761,0.12358881947787254,0.1780724343110766
375,0.09374544039579705,0.1840354635432648,0.14325234911292817,0.1031769675032656,0.09807309783518055,0.08574021109511588,0.14859090822460805,0.14338556228983995
376,0.06622453682728788,0.06963313334405623,0.08862560648120589,0.10357477349550524,0.21468498583779613,0.28328999985699344,0.030854488353084342,0.1431124758040708
377,0.09965401495818009,0.15591739580167355,0.08574027011401898,0.1582211404260262,0.07427545553241487,0.05103326773900824,0.14960259161229417,0.22555586381638396
378,0.10379442848142013,0.18236642897072128,0.09398031303705816,0.08607003801425522,0.06902646496806879,0.0607324814584083,0.18261420828122332,0.22141563678884488
379,0.13446885658851918,0.1663871355869703,0.1156617931392178,0.09392117000118816,0.08767323029080455,0.0819975242801388,0.07649380131548365,0.24339648879767758
380,0.08978499118804945,0.17539396702308965,0.12225215814008548,0.11164148310553824,0.1044502239935842,0.10691285944213091,0.07021647813955446,0.21934783896796764
381,0.1484283383960303,0.1664824869752707,0.1074038768370433,0.09840377829304436,0.12186054762117265,0.11750726270973637,0.07757295508850982,0.1623407540791924
382,0.08235769714852834,0.19684430590714858,0.10908605664941227,0.11848347871111065,0.11565021693818836,0.10090373897279258,0.09122920498062735,0.18544530069219192
383,0.09372131205112258,0.1620718371705712,0.09053012816952904,0.12226181704926575,0.1163563078907971,0.14108568162253357,0.09446803515870869,0.17950488088747213
384,0.06489251611649202,0.29457063104917824,0.07846274201703253,0.05120257716756061,0.09645198645375476,0.11186919960488956,0.09271501155756671,0.20983533603352555
385,0.1311241693967167,0.13518893820133326,0.0824401672821817,0.11291748396322243,0.09659769007045634,0.12734721698036547,0.12022747480092942,0.1941568593047947
386,0.062199926951758945,0.12814262074543237,0.09698033219094061,0.10445598977318843,0.09741971137904136,0.18047656935462933,0.09209673383259595,0.238228115772413
387,0.082472139953252,0.13381038472082513,0.10440243994819856,0.10370451125304439,0.09470305153703526,0.14056723115764105,0.10556676728611326,0.2347734741438904
388,0.09182908454745248,0.1495791742596871,0.0886189323128087,0.09206943972523249,0.1029308640795845,0.19859814167466724,0.08700359780690542,0.18937076559366206
389,0.0851746271789183,0.16982496957529297,0.1002424123542641,0.09209482935547453,0.10637373729606907,0.19276331738873675,0.09455577862972304,0.15897032822152135
390,0.09272532195640884,0.14361837896946938,0.11680900464973758,0.10157046021737487,0.11913825017787082,0.1601632057131758,0.10714253518078568,0.1588328431351771
391,0.08174487648480955,0.07227047450664709,0.06629649669203891,0.07660471854322395,0.07357689458191051,0.40366005580131575,0.0816913258941144,0.1441551574959398
392,0.1489931654223772,0.1151582634475077,0.11347074587328863,0.1323044865585843,0.1423339733650459,0.09445396588780375,0.09426719998410338,0.15901819946128926
393,0.1263237052189502,0.12066277306916688,0.10197471482406673,0.1338701384891169,0.12206964017452386,0.1210594837959677,0.10860481197731345,0.1654347324508942
394,0.09692228831892799,0.13232856510552016,0.11330160195464693,0.14441310796561285,0.13404695495091534,0.11060906167183664,0.11781838678327433,0.1505600332492657
395,0.1156866772976961,0.13976433470549096,0.11037971925545609,0.12810349781814112,0.12219590364373867,0.12019824250039064,0.11884210084729054,0.1448295239317959
396,0.10294696840872722,0.08779360445968912,0.09997299861047221,0.14257590210716353,0.14260148564799743,0.1817668567284097,0.11268696642386042,0.12965521761368046
397,0.1157452832826115,0.11776632240483222,0.1141828857202454,0.19629795471174474,0.13762031938364672,0.1182747570429383,0.1383835706523689,0.061728906801612284
398,0.11618522657303212,0.08906939900695185,0.09010747866791607,0.13746335632749737,0.11860776772778873,0.2330629237379306,0.11211506673075612,0.10338878122812714
399,0.12039537994577384,0.14147574395949833,0.12540290948933464,0.12784568856910747,0.13686426154781223,0.10016690626397479,0.1327271635780091,0.11512194664648967
