oos_period,model_1,model_2,model_3,model_4,model_5,model_6,model_7,model_8
200,0.17479635171973146,0.09288616575408487,0.1334107714942238,0.08485208941711712,0.18145598118544318,0.09610138840460665,0.15135531514223124,0.0851419368825616
201,0.172308366217664,0.09582950595384888,0.14569406135603963,0.09703308171379008,0.15073231333235354,0.10050671866371419,0.1586851850185375,0.0792107677440522
202,0.17822962626633862,0.10558049653218635,0.10681614164544165,0.09853571205922758,0.16142050270785305,0.1077606818335084,0.15616684241959847,0.08548999653584591
203,0.16852817395261413,0.10637148726839385,0.10273223637542336,0.10297119642304044,0.16538427997364685,0.10762500024579574,0.1565214533670274,0.08986617239405821
204,0.14190048874329936,0.09381075256360075,0.11984925818816357,0.05585822072603068,0.198956748091152,0.12116873200794252,0.1655039917152037,0.10295180796460739
205,0.11817564939071136,0.10318559696592909,0.12469767410655876,0.04322445478569154,0.22253589877936347,0.10091388052892045,0.18574214053279495,0.10152470491003036
206,0.12255905089039557,0.11423918889983327,0.09654686740091745,0.050784185375092536,0.20255367083455986,0.10127824417087396,0.198159721730628,0.1138790706976993
207,0.13722708047110918,0.1317142686102355,0.09383574222293793,0.06174013846816772,0.1785636513408234,0.05143952115232194,0.21667240053883768,0.1288071971955668
208,0.14973890028436565,0.12515492881962795,0.10458703991682,0.06936472440695321,0.18601235706081737,0.025230138918169054,0.21471741680505085,0.1251944937881959
209,0.1527693763418174,0.1321049390399882,0.09341598590004889,0.07518090224360635,0.17538455416434623,0.03203689255016074,0.2213889438193915,0.1177184059406406
210,0.11977965235278393,0.15487859978933166,0.10710429388818339,0.08016836377970352,0.20351615372912535,0.04182398989686979,0.1625677598456233,0.13016118671837917
211,0.12743546672436168,0.15921346917351467,0.09129355933532571,0.08914118685275985,0.19787618664585513,0.04481146575866808,0.1667465326204823,0.12348213288903256
212,0.13977593889063739,0.15396621122579518,0.09212203510383207,0.08561169427857347,0.20258896168634613,0.040807012519941316,0.17514002807530757,0.10998811821956692
213,0.13942329928979158,0.15891723576379957,0.0764770956265489,0.07557326128412689,0.2197387315131846,0.03474829601971466,0.18052289640224942,0.11459918410058438
214,0.14376423204894917,0.16572145810397107,0.06150349565202586,0.08130522885084797,0.2166925949824352,0.04129418419041808,0.17604852580735028,0.11367028036400244
215,0.12839098120854842,0.1683903716585556,0.06190619895930214,0.08984138951903878,0.21891120851930324,0.04617250281743956,0.17893178211368527,0.10745556520412694
216,0.13999551222657647,0.18024898992721067,0.058459114981731855,0.10388646246567962,0.2256681602314117,0.054311847892985515,0.13385978212637314,0.10357013014803104
217,0.14787113627254225,0.18261593068329102,0.06411303863864178,0.06633774445092441,0.23352837510089136,0.0634820185690359,0.1344333546390749,0.10761840164559823
218,0.15773404280745937,0.19598095839694607,0.07090603851652859,0.08403985643757764,0.2240729090839834,0.06315883762717957,0.08749582058758246,0.11661153654274305
219,0.14885347932201864,0.1900227414832938,0.07085752981087547,0.08211337107327552,0.22664490098306225,0.06998053262180468,0.09940302916740382,0.11212441553826591
220,0.1501197104167686,0.18822621569003997,0.07429988470197005,0.08270098079865171,0.21888259576062596,0.07510594975579854,0.09215000791844867,0.11851465495769643
221,0.1709941882696566,0.20218248481877324,0.0728300925636076,0.09547471039778241,0.2333377981306062,0.07931627365220224,0.03911499276731589,0.10674945940005583
222,0.16180863929632588,0.20278521490130955,0.07323829422949192,0.08997086568569192,0.23871428016404378,0.06431151164973614,0.04887374265234859,0.12029745142105218
223,0.17532364086259059,0.21966084050432652,0.08374164635541634,0.10815410698510551,0.16557468127449318,0.08522302210667071,0.03986382428805056,0.12245823762334661
224,0.05557675780314474,0.1299216325896717,0.03444383118421648,0.049507877939968505,0.0007209405950867,0.027751080492759633,0.012299888847034212,0.6897779905481181
225,0.15285244741066167,0.2554773844791282,0.10315749709372758,0.09420965115692245,0.1140872330079679,0.09874825655387186,0.04253109028649211,0.1389364400112284
226,0.15149053788796832,0.25251262400318786,0.10824849115775688,0.10108786283890857,0.100567337349649,0.09883058353187663,0.04405330967852015,0.1432092535521326
227,0.1611126243628815,0.19723278036600528,0.11998638372009521,0.11663800854083135,0.11789060653202722,0.11553080408745599,0.03383595858202181,0.13777283380868177
228,0.1830049967693949,0.21553598960502557,0.11574875226105581,0.08262492267600356,0.13623087024995828,0.09988029424618089,0.038707379869165226,0.1282667943232158
229,0.18712730680354436,0.22986226092258774,0.1314236292053456,0.08355040490171807,0.06551236543157235,0.1217665142169104,0.04265733841017924,0.1381001801081423
230,0.17449218569975591,0.18277158915241992,0.13593768940586506,0.08857794005962465,0.07699760705073373,0.14269104904790875,0.046245923997286595,0.15228601558640537
231,0.10294906587522216,0.18906467407865143,0.1430791256461015,0.07645532867081696,0.0737247778347829,0.19506387147755322,0.04882598945419682,0.170837166962675
232,0.1499467968719073,0.18114841547227833,0.15643988924890956,0.08831503644565546,0.07878932941212015,0.11366209105635101,0.05056912890628376,0.1811293125864944
233,0.15895677337750952,0.18274830451896312,0.15450886363059518,0.09612736176841276,0.04827889662533569,0.11642349814492939,0.05610147722777352,0.1868548247064808
234,0.17242322269520372,0.19659780686775397,0.16909060107666868,0.10051732482337361,0.027222094088195765,0.11724613876360336,0.06261990631727578,0.15428290536792522
235,0.18519464345721953,0.20375675525615186,0.2003906555211182,0.0662861569465312,0.03391320250167291,0.08954884130125601,0.07631650134168147,0.14459324367436896
236,0.1750823803215973,0.23416401436889167,0.20504519120458442,0.06995364364002868,0.04070661122777511,0.10313816694452453,0.08537694924390354,0.08653304304869479
237,0.14305918847266522,0.2843194727017327,0.19370928214262986,0.06268739935451827,0.03234893384378533,0.1351892952906088,0.06862158456987362,0.0800648436241862
238,0.05784814561664357,0.32791142007117086,0.22963750306104697,0.06492101357926679,0.03711536038277837,0.1560143831830714,0.02893072945924563,0.09762144464677643
239,0.08676916822453037,0.3419745811435193,0.13140733860979487,0.08344718170876904,0.03425113374351653,0.16360797228407828,0.04013761755864411,0.11840500672714753
240,0.07240337416149899,0.3535062428576542,0.13833932138292956,0.08863270145964468,0.037429642381049996,0.17267151197871286,0.02364594259799532,0.11337126318051441
241,0.08818125552460505,0.30623290768897937,0.14693074640935086,0.10892734022191627,0.03520276567889403,0.19250790802269263,0.025650468787611968,0.09636660766594989
242,0.09396787616603341,0.2813672888681694,0.14531905228841407,0.1023128633551725,0.03902255410104163,0.20466670942874324,0.029575172912296308,0.10376848288012938
243,0.037654801775136325,0.262880179660393,0.1301259548143783,0.10023518233054028,0.03341289612796023,0.2618294525623284,0.037257120860719695,0.13660441186854386
244,0.03419432624988391,0.2930573628340891,0.15110816363043092,0.1134441472062829,0.024326890457745963,0.22621614075607888,0.03612616644695325,0.12152680241853511
245,0.03905379555668806,0.30182293801551496,0.11697783034165343,0.06827365287748535,0.029979068313893225,0.2524627220757697,0.04775612273014287,0.14367387008885246
246,0.03188546474879894,0.34400630159361373,0.12204183626645157,0.05709723502626411,0.018430654271370275,0.20492448014265754,0.04688223965773729,0.1747317882931066
247,0.039538322002147984,0.3385994330834879,0.15594734180664968,0.07340469672186727,0.021161063383200344,0.16313102120123746,0.06181079592245608,0.14640732587895328
248,0.04885837721877018,0.2937240315109557,0.16994855434695091,0.0843295108811991,0.02522443316860331,0.18768763141689024,0.0469502849193086,0.14327717653732194
249,0.0718943099912874,0.24996854828005832,0.10185884996066863,0.10944357170070865,0.037227045816356163,0.22344887015906723,0.013569621945666882,0.1925891821461867
250,0.06417962398690093,0.2469683059592368,0.10903231513657842,0.11917119224519866,0.04168940325443135,0.21583575932908355,0.0277588405463373,0.17536455954223312
251,0.07167336454059955,0.22341110193039668,0.11694824317546994,0.12822356108873553,0.047118930414523426,0.19320999012659934,0.03233560099636297,0.18707920772731257
252,0.05016310395781321,0.2438697877537862,0.12497877239766143,0.12789999040997924,0.044517989928158454,0.17796969646172592,0.039741011413208994,0.19085964767766656
253,0.05022543992358386,0.23937031465345865,0.15868028853500502,0.07090654330626381,0.03066096375532927,0.19293784638945977,0.054085913966517865,0.20313268947038185
254,0.0698615331942808,0.22830196168518313,0.12196206157671288,0.08915241640467697,0.043503972341690234,0.1661978454533578,0.06401451942591377,0.2170056899181844
255,0.07052559743537153,0.22796504093167969,0.11530066479427063,0.0945863165112165,0.047290090392950186,0.1628052170864484,0.06294838891603013,0.218578683932033
256,0.0791876881172581,0.2392036539138409,0.11184472846018266,0.10378214327129344,0.053935439252105075,0.11920710145216339,0.07211941966613734,0.22071982586701897
257,0.08248761059846632,0.22875838492411882,0.10915184421373966,0.10889458013567224,0.05955531386080281,0.11077572592326486,0.07638543075774204,0.2239911095861933
258,0.0822855001109632,0.23692404861515842,0.09821381509526296,0.09777780596396728,0.06294769761432711,0.10901368697384292,0.09134744898863585,0.2214899966378423
259,0.08512712567690674,0.22604237611160205,0.09850513290995033,0.08850036762301332,0.06713233033117146,0.11353137309367518,0.0977572432649153,0.2234040509887656
260,0.08741738513723432,0.2056378878719693,0.10647487447998177,0.09187911553248997,0.06771812893972594,0.11644767421238926,0.09153393643469204,0.23289099739151742
261,0.06923860719959368,0.19718416447481169,0.11384450900682183,0.09882055863862015,0.07292071635822459,0.12181782385522388,0.10419447817331987,0.22197914229338442
262,0.06534761995615726,0.21992911145134414,0.12105827454909705,0.11279463067263427,0.08260172277933829,0.13595377897738264,0.1066052235138113,0.15570963810023503
263,0.0750357819853124,0.1519524028446601,0.12890030907614478,0.1187572729389888,0.09468714214735707,0.15038975327551263,0.11747498324843644,0.16280235448358776
264,0.07299171682371225,0.14061236563999896,0.11569630662453088,0.12754993743245968,0.09955271738909778,0.1685329781733318,0.1398018206588413,0.1352621572580274
265,0.07976077681968584,0.14385153268820233,0.11977622288105051,0.13263784284452948,0.10966923054444384,0.15766172276461865,0.15270735070801794,0.10393532074945148
266,0.08566985221839034,0.13755222977246748,0.12580832079345053,0.09957909010306369,0.1075657670070771,0.16582634409869476,0.17279713835334176,0.10520125765351429
267,0.08473272547364058,0.13150954546118526,0.1212076582399716,0.09798533800228655,0.11435516582434493,0.1716892261838976,0.17811162935001218,0.10040871146466139
268,0.08262700258638583,0.10392019517367893,0.12186764096659324,0.10341207822324856,0.12300654384123927,0.17552789829285187,0.18885231907656871,0.10078632183943362
269,0.09438917092889144,0.11121238573610796,0.13177884542993284,0.08612062367045545,0.11418301838205319,0.1846257354813793,0.16404373339251002,0.11364648697866979
270,0.10736119809929655,0.09094451953945948,0.1474889780791993,0.09249553706649329,0.0928705467759629,0.197013342426914,0.16450766181678506,0.10731821619588945
271,0.11433679319487161,0.09323086308773462,0.1334719018321312,0.07837429242190092,0.08457595053319314,0.19985561840989824,0.18475256029356726,0.11140202022670297
272,0.09204168680183597,0.10069928293716376,0.09909173126991332,0.07908596721033104,0.08387882435278421,0.21360565381422625,0.20985268387429967,0.12174416973944589
273,0.09586665787011073,0.10137387411048066,0.08972314454169643,0.07673120408095437,0.0868920496524465,0.20036229173848683,0.22170657772208294,0.12734420028374172
274,0.10701183734890604,0.10916382590102248,0.09205314112459073,0.08407742601101796,0.09854502993543962,0.21329017641186115,0.1701444503429449,0.1257141129242171
275,0.1272740854252827,0.12393171322338742,0.06536123625690014,0.08301962483750086,0.12569976520347229,0.2415980687466804,0.08719901367788763,0.14591649262888856
276,0.12796727099163224,0.11809114228688532,0.07051148062890412,0.0872594677071473,0.11745293874615698,0.2120228194978573,0.11856150086988117,0.14813337927153553
277,0.12346569927619248,0.11451828234573892,0.06672582736599553,0.08691572057198552,0.12957640499314257,0.21885592635681586,0.1060167907137672,0.15392534837636196
278,0.13427579939395187,0.10438131596285373,0.07317986161496207,0.06911834671305633,0.1491260576382912,0.23457397099777091,0.0776698528675872,0.1576747948115267
279,0.13400090750304788,0.10677226509909558,0.07665042272166374,0.06787905894237826,0.14076544922520598,0.24114628200589752,0.09519914124284456,0.13758647325986656
280,0.13864241178671918,0.10936550711471626,0.07314512637251397,0.0667324484687991,0.14649734791782665,0.2355159268984631,0.09522269094583506,0.1348785404951266
281,0.14837461779588343,0.11401840938839115,0.06972387093080211,0.06526096012658676,0.1423568974770393,0.23980846614302773,0.08476696939266189,0.13568980874560768
282,0.1540385160296443,0.06813505656435466,0.07987551823708208,0.06850991612064741,0.11403874361023122,0.26549331997865255,0.09902852482987717,0.1508804046295107
283,0.17305499792960927,0.054052527663933224,0.08643171812128127,0.07955216618354788,0.11437139963796202,0.26011954550533667,0.10589088305558747,0.12652676190274226
284,0.17562448694139077,0.057291371874565934,0.08719525305798388,0.08430478356630175,0.1252916202043566,0.2433072663452341,0.11002332470520952,0.11696189330495747
285,0.19608599866996276,0.05857342939615134,0.09631010458161682,0.08861523040643726,0.09515972783265796,0.23916379839912094,0.10664819536603433,0.11944351534801863
286,0.18096542611621586,0.06397418813209647,0.09264279565417079,0.09573264488944176,0.09652384801251462,0.2473195230526296,0.09422724647828185,0.12861432766464914
287,0.1760844697756357,0.05309800109076533,0.0862753039486112,0.0961005209827202,0.1084851989389213,0.2565216564231854,0.09338614173863347,0.13004870710152738
288,0.18375177545893648,0.05633595677725019,0.09392158222849448,0.09768220716932145,0.11161535142568631,0.23739869392847543,0.09566900686458107,0.12362542614725465
289,0.19089539178160425,0.06110815680242126,0.09779317706697425,0.06065032376128277,0.11971189441621584,0.24052295720219505,0.10759145781841453,0.12172664115089195
290,0.1990642103839612,0.05896789666940945,0.10359279884190196,0.0633531750891417,0.12527518089518427,0.24172846526228753,0.09297934856363797,0.11503892429447596
291,0.20524816819791653,0.054117259294610615,0.08783275455208724,0.06759265340128248,0.13022366536803792,0.23988738116086408,0.09501353934208918,0.12008457868311186
292,0.1777760353385271,0.05363153822398194,0.08997074270044507,0.06749792959644986,0.11647562077237181,0.25327567721179256,0.11040098892341592,0.13097146723301584
293,0.16754923473072272,0.05888088994433363,0.08707163098100228,0.07731106341196856,0.11518950066556963,0.290816023100217,0.10687683397167623,0.09630482319451007
294,0.14519269644090807,0.0529301476807329,0.07389606888841575,0.09929240686649696,0.13977387714032327,0.2631590833866899,0.11218273081784963,0.11357298877858345
295,0.132236699843678,0.05617729975935828,0.07506809487966828,0.09865701474184312,0.14277653161455334,0.2647267784211158,0.11231719885031752,0.1180403818894656
296,0.1406567977801536,0.05281226872355961,0.0852112167788206,0.10474320235380292,0.15264928360756866,0.26568335516395974,0.09069238967526648,0.10755148591686846
297,0.1442496997117065,0.05478220877255518,0.08673400024928102,0.1119120608840926,0.16242924833529013,0.26997855554749356,0.09916774798012803,0.07074647851945297
298,0.15051554309430296,0.06003527703969997,0.0924484510903609,0.11559844372124028,0.1328749737891962,0.2767767560310199,0.10405696075238144,0.0676935944817984
299,0.14316814823962334,0.06296868204799289,0.09874652876361725,0.12051407015836833,0.14587410769355127,0.28286960608862205,0.07458379306802511,0.07127506394019978
300,0.13795415609546846,0.06488975751269466,0.0957183765614893,0.1235111858308202,0.14898044239609703,0.27896430663537924,0.07883691158432675,0.0711448633837244
301,0.14414136569335811,0.07381050269190231,0.1135441397924377,0.1096843531877235,0.13532208230994044,0.288937884146285,0.08687437471926307,0.047685297459089886
302,0.13441671303441044,0.0770550125943864,0.11617774260324017,0.11332203210334203,0.13774245067771995,0.28585804322226305,0.08675427978016945,0.04867372598446856
303,0.11174213186600442,0.08401773343500817,0.12766404555792882,0.12454752855183907,0.11167834630110023,0.2978918670400721,0.09561511999737037,0.046843227250676876
304,0.13532465446817815,0.10665771292779776,0.12345508516830127,0.11515838496478846,0.11762798252677237,0.22919138630932104,0.1183804810260601,0.05420431260878089
305,0.1346787990717258,0.10810214556367496,0.1267199109656708,0.12162850726300956,0.12135338361115527,0.21700732946773557,0.11210005326335935,0.05840987079366866
306,0.13864605010326816,0.09575037345538076,0.1237198741963631,0.11591526636765664,0.12742894082214593,0.217438179467519,0.11825049014088997,0.0628508254467765
307,0.14093022972458005,0.09472625818813545,0.13665654157669163,0.10535933378351421,0.11667244408402266,0.22272159739775674,0.12598419388683174,0.05694940135846765
308,0.1523837602020531,0.10482705319072355,0.14379424920340703,0.10045288230111991,0.09284527609675153,0.24027036332113777,0.12302747363164425,0.04239894205316289
309,0.14319318478830487,0.10121842785406336,0.1579745989580206,0.09993768023972852,0.10233829030736272,0.2527431632510737,0.09834587388962307,0.04424878071182314
310,0.13721926752484334,0.07156233441934796,0.21140086456108564,0.05970871235296158,0.09319739751159949,0.27275129337853127,0.0977469262799231,0.05641320397170764
311,0.1380162246461494,0.07777076755305591,0.19669429935360452,0.06719064903169694,0.09303890098653314,0.26343968824403363,0.1052197068951342,0.058629763289792365
312,0.1401669372969011,0.08293108891507868,0.19148262948059525,0.07271158771076724,0.09820849023193887,0.2533300678253963,0.10654578593307922,0.05462341260624331
313,0.16060359030962917,0.09551064618576988,0.17820018723274852,0.08840113771658009,0.10004028275739645,0.195779560801372,0.1248647038445188,0.05659989115198525
314,0.1625226041825523,0.10171010312960761,0.17709963806539294,0.09311374879733382,0.09197157378223557,0.19743981705219135,0.12625615773731777,0.0498863572533686
315,0.17536010584516545,0.07272724868794435,0.2019943389803886,0.08863037783622107,0.09386228590241888,0.18903333803455274,0.12099812862829716,0.05739417608501184
316,0.17743216008184898,0.07825185807638031,0.1876110280047509,0.0959965909667212,0.09895361117371917,0.17800167056340915,0.12185905425861347,0.061894026874556876
317,0.16753792375716356,0.0879486589628589,0.19532515648877968,0.10366694163475684,0.10077107109958222,0.17498093657198655,0.127406986200306,0.04236232528456621
318,0.15757911416728326,0.08125768727375482,0.21428357613546267,0.11659120855861663,0.08478897690786803,0.15783018471395122,0.13904662881633528,0.0486226234267281
319,0.15895125514099925,0.08650432740314141,0.2045764151651423,0.12367214818987592,0.08936225798601692,0.15755414665410405,0.12546530261681366,0.053914146843906524
320,0.17044979048156308,0.07788591116871767,0.18702726569110892,0.13903539586341798,0.091773514697927,0.16268732093624017,0.12911441475556337,0.04202638640546176
321,0.15527884157750593,0.08515426299862507,0.20448456188204342,0.14066930315999834,0.10129235428677094,0.13516551086053846,0.13526346474626766,0.04269170048825019
322,0.11685095263177338,0.09369643007397215,0.19838640887922096,0.15264775457565014,0.11069829126683595,0.1356703894210982,0.144958908470086,0.04709086468136326
323,0.11187079853896037,0.10078514864394086,0.19496441369965314,0.13331090860541192,0.11714119893233087,0.13772724490638452,0.1510877745062032,0.05311251216711523
324,0.09483734169558106,0.10458617850297906,0.20209180062935492,0.1297057728476217,0.12421406437119986,0.13209231902111562,0.1590767013044307,0.05339582162771722
325,0.10397648638752038,0.10517920551305734,0.19927820712853953,0.1239646559405733,0.10528203870141947,0.12823103455928306,0.17748589504983828,0.05660247671976873
326,0.11384691523271433,0.1196582508956777,0.18967840823232257,0.10882664722186919,0.11573318215172285,0.1372419175281965,0.15001827202098245,0.06499640671651447
327,0.1355115599272109,0.12575331338862197,0.10254262760720351,0.1335606343262803,0.14014455338287798,0.14913941408240888,0.13447140048296272,0.07887649680243373
328,0.138522521609315,0.12658466420812167,0.12042831267674824,0.11084524172558788,0.1374023726358935,0.13630138791929433,0.14478335927368235,0.08513213995135716
329,0.1418444270893838,0.1302141130619355,0.11133429947240794,0.1123612094380588,0.142435466676485,0.12900322424652866,0.1490963397487233,0.08371092026647707
330,0.1364172730887241,0.13257325309783266,0.10144338367978645,0.11314598475101888,0.1470463580326643,0.13022683490934758,0.1505642819099773,0.0885826305306487
331,0.14139429334583242,0.1338130398860182,0.08873266116778684,0.10885272964632911,0.15223703440038125,0.12399220074670199,0.15564579535871975,0.09533224544823049
332,0.14631062272696865,0.13222592878627243,0.0914086093227752,0.10551202272300611,0.1473333753761523,0.12683588804388976,0.15922042193321967,0.09115313108771593
333,0.16367242753641564,0.1434229104344895,0.0994923442562706,0.11593057624893754,0.13682479317404148,0.13331075593115993,0.10858331246478173,0.09876287995390372
334,0.17428561308569998,0.1600119326229402,0.10641057616526205,0.12374528357059529,0.08997015910944517,0.14093378731457018,0.09851482847242275,0.10612781965906447
335,0.15462976637641748,0.16790202046324323,0.10495543672608526,0.128310938619656,0.1060669848191815,0.12443704232307157,0.10185621296234396,0.11184159771000109
336,0.15726941615838771,0.1704148370064281,0.10268280776523496,0.13193248794278709,0.11012922043841972,0.10873082461125207,0.10285209509478031,0.11598831098271004
337,0.16933465063386893,0.165737808589284,0.09486607984518866,0.14053014177304524,0.10757669030178486,0.11540408334026074,0.08342977426204147,0.12312077125452608
338,0.16127117052923742,0.17051367803464618,0.08091367114570076,0.14938543837690135,0.10709334589969428,0.11705182319214157,0.08676169409337847,0.12700917872829992
339,0.16228253543980084,0.175782200933869,0.0849385134415944,0.15827655052826667,0.09030627601730075,0.10645062686942137,0.09149251752132313,0.13047077924842382
340,0.15104445706796654,0.1825720250030459,0.0912652326009155,0.16364499837684884,0.09015796522389653,0.10944600690618053,0.09146515732303817,0.12040415749810805
341,0.15131986708809186,0.18864327920334412,0.08509897057248719,0.15629468281199255,0.09454494126020549,0.10471935826951768,0.09862795448688258,0.12075094630747847
342,0.14720151898617026,0.19390533494601148,0.08733383702494292,0.15520024071576682,0.09874844962370034,0.10252894244556775,0.10115260846841796,0.11392906778942254
343,0.14554786767263947,0.2019071982633927,0.0970165233290119,0.13831257670766883,0.11463471160470529,0.0627185550701538,0.11448674197171682,0.12537582538071107
344,0.1476854141876993,0.20710744640788523,0.09884653308801146,0.13634917673882777,0.09990926062674578,0.06680679623965124,0.118112641095496,0.1251827316156834
345,0.1671405357064789,0.21926878184574414,0.09837708120072036,0.13143219570216014,0.09043542112689738,0.07125558263767137,0.09828432841206866,0.1238060733682591
346,0.16947177097517843,0.20324219768336046,0.09321526303691702,0.120038458970235,0.10112785997732288,0.07056103202373334,0.10641056356928118,0.13593285376397163
347,0.17437035770474804,0.20376744029314728,0.08947128782992929,0.1214828106187568,0.09868224055875524,0.07481896876019585,0.10774820147381386,0.12965869276065373
348,0.17323254073140695,0.20864041897803984,0.0930119916836376,0.12758492965007345,0.09315949657243817,0.06553540924695202,0.106180008549344,0.13265520458810795
349,0.1526722695842584,0.20907703491425128,0.09739656128976648,0.13120450783986823,0.09610294511685431,0.06659267413505113,0.10791530557890529,0.13903870154104492
350,0.16352638415869516,0.17992445521539505,0.10237329180060165,0.14288229764663896,0.08372011797557835,0.06987813469470512,0.11628896769898224,0.14140635080940347
351,0.16181860896089853,0.17187782045782804,0.10338811010718497,0.13810055485287728,0.08523406606083855,0.07178530687473375,0.12173881856149502,0.1460567141241439
352,0.16072737373596996,0.1655165049137747,0.10560418138517526,0.13959186375383972,0.08841663392027488,0.06624515480453955,0.12324733276025196,0.15065095472617407
353,0.1740935012234594,0.16451715155793167,0.08167014801902778,0.14135317880028245,0.08648126499912014,0.07566823259869507,0.12459476796400343,0.15162175483748006
354,0.17897239974195753,0.1607814891733136,0.07715484703598711,0.14730375157174289,0.09095364786631485,0.06947040719580083,0.12718207577763935,0.14818138163724384
355,0.16006818080468505,0.16842479431596602,0.07849748472780163,0.15632625842019088,0.0961216867392586,0.0721265680181749,0.13407509086560174,0.13435993610832125
356,0.15581180869368577,0.16477682585135628,0.08258484461229965,0.16262834067280887,0.10087742943047819,0.07657538137059272,0.13300519474680975,0.12374017462196882
357,0.15401239569570954,0.16834467423739458,0.08034984867241661,0.1656830583909896,0.09189702859577627,0.07738663939348968,0.13334637755879936,0.12897997745542436
358,0.15644460220711887,0.15329894927151239,0.08092061272750771,0.17230032779556279,0.09780237357276055,0.07650144532893445,0.14129824552840203,0.1214334435682013
359,0.16634288532595362,0.1521785718896702,0.06158423261927069,0.17672920034915574,0.10465132258651749,0.07991494166857269,0.13013989518212168,0.12845895037873803
360,0.1731247631202015,0.15991185643884842,0.051062671308425275,0.17318524020024698,0.10470339000618988,0.06988794949724372,0.13091121237495845,0.13721291705388589
361,0.1517060502473701,0.16716668560951012,0.05882518321752108,0.16859556433674056,0.11179410012719006,0.06977659640337439,0.13126992549121572,0.14086589456707801
362,0.15092052435457798,0.1558736296814172,0.06050263177696101,0.17161312822175953,0.11395905142878775,0.0725783122708477,0.12921739427723394,0.1453353279884148
363,0.15262375531447334,0.15470251751806333,0.05900890802638776,0.1720889479191803,0.11744727417476138,0.06722865391101605,0.12946119593768288,0.14743874719843494
364,0.08202059907686901,0.1627605638032308,0.06626824549554909,0.1802496356440575,0.13205421481432442,0.07352172198528588,0.1474088937595037,0.15571612542117963
365,0.08041564289430216,0.16796946965885412,0.06356522637451245,0.1736342043684109,0.13915246277420515,0.07840793287047457,0.14017926881694578,0.15667579224229494
366,0.06265451860116698,0.16167644115929827,0.06667744216920711,0.17891911428832594,0.1456333938128076,0.08207167876541316,0.143084739798835,0.15928267140494587
367,0.06227101040616722,0.16297658683063673,0.06926517565244383,0.1806451903683311,0.13123579141541414,0.08561593374023795,0.14404431233194812,0.163945999254821
368,0.06797211649830726,0.16589577425870577,0.07413505059982572,0.1776658784544836,0.14035385566385233,0.08737103799352312,0.1227389561916531,0.163867330339649
369,0.06222857158034525,0.16585409869025208,0.07691837486731323,0.17838305337895533,0.1438721021502505,0.0857442014405309,0.12158572154183538,0.1654138763505174
370,0.06874478512719318,0.17100396998324663,0.0868917124267269,0.11489629285016632,0.1530587304299737,0.09190448556102195,0.12362322729494064,0.18987679632673063
371,0.07552268468602476,0.1306057647821966,0.09341421455884984,0.11302166394953601,0.16118360130424836,0.09223200550919221,0.13005543541558437,0.2039646297943679
372,0.08433960899869546,0.1398199658452861,0.10199994701548243,0.09671667733506685,0.13964949602666643,0.0942108712621019,0.14202359021148134,0.20123984330521946
373,0.08980391966759423,0.1444371236796824,0.09579776042208006,0.09804820980461322,0.14257359473246314,0.09950004830667193,0.13412069241856658,0.1957186509683284
374,0.09926191773003588,0.15776215269393976,0.10898559060458486,0.10483826291021965,0.12821003662137326,0.10655831030746875,0.12960123265824125,0.16478249647413673
375,0.1010725523335937,0.15290883442678868,0.11815553678088356,0.11241420832616773,0.12441893349184871,0.11313338897163162,0.10851761483401415,0.1693789308350719
376,0.10887155486360584,0.16166041693615021,0.1087104898185274,0.1273091172465303,0.0944103985760197,0.0971040661021296,0.11423982909899827,0.18769412735803856
377,0.11425417963634878,0.17527915961523602,0.08674412383546365,0.10891880089338396,0.09649751074744874,0.09630494553700311,0.12039194006856294,0.20160933966655292
378,0.11983858986711039,0.15586279050397592,0.09463698219065474,0.09014226740720542,0.10307989875406391,0.10497062064386066,0.1065070268535705,0.22496182377955848
379,0.10315733941160037,0.1633437763135501,0.10249021443221071,0.09750747481274534,0.10495705760965181,0.11415427714937285,0.07909162134123172,0.23529823892963697
380,0.1094821945877273,0.17215097284682782,0.1049745160211125,0.10235927331557347,0.11302136976079417,0.12389553050167332,0.08682351047341622,0.18729263249287526
381,0.09453622683055411,0.17620526689996444,0.1095407983810624,0.10495144569345359,0.11188259549384262,0.12879647742697425,0.08999863051381676,0.18408855876033184
382,0.09230448993168991,0.18385414286850732,0.08993291959856836,0.11464260529042872,0.1106870672152399,0.13895182451990656,0.09508746321210976,0.17453948736354943
383,0.09102177139478593,0.18614552833738718,0.09317621749283495,0.10290538916238656,0.11054525083375338,0.14347471677320664,0.09787695661175366,0.17485416939389167
384,0.09842447643600018,0.14538928669053633,0.08789814912948823,0.10690983483798537,0.10234085655125605,0.1457168146626418,0.11000043052718474,0.20332015116490743
385,0.09078511998273836,0.13890732858575372,0.09700105274004828,0.10719296592013675,0.10177266538949074,0.15713696547895417,0.09866995899707484,0.20853394290580313
386,0.09612515761754623,0.13572186873873948,0.09636129211077137,0.09863390291435194,0.101581287351796,0.15333995700348252,0.09915043504857426,0.21908609921473834
387,0.10046995962568601,0.13749369014978743,0.08987191185943975,0.09493018375052151,0.10405695983473637,0.15699252639426578,0.09527311992373493,0.22091164846182834
388,0.10305665804390077,0.13839970590598377,0.09426715677112557,0.09974144964956329,0.10888553345015974,0.1572110021598552,0.0993363221181691,0.19910217190124246
389,0.10870538620595813,0.12867415070704905,0.1007635075837683,0.10564039392041207,0.1148440352691776,0.15406082314748684,0.10513101069132273,0.18218069247482527
390,0.11565146902166903,0.11381354332494538,0.1022635486073836,0.11218308810564628,0.11445422010978451,0.1591116502459769,0.10949377626476905,0.17302870431982534
391,0.12487583668967495,0.1121270613809105,0.1069792405142457,0.12095012597788614,0.1234834703340138,0.12139988898236476,0.10493510913064297,0.1852492669902612
392,0.11819349570759499,0.12019678402897266,0.10250048957614032,0.13084187838638664,0.12294564343615288,0.1213357129185596,0.11086982947430844,0.17311616647188455
393,0.11149635086058426,0.12303927495551727,0.09925708470105396,0.131493792843649,0.12459964535277351,0.12404813301350026,0.11467797325073166,0.17138774502219012
394,0.11545088473263565,0.12446296119676736,0.09630891717750176,0.1341870778521869,0.12547099336960288,0.13034555900729836,0.11556964754512293,0.15820395911888427
395,0.11909021365770825,0.10336403150204114,0.10109447227953498,0.13699446286711064,0.1291690641340561,0.13765920409014232,0.1212206087744193,0.15140794269498722
396,0.12327858690428271,0.1079298860000696,0.09852968434318535,0.1451254444664195,0.12565732582713876,0.12949297456921466,0.1257712342068738,0.14421486368281564
397,0.12958385984500928,0.11301640084114706,0.1051707611864141,0.15302113326016822,0.1320143866169414,0.13260666752205644,0.12622946458715478,0.10835732614110877
398,0.13536910240575947,0.11679540381882943,0.10938591626599527,0.13904423030389196,0.13531231524938409,0.11692866132169923,0.13132611728062824,0.1158382533538124
399,0.14198106380471318,0.10495170155520217,0.10749883817018056,0.1449818188078169,0.134178082726887,0.11521688582316676,0.1379655133264565,0.11322609578557691
