oos_period,model_1,model_2,model_3,model_4,model_5,model_6,model_7,model_8
150,0.061263802259891996,0.07505234601626924,0.37370774963342723,0.05845644839855164,0.14186171413078577,0.13594595924656766,0.08598852780248448,0.06772345251202214
151,0.06388640938401999,0.13116792375508277,0.19334355932312672,0.05262407532167448,0.1315521709490114,0.3046772482097286,0.05871748219831721,0.06403113085903879
152,0.02077044152882186,0.25261889482290106,0.2915972551406623,0.018750000000000003,0.27430166632960973,0.09052455592907976,0.019874717758692675,0.03156246849023254
153,0.05515098254832122,0.12724426191243898,0.34259749455716615,0.05565898063211834,0.16227997573122224,0.08562363028141867,0.07850861669979269,0.09293605763752169
154,0.024032525012517996,0.020983656978868996,0.2604607063883991,0.04042283383226994,0.16470280368001172,0.06396470380291165,0.15379285786237862,0.271639912442642
155,0.06191841373651576,0.059480294403043026,0.1125110808425913,0.09632696672005195,0.08611634070744568,0.08921620051584353,0.20515798507970767,0.28927271799480114
156,0.07947829615042833,0.13794692120678484,0.09219515379484937,0.14594914649583834,0.24340825375149897,0.06384224813951282,0.17617830276871477,0.06100167769237261
157,0.05248199429493713,0.18149483633585142,0.26611643869051066,0.0748914054148775,0.2665229653316995,0.1049528502751748,0.018749999999999996,0.03478950965694901
158,0.09457705401590052,0.1663908650639542,0.05528632288802274,0.08503585178752746,0.34387127424021396,0.1138916882089917,0.05653946893830553,0.08440747485708397
159,0.023469018286295693,0.2977585448836749,0.02957434496072242,0.2863841260703203,0.2955077152226809,0.026441816103536384,0.018855007764042968,0.022009426708726524
160,0.07428384881334585,0.381563365127078,0.062070900561497125,0.16066380563443486,0.12301231117615688,0.05977755471835051,0.06592689903308666,0.07270131493605007
161,0.06451405790373899,0.1980438011562818,0.05758630599436492,0.3655156638668931,0.11557495582281078,0.06111087983669171,0.06055103438548409,0.07710330103373464
162,0.07233512970587896,0.38583795256310366,0.07105929169321164,0.124078856200653,0.13256299657320117,0.08616444720189143,0.0597452824513936,0.06821604361066647
163,0.08058310648713018,0.23598438983581316,0.07289660605684133,0.06287479770035936,0.31823272478825465,0.09023899101450558,0.05720921290081059,0.08198017121628512
164,0.13165398739654316,0.28951838924898127,0.04472331414613452,0.03164058544560999,0.20008002712622838,0.24865053135056175,0.03498316528594096,0.018750000000000013
165,0.20689798018280542,0.08191890203736585,0.054314159602173326,0.20026659318758233,0.134916179113232,0.2057597622586192,0.08303145349006694,0.03289497012815485
166,0.33628477140201185,0.151954459105094,0.06839883155497388,0.17468330229041312,0.05448025687930115,0.06129949400007292,0.08806085720494287,0.06483802756319028
167,0.18057616808498433,0.35382694340965526,0.11580700224393471,0.0964581695418615,0.07008140161105093,0.057690733582108536,0.0692154699426425,0.056344111583762194
168,0.30008556326751284,0.20370566975945253,0.054569861620153357,0.08183575209885863,0.14188624182731177,0.05266983292309514,0.11461298874746746,0.050634089756148186
169,0.11443184194335658,0.3962459501891901,0.0717146404459812,0.1513689638937749,0.06496063484355728,0.07031910267733565,0.06085113216117162,0.07010773384563265
170,0.12174058433251914,0.3942005886254328,0.10238605377731672,0.09961169967843995,0.0755773420420626,0.08447607678630947,0.06063381219019289,0.061373842567726496
171,0.14938739515136965,0.18412418762637134,0.1019439420686604,0.046430204155814045,0.2525430866313139,0.048881606893716685,0.04558270078581647,0.1711068766869373
172,0.05779384469454988,0.3674714794781165,0.13335689562339575,0.07338103148317406,0.07587994354954437,0.07447406714822191,0.06315616911357196,0.15448656890942555
173,0.07970856811515631,0.3774909953969063,0.1566833028208535,0.07501187992298457,0.10947428652581552,0.07615505945048308,0.06621725764914123,0.05925865011865946
174,0.05672647489580594,0.21736384746430426,0.35343814862528,0.07545341958545823,0.07815458229089266,0.09025453335817041,0.07230619111216408,0.05630280266792436
175,0.06414543023995044,0.37653935262348226,0.187974829979165,0.07248792694653829,0.08621755028491553,0.05875730618551412,0.08801251209103853,0.06586509164939575
176,0.06529402099149109,0.36123924484093134,0.1862313366476847,0.08135573032734437,0.08954571054078006,0.05713166961782852,0.07840917552203927,0.08079311151190072
177,0.0720134003486048,0.3757350978279757,0.16782893700122303,0.05867185382992213,0.09470172412353009,0.0605459907947337,0.0919363050344068,0.07856669103960362
178,0.07064157811175555,0.33930728856245806,0.21595835060837915,0.05480139940976116,0.09479380784794453,0.05646928950768376,0.06795311619449934,0.1000751697575185
179,0.07772503674788796,0.3611021391045719,0.19355975528017866,0.05711710227986077,0.1083239867954493,0.05973261542577961,0.07576360254999204,0.06667576181627974
180,0.08314893188499405,0.3659091364423969,0.14939474946375586,0.057627845538721044,0.11415418584813994,0.06823507163454823,0.08770515053692354,0.07382492865052055
181,0.07503759305648687,0.20560466461033913,0.3525673367351513,0.05621027952810982,0.08745607157627035,0.05837866415056589,0.09438053230396179,0.07036485803911477
182,0.07677032318348578,0.1523897141781047,0.3842657819518403,0.059578239332383036,0.10857519004637872,0.06297255100606589,0.08241461243611875,0.07303358786562276
183,0.04305278231602042,0.26385359686759047,0.17815841808333033,0.16116158014583962,0.08279631742785948,0.12833834624441368,0.08428550995561061,0.05835344895933546
184,0.0232751765091727,0.06142755558447129,0.2895109985295039,0.2666079204012682,0.12029295882658714,0.019009688590003664,0.10653229890543102,0.11334340265356208
185,0.019999277395490008,0.029116540470604843,0.20222285925043795,0.24431940616177578,0.25948608143195123,0.04067331742690588,0.06538720815689043,0.13879530970594384
186,0.0666613231376637,0.06808238981788048,0.2924706782242812,0.1408778872071025,0.10073285215691656,0.1661332473400324,0.13136136313274763,0.03368025898337551
187,0.0817264854992831,0.09633773524783266,0.057709881374395484,0.06871617238498351,0.1779841786233244,0.07067126023930656,0.36668123646489875,0.08017305016597547
188,0.0873152242531791,0.07724957371806307,0.06575348357466845,0.06113242144267624,0.39889337916570683,0.06779327427689352,0.1506870888518418,0.09117555471697102
189,0.10099744591034279,0.0695457065292378,0.06512577550499365,0.0746718965430657,0.39165191389286236,0.0651717235092088,0.15173534620279247,0.08110019190749647
190,0.13680321402043627,0.08350075994698374,0.0660524034152308,0.05935802850507837,0.38219320995077405,0.06430791113683934,0.10683589243727916,0.10094858058737821
191,0.21182905930083387,0.055810014572983666,0.04539970774920983,0.07335792758687068,0.24738212653845773,0.11109559086100791,0.21398619032517893,0.04113938306545742
192,0.06089205312786936,0.08528426121736281,0.06169402016542439,0.0706759227727075,0.1160970102409855,0.08967291152528549,0.3966310909364115,0.11905273001395336
193,0.05942934643166518,0.09815098887421408,0.05766502726680669,0.09500414214335647,0.1386255499103356,0.10420038583319492,0.3662590894601249,0.08066547008030212
194,0.018750000000000006,0.2971698637419751,0.0339791419533584,0.06324169104194154,0.2511819743621649,0.17394617149750297,0.12412010015002786,0.03761105725302935
195,0.05593648064764964,0.05543809956617257,0.06264127699089024,0.07166425144672738,0.14481607313161632,0.09767650504930957,0.3452997616518566,0.16652755151577758
196,0.018958110327006315,0.01911860014937686,0.01964802761875218,0.09846330164734918,0.20268991258945732,0.15252917896804546,0.24744761290010112,0.24114525579991156
197,0.01899964499337154,0.019551331780416313,0.018750000000000006,0.021931373082937158,0.23113956968671084,0.132810595616843,0.28255310194958505,0.2742643828901362
198,0.034211592038410635,0.10436118970426572,0.018750000000000003,0.19921539566955937,0.2564193139983909,0.08387935030788682,0.2813388949986105,0.021824263282876174
199,0.06739484294655669,0.0617657410649869,0.06201654188131708,0.08051174107784215,0.15168778939831545,0.0782747230668098,0.4048540335528179,0.09349458701135403
200,0.018750000000000003,0.2696065350837718,0.018823326091227298,0.09912423362191809,0.17886320733990907,0.04773207239023036,0.266519550132724,0.1005810753402194
201,0.058379465737264595,0.056902114159753596,0.059173533305416935,0.11479642735335505,0.09091588576819429,0.16770524266811238,0.35907872150356324,0.09304860950433987
202,0.020560289233636356,0.018750000000000003,0.022962939885638675,0.0935799473695933,0.29322024457101836,0.020052094464210427,0.22908734857528168,0.3017871359006212
203,0.02134885134744048,0.020228471758502894,0.021795350679739096,0.29495078038881634,0.2999605922468449,0.018898356512090365,0.30406759706656583,0.018750000000000017
204,0.08854116925618848,0.0615839385898348,0.06448751482171024,0.13206830384458157,0.33810929564461195,0.05542059720101168,0.20511506969623558,0.05467411094582567
205,0.08439719205784939,0.02960163229804107,0.05467050062179442,0.2538508161332368,0.26215672681561486,0.02202267226661809,0.27369254008351984,0.01960791972332558
206,0.1006850030316504,0.059130486061496394,0.09343663061004943,0.060092668053608154,0.35777576182163273,0.07369481480948697,0.19713650442297656,0.05804813118909939
207,0.03780842839481698,0.26814461246617566,0.03785825984188768,0.0736544032689306,0.27069698262511926,0.018750000000000003,0.23629750691778464,0.05678980648528507
208,0.17497885942284427,0.050949620454041424,0.10955487309546687,0.12282169191136018,0.13021532545500147,0.05278358766248203,0.3030552655458493,0.055640776452954475
209,0.0822663391434085,0.05782427939865423,0.10084991423054888,0.07284406982648788,0.36775792375203986,0.07460659077915266,0.18318951489632646,0.06066136797338153
210,0.25258729746770037,0.018750000000000003,0.058235018214792975,0.26972618622249955,0.2920647710344367,0.019483977199784556,0.06589454480735045,0.02325820505343544
211,0.27825230141336427,0.018750000000000003,0.06702409332046341,0.08896759557560444,0.2657937946887125,0.019760629281425274,0.23606102420661837,0.025390561513811756
212,0.34458537551581264,0.05536219614855509,0.11215551141091523,0.07663080958643567,0.09115784731795976,0.07887850763361465,0.1834285598825761,0.05780119250413086
213,0.37195078189131814,0.05826977057595255,0.11543780844775135,0.06639452131951978,0.10550235935693669,0.06164178106445207,0.1567852295651366,0.06401774777893275
214,0.3277249053438339,0.05357077101752447,0.1839152435424903,0.05672394429152293,0.08730107871549207,0.0572101756446981,0.14125135198447336,0.09230252945996485
215,0.17176611824877236,0.018750000000000003,0.2821088223183805,0.019571723796922343,0.189358254893349,0.022012618074249764,0.2772310695284664,0.0192013931398595
216,0.16591252969495413,0.045445848894097744,0.04557531324799475,0.07790343922619578,0.25272936951074804,0.024417849747428104,0.21978184078048946,0.16823380889809206
217,0.34945809075534007,0.05747460846730772,0.132261075236276,0.0674430559527891,0.07417787951147319,0.06696847232830914,0.19633689560574988,0.05587992214275489
218,0.3342283382065652,0.056675085137637554,0.12205428587773962,0.09278722554320211,0.06909152293543298,0.060894552597105245,0.2100072287678697,0.05426176093444755
219,0.20299191739658187,0.05292866086754271,0.10338731957752562,0.15049007576102932,0.07825415019370739,0.0627682657748422,0.2986934348128367,0.05048617561593425
220,0.06722027539715979,0.27492603516012976,0.10240407394778805,0.03235740764695668,0.2569783456869036,0.02661084503309719,0.21241896634182908,0.027084050786135877
221,0.037967004746457714,0.01875000000000001,0.28715309106882314,0.03734987748442123,0.29108646386946363,0.02399660133659884,0.28389728966876043,0.019799671825475
222,0.24721986877443042,0.018750000000000003,0.10768277682971289,0.09165404470938926,0.2870568648414643,0.023330137427541996,0.2055186108794213,0.018787696538039803
223,0.33851702701574304,0.0547174341204227,0.1630216644352334,0.06493604507894182,0.06442346648534909,0.07336185989729686,0.1849741967963695,0.056048306170643644
224,0.1268260867024549,0.058159990151295436,0.06754285262165277,0.14918685319646569,0.073779692728288,0.09396072922491165,0.3709175543651336,0.059626241009798034
225,0.19196777011569235,0.019227937477199145,0.21578912254490598,0.09115704575431911,0.10878063288934825,0.06396127191731456,0.28675679877606364,0.022359420525156864
226,0.39150963048900844,0.06034789823945715,0.14162771892969137,0.099374745478329,0.07990018068956113,0.0892786519559767,0.07504664599790707,0.06291452822006913
227,0.2028272711148786,0.018792064529228013,0.21583647795004296,0.2141999766642077,0.23584385045419404,0.07099510716948933,0.02275525211795933,0.018750000000000006
228,0.02368916554871267,0.01875,0.2530411503246975,0.21189408355652778,0.2539371608030354,0.18822988491688972,0.031502208411705035,0.018956346438431842
229,0.08997076322433747,0.15744569368374536,0.23649166132808766,0.22011733205946749,0.10244788475340268,0.05889232705153518,0.06482421902718195,0.06981011887224217
230,0.12098788448971791,0.06125165231337374,0.06464015907411719,0.3699326786844679,0.15221509803232852,0.09789971497061474,0.0750174653251553,0.058055347110224725
231,0.1194776985734536,0.20970192132613286,0.2723529693029088,0.10092295628801515,0.17909849505885436,0.05274392342086578,0.04695203602976951,0.01875000000000001
232,0.18544046728013272,0.06301602287420201,0.057601764931532615,0.09275052031480728,0.36566366994383637,0.09761179374701019,0.07990473184044021,0.058011029068038636
233,0.2814260547839141,0.02015364094663874,0.018937925940982883,0.14594572288807514,0.20553565905498578,0.04449744983274033,0.26475354655266303,0.01875
234,0.30695934902979644,0.0697251901983004,0.019600685587554085,0.02373667498070727,0.22362082792577764,0.05042624155979087,0.28718103071807327,0.018750000000000006
235,0.37516376040522004,0.06547440091618595,0.05861114954305463,0.08309692975314138,0.17738640602001413,0.10714084457346179,0.07413738317778557,0.058989125611136436
236,0.1688071562240013,0.10599603295481885,0.04700751985409595,0.13658568751546254,0.1745781194893958,0.24997932822140306,0.07173585604954855,0.04531029969127395
237,0.019003885543244416,0.022839898619137385,0.01875,0.17747746866639552,0.2988631116846462,0.1589586958775659,0.2835877154244099,0.02051922418460051
238,0.06425136589095114,0.07652783106558386,0.05906806350316891,0.09675311146158785,0.3794641270886486,0.17318496229921834,0.0871206509230176,0.06362988776782372
239,0.058230275606187085,0.11481931670454346,0.05780709383095297,0.10018108153336318,0.16036743942496284,0.3675961772324986,0.0773130900527291,0.06368552561476278
240,0.058206208172039184,0.06247483720324528,0.058783273504440375,0.11224096501515575,0.18612732268160187,0.3713525475015452,0.08625109600230181,0.06456374991967047
241,0.05946281067805104,0.07219712179900524,0.056568131858914225,0.11345569559268179,0.19966379857934458,0.3559353586721337,0.08320630204303894,0.05951078077683054
242,0.01875,0.2589296656816383,0.01966819002968497,0.10686720982238461,0.26509012020420414,0.2752028340499825,0.03397612240855731,0.021515857803548245
243,0.020009067430462737,0.09340108409545302,0.019479031455679904,0.24038193903515243,0.28237076060501415,0.2955669036201526,0.029206694094707678,0.019584519663377434
244,0.018750000000000006,0.29119334335096114,0.019558438901819016,0.28662326894685564,0.02465945699938363,0.31084061442410654,0.028169927858566757,0.020204949518307227
245,0.06090648377488592,0.09754013920769618,0.026056204901546927,0.22646633994651325,0.07271544433852077,0.16443438727472215,0.1312504629353393,0.22063053762077547
246,0.05522901430769288,0.056011914817460755,0.06064413354890007,0.09170588798598123,0.08006257805822507,0.22892964912269598,0.3433319012261202,0.08408492093292382
247,0.02880755515868675,0.03734899926321461,0.020976287005213562,0.1358564054801226,0.14298799476013865,0.21068922996239475,0.1552316441502475,0.2681018842199816
248,0.018750000000000003,0.2783715773451298,0.021294533190932014,0.3035368589423682,0.08448888961074415,0.12622178286552432,0.1480030605901217,0.019333297455179786
249,0.055574164960003454,0.06258673689913226,0.06097316519002831,0.0628008617242643,0.09163762382461632,0.26012934561009315,0.34658037609415016,0.05971772569771203
250,0.018750000000000003,0.054732096679179984,0.09225351118558457,0.05761671364290742,0.2978434614198853,0.019356220789929848,0.2519480304521294,0.2074999658303835
251,0.08421330701318293,0.11041949348793545,0.08869608242404717,0.0781524134197001,0.06658968165171672,0.07000068754921744,0.3914703106549799,0.1104580237992203
252,0.05867252647004759,0.1301567488651534,0.06194114291911613,0.08736121651032347,0.08543275107471147,0.07020968260268651,0.3757414256004479,0.13048450595751362
253,0.057712146838110455,0.1474070150717524,0.06189800616712318,0.11180736487389503,0.06276010891284033,0.075636336434978,0.36670255847633365,0.11607646322496695
254,0.01875000000000001,0.284396994100574,0.02054624543189975,0.2969859953408147,0.020916014278607332,0.0286193200297526,0.2993740509686252,0.030411379849726264
255,0.018750000000000003,0.08287491092679469,0.019268588316527023,0.020962887794349464,0.2955934704481463,0.026353081055770222,0.25718788028102246,0.2790091811773899
256,0.05647565853692382,0.15235891548006172,0.25521715249501803,0.04608647206851834,0.018750000000000013,0.06345595296041323,0.2722095222513781,0.1354463262076867
257,0.05715683965843897,0.18165775562558015,0.05829535483809774,0.08085089963064394,0.05835473435591943,0.07270490753604,0.3608981925944458,0.13008131576083404
258,0.055026495336116886,0.3410433194286685,0.0549858526750087,0.21208645474049762,0.06995738547323455,0.07101343643002017,0.11379912631912585,0.08208792959732783
259,0.12067677596348214,0.3492537902798935,0.057240295086029624,0.06372402550464393,0.055858215217238695,0.0782440576023684,0.1697566376177709,0.10524620272857282
260,0.01875000000000001,0.27242103483053054,0.01921251505036293,0.22392556042406336,0.021387465711847874,0.024077477278770028,0.16184446142844075,0.2583814852759844
261,0.06025571049703008,0.10678555428297212,0.06933586350510182,0.07199618926549148,0.06303870734511326,0.10217089882678339,0.39064198114851834,0.13577509512898941
262,0.05678444706284828,0.14530308499128045,0.06727770450161222,0.07001320329173065,0.06067938154574051,0.09240600140463555,0.35797126731854656,0.14956490988360582
263,0.05919461527390676,0.1157720568622287,0.05982138636406393,0.07703779841436305,0.06042398897806073,0.13174915599676898,0.3806552033256312,0.11534579478497671
264,0.01875,0.16415063442393876,0.01888705096359257,0.021481906373973302,0.2834761105968027,0.027792335498974273,0.28555060940377175,0.17991135273894657
265,0.11818886942663304,0.1388998567258905,0.062164221774336316,0.07095220533863064,0.05576329758629141,0.10172471925292544,0.34836045243506203,0.10394637746023064
266,0.25332242908384495,0.04536269445402221,0.10681940557409499,0.035415134679745226,0.018750000000000006,0.2604253182548979,0.23925448380227088,0.04065053415112404
267,0.018750000000000003,0.18718956627655867,0.0971770647192261,0.17596317754299165,0.019695283311395646,0.17879050750146236,0.211722453613061,0.11071194703530454
268,0.05724682304763148,0.08208230250826641,0.06419208371172365,0.08919651967236751,0.056976519401537695,0.35977900613211944,0.22252462762918576,0.06800211789716808
269,0.018750000000000003,0.28749193374164567,0.04004606174374961,0.08224830251042506,0.01968485283044125,0.142713687500935,0.16178620443866637,0.247278957234137
270,0.056597132727794805,0.059738463241455673,0.07452846350418774,0.0900189356091468,0.06185397420325577,0.35620830907923673,0.22533397855065332,0.07572074308426906
271,0.058091802288159654,0.06272817762524861,0.08137796261351712,0.17208563626922152,0.05857147316287601,0.3702757862415024,0.1311562467254273,0.06571291507404739
272,0.05911829460522607,0.06244818849036792,0.07397069624403248,0.11886685746981329,0.063540773385138,0.3799368904021278,0.18177253875409485,0.06034576064919966
273,0.0931978020495441,0.053741082780709507,0.08712421169401952,0.09074086810406126,0.3170907262274509,0.20592040875916626,0.0966984614654771,0.055486438919571286
274,0.06080766987937736,0.06830164884085017,0.09375945308748695,0.15157043362619416,0.06004304470861829,0.3886404207869957,0.10569567816049981,0.07118165090997763
275,0.018750000000000006,0.022225199057134562,0.1381908305333836,0.2691578735215708,0.020961273541715814,0.26673684460407643,0.24475246112713897,0.019225517614979832
276,0.059384223977857524,0.06135398915942924,0.10531660898570581,0.17685130878829997,0.0750363078441842,0.07701880645851696,0.3824397550857179,0.06259899970028829
277,0.07691246920115953,0.06290147048769919,0.13172371253286938,0.39024879049155203,0.060213933938021325,0.07050486475628293,0.13999247753234612,0.06750228106006959
278,0.053472751181234776,0.15913278573506756,0.32680237149088803,0.0872413430204443,0.057135886760760375,0.09794959032631007,0.1318290656386114,0.08643620584668339
279,0.09446903298005574,0.062464020761374875,0.3637829059167776,0.10045438496547614,0.06947360357023367,0.057401933753657625,0.18310202149922075,0.06885209655320362
280,0.057521055645175775,0.06553167220309619,0.3544265403400241,0.10187050417278729,0.08955460539170915,0.056407819595863974,0.19232953544358788,0.08235826720775567
281,0.062113828105018386,0.06400123630428968,0.3675397859807769,0.09165857331401596,0.06714607328405843,0.057801102260457544,0.18532826211672568,0.10441113863465741
282,0.07074750229420451,0.08038638251374569,0.1991671339582485,0.08600828022268676,0.07080132443849337,0.05821951845702197,0.3714778207719714,0.06319203734362784
283,0.38812433594484835,0.06501290169647289,0.16327266288721465,0.08320145883699837,0.06676109677260851,0.05998821069414015,0.10572168624330404,0.06791764692441295
284,0.021682039935130015,0.023147584535379885,0.1632573023663503,0.11614128146222201,0.16344753986307162,0.2785369978026777,0.18073857132971752,0.0530486827054509
285,0.0835902215385032,0.06436004698254894,0.36730828027574325,0.13455955112251686,0.06447558834403165,0.09421652820219946,0.08696324619979809,0.10452653733465866
286,0.061593728691031996,0.0891927533468197,0.40323509509194216,0.13545083273322114,0.0833092997605663,0.06449716025298825,0.07487073479646497,0.08785039532696552
287,0.05856928551968133,0.07684867481677604,0.3747697526987643,0.16168049905579682,0.08173832843452791,0.077205532986207,0.10871490889122894,0.06047301759701772
288,0.04139827784283043,0.09515381300130207,0.3016591512812428,0.07794173150512942,0.1579739690870882,0.018912932741462954,0.030471128307797125,0.27648899623314693
289,0.05951616844310215,0.09411056390896375,0.3836815867710421,0.10749785292272816,0.1392189936971229,0.05964166499214796,0.09203522181952954,0.06429794744536348
290,0.05521033828219875,0.08416683012086294,0.3335598779907753,0.1453136366788629,0.12780663214186389,0.06517112201956761,0.059745534458863964,0.12902602830700458
291,0.02223097972053079,0.17340862205273733,0.2711826842388841,0.11507366624274845,0.28003357168059445,0.09454962228644394,0.02477085377806091,0.018750000000000003
292,0.05957942784154282,0.09256218951640553,0.19374365055594725,0.13516123057170532,0.3441788749951096,0.06301257187541559,0.05644304917564348,0.05531900546823038
293,0.05809306379237014,0.08827923609001981,0.22594105138147136,0.0976060157814214,0.33771964376826374,0.06971583108144228,0.06801244608238452,0.05463271202262669
294,0.27395269772677816,0.27588903126249037,0.28556365848237697,0.021016965047726252,0.07941663971019104,0.026656546152491436,0.018750000000000013,0.01875446161794587
295,0.06339608924736301,0.18341541686829563,0.08233109764395226,0.12525523428195973,0.3630483411059666,0.05732388623142566,0.0612059334214498,0.06402400119958725
296,0.05665715671574628,0.15179952228813295,0.07799441583862363,0.17092105774166658,0.32691182447053563,0.05348437970228324,0.06447142397693542,0.09776021926607636
297,0.061437724182116175,0.1769572874658327,0.08485517075245294,0.08564403434333484,0.3710866566331593,0.058177957038194436,0.07070704989500351,0.09113411968990616
298,0.0628680969675304,0.17339168110504963,0.08093204181790613,0.1003339951189058,0.36555335598541683,0.07034613718927356,0.07480497127412743,0.07176972054179014
299,0.06111447726687824,0.37449850244466526,0.08416214429227428,0.13316939466413746,0.1312599953800462,0.07600489420100673,0.06725604710533119,0.07253454464566061
