oos_period,model_1,model_2,model_3,model_4,model_5,model_6,model_7,model_8
200,0.13613543987169094,0.17354140519615985,0.0605070154713348,0.1236986159068778,0.09092280586596961,0.09709956244282794,0.26821905876615715,0.049876096477981816
201,0.10888343528432834,0.1798438242600959,0.12860633597839694,0.11819292882821171,0.054181048306583504,0.1131248897583043,0.25638992329829696,0.040777614284782375
202,0.15029976513874357,0.1781876977994403,0.08994135650273348,0.11038265708720481,0.055543637386518276,0.11026330040319052,0.25789557398106844,0.04748601170010056
203,0.2242134786801913,0.13284817776610436,0.07289937212105384,0.087082951250207,0.05937171979337538,0.08893331879068343,0.2691296347340936,0.06552134686329086
204,0.2015780646365318,0.13188315010493332,0.09017887615552403,0.08292426209825608,0.06128369887045376,0.09495019496656962,0.2745615665197069,0.06264018664702438
205,0.15320963901908774,0.14205692643283874,0.09844450840412206,0.07947930839829329,0.06574596569517001,0.10759818123665661,0.2951853564083151,0.058280114404516505
206,0.22075940378423498,0.13373375079450295,0.08654708884338504,0.061034536630356614,0.09851577496339378,0.09295986302711376,0.28779889388183005,0.018650688074182815
207,0.1764072542460958,0.1455288289394268,0.07914101828532517,0.08209906848308496,0.08627968191907696,0.07811201691089656,0.3272106513355964,0.025221479879497233
208,0.17692606736652236,0.16427121898356353,0.08137427549945953,0.08238976372877531,0.07977346278723473,0.07629471600391438,0.331044075615421,0.007926420014109217
209,0.1928491075884703,0.15947740941544422,0.07418982573481828,0.08216197623837607,0.0776841594879505,0.07176925778035939,0.3347550072872144,0.007113256466366864
210,0.1786989993995782,0.17874158539841198,0.0886091502208524,0.06141185826014642,0.10868883530268972,0.08067370470117455,0.29762013703476664,0.0055557296813801395
211,0.1809047796078866,0.18388140007343357,0.11558657319909092,0.06172030927667804,0.11449722828686931,0.08204244459573169,0.2611559614557073,0.00021130350360248318
212,0.19488316548407503,0.17720363842670525,0.08499225568432224,0.0533126918436733,0.11733061912451488,0.0758875386175645,0.29639009081814477,7.009806443453164e-18
213,0.21465501302569262,0.13805570889790753,0.09848491427798242,0.052306642814870914,0.1262910330404991,0.06712189898112547,0.27640748432858553,0.026677304632336397
214,0.20811260045156707,0.1750984374500962,0.08629315551368995,0.043610624375194355,0.17629742135455476,0.062385622959726925,0.24820213789417067,1.8820807390175713e-18
215,0.19164287577568542,0.17276330398967565,0.08779328081281397,0.05023918220750919,0.1721796974849352,0.0700249789817224,0.25535668074665807,3.3091451086289554e-18
216,0.2083199192865304,0.17127374216715627,0.09182920110249242,0.06665309172838789,0.1830330950001071,0.06799230137067279,0.2108986493436531,5.650239153772567e-19
217,0.20430028373034012,0.16742334574944379,0.08821023906014196,0.055524527434081074,0.1971216582254014,0.07546261529343481,0.21195733050615678,1.7735969942980854e-17
218,0.22351459390709716,0.1739744211108071,0.09551539281637059,0.04820419389031118,0.18924404566630343,0.07309598981767307,0.1964513627904374,0.0
219,0.21488594891290047,0.16838262683096616,0.09243210076078498,0.05184023186630581,0.20241886690981364,0.07227020942224352,0.1977700152959853,2.8380368293318986e-17
220,0.21009973873205334,0.16893793617462965,0.09523421985761428,0.04979984830966677,0.20844503631019645,0.08249726299080856,0.1849859576240309,6.533747457317123e-18
221,0.23841417218796784,0.1877382342221175,0.08908177191893407,0.04057775599015205,0.20896291152439878,0.07230709730758533,0.16291805684784438,1.415497933978927e-18
222,0.2262948610665876,0.2058708100323627,0.08115031317857191,0.03350069430788107,0.20796707328514824,0.07326332155328984,0.17195292657515854,4.392712864456408e-18
223,0.22867737298527965,0.21398553643169516,0.08201462335732738,0.03672595970934091,0.15820672781611486,0.08198404540162034,0.19691368084143412,0.0014920534561876336
224,0.2635062262134176,0.26590777351183986,0.10263693125390416,1.9206472078972056e-19,0.12146326711718085,0.08522731457202164,0.16125848733063597,2.252472364983746e-18
225,0.26579977498681817,0.26466248746041143,0.09557738631793389,3.1829909971008673e-18,0.12525160578255987,0.0900270546804406,0.1586816907708359,5.753788931574301e-18
226,0.25598982405199816,0.2803925803833772,0.09441423661339057,0.0,0.12493863788655321,0.08730758938390495,0.15695713167977574,8.78055528946611e-18
227,0.2552287419957654,0.24067575260992727,0.12400609377210893,0.023308538601285317,0.1304782855258496,0.09580458231862443,0.13049800517543894,1.0640381561283576e-17
228,0.2739351913198519,0.1966256035239289,0.11740550561116588,0.010888110489783734,0.13308266552090972,0.07805770278448838,0.1442408969594947,0.045764323789376705
229,0.2871579829394414,0.2680938260998656,0.1200247400993632,0.0,0.09021377694703928,0.0897514272315596,0.14475824668173096,0.0
230,0.3087313016620909,0.22175255974242358,0.123147387935627,0.007979694697203126,0.09466982116076059,0.09757509830369197,0.14614413649720265,4.114091964369225e-18
231,0.24917367829019746,0.21532604872155536,0.11092004463182387,0.017227831693359726,0.0956136440521152,0.12827125796284908,0.15285247994118994,0.03061501470590933
232,0.24189639638343513,0.2499483130467197,0.11470433544455001,0.011900054221268228,0.08464919338415151,0.13497603299451777,0.14665686814521814,0.015268806379139473
233,0.23081436464128677,0.19188750660395462,0.11201101876828423,0.0,0.09850708749589884,0.10238897176434127,0.15995506293664605,0.10443598778858816
234,0.25490085385204003,0.23040562383126456,0.12077064004854003,4.6651398361168005e-18,0.08319645574298,0.10882550320047472,0.15685320475091155,0.045047718572789074
235,0.22392239454126073,0.2284089938746533,0.12840192733435174,0.028911482983970383,0.08662532008506614,0.0888458367042565,0.15258123719470987,0.06230280728073123
236,0.21348462468008217,0.18921638451469924,0.16121837766039662,0.04351839383412886,0.11040803077159524,0.09428744894787579,0.1594878029461992,0.028378936644022943
237,0.19721126282941168,0.2545750434283927,0.11544485724784181,0.033939713733161986,0.09300783446587378,0.14329709781038258,0.1541766490579123,0.008347541426023099
238,0.18854651532639946,0.2905583881517428,0.10184054057084709,0.018269574203388837,0.08789049570141845,0.14894273017815352,0.15211024679919433,0.011841509067855468
239,0.19159856504318695,0.2837294171768719,0.08314637409972464,0.02836091460139255,0.0745241214891611,0.16678523489517563,0.14943645483453002,0.022418917858957242
240,0.11973762169320847,0.3581420413150946,0.04584432538157607,0.07746550486756515,0.07157710847250062,0.15068529952311205,0.12310567373090232,0.053442425015040526
241,0.14383467897393548,0.28168141901206695,0.06102572886562461,0.055414322387099355,0.09250552099212647,0.1804364418105216,0.1393764409772325,0.04572544698039295
242,0.1445982418072042,0.28349262526656027,0.05209829553029906,0.05703788324424453,0.08814833119334951,0.18416902039420358,0.13688546994789821,0.05357013261524057
243,0.08894265625871407,0.28234523204066947,0.0344055435709317,0.05292780711629553,0.07349306764527773,0.1806139696630282,0.1808916481745084,0.10638007552957475
244,0.06807553648059338,0.38479008023719696,0.05749292365554947,0.06400787721003946,0.07086188212130304,0.11546949509107891,0.16939228883722282,0.06990991636601589
245,0.07261450169559257,0.34353980550992225,0.03690164433960748,0.06576487850047064,0.0691222796274506,0.12467527873823388,0.1823949944326513,0.1049866171550713
246,0.05821453657543099,0.41079009289035934,0.0403101907753032,0.03517888851686393,0.052943959667868114,0.10978220118521541,0.18011286611156888,0.11266726427639011
247,0.06676100854406226,0.3793198305399514,0.059401471205465926,0.03259148560365096,0.055495681470356245,0.09339391597288062,0.18564540340511795,0.12739120325751452
248,0.08108763776532854,0.34858178729308886,0.06800529308493344,0.043100283399118644,0.04982029737646032,0.12312054342025348,0.16191353987222445,0.12437061778759229
249,0.09216253634365183,0.31318496948433266,0.013211410627537874,0.06347438539462584,0.07441847294344202,0.16018982660504846,0.11945292753014118,0.16390547107022008
250,0.09233029395688193,0.3200384054371253,0.009907399540165193,0.06588210614849609,0.07181262031585063,0.16138348257119092,0.11318336861037247,0.1654623234189173
251,0.09280399666397779,0.33295275911828276,0.006177739051933789,0.051154730747628586,0.09037323200355737,0.12337966514884027,0.11145192595684389,0.19170595130793547
252,0.07378945666417284,0.35288081116095404,0.007577955038272967,0.06489040624823851,0.08372114074476787,0.10786207557272318,0.11614412794672702,0.1931340266231435
253,0.07871245477008561,0.33335092556515683,0.028136350742662866,0.04368691066827811,0.06112427205663291,0.11470335411952828,0.14440243585790022,0.1958832962187551
254,0.10240068616142899,0.33550642150020765,5.026081750765179e-19,0.07512837326294877,0.05104735395656343,0.10908564671913093,0.15148773004212507,0.17534378835659528
255,0.10110352284889043,0.33202838436938936,2.215494082880212e-18,0.08237490244909114,0.040070785408521825,0.11339586510631049,0.13482658435011904,0.19619995546667768
256,0.10854163543946814,0.337513620005887,0.0,0.08365753624706287,0.03440717098601963,0.11446555806332775,0.1408407049865076,0.1805737742707269
257,0.10397799599681068,0.3086319328019741,0.0,0.06825763835290029,0.04101435484980324,0.1259658641698051,0.13573248446115216,0.2164197293665544
258,0.12054769694339128,0.32075943416219915,2.2742927277983826e-17,0.06485381979510084,0.03210531190829453,0.1263643609909422,0.14410597354750018,0.1912634026515717
259,0.11583831762059613,0.3121892446822863,0.0,0.06966891739472426,0.03387865908840262,0.12767742936111917,0.14177052249765656,0.19897690935421494
260,0.12743309214903362,0.2872395341755459,0.0,0.06148127243894687,0.05103152741086332,0.11580033691674407,0.146165354857976,0.2108488820498902
261,0.12297561301718704,0.29438748147549887,0.0,0.0634308562952546,0.04975490375448107,0.11423308305056223,0.14841249792345815,0.206805564482558
262,0.09770107283819662,0.33348952618681643,2.1971902302856567e-19,0.08878814238074338,0.04202816740065238,0.12997503666147883,0.1375474944375546,0.17047056009355774
263,0.09660345907334371,0.2858843800833815,1.496590750766605e-17,0.09496793680114113,0.036399176505144584,0.16337792532776937,0.14819930177616755,0.17456782043205216
264,0.09612738799920525,0.2641602368283762,3.840483778794109e-18,0.09146038884410558,0.03407906706139109,0.184937668192042,0.15872346989524583,0.17051178117863403
265,0.1007314897959964,0.2636576437200126,7.340490918474993e-18,0.0918592046344352,0.0296445461615462,0.18284905434777854,0.16646026772852673,0.16479779361070415
266,0.09798179435966665,0.27683577754600597,0.0,0.09663175758427181,0.03624800947311119,0.17062119407183104,0.16272247740583073,0.1589589895582826
267,0.09816283354938614,0.266982111543949,2.557870094115978e-17,0.08760279656463016,0.03213939849243696,0.19088078973780884,0.16282432509965092,0.16140774501113794
268,0.08925106480664606,0.25918393267240863,0.0,0.096052079439943,0.03539828304196143,0.1911205210175377,0.16103725683971667,0.1679568621807866
269,0.08925699926383493,0.2592488801706099,0.0,0.10855384418826078,0.03756237143059136,0.18380239356282027,0.153242817188201,0.16833269419468166
270,0.09158352909801744,0.2553096271131037,3.506316707957311e-17,0.09853683635758538,0.031790258883202895,0.19528721031698962,0.15431279105826096,0.1731797471718399
271,0.09268330865112699,0.24791887822227118,3.237641165810966e-18,0.10088469064439323,0.02148443200986885,0.20162405786369633,0.17594800168931327,0.15945663091833012
272,0.0940780414115688,0.24512933680396082,0.0,0.09616420335004683,0.019753589566267913,0.2178944460815217,0.16900185143933616,0.1579785313462978
273,0.09206115352368557,0.24342920412576344,0.0,0.09715969163283793,0.011323511914791844,0.21377003279801937,0.18234935327571514,0.15990705272818664
274,0.07558929606263982,0.24137659103600625,2.1440485081406084e-17,0.09467546196925994,0.019418886822562344,0.2481892863456648,0.15330596525718357,0.16744451250568307
275,0.08355363514974111,0.2501269926897688,4.077537198739319e-18,0.0977906741120812,0.028693680861740622,0.22164998249914544,0.1347342055845348,0.18345082910198796
276,0.07701201081277581,0.2621868074496231,7.368286668598586e-18,0.09253165092264101,0.028167309974973964,0.22056526883619196,0.13154949254596693,0.18798745945682707
277,0.08943620035657902,0.2656603014836271,7.047360443263034e-17,0.09448311413303556,0.01872185457191285,0.2036378500273116,0.14086586648817445,0.18719481293835932
278,0.08488729200630757,0.25099212347181665,0.0,0.10085560042348297,0.022645810381870798,0.22246350160590658,0.1148621501093504,0.20329352200026496
279,0.07034633783902125,0.24740591669448414,1.5829364953162336e-17,0.1118709635345374,0.024030389318576935,0.24276683019080053,0.12127200408067493,0.18230755834090476
280,0.06780227790135421,0.24856908769684008,1.6451537122699596e-17,0.11439627771574998,0.023213091432884844,0.25073508339936734,0.11904542150833729,0.1762387603444661
281,0.07423268459163798,0.245144860118499,0.0,0.11327860372043,0.02733439671646752,0.24771081402183515,0.12218297882823581,0.1701156620018943
282,0.07440878524741658,0.2501926205365175,3.585700595860104e-18,0.13173110731709906,0.011923484505418866,0.2319344433913542,0.12003646163355948,0.17977309736763428
283,0.09120085712149406,0.20173722285325246,0.0,0.13861508264931097,0.01620293996341744,0.266031532677255,0.12482640069530875,0.1613859640389614
284,0.07433525151257032,0.18552598358579575,3.585913982197495e-18,0.13196574175250742,0.03564806910439394,0.2816570858525545,0.11334569191044355,0.17752217628073452
285,0.0942836097935715,0.18702911972280928,1.8445688105276788e-17,0.12744883163622353,0.01929480546791613,0.27283160027642384,0.12705495920403292,0.1720570738980227
286,0.12903319415679412,0.17903062806051354,2.2180351817219728e-17,0.11973325617513958,0.010727275947074068,0.23988794489931065,0.1272634224497518,0.19432427831041638
287,0.11172968729503077,0.13684304200782832,2.0185814219564456e-17,0.1256771436709748,0.033208011929309195,0.24435858173042313,0.13994154755132326,0.20824198581411046
288,0.08119162609794893,0.1378561377610387,0.0,0.12134958096583935,0.03442740239038964,0.2652713075545312,0.15265267218875403,0.2072512730404981
289,0.0837980329688091,0.13237578837976635,1.1228480507028588e-19,0.12626151210018643,0.05304026515121685,0.23011288785536618,0.17037237337850278,0.20403914016515223
290,0.09379725926491711,0.12409864128243221,2.0762895119550273e-19,0.11537723841906097,0.03715250996241604,0.2633019823387821,0.179148300736532,0.18712406799485956
291,0.09991153940292109,0.1365091361486791,0.0065462489792668865,0.11262430667801075,0.011828798477469439,0.26774575992364713,0.16218772779550514,0.20264648259350032
292,0.1271354101909802,0.1300689961965836,0.0066619914912882895,0.11400087887811439,0.020242870371965333,0.23539755018390474,0.171128596818395,0.19536370586776824
293,0.14413689978863223,0.13035428369199076,0.059052788965982185,0.12627977385515837,0.024217633145337435,0.2377325845236692,0.12896903028519038,0.14925700574303938
294,0.12427949062058045,0.08892442583315634,0.03957320295047984,0.13730727543663293,0.07434334062188379,0.22581128083971683,0.13388099228950182,0.17587999140704796
295,0.13134174706607035,0.08391070377252739,0.048697637636418614,0.16033290372888373,0.06982453764881943,0.23665809379971509,0.11684285129733157,0.15239152504923373
296,0.14167071966632544,0.029720509525630972,0.029654834680117866,0.1638634628808269,0.12167856053782952,0.25981744046560123,0.1251890262707563,0.12840544597191172
297,0.13645397790423447,0.033249142632690416,0.023526684448405114,0.1694423225153819,0.13704103719781258,0.26257195645493026,0.13503594606009836,0.10267893278544686
298,0.12233235057226101,0.04592951714600174,0.009970571762907585,0.1697558562122079,0.11869789576597303,0.27803752777641727,0.14779130352596964,0.10748497723726178
299,0.10110505997575583,0.054973046783116424,0.04328134305123867,0.15070899871352858,0.1046894563642086,0.2796448636851298,0.16327804718250677,0.10231918424351538
300,0.09799210040967095,0.05477945768226289,0.04410752102673911,0.1508994675913809,0.10530397217679421,0.2812773778185791,0.16426888734529677,0.10137121594827607
301,0.09788409167417576,0.05807860308932699,0.050249663320072226,0.14187240343502416,0.097257711491368,0.29861589972487296,0.18004124460974955,0.07600038265441023
302,0.11948306445175613,0.05229550641292775,0.0631790068273663,0.12224772192968862,0.10774735694120337,0.31767537494088766,0.15951157503546842,0.05786039345970165
303,0.11680197372170426,0.06090717651175294,0.04408704356683064,0.17007786568614536,0.13271857768415285,0.29958427246597036,0.1300534166781464,0.045769673684297144
304,0.12196197131826374,0.07691118415044335,0.07405287491521825,0.14626658914209154,0.14876901268535753,0.26011610742130414,0.12689957791117737,0.04502268245514403
305,0.12253497948050908,0.07959904218561073,0.06088297224382094,0.14600688002519782,0.1503210694367086,0.2812538798863855,0.1129774061660857,0.04642377057468151
306,0.11220551722945325,0.075053631119001,0.0415029728452329,0.1418700463652168,0.15747114137024704,0.3226730302102,0.10817660440271704,0.041047056456931914
307,0.10908644909617748,0.06302190284980957,0.04923835869803649,0.12885672698282905,0.14605966797009004,0.3474603515578019,0.12158520089019327,0.03469134195406202
308,0.0680252891070789,0.06455360286013984,0.052343053301691984,0.12019247520934878,0.13557413101275329,0.37409185276127865,0.10978970093304008,0.0754298948136684
309,0.07798055347018625,0.05962490580556277,0.05638598312888805,0.12936294767434156,0.14022269991875652,0.36455551518406293,0.10158340836168282,0.07028398645551892
310,0.08196767962649504,0.05043168632494356,0.09505120577901326,0.08942862930498893,0.11358722021672406,0.3637261786158759,0.10940792714832531,0.09639947298263389
311,0.06852390587625494,0.04789178311567835,0.07801447006361596,0.08540645434566042,0.11204985338535847,0.4012297809151263,0.1108863791377905,0.0959973731595149
312,0.07524407881765252,0.04815172921315883,0.0743719415221911,0.09146910189306551,0.11641056007095266,0.3865335009193013,0.11376485301904735,0.09405423454363057
313,0.112020286447462,0.052453478206683994,0.07804501133645264,0.1270812519982292,0.10490003391748019,0.28596357704508885,0.1464541059010864,0.09308225514651683
314,0.12354533796793946,0.05551912923969762,0.08919708400839652,0.11373928637279836,0.10380168468561668,0.29141540870163674,0.12529914831605113,0.09748292070686342
315,0.13431825673264733,0.0699120641646708,0.13495445872761344,0.10478465246124215,0.09461130690513316,0.23742090784967804,0.12326684970402595,0.10073150345398905
316,0.14404239686179884,0.06058563711225324,0.1444496605266929,0.11693187602400208,0.08831217816885571,0.21616816271284858,0.12273151300315274,0.10677857558939585
317,0.15687325177910674,0.056070650015967144,0.1230792356311581,0.12450217956724072,0.09287474781823295,0.2267710828606374,0.12241282104000067,0.09741603128665619
318,0.16724709008267533,0.04879143674113695,0.1354920792963929,0.13529273954969778,0.08645031854494371,0.20370305550949225,0.12217643213368766,0.10084684814097336
319,0.1600279137891097,0.047465339576025535,0.1555786408549643,0.12708542314598398,0.0886664948884021,0.19309722880864033,0.1257928008344495,0.10228615810142443
320,0.1663590319127431,0.05559212617719164,0.13580054235544783,0.14026425645719542,0.0778138695024813,0.20118588701305407,0.12461893448220922,0.09836535209867737
321,0.14680445661218197,0.048154144715587585,0.1563463732953516,0.1580360842083994,0.0986800170919554,0.1515840457773643,0.14064523987628205,0.09974963842187765
322,0.10985733360397275,0.048051447092964376,0.17186718623849837,0.1607246451916201,0.11902868809357148,0.13519660782385845,0.14774446165292723,0.10752963030158708
323,0.09776027588763178,0.04118705794357504,0.1756817031219147,0.16346314321559702,0.11224354575661036,0.15176260676328804,0.14919228536235274,0.1087093819480304
324,0.10711904108531473,0.03820366155285057,0.18833317859526086,0.15246249929497524,0.11642342374681929,0.14557020531188344,0.1554071500685746,0.09648084034332115
325,0.09935408100335417,0.038063844660130186,0.19242180764387692,0.15143095970647732,0.07992462024501527,0.16688400182447924,0.192775372649299,0.07914531226636792
326,0.11951818419247702,0.029882756597612754,0.2029499720875738,0.13386041448784144,0.058969446977095816,0.17841334658785998,0.19534851929846153,0.08105735977007764
327,0.12747882657664306,0.03526310574561446,0.15513887960767045,0.14926019946564212,0.07344645867738299,0.18810740970401976,0.17624945190098587,0.0950556683210412
328,0.1251077956097021,0.04735373941595471,0.12762414401350802,0.1730113955940407,0.05551733556321808,0.1792273175262819,0.19444449903982652,0.0977137732364679
329,0.12574105973634947,0.050577181534071126,0.12437388071755826,0.17197102951302967,0.06673654339591602,0.16289614579922862,0.19852262232119358,0.09918153698165334
330,0.11372623782842319,0.044887670298667325,0.12061241926446056,0.17721693477971218,0.0605639583928682,0.15884068277389873,0.22356973465154617,0.10058236200942365
331,0.13659943771717292,0.05134630539839487,0.11095633401381234,0.17473306913956657,0.06500303858591015,0.1595678749081475,0.2017250306693265,0.10006890956666911
332,0.14685228649104778,0.08345347589675484,0.10013706049200533,0.161145119274726,0.08172576415996231,0.1493082992843788,0.18818401118604178,0.08919398321408308
333,0.18441604230689465,0.0904998038278052,0.10383465635102297,0.1534107078090171,0.05796211567620129,0.1607250118616298,0.1540358789312975,0.09511578323513141
334,0.17121251286825104,0.09795449084059923,0.10468944009116248,0.1512099087476423,0.04264266203458172,0.18649058622322687,0.14893719903729977,0.09686320015623653
335,0.13782231410055742,0.1352426879838915,0.10459054864675452,0.15557781731505727,0.06803181919765769,0.15901779806230043,0.12644356446196658,0.11327345023081448
336,0.1451689450445592,0.13987872770495413,0.10332850012241251,0.15258763289547614,0.06642015883792503,0.1535111682751463,0.12549319197220693,0.1136116751463197
337,0.15325678938024714,0.1260060366066046,0.10606181216224995,0.1554143365725551,0.0603177237232167,0.16757470738830368,0.11336377341724492,0.11800482074857788
338,0.13282020135740558,0.14518320761760217,0.0973094148875604,0.15617818065359987,0.07278379093299785,0.1672860342793401,0.10701941035139029,0.12141975991910382
339,0.1256425067847844,0.15739259898428362,0.09369338878361491,0.17414727487481052,0.05802902905174983,0.15154687825933455,0.11202960702358082,0.12751871623684147
340,0.126324351418861,0.157550410910583,0.09385634866860341,0.17991928662417894,0.05563904021236105,0.14927645744008308,0.10964649135826283,0.1277876133660666
341,0.12016583553006077,0.17663137086859634,0.09157341509331138,0.1648684941286009,0.05796882038812436,0.14630089423516665,0.11239986865309075,0.1300913011020488
342,0.09413499319936522,0.1931330556401703,0.10492504125660632,0.1759241891776857,0.04885831831597484,0.139080178720118,0.11240875219788306,0.1315354714911965
343,0.09524995340297263,0.1634313286405394,0.1011172967629998,0.15213594377727535,0.07784282603051182,0.1119904619216101,0.13890929040419814,0.15932289905889274
344,0.11959708501645709,0.2092283180747779,0.09599023652731795,0.12457310455642162,0.0692847510247697,0.1155730810377381,0.12433589134940852,0.14141753241210905
345,0.14954114983206357,0.19931583219791538,0.0866128799205099,0.10055376781723457,0.11432793862209044,0.11985040687437702,0.10021313483566739,0.12958488989914166
346,0.15460646812017262,0.1907577965170931,0.0894057174929911,0.07327284776024273,0.12207980403028931,0.12801263401262233,0.11835340557872817,0.12351132648686053
347,0.13503754077708757,0.21789512052506183,0.08309410033977102,0.0781548042030158,0.11838350351460296,0.11436459794081834,0.10984263329476722,0.14322769940387522
348,0.14814652600923675,0.20342081948214763,0.08621087743495781,0.07715796928444824,0.1235245046178519,0.10126166549043754,0.10982118890780497,0.15045644877211511
349,0.14485870264287828,0.20558639024760392,0.07948816747150088,0.08162379532285208,0.11130608766551146,0.08928522569182387,0.1349022835236065,0.15294934743322292
350,0.15715645158076508,0.18681387246128964,0.07276676260111427,0.0983710327198512,0.09312417071412446,0.0878687813027417,0.1540409166951085,0.1498580119240051
351,0.16636756453759918,0.18202305505721475,0.06349429170999156,0.10266199368222864,0.10121179422469857,0.08682212681486462,0.12934898292036046,0.1680701910520421
352,0.18007064270464673,0.16776902801286586,0.06146836897535303,0.10100769643131033,0.10155560379575346,0.08600838971181729,0.13486403267091981,0.16725623769633344
353,0.2030729733671761,0.1380567966822378,0.05926025813751067,0.08720146645910719,0.11607800892114965,0.08852999993599911,0.12646371842711598,0.18133677806870324
354,0.19841345403594093,0.1279556868168196,0.06259891702617931,0.10650143514211796,0.09743571986898311,0.10455177055165915,0.11964096914109504,0.18290204741620486
355,0.18573280307499498,0.13129464956717904,0.05609328590057252,0.12026316455025726,0.10069592857397845,0.09676654450687604,0.13135710327114572,0.17779652055399583
356,0.18388392639261453,0.1321223300851376,0.05880959647882994,0.1489364249541424,0.09222390498042099,0.08578739291270095,0.12921372945602763,0.1690226947391259
357,0.19039344924641427,0.16317445252432805,0.027574228764212793,0.14476025208106472,0.1139497081926918,0.07069665609875511,0.09851808747514038,0.19093316561639273
358,0.1884192153306515,0.13968597263416768,0.04132201868967827,0.1739438067865415,0.11298493228042727,0.06887110436863564,0.10673038278660059,0.1680425671222975
359,0.20709774790537655,0.13799186222057166,0.046700248367975684,0.14162389545510984,0.11533382309460272,0.07030040808641427,0.11540094141735929,0.16555107345158993
360,0.22736036926738482,0.18851207729292258,0.003000324930815712,0.17037972220374598,0.13044633981976653,0.05438123926189655,0.09603865317528132,0.1298812740471865
361,0.19121512495592374,0.21997333001707411,0.016657859332693842,0.15581994963678902,0.1425433986952595,0.03227656107601447,0.11362793410472238,0.12788584218052285
362,0.18467532916698015,0.17330513274176992,0.027502858933745565,0.18857759180133454,0.13399435365034895,0.036018572014031046,0.11864072267727184,0.13728543901351797
363,0.1712311317681288,0.1676985528221132,0.03772208056088976,0.17680108379601536,0.1424550450963663,0.05146177699973869,0.10701144917027362,0.1456188797854742
364,0.1275674613093448,0.16430209545373559,0.044818093151593144,0.1667792469225208,0.16483655568894665,0.0652749459608476,0.11833744728594096,0.14808415422607032
365,0.13539509503903627,0.22755273804704157,0.03168982099874845,0.10498836670125812,0.1702319140807768,0.07151695184564288,0.11158409006732767,0.1470410232191682
366,0.11594032831914927,0.16722677737398836,0.0416811534368504,0.16898694447516166,0.17197727547413516,0.06958076073353041,0.11737214051944272,0.147234619666742
367,0.11593792916461161,0.16863265570787891,0.046251538175850954,0.16083878735407245,0.1592478203564747,0.06238978902447429,0.12168111258514842,0.1650203676304886
368,0.10431845359489063,0.17916541663819688,0.04566904868207454,0.16458251806397,0.1754877356583416,0.0659944560528263,0.10514488140331836,0.15963748990538162
369,0.1021528017977478,0.18046484224629133,0.04427938395372296,0.16693642959017202,0.174984362307496,0.06119497969713587,0.11020914119571924,0.15977805921071467
370,0.11667111788465243,0.1615519094016927,0.048677720137959055,0.06057408806818974,0.1984338153828728,0.09041852404924088,0.10043903326575107,0.22323379180864125
371,0.12833452907074538,0.12355664722377234,0.05268524728881441,0.05139092050224698,0.21037322745172107,0.11167400779296728,0.08200582251083617,0.23997959815789635
372,0.15929557850118703,0.12848489494374316,0.0607740831373478,0.03853417273836835,0.1979946867467802,0.10063630790021345,0.10403407324755476,0.21024620278380513
373,0.16605360272744385,0.12683844298435779,0.057111092385545716,0.012258183949598931,0.19235187431890777,0.09390441740675266,0.11355556023783414,0.23792682598855913
374,0.18719875380221154,0.1691854388498818,0.05825739822816165,0.0206667577225403,0.19548720584833335,0.08528183554508123,0.10811630444613818,0.17580630555665194
375,0.18276695448133673,0.1292527670130862,0.0906248525823455,0.06060550354256029,0.18508788354228087,0.07113787881684365,0.09723286708168535,0.18329129293886146
376,0.178298267362942,0.13155872100469362,0.06805386360174845,0.08561550533284996,0.16856161552699853,0.06618467836561678,0.09669005653123589,0.20503729227291495
377,0.17007317288093113,0.14058392286974136,0.09537252813822092,0.06595161564137929,0.14970166737730456,0.04994445617552226,0.11942548028383881,0.2089471566320616
378,0.1729073907868369,0.1321644458929687,0.10374013609108644,0.03745487893399014,0.16180939967657967,0.05552593346302369,0.09868498716344042,0.23771282799107402
379,0.15718603535016068,0.13042303642420813,0.12320476575468073,0.017473082077466482,0.1477285611605922,0.06865758561545782,0.10361871885886087,0.251708214757573
380,0.16072517109075687,0.15154851208795228,0.13786775363040632,0.01528134554085645,0.1501510585086881,0.06279767234063573,0.10518307098154343,0.2164454158181607
381,0.13963029296641408,0.17404223612418804,0.13765149607356267,0.02198306773078816,0.14007819065575083,0.06903973111132702,0.10627044776432451,0.21130453757264467
382,0.13011078959735414,0.1416690187154745,0.11933898410928996,0.04701972947338116,0.15693575782346447,0.07790769152292068,0.11559524261153586,0.2114227861455791
383,0.11915747782744679,0.11052315440112018,0.10889398889920507,0.04352391897630215,0.16273496585556096,0.0853692811588506,0.1420297233886828,0.2277674894918314
384,0.11288711964427266,0.06432269924881617,0.09395323285596441,0.08029728528224393,0.1815385753223559,0.05146865023047218,0.17636601149661973,0.23916642591825488
385,0.09838121124798942,0.04023108879048034,0.10834061767485133,0.07588807748529683,0.20075264472837384,0.05384490625421272,0.15843666937449277,0.26412478444330273
386,0.12243602926625163,0.032026475300201376,0.10436907083109784,0.06736083332049651,0.19926945950212627,0.055009240779201024,0.16043941594569341,0.2590894750539318
387,0.12486778553114068,0.043302667539224196,0.11772855181347412,0.04498572176212472,0.20192725773472736,0.03708268974325365,0.18779453491371928,0.2423107909613361
388,0.13162984060791924,0.03135746201892467,0.13411422630283704,0.041123413295146335,0.19063875228752783,0.03245890070583024,0.1958209726607313,0.24285643212008332
389,0.142875713643132,0.057833185741648654,0.11842277286556724,0.048739360723398385,0.19945896043228944,0.037061902087097025,0.19688817719428323,0.19871992731158394
390,0.15016789067297237,0.02958603053329643,0.11577048114550934,0.05489219403606257,0.2050406622094579,0.03861082379435245,0.2062072322586623,0.19972468534868656
391,0.14597098296755873,7.867551767331525e-05,0.11884953939687633,0.0698817891080708,0.2074123567797835,0.05551383467742855,0.1880566725950881,0.21423614895652063
392,0.1592533954985013,2.312267597103919e-19,0.10503933364739555,0.0972283141636015,0.21281174590270197,0.021287499066451568,0.1884307975076375,0.21594891421271054
393,0.14342021951245462,0.0014034512959710797,0.09239974195299323,0.10713719039907164,0.20207946124195408,0.04953534885312142,0.17405470141493234,0.22996988532850152
394,0.14839398531577097,1.8382070793278026e-18,0.0905464917073179,0.15398614754486037,0.19716530953062808,0.05162409512634697,0.16607881966736615,0.1922051511067095
395,0.14355930100441164,0.001290367506407424,0.12173509840365516,0.11630515639998767,0.16151239534580789,0.05155800427385902,0.19646197301117058,0.2075777040537007
396,0.13779848135712244,1.25993503925991e-18,0.1153715993092917,0.13977484075318275,0.14817678977012042,0.085725974847384,0.1743194936072778,0.19883282035462088
397,0.14530143988915026,0.00016614524110658568,0.1332755779262975,0.14961184484165221,0.16022527620572943,0.05242168393290286,0.1893426381843478,0.16965539377781316
398,0.1402028891810607,0.0,0.12101811602208207,0.1395474130752719,0.15854409154738544,0.08640234602722847,0.18261313521766026,0.171672008928311
399,0.1464941389846985,0.014032440489173377,0.12678990682853236,0.13817564983742503,0.16300859284963443,0.04733902393411975,0.19180486925758664,0.17235537781782997
