oos_period,model_1,model_2,model_3,model_4,model_5,model_6,model_7,model_8
150,0.1010425510541625,0.18506145984755965,0.17286307297238798,0.03620744580341628,0.14943505902280813,0.09008406013034313,0.023595804383203803,0.2417105467851184
151,0.10790885163011597,0.19118462880495227,0.1677489850241495,0.038706096676034245,0.14573876792126397,0.09388474148108014,0.017403282318804596,0.2374246461425993
152,0.05841686737899739,0.19423400063834464,0.17881638488360718,0.022957228213479303,0.14370759303421418,0.1235961436319396,0.02917238288941041,0.24909939932900724
153,0.07638546710473319,0.16856069327631276,0.16985510293820583,0.039277598041289226,0.15167827293559355,0.12030702857162015,0.034113265117393536,0.2398225720138517
154,0.07843845790301256,0.1614245651311689,0.1397831420931205,0.045877877884531605,0.16169794471431417,0.13258647130064766,0.03775146388853254,0.2424400770836718
155,0.06721968512075904,0.1840687674301979,0.12147846042435707,0.06886682069733832,0.15702087898458975,0.13731717055380868,0.036110532849425406,0.22791768393852377
156,0.04808062265882212,0.2111343588541812,0.13841014453375317,0.07356961483485205,0.16917667048711044,0.12923912367172166,0.013217749389841243,0.21717171556871803
157,0.06883913130783452,0.23679730429866955,0.11558966349057635,0.08154116207216255,0.16992423476849552,0.12271044252736234,0.0010309421272575948,0.2035671194066415
158,0.05553732970351522,0.22499583657342462,0.14245509856882863,0.08550262895011608,0.16797834070744141,0.12061524094062788,0.0017115778499299996,0.20120394670511613
159,0.06407181827045927,0.23800836452035998,0.10256425657758765,0.06913942014007286,0.1752499934175407,0.11313229726275205,0.0076870680444424,0.230146781765785
160,0.05849709641078076,0.22243398124812216,0.12039767089615723,0.059689750678172976,0.16606429698269706,0.10908908194762114,0.02991121574029777,0.23391690609515092
161,0.053698144976747166,0.2137419152222752,0.11994945451969914,0.0586053960264906,0.1661983841483087,0.12189651138905806,0.03999549225839005,0.225914701458031
162,0.0474061900937278,0.20716584471986202,0.12531766779313167,0.055444896226083375,0.1549586425076737,0.1225047607820265,0.0488785465732383,0.23832345130325663
163,0.053232998036392525,0.19868115083179824,0.15030556308222112,0.03532490095255502,0.1483108503620963,0.14007001188742865,0.06126956192687483,0.21280496291963327
164,0.048514975590717754,0.1682459604626788,0.13596530990225597,0.017407494342807077,0.19403219491639237,0.15280554711718547,0.07076040095816002,0.2122681167088025
165,0.028932683295612983,0.15064909135291576,0.17553978872093912,0.031121748602520913,0.22474721243466048,0.16296390805546646,0.06448089039485085,0.16156467714203332
166,0.02977534364632041,0.16316646800641013,0.16998302289914882,0.030690786428649194,0.21900116075706444,0.14996012012778048,0.09373538281724152,0.1436877153163851
167,0.023515930375491642,0.16075153152997695,0.16471951018831957,0.030947250801557746,0.22805761113286632,0.14736945978688015,0.09157447531821336,0.1530642308656941
168,0.009053548542339881,0.1741396395830905,0.16820876536160628,0.044625430673067325,0.22254938569942948,0.1428580569403291,0.09051948018145954,0.14804569301767767
169,0.0,0.1699693513409414,0.18002068017243214,0.07700488745170389,0.23065791435894423,0.16195358950949365,0.07016732173994389,0.11022625542554072
170,0.0,0.17053602858612518,0.1749635657275273,0.06607290874647734,0.23532002220886503,0.15685063156927903,0.08250793596574497,0.11374890719498112
171,7.219965294308259e-19,0.17922912913779562,0.1871879225294151,0.04339565807550592,0.22778509510382866,0.15881706167155415,0.07566143979344693,0.12792369368745357
172,6.497780060244968e-19,0.1740668359895187,0.19877914532029858,0.046107280408486134,0.22551937753142975,0.17093524055424347,0.07592961596230735,0.10866250423271598
173,0.0,0.18500372777199015,0.1969897400019206,0.04551517181184338,0.22195630040253786,0.16449145817887834,0.07352073605310366,0.11252286577872601
174,0.003187351975629029,0.17307465483915496,0.2150843500899281,0.03854747638575479,0.21118589367508447,0.15113132518069583,0.07520728708976912,0.13258166076298364
175,0.00561545380358375,0.20353074005408597,0.18413281165235504,8.542459117808884e-05,0.23848331248167798,0.12780395725146035,0.084954615111407,0.1553936850532517
176,0.006884708231625298,0.2276249888192522,0.1608717603362957,3.759502796825249e-19,0.23774687286398602,0.14350017869749268,0.08727170316703993,0.13609978788330807
177,0.05897463088409408,0.2341851203847398,0.17245741785609858,0.0,0.24646331146515105,0.1355054896794251,0.055466993569933114,0.09694703615955813
178,0.06089316777480984,0.23189010809231161,0.17320875092562898,0.0,0.24677014820447737,0.13665611247986417,0.055602239413461756,0.09497947310844619
179,0.06630196776667635,0.24653840628935017,0.18002458414970698,3.193600084765216e-17,0.24553901437939468,0.13950022180725474,0.04313628780777928,0.07895951779883759
180,0.07148582784046775,0.2265474191033285,0.1690879961116387,0.0,0.22130682763740545,0.15172845038344648,0.0833092363951026,0.07653424252761042
181,0.06414094667137948,0.23071148492417917,0.17189452751261436,0.0,0.21199398857501112,0.16587467610697168,0.0873517953995416,0.06803258080930245
182,0.07011618668134845,0.23140315830418845,0.16393882370458332,0.0,0.18362615142472763,0.16695236646645442,0.11541269742648343,0.06855061599121412
183,0.06391804560894433,0.21922056612275434,0.16887694700538367,0.0,0.18899027236151422,0.1644141953731555,0.12474766401351077,0.06983230951373724
184,0.05068913980998163,0.2170107772676259,0.15001102449764261,0.0016929547313059706,0.19751506375226946,0.18332326050446782,0.12489067713533197,0.07486710230037459
185,0.05429853639619041,0.19534519092481212,0.13479517278263725,0.0,0.19953127293146303,0.18940714731228916,0.13566361654083856,0.09095906311076944
186,0.05303416647784874,0.20933618731823309,0.10565932523409925,1.1990810159556695e-19,0.21369818416016303,0.1956780894221561,0.13994011441801132,0.08265393296848826
187,0.0503630469845322,0.22081989269194635,0.10473286334412074,0.0,0.22006456967990612,0.19191073984508927,0.14175397473695764,0.07035491271644764
188,0.043984911071406334,0.2243032138836572,0.08566227403639533,0.0,0.24171582175370349,0.17745462570208737,0.14493543569889963,0.08194371785285069
189,0.05813911973745317,0.22534633263531414,0.10222091477369284,0.0,0.22416584453921837,0.17875356669907547,0.14544699651354245,0.06592722510070352
190,0.06871088576003792,0.2216877132919275,0.08629255631113629,7.535628615240347e-18,0.2346690792646269,0.17545821725896663,0.14727822170532026,0.06590332640698439
191,0.055085596184265805,0.22057969273955663,0.10863841377163606,0.0,0.20405851554879287,0.18565624728024724,0.15455505043705553,0.07142648403744578
192,0.06149209217679216,0.22613367483471697,0.10619293788268921,0.0,0.19893631483700766,0.17923686748331571,0.15691489228699224,0.07109322049748602
193,0.05935626125690403,0.22033876418564538,0.09224014857630364,7.2272755352155875e-19,0.20433173413935135,0.18293523644216458,0.1501695302479952,0.09062832515063568
194,0.04245499020802399,0.19493296285978998,0.09791253477490401,0.0,0.20664211375580877,0.19792579317407857,0.15524585558497173,0.10488574964142292
195,0.014759413592165007,0.14057109247800387,0.10655256083688207,0.0,0.2552414352174187,0.17849068245545602,0.179661176526401,0.12472363889267335
196,0.004581616642792419,0.1560318139059909,0.08609024437887995,0.0,0.26705657910871583,0.18045276512091904,0.18081387325706086,0.12497310758464106
197,0.01581961341029027,0.18012006346495693,0.11187603781719628,1.3771220475124255e-17,0.2568697974052913,0.17729070817859247,0.1668466495093796,0.0911771302132931
198,0.025467933861713424,0.14703562447220553,0.09287390730203772,0.016441335162734643,0.2475531708984835,0.16856583811887332,0.19159013088506643,0.11047205929788545
199,0.015901613946785992,0.15680381805025345,0.084320619555903,0.02887348099595002,0.24416647189194293,0.16587129993019462,0.1957077360323719,0.10835495959559811
200,0.022219575094691066,0.13929016113535223,0.08894399196824293,0.03456772490573017,0.2273987660078897,0.1773040038993484,0.19963633287337582,0.11063944411436956
201,0.02568636494717819,0.13808158769288947,0.08504112166246197,0.032605269711357646,0.22434388815979248,0.17832157674991775,0.20397150809518225,0.11194868298022016
202,0.024816438259879975,0.149190317358456,0.08458402726506596,0.06869764559830555,0.24415649114600582,0.13890147314350257,0.21784537690281652,0.07180823032496758
203,0.02549337650449386,0.16598132212712924,0.08541971078948367,0.057394953361581555,0.23611850040247342,0.13465128857881234,0.21600348983664316,0.07893735839838265
204,0.027801326976570357,0.16176308168290596,0.09220549121433992,0.05295503954946425,0.23097107799542552,0.14225074561771386,0.21366439896154427,0.07838883800103578
205,0.04194041006124217,0.13243009011699036,0.11653122824724828,0.020200832500863537,0.23580154172050635,0.15054888618439768,0.21526967824469806,0.08727733292305344
206,0.050741452743988134,0.12878257493211495,0.10569070134704456,0.000255777871085103,0.20415779539563186,0.14598857375916577,0.2561494048852884,0.10823371906468118
207,0.026369514783182658,0.1177247562100213,0.1105953283091723,5.388982429104081e-18,0.23957511493670502,0.1396454669794527,0.26049178810553203,0.10559803067493406
208,0.03353547709497432,0.11528206065473742,0.10063850155306117,1.086055057056537e-18,0.2133250719922356,0.14974132042924373,0.2630601427203631,0.12441742555438463
209,0.03686905337508897,0.11147648411469124,0.09550805855013993,1.1122601388621907e-18,0.21890357364645693,0.14383264552841565,0.2642807742592008,0.1291294105250064
210,0.0337845900856924,0.1076876830934376,0.10266633865295165,0.0,0.24136512956069509,0.1488030314590118,0.24096114117374123,0.12473208597347019
211,0.043219281333255,0.09944205191131607,0.10849196457388342,0.0,0.22946847088414205,0.1467922259873381,0.24958925250243968,0.12299675280662571
212,0.05411944149160676,0.12038668580121652,0.09767032389366496,4.1751775982449807e-19,0.22354553733614824,0.13757244334952892,0.24561326616612553,0.121092301960709
213,0.052712213933734764,0.12338177281175187,0.08414837959257147,1.54104409862965e-17,0.23071372696590667,0.1337386711432591,0.23835074958752217,0.13695448596425383
214,0.07208501508133047,0.12502778758448058,0.10319007507051253,6.616386109233537e-19,0.2018867063497172,0.12823865528062586,0.2539138267725034,0.11565793385982992
215,0.06317178069755211,0.13244442714540453,0.0829175895853112,0.0005032414773656078,0.21908133410877692,0.13956424854225521,0.24957890240656264,0.11273847603577179
216,0.08426555678095267,0.1238498082091874,0.11237713409965727,0.017670995946560367,0.19649735920268482,0.13207605226128874,0.24218749038901247,0.09107560310965619
217,0.08383341082484116,0.12542971205437536,0.11265059022217438,0.020455765120488065,0.19481781714695817,0.1345481262704835,0.24070720070762164,0.08755737765205768
218,0.09542025252085154,0.10531351988611135,0.10297437987629887,0.010071885418273068,0.20384999097110462,0.12756931499046484,0.27137651672154683,0.08342413961434889
219,0.09892915974199512,0.10605318418474606,0.10241255544128415,0.007877730142428095,0.2021021824939789,0.1291794004651156,0.27049381136603745,0.08295197616341457
220,0.08933599158424753,0.09022733161574673,0.09425483209625161,0.0,0.2203866679076044,0.12959512657623978,0.28733920982461486,0.08886084039429497
221,0.14320591231112054,0.050934210263960215,0.07655611666297621,0.023829935079349534,0.222364490352638,0.11312712243339339,0.2703845904947575,0.09959762240080455
222,0.15682116344422833,0.051862228439991144,0.07968276600952164,0.017378277305215947,0.19870940238777768,0.11521451126184991,0.2779343020287357,0.10239734912167965
223,0.16511202995580562,0.050806974091489154,0.06883399400815099,0.01668611099542223,0.1990962629058553,0.11393665562432057,0.2750679209325648,0.11046005148539124
224,0.13129414720821886,0.05872659095897604,0.07516067829851168,0.036594467792911624,0.23234894965455752,0.12438672073878346,0.2623303290792775,0.07915811626776333
225,0.1259748850771635,0.05913797939506085,0.07095355820212082,0.04548563536288536,0.2328508306247448,0.13891468459104442,0.2503926655843984,0.07628976116158191
226,0.12363765943052066,0.062383419516023685,0.07323617971123936,0.042672109043558254,0.2336329259877384,0.1435490323401721,0.24570124765897372,0.07518742631077382
227,0.08044852203409407,0.06446953225123327,0.08089351921648395,0.07896933893344524,0.24294384241598727,0.14540840807418234,0.2489479550445545,0.05791888202901948
228,0.07774307131238879,0.060335915526447736,0.08395950171597714,0.09913022914060651,0.2544337405473801,0.14787076855642522,0.2285899574916594,0.04793681570811494
229,0.08851301058540845,0.07390899963202062,0.062248857185009804,0.12542226828819414,0.2583829812206101,0.1513024365968818,0.22349511597968566,0.016726330511189373
230,0.08078940656535873,0.09097085289808483,0.0659877576873559,0.10591924319936696,0.2729822260741961,0.15149477875476583,0.23185573481987157,8.387032384850526e-20
231,0.08400673165617668,0.0827589143211663,0.03778045825718657,0.11871612006560947,0.26574495269769677,0.16708368626627693,0.24390913673488712,0.0
232,0.0839115374404146,0.08238197995705962,0.03828154796343901,0.11685144852497795,0.2672977766501703,0.16890728254538398,0.24236842691755445,0.0
233,0.08855681316975401,0.08219463465957492,0.038898433629514395,0.11396438323374539,0.2655968096804726,0.16642490269103988,0.24436402293489878,1.9260735127155476e-18
234,0.11070024266987767,0.0989190237110514,0.07839990423467975,0.06800292005320566,0.2658784553274914,0.13337943496411317,0.24472001903858093,0.0
235,0.13014978402354155,0.09874003773253771,0.06773566899403513,0.056279714214183034,0.27313920293651156,0.12107416644109413,0.25288142565709676,2.739622188772888e-18
236,0.12186893258649129,0.10006820758198694,0.07855937427678403,0.06340202379388159,0.2693577820646665,0.1188923353537984,0.24785134434139122,0.0
237,0.06261965372992596,0.0907101112857778,0.085103517977508,0.0805073830772367,0.2949921987336362,0.12207615739548301,0.26314086326566005,0.0008501145337721701
238,0.06517104458027609,0.09144341460826835,0.07843041833772085,0.07546775787794936,0.2979661812620704,0.127132574178344,0.2633795999022095,0.0010090092521613944
239,0.05042244893141591,0.09733837789769728,0.09886179889786091,0.08346003763181335,0.2788253008755759,0.14812253998881664,0.24296949577581992,1.05444798954255e-17
240,0.044294994203205505,0.09409416419805652,0.10851581488051855,0.08902852680643702,0.2727122156923739,0.14481380953200435,0.24654047468640408,0.0
241,0.07360785537681377,0.08756303979885863,0.0952918689584907,0.07965341229412326,0.29209208676915277,0.13229562889296184,0.23949610790859902,1.6973323261534108e-17
242,0.07910696817969448,0.08734556902149636,0.09535816845353498,0.07894313260228474,0.28795650397754946,0.13570111203423832,0.2355885457302016,5.9705877007950905e-18
243,0.0721511416206481,0.08710852414611521,0.11468323800243947,0.07131108734143067,0.25296039182355845,0.14244815465144475,0.25933746241336325,2.002549999940694e-17
244,0.08709613323566151,0.12171852322528977,0.11160812323729381,0.07532483568924773,0.24142418471537622,0.09941880196853266,0.2634093979275982,4.525908795412014e-18
245,0.08443043828845266,0.09519703853069374,0.12266598513557607,0.03603343372126457,0.25278047718653773,0.11161572846656395,0.29727689866991125,1.3602237402147189e-17
246,0.11729748326957215,0.08097312655292627,0.1308443341778504,0.0605362351969369,0.23935020330592507,0.10007396870407247,0.27092464879171674,0.0
247,0.1351752835480192,0.0778499607278888,0.11057446733950614,0.06787174409520651,0.23234106189566034,0.09869739304219918,0.2774900893505198,0.0
248,0.12494802432446972,0.10678792730910595,0.1124942952647515,0.010054335900966065,0.2542255311051182,0.10262998930283249,0.2888598967917561,1.7004186416113073e-18
249,0.14384435396132378,0.09346491816526847,0.11974510536394203,0.03570932285725924,0.283116133625535,0.05807112123207836,0.2660490447935931,0.0
250,0.12611004211483,0.135949173055831,0.10027559274363831,0.004852420771694665,0.25371467022522654,0.05017345637273863,0.3031183565062687,0.025806288208772028
251,0.12496027980109486,0.1405182017349544,0.11142365411394071,0.0133903593203228,0.2260237782179775,0.059441917283566646,0.298029524883188,0.02621228464395502
252,0.11296217972319217,0.13400337665140696,0.112602085917323,0.019132601046549905,0.19258236369285572,0.09924546644796994,0.2755001190438836,0.053971807475818645
253,0.12116682260585275,0.11880644603738598,0.11779788276930873,0.023342256883966704,0.21084435168190602,0.07764970215217996,0.29956951284918615,0.03082302501921368
254,0.10359184561228929,0.13520866902621664,0.11706602709608267,0.035604255172631105,0.18732291446769644,0.059419191521537615,0.3302880202193549,0.031499076883191264
255,0.09657125785491852,0.15602334867329284,0.12463125677476594,0.07133775454517892,0.15195491260707905,0.05421580472901412,0.31577281183698847,0.029492852977761993
256,0.11876322311464078,0.13350577175593814,0.10987743671396259,0.09940613020284003,0.14843801077788363,0.06677430527827417,0.3036080413243479,0.01962708083111264
257,0.11834485018735212,0.1461609048839926,0.1131412439891772,0.10753077839311362,0.1425943180061666,0.06807685361757033,0.2960209602871148,0.008130090634512777
258,0.12596271491096722,0.1430953636258186,0.10774350900772273,0.09621501369815551,0.13587551805896683,0.07919389979594274,0.30300709713761936,0.008906883763806916
259,0.11748183298754872,0.14318893267943011,0.10798919711470896,0.09885131015905803,0.13494081194846294,0.08322864982924706,0.30488637955935555,0.009432885721188566
260,0.10467108552788007,0.14822651928171895,0.09392162043884476,0.13685275854184456,0.08768642895748976,0.09088655708504935,0.31931013822090176,0.01844489194527058
261,0.10440044637760938,0.15625734877172237,0.08415820828469552,0.12485578788123602,0.10523458340553686,0.08995728070050797,0.3048415285713233,0.030294816006368533
262,0.10242660197341953,0.14127013204750608,0.08053009036607836,0.1463164623406429,0.09320518200559444,0.11545417445729678,0.2876726614243968,0.033124695384065025
263,0.09902265978193865,0.13921620094331283,0.07626978804606004,0.1609083365009716,0.08199089635601486,0.11744791938549125,0.29018760397906024,0.03495659500615052
264,0.10072171971840158,0.12511397316772818,0.08326605554475285,0.174203860434327,0.061841989191840335,0.1180360117030235,0.2859621611565848,0.05085422908234173
265,0.09516513599601158,0.12147939940988318,0.09386790128833553,0.18440449497602676,0.04931941435763091,0.11030720661972608,0.3024182724929509,0.043038174858435016
266,0.08608379931307995,0.12127732658161267,0.08671000115876334,0.17307238848838574,0.0595096018697479,0.12814783649582176,0.2792078564051193,0.0659911896864694
267,0.08057776651041974,0.12684911578116184,0.08443834038932488,0.18082382488176457,0.05767861592990788,0.13570734337449752,0.268919273925432,0.06500571920649147
268,0.07723504338410903,0.12399087125953273,0.08751125089363372,0.1779707853723342,0.05609796968960097,0.1418100853869278,0.2660141795772793,0.0693698144355821
269,0.0764995076969485,0.12270450524373529,0.08904217860202736,0.18071570564683379,0.05475095814006975,0.14300341905163771,0.25946425186196703,0.07381947375578049
270,0.09116717631344927,0.12435672728429567,0.0938951833007559,0.19069409331347562,0.07231938895712378,0.12411410246573497,0.2537908068315069,0.04966252153265782
271,0.07633811911308008,0.14286239689070662,0.09876209483318113,0.1941267050271138,0.06496169563050873,0.1101707947267249,0.25261855298313185,0.06015964079455286
272,0.07021570934508031,0.13296907519550083,0.09507946276335652,0.1989602301215024,0.08341060368023143,0.12109696325090542,0.23263504610476862,0.06563290953765444
273,0.07056651624916052,0.1362710703501042,0.11098808659958942,0.20505482556931287,0.07362036355975726,0.10141724695607172,0.2439180121200912,0.058163878594912746
274,0.07370953069441058,0.1383317069316476,0.10591947893057825,0.20492439355204423,0.07049696522165622,0.0971296450868764,0.2542906935956906,0.05519758598609603
275,0.07508013625406147,0.13434066568639108,0.11256680560650417,0.22342147024988376,0.058012457557584295,0.07476109246491602,0.2648577285941405,0.05695964358551866
276,0.07126562834816039,0.13601422046888778,0.11121923679240889,0.23377741951271902,0.04666592208185961,0.06592815070876112,0.2795862457838722,0.05554317630233096
277,0.08324372496573705,0.15179697400880035,0.11857404651522316,0.2077666210389524,0.053911860406609745,0.062307533128226615,0.24575579585695337,0.07664344407849727
278,0.07623584713370143,0.17209954995694396,0.13197938052389108,0.19728598217709375,0.03638459384248359,0.030776198534567426,0.27472881979388775,0.08050962803643091
279,0.08733805403945785,0.13453051899784846,0.13821537864071468,0.17843187375270111,0.042059817468930914,0.04439299179509142,0.27294196825529793,0.10208939704895761
280,0.08005737451119636,0.1390748157402341,0.12802108806048978,0.17124669094189318,0.052455938605398066,0.06406765875417589,0.25134140079455525,0.11373503259105745
281,0.07249007530924077,0.13633738226727316,0.1671725728353001,0.17639224983570484,0.036457273730901935,0.05845986088765271,0.22632579603587522,0.12636478909705104
282,0.07620177264202652,0.12911333020567187,0.17239853721049764,0.1788166350454265,0.03140499452505204,0.06355646926447046,0.21869387610021487,0.12981438500564002
283,0.09742798746143967,0.11907801134569573,0.16476313954946276,0.17110356602241775,0.04123955035476029,0.06895606847098268,0.21451214330233914,0.12291953349190197
284,0.08412609886734972,0.10767783419696526,0.12951777534590733,0.19132650291734996,0.06435199220350507,0.08943478292806857,0.20245988636823314,0.1311051271716209
285,0.07173060750324756,0.09343225060551988,0.13980285990238897,0.1951761720178447,0.08415199754723228,0.11705396345541745,0.17979915042522668,0.11885299854212239
286,0.07667169542765231,0.0894856468331438,0.14793680186045086,0.1964305965183564,0.09499327085150257,0.10415631658599253,0.1863579254215882,0.10396774650031329
287,0.10028782450999735,0.09927394434067194,0.17023231743012696,0.18670873120736955,0.07732984749455638,0.09266051322444986,0.1978403285327972,0.07566649325903073
288,0.10164832413769692,0.10114142778115173,0.17153219698192,0.1839604784753972,0.08084441546573713,0.09048809712178009,0.19509571454042995,0.07528934549488693
289,0.11698217728171567,0.08408290866865188,0.15307370831578815,0.18231340873309848,0.09343244711975943,0.08282775286975726,0.19886425225000726,0.08842334476022191
290,0.11610602523498834,0.08431358346710766,0.13997299575684677,0.17917034456525627,0.09361905138538264,0.09364983022816455,0.19363478145110677,0.09953338791014718
291,0.12176416927728138,0.08760111710379478,0.13093058334282495,0.17880357982490175,0.09967750946693116,0.0983701732124992,0.18814606907292922,0.09470679869783755
292,0.12033400431316521,0.08705127886346731,0.12967083057394277,0.17899642973404045,0.10150425794804752,0.09715864847261267,0.1894483244269852,0.09583622566673881
293,0.11996734875986355,0.08351858066628771,0.1458447585892897,0.1681909727530934,0.12610249087410214,0.09799818394205667,0.15836966325014207,0.10000800116416471
294,0.09910700749499898,0.10216252295108456,0.10587138004905267,0.1840789627699953,0.13265322393331838,0.060031603193600076,0.18666038016571643,0.12943491944123353
295,0.07579566601713777,0.16846184760024852,0.09459549986005382,0.21248654995528304,0.1194638354613243,0.0420998344138488,0.1676414896404625,0.11945527705064118
296,0.06302580365830458,0.1534002049408669,0.09742050404978744,0.2010788197175914,0.12563523165892584,0.0621666245705255,0.16966993259399843,0.12760287880899987
297,0.06482202702665364,0.15358610162554476,0.09590532265420032,0.19969335496749155,0.12417773059959603,0.06109828559736179,0.1683737161494569,0.1323434613786949
298,0.07240211301412097,0.11841823387522274,0.11296579787334818,0.23576748488794155,0.10534379133499495,0.07448232674968223,0.14094415635790333,0.13967609590578603
299,0.07567662004601709,0.11215427391733,0.10934544925465042,0.21845235476823416,0.10055142112786274,0.10175458113635853,0.14333757852646842,0.13872772122207858
