oos_period,model_1,model_2,model_3,model_4,model_5,model_6,model_7,model_8
150,0.10384162748835188,0.18659251808849558,0.17109765557207,0.04000083995234041,0.14719805005743283,0.08627234192873905,0.022909629747530937,0.24208733716403935
151,0.10900644864733083,0.19130655863926913,0.1667173887058969,0.04177828386641815,0.1429367467913313,0.08971763904215552,0.020166251160126047,0.23837068314647208
152,0.07500423216786131,0.18653575762824723,0.16330284635903003,0.03964394440083843,0.14758056377408466,0.1119267984770887,0.035354877737727726,0.24065097945412178
153,0.0783750677223731,0.16730351686804742,0.17553606093512542,0.03923130142752322,0.14929752639824537,0.12036872809375342,0.03215409285144079,0.23773370570249133
154,0.0803746792193645,0.16269137658675092,0.1392244940959142,0.047224949071978405,0.16285765039519784,0.1315106893194835,0.03585388028292374,0.24026228102738673
155,0.06721968512075904,0.1840687674301979,0.12147846042435707,0.06886682069733832,0.15702087898458975,0.13731717055380868,0.036110532849425406,0.22791768393852377
156,0.04808062265882212,0.2111343588541812,0.13841014453375317,0.07356961483485205,0.16917667048711044,0.12923912367172166,0.013217749389841243,0.21717171556871803
157,0.06408337664854155,0.23557616475346363,0.12310166739825702,0.08193991790383032,0.16625784042109445,0.1212020872180449,0.005772949712114591,0.20206599594365346
158,0.05454231999609166,0.22294117826995793,0.14487871430581076,0.08430207882897739,0.16847368260572573,0.11933148744540881,0.0033515282867525387,0.2021790102602752
159,0.06067423851551576,0.23501877279425115,0.10556576983520306,0.0658915103235631,0.17567441096560557,0.11531868899388165,0.011990310966492808,0.2298662976044869
160,0.05672620201693923,0.23116035582403932,0.11786271477655287,0.0625287725464798,0.16480042317096993,0.10674930656178809,0.028495848220651418,0.23167637688157927
161,0.05320559158847408,0.21712271964663504,0.11926737198183747,0.058575293889740164,0.16504545552762984,0.12128468655549636,0.039798504980664604,0.22570037582852245
162,0.04768473524059997,0.20729986170728715,0.12626404579765194,0.05348439466822253,0.1518146951621455,0.1232925411443775,0.050921349968680835,0.23923837631003453
163,0.05260603101425502,0.20212095880616657,0.14966026705036609,0.035950395773511196,0.1472136517834763,0.13891058587008295,0.060938072773794726,0.21260003692734708
164,0.048610564094690834,0.16815925832977865,0.1355320096911666,0.016841707409132278,0.19436771700289815,0.15429305426656767,0.07035248546445051,0.21184320374031526
165,0.028932683295612983,0.15064909135291576,0.17553978872093912,0.031121748602520913,0.22474721243466048,0.16296390805546646,0.06448089039485085,0.16156467714203332
166,0.02977534364632041,0.16316646800641013,0.16998302289914882,0.030690786428649194,0.21900116075706444,0.14996012012778048,0.09373538281724152,0.1436877153163851
167,0.023515930375491642,0.16075153152997695,0.16471951018831957,0.030947250801557746,0.22805761113286632,0.14736945978688015,0.09157447531821336,0.1530642308656941
168,0.009053548542339881,0.1741396395830905,0.16820876536160628,0.044625430673067325,0.22254938569942948,0.1428580569403291,0.09051948018145954,0.14804569301767767
169,0.0,0.1699693513409414,0.18002068017243214,0.07700488745170389,0.23065791435894423,0.16195358950949365,0.07016732173994389,0.11022625542554072
170,0.0,0.17053602858612518,0.1749635657275273,0.06607290874647734,0.23532002220886503,0.15685063156927903,0.08250793596574497,0.11374890719498112
171,3.875432837385379e-18,0.18085882473954254,0.18504755550560914,0.045156793206100804,0.22776976863444698,0.15869160609387714,0.07607947233116363,0.12639597948825973
172,6.497780060244968e-19,0.1740668359895187,0.19877914532029858,0.046107280408486134,0.22551937753142975,0.17093524055424347,0.07592961596230735,0.10866250423271598
173,0.0,0.1825098867612335,0.19604810337920153,0.04553921044351544,0.221510558908503,0.1654721579069476,0.07474119058019493,0.11417889201940402
174,0.0006131782612529016,0.17667435532018358,0.22547978288664908,0.039103152151423244,0.2080978276291687,0.14846688505582953,0.07244048831494265,0.12912433037955037
175,0.0057145997038941096,0.20660389849460145,0.18286585347549067,6.51700010309144e-05,0.23781552234351996,0.12724508609271643,0.08459513161749965,0.15509473827024678
176,0.006756701761292396,0.22822539451010607,0.1610839154961831,0.0,0.23755054681915952,0.14336026908035374,0.08705231281273687,0.13597085951916837
177,0.060315427230679106,0.23275025297505608,0.1698638488696617,2.825195346630393e-17,0.24658937304198064,0.13754174923174958,0.05636641295541386,0.09657293569445906
178,0.06136778199736526,0.23448588451420915,0.16934687074590968,1.5491094404742787e-17,0.2454532679520481,0.13786344911278714,0.05631650738225354,0.09516623829442702
179,0.06660785219578479,0.2455746135579405,0.17286146864618185,0.0,0.24400310055294958,0.14243248195273298,0.04566092006228992,0.08285956303112046
180,0.07207663677461724,0.22381621705621624,0.16737633558999973,1.1227951111436557e-18,0.2206511415130553,0.1531334141116292,0.0843872862657092,0.07855896868777304
181,0.06366831358257298,0.22894896100310386,0.177315430941408,5.585388193748474e-18,0.21102928190348894,0.16576649948836836,0.08615830841701164,0.06711320466304618
182,0.07060400967944967,0.22853774755609554,0.16321415793134122,0.0,0.1818269909750282,0.16966806217006933,0.11663330835810493,0.06951572332891105
183,0.06270354305310723,0.22013152474505523,0.16990120323208543,2.900929025665468e-18,0.18935245455161792,0.1643336980866949,0.12476063376263584,0.06881694256780344
184,0.053307789444861045,0.22101496239405807,0.1417753651329753,0.0033148097382015625,0.1952318578045576,0.18644123550874486,0.12507884093756316,0.07383513903803837
185,0.04808303039677536,0.1915113094125593,0.13985232505703923,0.00035027897671966997,0.20513363839952967,0.18577683017489877,0.1352467212323274,0.09404586634915056
186,0.05303416647784874,0.20933618731823309,0.10565932523409925,1.1990810159556695e-19,0.21369818416016303,0.1956780894221561,0.13994011441801132,0.08265393296848826
187,0.0503630469845322,0.22081989269194635,0.10473286334412074,0.0,0.22006456967990612,0.19191073984508927,0.14175397473695764,0.07035491271644764
188,0.03799253932312482,0.22299073426174668,0.09566124072136643,6.6073731492791675e-18,0.25746060775316404,0.1809456259669465,0.13118222996895595,0.07376702200369553
189,0.050341000059189046,0.22616994828309833,0.1001330843964983,0.0,0.2461750867629759,0.1777821837191045,0.13591873265101784,0.06347996412711611
190,0.05923715952743497,0.22118819688412034,0.09854356748654224,0.0,0.23988465828711425,0.18010978236164601,0.13836506683839447,0.06267156861374759
191,0.055085596184265805,0.22057969273955663,0.10863841377163606,0.0,0.20405851554879287,0.18565624728024724,0.15455505043705553,0.07142648403744578
192,0.06149209217679216,0.22613367483471697,0.10619293788268921,0.0,0.19893631483700766,0.17923686748331571,0.15691489228699224,0.07109322049748602
193,0.05935626125690403,0.22033876418564538,0.09224014857630364,7.2272755352155875e-19,0.20433173413935135,0.18293523644216458,0.1501695302479952,0.09062832515063568
194,0.0377563711782643,0.20020718802221543,0.09660230517241312,7.413602931276646e-18,0.21273690803604417,0.197886193728671,0.1531128033783853,0.10169823048300665
195,0.014759413592165007,0.14057109247800387,0.10655256083688207,0.0,0.2552414352174187,0.17849068245545602,0.179661176526401,0.12472363889267335
196,0.007999766306158196,0.15892716892880587,0.09028452974653173,1.3791597386323067e-17,0.2630221567124432,0.17883265241753282,0.17912721564836886,0.12180651023915919
197,0.009628910648407223,0.1770539058470124,0.10770942651513503,1.057136822841712e-17,0.26658470932481687,0.1786103271646147,0.16672057055952486,0.09369214993948875
198,0.019153339065242216,0.14701857764316398,0.08998210351782197,0.01851580475096367,0.25897471125090704,0.16773537438151634,0.19111664264743994,0.10750344674194473
199,0.015901613946785992,0.15680381805025345,0.084320619555903,0.02887348099595002,0.24416647189194293,0.16587129993019462,0.1957077360323719,0.10835495959559811
200,0.022219575094691066,0.13929016113535223,0.08894399196824293,0.03456772490573017,0.2273987660078897,0.1773040038993484,0.19963633287337582,0.11063944411436956
201,0.02568636494717819,0.13808158769288947,0.08504112166246197,0.032605269711357646,0.22434388815979248,0.17832157674991775,0.20397150809518225,0.11194868298022016
202,0.024816438259879975,0.149190317358456,0.08458402726506596,0.06869764559830555,0.24415649114600582,0.13890147314350257,0.21784537690281652,0.07180823032496758
203,0.01674842245055931,0.1635155440715318,0.08219699010236377,0.05718321602213945,0.2521257033410322,0.13385355259354031,0.21705590827670745,0.07732066314112572
204,0.010853762629194368,0.15820723847118595,0.08451070896876921,0.05048300434253211,0.2743821642458599,0.1408264273772967,0.20687494536273562,0.07386174860142612
205,0.04091077876892713,0.1329395759375317,0.1147516012343094,0.02013240751165349,0.23465429091058634,0.15023163256743788,0.2179608395320651,0.08841887353648897
206,0.043885350049343984,0.12824035586673513,0.10281437642740127,1.010086789599743e-19,0.2167353462055779,0.14580085056747868,0.2554171858734823,0.10710653500898067
207,0.028329896480290856,0.11596146384714279,0.10864628007538073,8.508031528488553e-19,0.22818795257576366,0.14469014058731958,0.26255666541874395,0.11162760101435844
208,0.03353547709497432,0.11528206065473742,0.10063850155306117,1.086055057056537e-18,0.2133250719922356,0.14974132042924373,0.2630601427203631,0.12441742555438463
209,0.027836738703285402,0.10942478811629315,0.09291501723523875,0.0,0.23673927686775803,0.14215626380165144,0.2642631753676383,0.12666473990713498
210,0.031083848965226157,0.10724258480198325,0.10050184422007608,3.168025292206124e-05,0.25177941458280534,0.14803216213938808,0.23831611644395403,0.1230123485926451
211,0.043219281333255,0.09944205191131607,0.10849196457388342,0.0,0.22946847088414205,0.1467922259873381,0.24958925250243968,0.12299675280662571
212,0.05411944149160676,0.12038668580121652,0.09767032389366496,4.1751775982449807e-19,0.22354553733614824,0.13757244334952892,0.24561326616612553,0.121092301960709
213,0.052712213933734764,0.12338177281175187,0.08414837959257147,1.54104409862965e-17,0.23071372696590667,0.1337386711432591,0.23835074958752217,0.13695448596425383
214,0.07208501508133047,0.12502778758448058,0.10319007507051253,6.616386109233537e-19,0.2018867063497172,0.12823865528062586,0.2539138267725034,0.11565793385982992
215,0.06317178069755211,0.13244442714540453,0.0829175895853112,0.0005032414773656078,0.21908133410877692,0.13956424854225521,0.24957890240656264,0.11273847603577179
216,0.08426555678095267,0.1238498082091874,0.11237713409965727,0.017670995946560367,0.19649735920268482,0.13207605226128874,0.24218749038901247,0.09107560310965619
217,0.08383341082484116,0.12542971205437536,0.11265059022217438,0.020455765120488065,0.19481781714695817,0.1345481262704835,0.24070720070762164,0.08755737765205768
218,0.09542025252085154,0.10531351988611135,0.10297437987629887,0.010071885418273068,0.20384999097110462,0.12756931499046484,0.27137651672154683,0.08342413961434889
219,0.09892915974199512,0.10605318418474606,0.10241255544128415,0.007877730142428095,0.2021021824939789,0.1291794004651156,0.27049381136603745,0.08295197616341457
220,0.08928684325773659,0.09172819837830042,0.0934629726807115,6.6010998115135715e-19,0.22029735070820558,0.12791356143942298,0.28644556163603346,0.09086551189858935
221,0.14320591231112054,0.050934210263960215,0.07655611666297621,0.023829935079349534,0.222364490352638,0.11312712243339339,0.2703845904947575,0.09959762240080455
222,0.15682116344422833,0.051862228439991144,0.07968276600952164,0.017378277305215947,0.19870940238777768,0.11521451126184991,0.2779343020287357,0.10239734912167965
223,0.164632286070993,0.05112004699309328,0.06760081283206253,0.016976947145186366,0.1998047034212908,0.11390997280014055,0.2749888548728661,0.11096637586336736
224,0.12860633671625035,0.05427351038265759,0.0701990196813217,0.030971658526857074,0.22776827527714902,0.12198881482144505,0.2845244583939033,0.08166792619941593
225,0.1259748850771635,0.05913797939506085,0.07095355820212082,0.04548563536288536,0.2328508306247448,0.13891468459104442,0.2503926655843984,0.07628976116158191
226,0.12363765943052066,0.062383419516023685,0.07323617971123936,0.042672109043558254,0.2336329259877384,0.1435490323401721,0.24570124765897372,0.07518742631077382
227,0.08044852203409407,0.06446953225123327,0.08089351921648395,0.07896933893344524,0.24294384241598727,0.14540840807418234,0.2489479550445545,0.05791888202901948
228,0.06820296076494677,0.06049317698001011,0.08873107708494955,0.11574684875098394,0.258985356343878,0.15021870373548596,0.21749367088616217,0.04012820545258347
229,0.08616946515866544,0.07469279637884382,0.0660020181195796,0.12684669939653104,0.25910102525835926,0.1493909721671267,0.22228211361435601,0.015514909905538098
230,0.08078940656535873,0.09097085289808483,0.0659877576873559,0.10591924319936696,0.2729822260741961,0.15149477875476583,0.23185573481987157,8.387032384850526e-20
231,0.08400673165617668,0.0827589143211663,0.03778045825718657,0.11871612006560947,0.26574495269769677,0.16708368626627693,0.24390913673488712,0.0
232,0.0839115374404146,0.08238197995705962,0.03828154796343901,0.11685144852497795,0.2672977766501703,0.16890728254538398,0.24236842691755445,0.0
233,0.08855681316975401,0.08219463465957492,0.038898433629514395,0.11396438323374539,0.2655968096804726,0.16642490269103988,0.24436402293489878,1.9260735127155476e-18
234,0.11070024266987767,0.0989190237110514,0.07839990423467975,0.06800292005320566,0.2658784553274914,0.13337943496411317,0.24472001903858093,0.0
235,0.13014978402354155,0.09874003773253771,0.06773566899403513,0.056279714214183034,0.27313920293651156,0.12107416644109413,0.25288142565709676,2.739622188772888e-18
236,0.12186893258649129,0.10006820758198694,0.07855937427678403,0.06340202379388159,0.2693577820646665,0.1188923353537984,0.24785134434139122,0.0
237,0.062151111809745446,0.08930848153201264,0.08382003579082002,0.07785150980638174,0.3038779529682927,0.1194154122971518,0.2635754957945955,0.0
238,0.06546966774856425,0.09074851361896372,0.07996306049098988,0.07364091635132877,0.30009514671082876,0.12460635663377971,0.26336434927642727,0.002111989168117499
239,0.05090115740280363,0.09713313206728348,0.09939128813147248,0.08331691754438152,0.2784490051900751,0.14773918439885403,0.2430693152641297,1.1490743083321939e-17
240,0.044294994203205505,0.09409416419805652,0.10851581488051855,0.08902852680643702,0.2727122156923739,0.14481380953200435,0.24654047468640408,0.0
241,0.07360785537681377,0.08756303979885863,0.0952918689584907,0.07965341229412326,0.29209208676915277,0.13229562889296184,0.23949610790859902,1.6973323261534108e-17
242,0.07856713735345575,0.08748733216685602,0.09440456036833735,0.07812267394625697,0.29103620243725664,0.13534976965506937,0.23503232407176788,2.9548267908903885e-17
243,0.0721511416206481,0.08710852414611521,0.11468323800243947,0.07131108734143067,0.25296039182355845,0.14244815465144475,0.25933746241336325,2.002549999940694e-17
244,0.08709613323566151,0.12171852322528977,0.11160812323729381,0.07532483568924773,0.24142418471537622,0.09941880196853266,0.2634093979275982,4.525908795412014e-18
245,0.08454792812857546,0.09507366183558107,0.12290526683981823,0.035753748598450756,0.25258891346731893,0.11198435762261005,0.29714612350664543,0.0
246,0.1152582003365094,0.08096779843180271,0.12847110019012292,0.05504560481847808,0.23584917859123436,0.1046040948662653,0.27980402276458716,3.745203821884427e-17
247,0.1350923512183025,0.07770714018933457,0.11021552494579286,0.06797132978746845,0.23254494480854382,0.09905086202791515,0.2774178470216427,5.1706067473903e-18
248,0.12494802432446972,0.10678792730910595,0.1124942952647515,0.010054335900966065,0.2542255311051182,0.10262998930283249,0.2888598967917561,1.7004186416113073e-18
249,0.14073835986124963,0.09212089197211268,0.11520538006822706,0.02582868403565119,0.2791292190467643,0.05467516419932531,0.2922508322171608,5.1468598508955045e-05
250,0.12426776102489392,0.13404759066336205,0.10082415006036802,0.0020375801151080817,0.24167816366379571,0.047277209253808364,0.31157353341294225,0.038294011804721535
251,0.12535286654802166,0.14005808480419055,0.1115930554999281,0.01172103743240411,0.22579887325742384,0.05780759800688044,0.3009690107395214,0.02669947371062977
252,0.11389119794243847,0.13266526406932994,0.11273790766900295,0.012184353484264058,0.19098164944910123,0.09409687632462133,0.290442494527462,0.05300025653277992
253,0.12073072208741803,0.11913844157169756,0.11735559012985736,0.02184216444103003,0.21051684416302302,0.07610644987354813,0.30334222183395443,0.030967565898471577
254,0.10359184561228929,0.13520866902621664,0.11706602709608267,0.035604255172631105,0.18732291446769644,0.059419191521537615,0.3302880202193549,0.031499076883191264
255,0.09670516021771616,0.15581079122705443,0.1250246568946885,0.07217539212281686,0.14983021615391418,0.05504713233634523,0.3156178343660551,0.02978881668040954
256,0.11876322311464078,0.13350577175593814,0.10987743671396259,0.09940613020284003,0.14843801077788363,0.06677430527827417,0.3036080413243479,0.01962708083111264
257,0.11810893918978888,0.1468037266411519,0.11306490119919624,0.10657576418449835,0.14264411004427827,0.06703734192853925,0.2982793317134963,0.007485885098050772
258,0.12641474812058306,0.14249024168361504,0.1079716332817604,0.0958367608399145,0.13608914151573068,0.07945338624414539,0.30280835489901003,0.008935733414240834
259,0.1164759438307089,0.1456181170559742,0.10793482273301881,0.09820653025872231,0.13492237678072225,0.08228083563620575,0.305407207231014,0.009154166472633674
260,0.10354585737078682,0.15155869825503882,0.09195733295971299,0.1367573061383663,0.08250148718237395,0.08606221551536787,0.32227719038365166,0.025339912193701575
261,0.10670651041815542,0.15424702604814525,0.08398247008503557,0.12259414633017758,0.10744866257766646,0.08404531425637882,0.3123020906712375,0.028673779612203344
262,0.10364968543822371,0.14125925256855806,0.07913689615968841,0.14219317721730687,0.09242721798666678,0.10802276496470838,0.30373500160785766,0.029576004055990094
263,0.10125459841826473,0.13868605891503064,0.07597611680518751,0.15663584397679484,0.0839141463537844,0.10753406253976916,0.30512236948225174,0.030876803507916797
264,0.10030963361082636,0.126111721267341,0.08278264212537018,0.17330192200941436,0.06201275354685038,0.11695427217577731,0.2871075608748907,0.05141949438852969
265,0.09407097312578226,0.12338917822591845,0.09147952678684312,0.17855418871845574,0.04613370829730428,0.10471890029066717,0.3187674360280075,0.042886088526021396
266,0.0866229879927867,0.12000788889757193,0.08803840737978638,0.17281589018010374,0.06195511313931514,0.1268370951150564,0.27840271416360124,0.06531990313077836
267,0.07958380317939136,0.12642148090022473,0.083250817928833,0.18362815507913904,0.05363962240341317,0.13777128964748664,0.27143570774808823,0.06426912311242382
268,0.08000049122361165,0.1230616347466985,0.09061406647561732,0.17843967531069543,0.06209418665675419,0.13836917907653093,0.25741177656129,0.0700089899478019
269,0.07822028941027488,0.12178744460000303,0.0889850440579308,0.17935505102501204,0.05525664725721246,0.13953996314693917,0.26051316444554234,0.07634239605608516
270,0.09343265237131622,0.12647941988977077,0.09741279028586418,0.1923636751555298,0.0769247591651203,0.12098665201296031,0.24095862979353977,0.051441421324898616
271,0.07663036955348294,0.14311037375861785,0.09885724054753037,0.19374705943606704,0.06534461005269214,0.10934091068403366,0.25265072532444316,0.060318710642132706
272,0.07147113453238443,0.1343942435071954,0.09578466076552883,0.19795318206037632,0.08529308154606084,0.11726485396841956,0.23156482901848083,0.0662740146005538
273,0.07056651624916052,0.1362710703501042,0.11098808659958942,0.20505482556931287,0.07362036355975726,0.10141724695607172,0.2439180121200912,0.058163878594912746
274,0.07370953069441058,0.1383317069316476,0.10591947893057825,0.20492439355204423,0.07049696522165622,0.0971296450868764,0.2542906935956906,0.05519758598609603
275,0.07619760505683994,0.13174979711280196,0.11551927801198061,0.22059517435258777,0.054754788199457415,0.07191477368668751,0.27712781415405524,0.05214076942458965
276,0.07879883674141612,0.14223574631126085,0.10705169344034736,0.22239758846340307,0.052897733671383985,0.06185557067206449,0.27673147455792463,0.05803135614119953
277,0.08241016176925768,0.1510363006311095,0.1166753291088119,0.2159301783183161,0.052790985683517595,0.06067845810885881,0.2454308617442974,0.07504772463483109
278,0.0867177040418722,0.15932113951109675,0.1262249364925212,0.19118941797975342,0.046621298844821475,0.03928973376381018,0.27381907397120325,0.07681669539392132
279,0.08353631349100384,0.1399757062551077,0.13137802758643197,0.17497113098883732,0.050255085180780465,0.05974874064889461,0.25206860608307274,0.10806638976487114
280,0.08025295356736085,0.13800891857875058,0.13424053751609719,0.16970083248888382,0.05027436905372994,0.06348588383390644,0.25339102014514076,0.1106454848151304
281,0.07201670376568763,0.1350018018523096,0.17771529832654098,0.17430726595368806,0.03603802229708347,0.05804530175929734,0.22224299997451955,0.12463260606987343
282,0.07660034140993566,0.12785605143090287,0.17221907842412723,0.17663725881878967,0.02828011550507914,0.06125680346493509,0.2308045120470281,0.12634583889820225
283,0.09498199673355011,0.12052028647920342,0.16393338284105094,0.17141190310014426,0.041912588954955414,0.07044025108819013,0.21307643056743375,0.12372316023447193
284,0.08412609886734972,0.10767783419696526,0.12951777534590733,0.19132650291734996,0.06435199220350507,0.08943478292806857,0.20245988636823314,0.1311051271716209
285,0.0704378160694665,0.09393376843202225,0.1440041857586846,0.1950101794714042,0.08453300400593705,0.11620484114435692,0.17825311477026468,0.11762309034686369
286,0.07746372572564068,0.08864785597459594,0.14713398029672953,0.1959196091599232,0.09489642321207312,0.1050204285854894,0.1865485553200755,0.10436942172447254
287,0.10078505619029111,0.09969607455635932,0.17596136476917576,0.1850485546777622,0.07645391045216184,0.09179294856863197,0.19504253240109534,0.07521955838352251
288,0.10090135540064456,0.10007045072995928,0.17173339127669013,0.18321680491473413,0.08179884991574736,0.09093748365388479,0.19356914416409046,0.07777251994324937
289,0.1171860901830756,0.08370930913131165,0.1536733756497365,0.18203297555534714,0.09285868360466924,0.0833449370762858,0.19852055439924673,0.08867407439932717
290,0.11566061652016962,0.08423851056754636,0.1421535878018261,0.1792882908181373,0.09330863256214914,0.09326245067781858,0.19257944151657483,0.09950846953477803
291,0.12176416927728138,0.08760111710379478,0.13093058334282495,0.17880357982490175,0.09967750946693116,0.0983701732124992,0.18814606907292922,0.09470679869783755
292,0.12033400431316521,0.08705127886346731,0.12967083057394277,0.17899642973404045,0.10150425794804752,0.09715864847261267,0.1894483244269852,0.09583622566673881
293,0.12008928979978985,0.08344404938877728,0.14550301961806536,0.16811076107203216,0.12595232836740575,0.09809440140416442,0.15858478171281318,0.10022136863595195
294,0.10045170398778357,0.10272387173450395,0.1065974154052121,0.1833507646459175,0.1323112374538454,0.05914843609421426,0.18651676714706117,0.128899803530462
295,0.07579566601713777,0.16846184760024852,0.09459549986005382,0.21248654995528304,0.1194638354613243,0.0420998344138488,0.1676414896404625,0.11945527705064118
296,0.06329456757963789,0.1530127273893554,0.09745801090270906,0.20087306266337457,0.12516171355457384,0.06261022310076593,0.16982172991361616,0.1277679648949672
297,0.06482202702665364,0.15358610162554476,0.09590532265420032,0.19969335496749155,0.12417773059959603,0.06109828559736179,0.1683737161494569,0.1323434613786949
298,0.07240211301412097,0.11841823387522274,0.11296579787334818,0.23576748488794155,0.10534379133499495,0.07448232674968223,0.14094415635790333,0.13967609590578603
299,0.07567662004601709,0.11215427391733,0.10934544925465042,0.21845235476823416,0.10055142112786274,0.10175458113635853,0.14333757852646842,0.13872772122207858
