oos_period,model_1,model_2,model_3,model_4,model_5,model_6,model_7,model_8
150,0.06354203475563286,0.1026032773838326,0.23676845432995322,0.03522368246976766,0.1683409811166565,0.18431162823339095,0.11762970883016008,0.0915802328806062
151,0.07943478610811668,0.1226998377572301,0.1780979111659714,0.04522946389518962,0.18118464470162807,0.2083056203614069,0.07693736372922241,0.10811037228123482
152,0.043597333319049435,0.15076653529741987,0.19815559784689232,0.05168346167906445,0.15355772029024278,0.17883996234518407,0.09395792604784446,0.12944146317430258
153,0.05960781524001864,0.09104413519249946,0.21809199714853653,0.05556866153731005,0.18110586236635057,0.12482200021966393,0.12413053248936097,0.14562899580625996
154,0.08165100405483383,0.08969550478396862,0.16743638296147123,0.0742300742502156,0.1232633970226011,0.14241902565358755,0.1514533697337301,0.16985124153959205
155,0.09733372198866787,0.09928298496551027,0.1003232377268999,0.08825366034789864,0.1374788634407027,0.12043482831631525,0.20255292399400177,0.15433977922000358
156,0.10959006827550576,0.1340912884934656,0.13388050870697404,0.10242128828003497,0.17371580827792515,0.1279889860342346,0.09291302712367172,0.12539902480818824
157,0.1253417479040361,0.14606760992613885,0.09980370757963469,0.10415925562230606,0.17069139358292518,0.13858935017686486,0.07912856895294418,0.13621836625515016
158,0.12084004181376673,0.16169478854272745,0.10622820326105524,0.11554587892908806,0.16837216360636206,0.14846727245130453,0.07582473930113519,0.10302691209456083
159,0.12608921255498784,0.16615879299393735,0.10271569659083397,0.12853910789057335,0.1520263537490063,0.11618955431666887,0.0884469174629148,0.11983436444107735
160,0.13025890641919455,0.1797608049840258,0.10103418647628871,0.1481236737125725,0.15860571619244052,0.08937000775532539,0.07303751859412982,0.11980918586602278
161,0.10654819119959515,0.19918439916474803,0.09583425322901584,0.17929167808753216,0.17338855795241898,0.08724338250026786,0.05588712583375243,0.10262241203266965
162,0.1106086285224308,0.20225522995719383,0.08949025398586542,0.1621897644642063,0.17724462471895716,0.09420060211187965,0.06005964397391781,0.103951252265549
163,0.1322928380632481,0.23172908273812617,0.10141231287691423,0.07173366694938253,0.17827997885189678,0.1514968765938202,0.0829831165306298,0.050072127395982255
164,0.148079164788841,0.1409259750440189,0.10686048471704016,0.12986687955217785,0.18537278082985947,0.13054894529876143,0.09177980293261276,0.0665659668366885
165,0.1817522699697964,0.15938740908790774,0.10578778573667967,0.18832290326921539,0.0949159324559489,0.0749864683084772,0.12154431975740394,0.07330291141457078
166,0.19528725083050272,0.20330359029597342,0.11195153282741042,0.15229316362648396,0.11424316617337202,0.07277544341758653,0.09416163426038696,0.055984218568284075
167,0.20846361864879484,0.20370634026489376,0.0892128252255912,0.133875747037201,0.12505114971288914,0.07725349533844544,0.10379685361855848,0.058639970153626104
168,0.15828809203535762,0.22295750695357788,0.10335662701696903,0.16812731081104487,0.11544484606352182,0.09443532481113787,0.06118287133959846,0.07620742096879246
169,0.13232567996445932,0.23768077004377378,0.11949481859073371,0.15456731134158588,0.11983110161016669,0.10315438642310977,0.0612278455094551,0.0717180865167158
170,0.13822081228761968,0.2482785298432353,0.13147498891339324,0.1267247605851071,0.12885253634771063,0.07934138301931451,0.06720740101162846,0.079899587991991
171,0.07254834543823296,0.27047938830986457,0.1615380543937803,0.07788052622748058,0.12528325780334032,0.09733516721748414,0.08074688652641,0.11418837408340717
172,0.0757330798773007,0.26516760323300054,0.17438357470303043,0.06693211737592983,0.13034463360565207,0.1128209149719606,0.09296735126166383,0.08165072497146195
173,0.07558954848753749,0.2603438621266111,0.17751803393140142,0.0810945570389007,0.12236553506969802,0.11401755100949341,0.10160339424353279,0.06746751809282511
174,0.08342994181948114,0.22911798289180216,0.19721110548575146,0.0832238663642474,0.12429855367133814,0.09800537190491122,0.11492767437395347,0.06978550348851509
175,0.09001624816098469,0.23242269134595386,0.22573537000662547,0.10130486393908993,0.1411545191575287,0.018662880838371178,0.1137856300538536,0.07691779649759256
176,0.08615671209455449,0.24996435521695562,0.23474270969923283,0.040030261693112086,0.1519776043806491,0.0244883522572093,0.12277200566172672,0.08986799899655985
177,0.05996749049536666,0.2056563419012576,0.1421106195655842,0.000485671591049365,0.10565007986633929,0.017768678146649505,0.05635495540020212,0.4120061630335512
178,0.11747705696324323,0.2515239161135977,0.22057318693265054,0.017414034068858116,0.1754873263783144,0.029813514679582064,0.10862403419337664,0.07908693067037727
179,0.10708508703659428,0.2504625182949854,0.20599095151358401,0.020701107463688615,0.17949954388407316,0.03544917229507611,0.11760668640358012,0.08320493310841831
180,0.12227912569848878,0.2041116308600451,0.22211635229532006,0.02533395969789519,0.15594232175794195,0.045128376764501814,0.12672559959735546,0.09836263332845159
181,0.1185110074122132,0.1950391781772165,0.23872593852889065,0.01603129839392553,0.16431828470215235,0.037906950881744235,0.11914642734154074,0.11032091456231687
182,0.1237728047082183,0.1860181980382681,0.22540888130233142,0.020706946967332274,0.16444479415788993,0.045589947538534306,0.11691988726064954,0.11713854002677619
183,0.10204909599327862,0.10845113704705883,0.2454140969441535,0.03085212494105251,0.17401232725416244,0.061778406404544184,0.14330695260758244,0.1341358588081674
184,0.09296865958163839,0.11634841805958372,0.20810436141147057,0.03979165663891961,0.17127186584638165,0.04049021092912049,0.16526885030726834,0.16575597722561733
185,0.08669872803014345,0.11196674379789721,0.21407517311898275,0.05175905290505915,0.14890483029755747,0.05995964028195348,0.16305765130007824,0.1635781802683282
186,0.11569500576264191,0.13536677243310571,0.08250382811047999,0.054791888166709095,0.18372544097138058,0.10103350088675388,0.2114158940247686,0.11546766964416011
187,0.13243387545358515,0.13761405790038025,0.06518506328362501,0.06332711795077081,0.21137741677768737,0.09863681132005545,0.16368720752916785,0.12773844978472826
188,0.13616071614913558,0.13370059558686698,0.07265822550792764,0.06599452713707711,0.20507941052822418,0.0897950859769946,0.16238173163180492,0.13422970748196894
189,0.14829063778469423,0.12555332600371552,0.07059148993966632,0.07900596043303336,0.21340081195637361,0.07823967582276331,0.15655365294512602,0.12836444511462766
190,0.15365261695465351,0.12017808523315628,0.0719545122808037,0.06804644603882475,0.2162925068740693,0.08898735539008218,0.1615976548929598,0.11929082233545056
191,0.06324427195429025,0.13423416486283937,0.08477085566829978,0.09817310010917854,0.17184135626719294,0.11570619148200852,0.1983703646915484,0.1336596949646423
192,0.0653623686551854,0.14146405934236125,0.07717998982535923,0.10575373725618177,0.15522350530247336,0.11796313994941701,0.19164016630663716,0.14541303336238476
193,0.07198762962456001,0.14865686692521193,0.05817532460811121,0.11635085794389775,0.15970869033786292,0.13407241050756477,0.17865155887780507,0.13239666117498633
194,0.05983026755750868,0.08970488661612762,0.07482276200401207,0.10039533814581923,0.1693366088707134,0.1670619345012747,0.17923755044676873,0.15961065185777565
195,0.06591044285158887,0.0714657821460726,0.07387621630585506,0.11898665557447335,0.18047945597049633,0.14097655484320482,0.17865625487717324,0.1696486374311357
196,0.06662645838798632,0.07531510215489201,0.05508239590886693,0.10924630354785739,0.1839871898182065,0.15310833200030796,0.1905464748838875,0.16608774329799547
197,0.07719852715642628,0.0894268143284948,0.06892812883875968,0.12157474506429614,0.19418307398355866,0.1457052221964537,0.1840746708434313,0.11890881758857952
198,0.08609562772715802,0.07047680724532993,0.0632106209206977,0.12177067163911454,0.20297873299808256,0.1266947045379993,0.20013256020444398,0.12864027472717407
199,0.06632452339592203,0.07708395893334309,0.06468241717081133,0.14009571739724194,0.16686101024043018,0.1397887692566131,0.20366602141000253,0.14149758219563574
200,0.06534132121632003,0.05991813272891542,0.07287555908305299,0.1562674463538822,0.1404464579077427,0.15114419090472894,0.21150899379492072,0.142497898010437
201,0.06749059094830377,0.05431224931841179,0.07676688518241107,0.1634932097962241,0.1418413745963482,0.13463984479287608,0.213882518355898,0.14757332700952713
202,0.07376787627345688,0.062452560006653286,0.08183018597036265,0.19114044987262255,0.21747697678322267,0.020399799645919543,0.3035158734635427,0.049416277984219714
203,0.09622239028140668,0.08098047536430272,0.10074900915706533,0.2120163812809401,0.1928984202266914,0.05033606177848029,0.2182714183391709,0.04852584357194271
204,0.11571477868737305,0.07685414830748634,0.1093220263295081,0.20384933305510838,0.21859225121757386,0.062042983149094684,0.1568196182638623,0.05680486098999336
205,0.14360748627454517,0.05235678921308489,0.13158768535162693,0.11480607898398436,0.2322761228598037,0.07963176420053393,0.17484079869754404,0.07089327441887702
206,0.14042887383535607,0.061442534761983525,0.1293942333737453,0.08028697503303919,0.24976304181795508,0.06756343577524261,0.19398521661943322,0.07713568878324503
207,0.15075511508056946,0.04471497421144901,0.13895454300082094,0.09763425279573308,0.2066254457113737,0.07736927432195316,0.1978724121262089,0.08607398275189188
208,0.12640721003446484,0.043238931027512834,0.14756620992632546,0.11077189402667753,0.19606470325555922,0.08570693155583502,0.19971097578453628,0.09053314438908883
209,0.13268340566551445,0.044021658303556074,0.14544929248296332,0.1136094471042857,0.1975192457096848,0.0784733034597746,0.19405432168808137,0.09418932558613978
210,0.15730144350636283,0.03960132506711791,0.14912347052551145,0.12803443994113145,0.16430281037042835,0.09316621371932653,0.16005600868122538,0.10841428818889613
211,0.1672945102633607,0.03941797582905112,0.1570229345004975,0.1311430343453966,0.14241881918227856,0.09695540947929782,0.165913304373901,0.09983401202621672
212,0.18622871538557575,0.04339447718140623,0.15512475504158033,0.12356699961478067,0.14401032929889343,0.08437010212837448,0.16536247521888936,0.09794214613049987
213,0.20099677706652094,0.04861197263143553,0.16243116640178318,0.0751248568491401,0.1520245351247608,0.08777320772165635,0.16812903897239123,0.10490844523231181
214,0.1954384980524493,0.050895747322511,0.1841289363158937,0.08726434893883596,0.13429643275579872,0.09518346015496887,0.1695307018158141,0.0832618746437283
215,0.1952365326951199,0.0569288485986278,0.1520129962285584,0.09704406122875706,0.14153028586363275,0.10525771762984334,0.16708234412717118,0.08490721362828949
216,0.2220171068632445,0.0629777141613108,0.16123923676188293,0.1140271825205268,0.11837112603972175,0.08695311880061699,0.19151776064165535,0.042896754211041
217,0.22876498057066572,0.06334151733079411,0.16105413873160662,0.10989164323400644,0.11685904070054037,0.0874467053009739,0.19211083051368974,0.04053114361772312
218,0.22226939089859118,0.07270378503361194,0.13656720702765346,0.1243664428692372,0.1266358145764103,0.0991053477916088,0.1788778448286576,0.039474166974229584
219,0.2012307354492601,0.07754483351295814,0.13681954079027941,0.13224483791865269,0.13537091162270212,0.1007491417507774,0.1760540499722171,0.03998594898315311
220,0.17573822350393623,0.03579563326008937,0.14840745066654432,0.13999368750289823,0.1648005351927732,0.09653435143977922,0.19242107612845627,0.046309042305523185
221,0.16414996509761287,0.025421017162116304,0.1606845553640277,0.14995285753664617,0.1608035989260464,0.105681089302494,0.1811487458169566,0.052158170794100026
222,0.1856050810740884,0.0326687521770524,0.17267409793205807,0.12943423701092793,0.11465402620578453,0.11912468527763242,0.1943725067006748,0.051466613621781454
223,0.20434459206510344,0.039505197607081294,0.12688853240787584,0.13077583789634312,0.12326940370872554,0.13434463318299708,0.1817215199373712,0.05915028319450259
224,0.16355804722242154,0.038862791905817005,0.12923567712801248,0.14545919133401236,0.13759085105394403,0.13745185149460745,0.18614221968019107,0.06169937018099411
225,0.1776911910375762,0.04462973931522308,0.14439441091748031,0.14921461718656726,0.1403519278085151,0.14086901806760133,0.14517262204875764,0.05767647361827917
226,0.18644842296418246,0.03655066936438616,0.14762893294868057,0.1515745306033733,0.1467078985492054,0.14684424596707596,0.1273574687200556,0.056887830883040655
227,0.1385709397889177,0.041387577099842046,0.15354933318672126,0.16239953958282682,0.16313404414717236,0.1504044170855082,0.13577482014873102,0.05477932896028063
228,0.13482565620723622,0.045414250902719465,0.1605029265423915,0.17190073559882849,0.16971444688567539,0.15065576598341854,0.10923699252952326,0.05774922535020721
229,0.1563094655743699,0.0582443105802852,0.10380417706948213,0.2002618616885652,0.18321564985154068,0.14098776605593796,0.12008644941942666,0.037090319760392385
230,0.16260997080564116,0.06074052022229153,0.09642222587750197,0.20235584589571154,0.18409300395598996,0.13580477927817444,0.12598705877051217,0.03198659519417739
231,0.17426314425447514,0.0744813706634944,0.04192886167552955,0.19534669678772248,0.19828845448797466,0.1477098192911777,0.13908191727764663,0.02889973556197942
232,0.18056191458562038,0.07870549017364598,0.03852120358503491,0.1803177251561885,0.20075804615297121,0.1488597280505185,0.14122817391552472,0.03104771838049587
233,0.19023451967691574,0.0815630316790176,0.042514917916616005,0.17566026696912607,0.2014878504902454,0.1406539304813116,0.13261503586458562,0.035270446922182036
234,0.23498558818511725,0.10482342497288853,0.03516266763935961,0.11553370791861256,0.198115612893823,0.14598478057637415,0.13013516937812936,0.03525904843569552
235,0.23248185567468985,0.10400982356173588,0.035937283721092124,0.12720730031065305,0.19150161397670018,0.14515603165258412,0.1233390330743397,0.04036705802820516
236,0.152243831589814,0.12436188466838434,0.03630386391201768,0.14351415081475194,0.18128098809969787,0.1717729296704542,0.13959859078760456,0.0509237604572753
237,0.018011576540837074,0.10077201272988286,0.028634137661795234,0.18806432752601576,0.25576897022101946,0.2243423449822034,0.13011400807862297,0.05429262225962316
238,0.08202077817828252,0.12741839198188895,0.035576495099590086,0.16129493294412975,0.2060378304863724,0.18214301474322042,0.14381052542848022,0.061698031138035715
239,0.06613523282271162,0.1466105854133857,0.040666976126375126,0.16258833676635984,0.19408790980673105,0.20020385103625252,0.1318373120128623,0.05786979601532182
240,0.05706612833482926,0.10127097874275336,0.04516680182350465,0.17378286615522018,0.20262832198239045,0.22166882064566343,0.1395027317096903,0.05891335060594841
241,0.06147609949724891,0.11548368227998017,0.04773348983204624,0.174487356696261,0.19605957172645683,0.20755131412325495,0.13800562616456974,0.05920285968018223
242,0.039762670334585505,0.13698933291508453,0.05472691370084099,0.1801459325345819,0.1894020705642578,0.18536300696050625,0.14550086760790876,0.06810920538223425
243,0.046709228496109374,0.146153126636843,0.06287992670723058,0.19415795626757687,0.13810439851568015,0.19893283570189899,0.1545869445916292,0.05847558308303183
244,0.04427917011263669,0.16147666505220093,0.0652986566622406,0.20405640589076374,0.1387745541129095,0.1569518571935238,0.16364187935766458,0.06552081161806021
245,0.05830618839149655,0.07201781696447711,0.08362103561391439,0.15997517402351816,0.16616657103938537,0.16997815268801378,0.20028316251604403,0.08965189876315063
246,0.04760819752834253,0.07788010460820836,0.08876942773927574,0.16787455080744476,0.15850977814714134,0.16970020221828275,0.1910316005866176,0.09862613836468691
247,0.04930010002071524,0.09327589877828274,0.09295471797061781,0.18623441778105182,0.16006335306433175,0.15463679900714897,0.19803346951320436,0.06550124386464737
248,0.0380771275105848,0.10668816962339042,0.0919712037588735,0.11151242849889646,0.17844178256740525,0.16743703879599295,0.22830922837620546,0.07756302086865109
249,0.044356242912280665,0.11307813772245957,0.10295835073034866,0.10602466031162934,0.20014059750918797,0.09565218927222484,0.24215200118227084,0.0956378203595981
250,0.04301704778083837,0.14146588231962193,0.10377225674981783,0.11170692882305397,0.10741064082655645,0.09470086064713645,0.2703694674642543,0.12755691538872083
251,0.05250492124289531,0.16403222032672532,0.06343853012911045,0.12552595617176943,0.1046426087793826,0.11899391350581975,0.2206164405633901,0.15024540928090693
252,0.048603421151609406,0.16892009899910573,0.06739844415582558,0.1305578668141658,0.09921144526884294,0.1225403457850124,0.20644665127985865,0.15632172654557952
253,0.04708351276415981,0.17548401355723417,0.06259870566488895,0.12266173848858312,0.09993402950627103,0.12634109591508297,0.20839835333458706,0.15749855076919284
254,0.040727421991635746,0.18331686609047548,0.056929728312264484,0.10057376012139994,0.10835734385249796,0.11891264606891291,0.2256725904386976,0.1655096431241159
255,0.046895268939223494,0.20264152720099482,0.06462992293962792,0.10672414690443419,0.06684671053848212,0.12066567786836795,0.21560438042025729,0.17599236518861236
256,0.050304294246762936,0.21667794996409875,0.046987226747951194,0.11471454439082983,0.061536238816329775,0.11513420357057515,0.21883499461601927,0.17581054764743317
257,0.051532581551758716,0.23522795838863778,0.053618928407735716,0.12754041071799047,0.0725032488363665,0.12652163252427098,0.20911816594702376,0.12393707362621606
258,0.05790758614087835,0.24432801428981915,0.05319332448845327,0.11105970380728247,0.06466011728517158,0.12896952519601645,0.21165008652240277,0.12823164226997594
259,0.043565452805836145,0.22214319720590986,0.05586976358870653,0.11525146994714451,0.06619342281234451,0.13544899899522714,0.21410942229115215,0.14741827235367916
260,0.04657553954285802,0.16344431807357385,0.06582885861959872,0.10938943479376811,0.07061051641852374,0.1514179447946484,0.22614473076253935,0.16658865699448988
261,0.053484564273016566,0.16201324329929007,0.0644588139974333,0.11037612832713292,0.07255409785342726,0.16216057112945,0.20284551387271382,0.17210706724753602
262,0.05479638852838284,0.17415617564132982,0.055678289149788916,0.11370748998694998,0.06767709340062657,0.1675043736104654,0.19601993116764196,0.17046025851481447
263,0.057587526819584275,0.17610178728967207,0.056588154258887975,0.11524859979472202,0.06779404099234354,0.16166972907223812,0.1981769372534713,0.16683322451908075
264,0.06499134205225506,0.16686819590843457,0.06354615924313939,0.12642916884410815,0.05790729059250537,0.17108184534209706,0.20640467423836348,0.14277132377909693
265,0.061543639112571775,0.1543943874043195,0.07412580844426991,0.13425498613447054,0.05884278234768713,0.18565825204749373,0.23528106677151409,0.09589907773767337
266,0.04550265400632724,0.16030498145282585,0.08012740748161445,0.1383964872848655,0.06643229949565181,0.19659439274130483,0.21080608374120122,0.10183569379620906
267,0.050003148909987735,0.13693893068158253,0.07481792789962323,0.14271982288034032,0.06967305485935409,0.2086310859229861,0.21350001409101693,0.10371601475510912
268,0.05151624687157484,0.13910340596335632,0.07602012207142181,0.14396707362112413,0.07356265379891708,0.20967411159247867,0.20018872093410903,0.10596766514701825
269,0.05583935066725774,0.09232373841939119,0.08685608372419942,0.15422261371430135,0.07996774454481705,0.2110650846192092,0.20251688265789153,0.11720850165293258
270,0.06374351624873222,0.09230451450228226,0.09818737600646518,0.1660802490890873,0.08383616367640509,0.2240269455982711,0.17528465819000694,0.09653657668874997
271,0.0669346771366024,0.0918504543149298,0.10775816301445613,0.16563298295860096,0.08817894463371369,0.22552431077007118,0.17129562917983485,0.08282483799179108
272,0.07089807814067395,0.093839377828113,0.11049387707443536,0.16160664014936918,0.0922213679405764,0.22325379121895061,0.15904810518462556,0.08863876246325593
273,0.06156622690214508,0.10042796621074797,0.11526606457529051,0.16552197083543232,0.08015734643974431,0.21734749995718006,0.16113141934085354,0.09858150573860625
274,0.0591565970080998,0.09803135149968979,0.1210389879808173,0.17566253821139619,0.08177435801492704,0.21227313295181335,0.16956423972461687,0.08249879460863964
275,0.07195161466628121,0.098527457928629,0.15297264049127393,0.17877667516349893,0.09327520629962792,0.12339393422515373,0.18169744162862095,0.09940502959691437
276,0.08050495726443586,0.10226695100786462,0.15016285445950905,0.18211615578294615,0.09282468495757183,0.126169532579178,0.1587101487659052,0.10724471518258935
277,0.08111042811490476,0.11272133405122874,0.16550849025778694,0.14426397257545281,0.09769555743307783,0.1213299004042318,0.1592978446123446,0.11807247255097245
278,0.0917246326016218,0.09701267557783591,0.17644402617321003,0.14035853044376512,0.11025622273884203,0.08803398511992366,0.17565738301591438,0.12051254432888707
279,0.09055143201840661,0.09748549917690887,0.1768938310997584,0.1354617577942194,0.11456753856570828,0.08270407828201205,0.17681036390257573,0.12552549916041064
280,0.09532521416343295,0.10322220506628024,0.18520077329670423,0.13086379666834372,0.11295532322225899,0.06701334145307675,0.17592955123606266,0.1294897948938405
281,0.10265798761664591,0.10797402602069117,0.1918758862104132,0.132406649171573,0.11620187760363523,0.06877016940815804,0.17563311177067353,0.10448029219820995
282,0.10796326559370327,0.10178135543744035,0.19429235790398597,0.13376904568221157,0.12391926245107485,0.06584650841882742,0.16312847969513905,0.10929972481761764
283,0.08095991884096623,0.10802677576965922,0.19866334878186173,0.1345025714958359,0.13503078856542333,0.07216015224474931,0.16324356610439464,0.10741287819710972
284,0.07763105684336699,0.11045114811893265,0.21630776683299302,0.1457740388322385,0.11740893077094405,0.08193197970849168,0.13402099684343421,0.1164740820495989
285,0.06889695341141626,0.11625355164029456,0.24480765976065172,0.15213789428267244,0.12155116846056806,0.08924636951207972,0.10808303848813171,0.09902336444418558
286,0.06951058756579223,0.11285936768020699,0.256195526873272,0.1553060132112723,0.12804073141345954,0.0819672420790387,0.11151480821530706,0.08460572296165127
287,0.07889435169094024,0.11957694607562593,0.2583876907183865,0.1281093737138937,0.1397170057570185,0.08962190358268923,0.09835608572698354,0.08733664273446229
288,0.0837094179520394,0.13384564207275362,0.21371214466411592,0.12772710988047195,0.15266980534914265,0.08442348783947053,0.10554918374999221,0.09836320849201378
289,0.0811373797486013,0.13616118253978837,0.21470876451892593,0.13694344532209507,0.15403710961313577,0.08256161649002557,0.09583760989267541,0.09861289187475268
290,0.08834325498334049,0.14638927070601615,0.1824425873060031,0.14471004303074317,0.16673409604427405,0.08464612702684919,0.09801812437606394,0.08871649652670997
291,0.09591758153319359,0.15115733479971183,0.1604687307456286,0.1537117754713423,0.17676910882762892,0.09267523911490186,0.09008818549134735,0.0792120440162456
292,0.09704777096232461,0.15294026430739666,0.16715418341961066,0.1450653761656577,0.18346387886399995,0.09467051703687805,0.08438150784756875,0.07527650139656367
293,0.09829746699497709,0.15078523602486474,0.1823484638074581,0.135976920439554,0.19624324102967622,0.09710760809501919,0.07316465679280329,0.06607640681564725
294,0.08198644897318093,0.18769872560142284,0.1258083491335218,0.1613844683885361,0.22832756922403216,0.04312125560015929,0.0874200941531314,0.08425308892601555
295,0.07205653196182189,0.17963173705411015,0.12142639219500484,0.17250951208281726,0.21847382626940096,0.04782908087540012,0.09742096672353763,0.09065195283790717
296,0.07163884334988825,0.17900541431359424,0.12528747491738665,0.15229843028080256,0.223693914609625,0.05173353973672695,0.1003972323411385,0.09594515045083797
297,0.07659595823721274,0.17599900482496295,0.12671479295969248,0.13816493915388195,0.22583123434359284,0.054492965607911524,0.10187054407350357,0.10033056079924202
298,0.07064397516975429,0.18384273321809785,0.114949881676958,0.1474603605446737,0.21348997139040135,0.061672713862459164,0.09972905077454527,0.10821131336311034
299,0.07640477595007356,0.18811278686726127,0.11931271715364586,0.15764695717776747,0.16776994841424858,0.06379960777817112,0.10702773129086983,0.11992547536796247
