oos_period,model_1,model_2,model_3,model_4,model_5,model_6,model_7,model_8
150,2.8280786149225877e-05,0.0004481344639874199,0.9562843876962507,3.709266253396655e-06,0.0302230022425646,0.01033045460815383,0.0025678288956132774,0.0001142020410275559
151,0.01812471014739563,0.15603443414139914,0.2504317227559795,0.00044205038971058475,0.0768272739365841,0.4914454590252707,0.0022372266984997035,0.00445712290516063
152,5.154086401718796e-07,0.37716173586041024,0.13349903013533135,3.3222905953950734e-07,0.38622297416782947,0.09248378092299878,4.980977026436856e-07,0.010631133178027866
153,4.2041474904843314e-07,0.04467540111806844,0.6585574898169202,4.644077564364459e-07,0.17500427101243202,0.037852947635190086,0.038815194234623325,0.04509381136026041
154,0.013896121049358483,0.0031606043796573546,0.1358205225258531,0.05139560885159716,0.22486935491165047,0.08817822617859865,0.22998815629126068,0.25269140581202404
155,0.0370730392213834,0.05817152044643949,0.14436147195761723,0.13647086953447646,0.03979874121704664,0.07591793657261847,0.42144983827588567,0.08675658277453269
156,0.0312579120943714,0.16747787970687594,0.06643398824633322,0.1995965507313642,0.22616254106147776,0.035169437666628924,0.22608441812610908,0.04781727236683946
157,0.06350520756666367,0.278143361225326,0.14589342271710226,0.10186478551752612,0.20015520114913435,0.17528951614939714,2.554977057157437e-07,0.03514825017714477
158,0.067103962254265,0.14450152506211547,3.0999206141855606e-06,0.0029093872325549434,0.7672612617582094,0.018066620817161073,8.377828254473015e-06,0.0001457651268254482
159,0.008336473947139777,0.36885884095657995,0.006654034688449822,0.2498083623711284,0.3526021305324285,0.009478960773434492,0.0007226736821034193,0.003538523048735673
160,0.034374849185520716,0.5646784629413346,0.007083515247915523,0.21999246243983936,0.13964083357320145,0.0008606901470386302,0.009402315391344868,0.023966871073804807
161,6.420261471632367e-05,0.9301686199274949,5.876680557230432e-06,0.06923675685426554,0.0004260979388430612,1.198117655416926e-05,7.616463428074596e-06,7.884834414064669e-05
162,4.515665383291688e-05,0.9996052192354234,2.653964419193023e-06,0.00010546894773148567,0.0001766935863646833,4.580942455680228e-05,4.5215032463067256e-07,1.8546037346792595e-05
163,0.00028431713919756224,0.96537750393178,9.417068419921821e-05,0.0001073119699167176,0.03349494903912833,0.0004249190055908459,6.0053977469708496e-05,0.00015677425271759545
164,0.12641708037634042,0.15344672460530373,0.03976987920446119,0.00944444339840631,0.170699556636343,0.4675505086355842,0.0326717027957639,1.0434779720826042e-07
165,0.1883659032292821,0.02946355798214827,0.04543659104699299,0.31366728599295446,0.2085550963653992,0.05598753124811332,0.12857790261012803,0.029946131524981583
166,0.49694534633946863,0.22944000332125572,0.010415009096927108,0.2107592951114397,7.107165692214113e-07,0.0048603787493862365,0.04075725527987001,0.006822001385083328
167,0.2905996231611572,0.4760072866961993,0.10001839533666311,0.10344366059612684,0.006726302508571023,5.273232450529111e-07,0.023203810182504267,3.9419553325276444e-07
168,0.5347671452774831,0.2023936535833444,1.1700211822704595e-06,0.0219959996627382,0.17141841760364696,8.380860599671479e-07,0.06942221472507831,5.610404668085706e-07
169,0.04364977825860662,0.7711580623350367,0.009052721454256122,0.1475081236309518,0.0014414610947647956,0.016783424992655088,1.1577850672494303e-06,0.010405270448661616
170,0.08139532833318355,0.7737902205656252,0.07132863077144622,0.0469172265844874,0.010666484524270582,0.015900356690106827,7.727929689298489e-07,9.797379113060975e-07
171,0.07755314590843995,0.38152655758939,0.12373657016938437,3.5862601932240577e-07,0.2564136448229701,6.944772367081904e-07,3.0763383537912946e-07,0.16076872077272425
172,2.1568633728846465e-06,0.853433729364808,0.015949858004934512,4.007182007621342e-05,0.002062338856794865,0.0007621625097116451,0.00017873953568194403,0.12757094304461994
173,0.011453539290007026,0.6699090110646524,0.18517041515849483,0.006651536827541597,0.10662302158573261,0.015444799176836917,0.004414883075199471,0.00033279382153512564
174,4.4183796892033706e-07,0.3593328687971048,0.48181186363627854,0.04019191667865203,0.03040919482633513,0.06829489014299614,0.01995840878511545,4.1529554893750296e-07
175,0.0006711770930532486,0.8188537511189613,0.1550820148252753,0.0008837831020902366,0.007385561848043418,2.1902858529653655e-06,0.01663600882129233,0.00048551290543118414
176,0.018672779685176805,0.4134255823689024,0.32937848707218514,0.03586135664814023,0.08166918196735773,2.464086516642522e-07,0.054268889064892196,0.06672347678469376
177,8.301555652584131e-05,0.8313951777742078,0.12420270567997811,1.3744825315087758e-06,0.010739606485495292,1.177997377316279e-05,0.029992309560179297,0.0035740304873089425
178,1.3155257305126662e-05,0.999690588614139,0.00016498980555599283,8.500041705444851e-07,6.410106427934205e-05,1.7496599563325563e-06,9.887256486100571e-06,5.467833810746491e-05
179,1.2199811964966173e-05,0.9997840244690285,0.00015129106890105352,6.264979599484135e-07,4.057619789495648e-05,1.1616108832424376e-06,7.2293787923236664e-06,2.890964575016399e-06
180,1.4103387242206145e-05,0.9997247338945827,0.00011046062350024248,3.8061264312683214e-07,0.00010592842128943656,1.1034472919667885e-05,2.595997078657003e-05,7.398617036082886e-06
181,1.0173984113194626e-05,0.00012624240424597297,0.9998064687185222,5.934367965796897e-07,1.840440307425658e-05,1.349943252644342e-06,3.057027560192189e-05,6.196834393186451e-06
182,6.074303895057577e-06,8.197468540564226e-05,0.9998565868774045,6.791083046359707e-07,3.5893638359979674e-05,1.5952039177709786e-06,1.2467220705858965e-05,4.728962006626346e-06
183,0.04016048643405068,0.26822601577282,0.27740015578279237,0.13193866068845667,0.07138975586216324,0.1034403389297442,0.06359734975411008,0.04384723677586282
184,0.011145477752649883,0.04117051875087906,0.42646305291070385,0.17049391434080835,0.1581161465771428,0.0009473012802772125,0.09722891665281734,0.09443467173472153
185,0.005844632791328743,0.04835238386178071,0.2267015969512497,0.13829154660852924,0.2402692864282029,0.023526664267434164,0.12952211887251217,0.1874917702189624
186,0.04963758634087514,0.045337755855388476,0.31431921877197533,0.18071021669917073,0.0736710894078837,0.20710580007645746,0.10442417449153171,0.024794158356717468
187,0.0009612077800670618,0.009182083989672454,3.2778145683115494e-06,5.6980455482036365e-05,0.06508680259390252,0.0002229934881481733,0.9236600359373071,0.0008266179408522971
188,0.01813629302203796,0.014946917856004624,0.0035661320416946547,1.5071362392402056e-06,0.8010651506763177,0.004680591305081732,0.13356525125964958,0.024038156702974513
189,3.9336924756625596e-05,2.2549812839015843e-05,5.445163628881062e-06,1.3816687443809852e-05,0.9997851740611918,5.614526658400562e-06,0.00010559193528646908,2.2470888194958503e-05
190,4.970961746194669e-05,8.962427958358865e-06,2.1946718985012485e-06,8.428689697356235e-07,0.9998197978744942,2.9139310826233036e-06,7.254758284458215e-05,4.303102528997934e-05
191,0.1540261494269573,0.03753867385766742,0.06909750733013527,0.11988529708045717,0.14113455009782214,0.15748199741111685,0.29258412612393925,0.028251698671904614
192,2.6384089385106012e-06,0.009801705721947798,4.566092390730253e-06,2.9602589849940696e-05,0.058302318378945346,0.03548378629748569,0.8328582428460947,0.0635171396643473
193,4.21575481176431e-06,0.05175506896686203,1.7343226672483914e-06,0.030496948759293305,0.12230953968886449,0.04701914343312426,0.7269670139031904,0.02144633517118662
194,2.323562732220787e-07,0.5025529939013796,0.02068982352458786,0.033476572508057245,0.1992079400277824,0.09798679562583745,0.11118087930230801,0.03490476275377406
195,1.0008245913041458e-06,8.81589920606232e-07,0.009456154870174304,0.0512514855707928,0.1622276834995889,0.0980800752788838,0.43346885495091175,0.24551386341513656
196,1.405735247599746e-06,1.3868372467064382e-06,1.9730155635823066e-06,0.07910346396240181,0.23141334333809607,0.053120718335034976,0.18564328403134625,0.450714424745063
197,6.785132718419941e-07,9.196040638948026e-07,5.864486520200792e-07,1.9696305784104623e-06,0.4137373082431192,0.21820870823211763,0.14597060229606543,0.22207922703213148
198,0.03435556408828302,0.06716139617488769,3.677732616624654e-07,0.18073578310678592,0.4532914353729054,0.10070388678131041,0.15049663859241386,0.013254928110152086
199,0.0001252578465673865,7.009422829394177e-06,1.1679303779033342e-05,0.001266454923950205,0.056874695267044,0.002922816934421174,0.9321808776500252,0.006611208651383647
200,2.665920510905923e-07,0.21898007138452905,2.75066815543849e-07,0.13527367143250638,0.17876924553350398,0.04953128995740792,0.318019862478781,0.09942531755440501
201,1.605118655850296e-05,4.11682750442645e-06,3.390128972336812e-05,0.02441706835145067,0.000815913835598218,0.21251450987348516,0.7589254591763768,0.0032729794593028727
202,4.575430661722705e-07,1.967619587281838e-07,1.0075432149179524e-06,0.04727111192663054,0.25727944439783057,2.901885347719389e-07,0.15141971946968397,0.5440277721690804
203,1.5645428573711524e-06,1.1339261153253772e-06,1.6786355493895333e-06,0.1212887750093499,0.6267259628605687,7.109762482397978e-07,0.25197951208448083,6.619648302398e-07
204,0.07838581900272942,0.010473902390437434,0.0009484483640062963,0.06140142091073623,0.7559079593304645,3.445890846039421e-07,0.092881785044748,3.2036779344430864e-07
205,0.13099700468151587,0.011874541511182016,0.0701182265108069,0.24754712596043457,0.46138457580025116,0.001600862626189424,0.075861508645183,0.0006161542644370436
206,0.06154743048969355,0.0037366072755124556,0.04400537773419342,0.0030679628790945567,0.6310029944095484,0.008731032714198981,0.2459563610862164,0.0019522334115421281
207,0.027231690402326737,0.19230331022081437,0.030664813879585168,0.07050351536337116,0.3446154488978488,2.3026982938064215e-07,0.2928106065039709,0.04187038446225351
208,0.1601903855533115,5.003982541963071e-07,0.08184726321526144,0.1950872285440217,0.04719483212697796,8.148157904299277e-07,0.5156779800263939,9.953199890059068e-07
209,0.005899036153231322,5.551306084315138e-06,0.029050854900095686,0.0034598859464927702,0.672489364398949,0.0006101378657097901,0.28843726012690935,4.790930252773786e-05
210,0.12275265989828003,2.566752493808794e-07,0.023759855557769653,0.41353333876844833,0.42341179771829146,3.163462067445284e-07,0.01654127083755559,5.041981987165712e-07
211,0.186029208222752,8.155655830935195e-07,0.13077707654217854,0.14503911493524932,0.0758242594188278,1.9922491930722432e-06,0.46232131252680614,6.220539410003764e-06
212,0.7922600326083348,3.956557468105881e-06,0.03398041258169895,0.002153168377911627,0.011036009955256882,0.0004806400868648253,0.1600563052825817,2.947454988314565e-05
213,0.8094501156851782,4.9885842637398665e-06,0.03866336421447168,0.00012416297318269047,0.010768323340983361,0.00034238917383859545,0.13987790927403485,0.0007687467540468262
214,0.4434660715378182,9.689088383324094e-07,0.21752370156930556,0.010711344300619373,0.036286444244073346,0.0015056153547964995,0.26635343807198464,0.024152416012564064
215,0.2563674584210352,5.809954997792294e-07,0.5304662535909245,1.0315242114134548e-06,0.08626666375435131,1.7661614725741754e-06,0.12689539730167387,8.482508314111283e-07
216,0.1374029229425888,0.03348260024105256,0.0391499402618946,0.10275315999482719,0.16859674593118618,0.014318442397342934,0.3609630004992034,0.1433331877319044
217,0.7926137750616893,1.9635364433108586e-05,0.035602327018303646,0.0005700482575412499,0.0012196515552457706,0.00015890961661307998,0.1698112134638156,4.439662358169749e-06
218,0.8132574288748368,1.5040994412196733e-05,0.00832622811793926,0.027177337916190696,0.0003022178055956392,6.560395924118086e-05,0.15085279079320377,3.351538580557332e-06
219,0.26729047862068844,2.1354118007483294e-06,0.055622579020360434,0.2076929766974901,0.018445325421179527,7.311740785438616e-06,0.4509382287134009,9.64374294381276e-07
220,0.03812206679777452,0.2017077301005628,0.07411684856261802,0.017069922715652084,0.4623083882702255,0.018415108495627257,0.17172559549966468,0.01653433955787509
221,0.010484144133054225,1.7715546481197039e-06,0.21219569038049557,0.0471550139272625,0.45167312631442763,6.729312720560339e-05,0.27841508366210316,7.876900803283349e-06
222,0.4676573804783915,3.338909451665011e-07,0.09958986379948387,0.12648580421905775,0.20991727141016328,2.5622380635479027e-05,0.09632338429633222,3.395249905792523e-07
223,0.9322028631141985,3.029946135992155e-06,0.008044667582642818,7.146314594339908e-05,7.799345725700622e-05,0.0002729311699647464,0.05931936987454202,7.681709315451664e-06
224,0.0071675263284393985,5.114652187910212e-06,0.00022774986259935576,0.09699208753579623,0.0003404765832898077,0.002267336463897453,0.8929779608232108,2.174775057905909e-05
225,0.1953293507018196,0.0006656822079718917,0.210931844902008,0.08892929601150412,0.12270559232989928,0.06313523927142999,0.313282764576829,0.005020229998538151
226,0.8141825384832505,8.532638425109168e-06,0.12409583542917241,0.04284918509651942,0.0049036108793379584,0.01176640253588879,0.002102542523156566,9.135241424904495e-05
227,0.23083238721843014,5.964200172065526e-07,0.0940089759339676,0.4435074162163895,0.1433774638442009,0.0882702215059197,2.358414908209338e-06,5.804461667258002e-07
228,9.282603944655385e-05,3.398730135387044e-06,0.25528479376337176,0.3996654923499211,0.19975446398884267,0.14434551962590284,0.0008474982723823442,6.00722999729808e-06
229,0.08221848016714954,0.09649287515112039,0.38211676927734084,0.1924368944223371,0.12232927183025263,0.0331006563220408,0.03537372952416478,0.05593132330559382
230,0.07173918197241873,5.0051790683378105e-05,0.0002742855771776369,0.7773515707819321,0.1387983841918608,0.01020010462811633,0.0015813524065458706,5.068651265132872e-06
231,0.13684753245781453,0.20567471155422415,0.2908331097822621,0.12445356687712275,0.12960754224335608,0.056482714289730715,0.05610065935054674,1.6344494296396986e-07
232,0.3617024530770782,0.0002602650964706367,6.862573700110962e-06,0.023729431147215554,0.599204722234637,0.012031179164582647,0.0030491787388432796,1.5907967472526888e-05
233,0.3178078964316457,2.10138524824017e-06,9.430739454775242e-07,0.1696971072485344,0.39939385531683474,0.021376090571238716,0.09172125332486294,7.526476897403001e-07
234,0.651565158791851,0.055562032073042826,2.488680442610691e-06,1.2335287083197936e-05,0.20691331611396835,0.021859798022437846,0.06408385731170668,1.0137194675073375e-06
235,0.9014212809807377,0.00012648740366052137,5.089416949864194e-06,0.0019329249409171423,0.08793928074573648,0.008213112751690736,0.0003520270590711606,9.796701236402494e-06
236,0.16512641224645025,0.06749612678764137,3.546630107266175e-07,0.2152276051209384,0.228266935174829,0.29988851223579277,0.023993764177882782,2.8959345469642194e-07
237,1.2763421695236675e-06,1.9543132728762465e-05,1.0193068163555746e-06,0.18951427406863816,0.512479829622205,0.18939552865639087,0.10856933709148989,1.9191779561407468e-05
238,0.0003896550148377812,0.0027337732461789332,5.453419384497069e-06,0.022740905228094143,0.8208615050844084,0.1479190474229347,0.005269758738785357,7.990184537619799e-05
239,1.2844228067475007e-05,0.05364789388425943,5.638745799158195e-06,0.014319288316119234,0.21145733688998913,0.7188597427935411,0.0015902219967711814,0.00010703314545316437
240,4.930569374408285e-06,0.00010766302259314325,1.068879953878485e-05,0.018381182431337538,0.2482601479604086,0.7310410361905199,0.0020806565996618503,0.00011369442656593915
241,7.979191355001323e-05,0.0006980932610160815,3.918706919984267e-06,0.017964360627419372,0.2431373726057721,0.7360768350116536,0.002016363464927023,2.3264408741945485e-05
242,6.742534058636596e-07,0.18223600287678943,1.6454810050288309e-06,0.09620513835477097,0.5726637213754562,0.14054641846774216,0.00834249551957411,3.903671256259594e-06
243,4.549960331265233e-07,0.1450435042189486,4.0986743540496075e-07,0.41662186823502895,0.30158460310585594,0.1331129919725199,0.0036357681219443163,3.994822338583836e-07
244,1.0650540746848253e-06,0.4458490400391646,2.1466584904791603e-06,0.39723132473712947,1.550651295474726e-05,0.15685956254883554,3.818255459516638e-05,3.1718947553736853e-06
245,0.049288091094416994,0.21713415658417456,0.012974266174419177,0.2699601313772603,0.07277664567554924,0.11089258504844515,0.08711209358095769,0.17986203046477675
246,1.087431642687989e-06,1.5513692092300418e-06,4.226807034676605e-06,0.03395511922351246,0.012271531824692369,0.44931344589143735,0.48712174829543703,0.017331289157034236
247,0.017817806588542734,0.032859197012017435,0.003849703510213021,0.1903944916743319,0.21321180852692814,0.22309107107102427,0.13916247741632176,0.1796134442006207
248,2.781275351139084e-07,0.11737756197168556,6.447229253541167e-07,0.6750987488298614,0.030830510515585517,0.06265756997544275,0.1140343248636005,3.6099336380969227e-07
249,3.015336541510703e-06,0.00010477795795750319,6.469666142320815e-05,6.21345400960976e-05,0.0012554666803593773,0.03756015755608532,0.9609293297100936,2.042155744332152e-05
250,1.2353121904204428e-07,0.020817391881180543,0.12163046150773271,0.03732397962194894,0.30953996289870106,1.3447579182287054e-07,0.17636519271377119,0.33432275336965456
251,0.05563450697061534,0.10793647010621538,0.05493159043640583,0.047626059761744076,0.025121927386351623,0.03868938168173662,0.5478814701472261,0.12217859350970507
252,5.686125133334474e-06,0.10895009587137784,4.2233790592457705e-05,0.009861843120239869,0.0030383799734174464,0.00038113580254587774,0.8112566097112259,0.06646401560546725
253,5.145229328277831e-06,0.17021385577718479,0.00013347717377334666,0.02292862352453658,5.476500301774916e-05,0.0011510836942647902,0.7407066640135412,0.06480638558435317
254,4.5148902375535934e-06,0.3821090441703179,0.00014628282917559894,0.05961530791145762,5.8476188079689356e-05,0.0019053209749438779,0.5475038223327776,0.00865723070301013
255,3.5545416367513543e-07,0.04545967847756677,4.698056368665051e-07,8.515983014053727e-07,0.3837743088794784,2.270939882651821e-06,0.1558060594449094,0.4149560054000609
256,0.05487579398992356,0.2041244707850485,0.10732596994173009,0.056695197684187924,2.2777218054437526e-07,0.13102560196795773,0.21143199693594703,0.23452074092302458
257,7.2395717322774e-06,0.2894109775758248,1.6714652004783683e-05,0.002507741210451116,4.467217690378433e-05,0.0005489156689660989,0.6694573159587722,0.038006423185344945
258,2.2183462403411442e-06,0.7631801622464292,2.1618114880766014e-06,0.16868883037325835,0.0037428412701524536,0.001819388337634467,0.05242685833239076,0.010137539282406407
259,0.008822425050570229,0.7087000409944562,8.299999569176514e-06,5.610147342892377e-05,3.0122836474239735e-06,0.0006263544346371009,0.23482504570751006,0.04695872005618088
260,6.455708410067455e-07,0.2881580545288349,1.0688830212647907e-06,0.21696090730827192,2.810740172041524e-06,5.549126673466858e-06,0.22307695864019375,0.27179400520199165
261,5.176720919863386e-06,0.053637775682915376,0.00043552193855964994,0.0016283681278836436,4.073966804082255e-05,0.02986358124879018,0.7796968939070631,0.13469194270582732
262,5.49029118746307e-06,0.12267769600336897,0.00028233347050549015,0.001691634447920823,4.2237800427528534e-05,0.0198736232132095,0.7900144097864734,0.06541257498690684
263,6.791186042518485e-06,0.09662933329852412,1.79942631855388e-05,0.000720323639202734,3.336318611477129e-05,0.03452747770841702,0.8183449361923509,0.049719780526162355
264,4.832873893722469e-07,0.26158606859518296,5.272372960960019e-07,1.4241984812869885e-06,0.20480578361827428,3.966502885478881e-06,0.2902029090276528,0.24339883753283773
265,0.0606809218033195,0.1669526519945647,0.024439061646812216,0.023061925237106855,4.84872806767866e-07,0.13979696175196468,0.5327779403865102,0.05229005230691504
266,0.08671859396268823,0.0748097998514599,0.08230773882310706,0.05545972620849607,3.3462430831645873e-07,0.13982726844907659,0.5244785343579912,0.03639800372287275
267,5.645338111760518e-07,0.18081987977767064,0.0750684174432138,0.21448311221492938,1.1439133044446543e-06,0.2297523263604553,0.22023075871150824,0.07964379704510705
268,7.785468475631125e-06,0.0037708423467255983,8.794773707781285e-05,0.0070291011532504395,5.168772963996224e-06,0.7676160771727171,0.22089640436118588,0.000586672987603581
269,2.4744227082294505e-07,0.306825513039166,0.022118041426052778,0.06995469386552965,0.0007070656865993883,0.17895113674520055,0.175532047760325,0.24591125403485575
270,8.357004943017056e-07,0.0006887161623915348,0.013597625479934095,0.03211907354638789,0.005964884947750779,0.5903982665967533,0.3475560558601319,0.009674541706156222
271,5.623504063993005e-06,0.00010563985938184903,0.0017175202259146628,0.1761194689722499,1.045627791229983e-05,0.7992751860723526,0.02267370558179933,9.239950632543078e-05
272,5.9345244371973054e-06,5.637916748133964e-05,0.0008419454442528706,0.007208636679166944,6.526272312054688e-05,0.9197043670070331,0.07209732925633972,2.014519816838279e-05
273,0.12420452667312269,0.0007557471579888048,0.05338490161379727,0.04621523790683014,0.364893053076118,0.3547191358836028,0.047147692099636325,0.008679705588903899
274,9.686042376035633e-06,0.0002462338319087013,0.0021798353986255043,0.023733279514980214,4.242305491275864e-06,0.9679960260401353,0.005697960758654527,0.00013273610782848786
275,1.7350191366090436e-07,3.200393478720833e-07,0.26823172877299134,0.11793579060198585,2.5360433435732667e-07,0.16367123213824455,0.4501602981051439,2.0323603842049504e-07
276,5.95983765415666e-06,2.4678056260722362e-05,0.01045436174709922,0.04637876020446198,0.00027262597798431996,0.0019169180933872546,0.940898506010072,4.819007308032172e-05
277,0.0035355032435068125,0.0013603398299389098,0.04329764179593862,0.9069612628808207,1.7758173996615062e-06,0.006333864211010357,0.03430862462447871,0.0042009875969062525
278,4.954009119538437e-07,0.2758491119417449,0.4781941662803776,0.05080656975654564,0.004843171573756115,0.03992185707203367,0.10180552531181751,0.04857910266281258
279,0.00718975990434103,4.4473966279728425e-05,0.7908211469011375,0.03689101662867756,0.0008365300333621024,5.92940318397522e-06,0.16390398030187603,0.0003071628611420743
280,5.596843244623837e-06,2.6642692205553127e-05,0.596376787323089,0.055531978756891844,0.04017614121391163,2.730901271482299e-06,0.2855488978397225,0.022331224429663326
281,3.721465294204272e-05,4.6621156751856205e-05,0.8259282727481311,0.012449298249688278,0.00023137057831946174,4.9478489280833674e-06,0.1569737544737434,0.004328520291495893
282,0.0009349890833881759,0.008383586482988013,0.33391833500171164,0.016610935258526697,0.00048501661295405156,6.3176642976489484e-06,0.6395940354102146,6.678448591908469e-05
283,0.9130424950564464,2.803444988427819e-05,0.0778573011862515,0.0014420847496007948,0.00011033675487423396,4.178752744283255e-06,0.007185225888199735,0.0003303431619988244
284,0.0025343843987135043,0.005987076116857526,0.1451033886252661,0.08631841323298095,0.3109129422940864,0.15246071965189906,0.26721634609123895,0.02946672958895747
285,0.047384919237944474,0.01573727345302166,0.5558075477408924,0.16370564864051323,0.01602489156851683,0.07489771601687172,0.04790075496296346,0.07854124837927631
286,1.022172597504251e-06,0.03242709068854416,0.7652445315714242,0.13793682766353252,0.020517394362545443,0.006017411985726703,0.012555584747947247,0.025300136807682193
287,5.097072914771776e-07,0.024985993238883192,0.6336660341507961,0.2083930053835822,0.02881676891360383,0.04507026402073286,0.05906670687010827,7.177150020060378e-07
288,0.025082412658223658,0.08194168219491153,0.4833408602753053,0.0595487560779704,0.15265268912870722,0.0001660149269166282,0.011655006642136975,0.18561257809582835
289,1.2494887918511537e-06,0.04451079484776852,0.7152572614805005,0.06233381134918476,0.14878784617135302,1.2822910798085435e-06,0.029104998862968894,2.755508352598883e-06
290,0.0021361105555777133,0.044696923179555086,0.5850725064692636,0.15862846317951526,0.0807069812804016,0.024813816087729007,0.005822980987613396,0.09812221826034437
291,0.009690715111421526,0.23464225459931337,0.1842552391047279,0.20878505655150986,0.23847592064377687,0.10789108543920202,0.01625923175717651,4.967928720357774e-07
292,0.00024656591088230564,0.004753153513798563,0.18229212995171176,0.03953411420422247,0.7728589798324516,0.0002784544220830246,2.9093291803845224e-05,7.5088730464424435e-06
293,0.0012529996941838641,0.031138859272543642,0.36991131310582537,0.05804170300097396,0.5216085121086863,0.013983577640136628,0.004061264605791856,1.77057185849052e-06
294,0.4920240665705168,0.1958237702738232,0.2353063189558527,7.53051577410464e-07,0.07684251988155323,1.997166156761919e-06,2.8638767268658435e-07,2.877128472083397e-07
295,0.0003147366604006152,0.18022142250435916,0.004474198992259936,0.04319323012991321,0.7709123283384224,4.006374871196364e-06,0.00014195307192116862,0.0007381239278523446
296,1.6701939282781825e-06,0.21226522242854348,0.027747621826563224,0.25932254544643635,0.4578849361497797,8.607604156304135e-07,0.0161487674398846,0.026628375754448732
297,1.6953106585716837e-06,0.2736071013196246,0.036456169783054965,0.03059425413082955,0.6086873174876328,9.158192095199675e-07,0.01704521169244974,0.0336073344565402
298,0.009287935531885722,0.24261232132015154,0.04337023077223956,0.08569718869239615,0.5478686406135441,0.020457378419151195,0.0326499888249965,0.01805631582563514
299,0.007183847684069145,0.5609548269895266,0.05780362080360855,0.15689077360282375,0.12722534547658376,0.03913711579113889,0.020692114899789827,0.030112354752459394
