oos_period,model_1,model_2,model_3,model_4,model_5,model_6,model_7,model_8
200,0.12154892802543277,0.17334997733498272,0.06868515816809045,0.12948060565645436,0.07566949414516633,0.10249030749774393,0.27500967786245833,0.05376585130867105
201,0.1169635844479534,0.17859804962887837,0.08448857232242991,0.11804825348178218,0.06554459259808093,0.1138013635449019,0.2741201864884139,0.04843539748655938
202,0.11277686663306792,0.17960881612999374,0.09441361946937463,0.11304332498597748,0.06647736114591928,0.11773257672782528,0.2620109086218454,0.05393652628499627
203,0.18371382031226388,0.13628671371369747,0.07830877423922608,0.09234960837644515,0.06307990130887617,0.09761886629737171,0.27755802521890677,0.07108429053221275
204,0.17601724821319017,0.13401330998891442,0.07318779083373785,0.08366822196158905,0.07518739598620386,0.10202289602463885,0.28565459178069647,0.07024854521002932
205,0.160804276252122,0.14264011682817657,0.06993757223538143,0.07724264412098278,0.07977449799459004,0.09573904090912246,0.30822290176668665,0.06563894989193797
206,0.17539598664311062,0.13933187999276078,0.09095171569162727,0.06435706714189086,0.10935568334397676,0.10117079437579746,0.2923252534887953,0.027111619321040798
207,0.18385395431445878,0.15517337045771878,0.08892532064056052,0.08128010906755513,0.09613893246577096,0.07436727810023293,0.2937363694669645,0.02652466548573833
208,0.18450759508261697,0.173368856579994,0.0931261743156859,0.0814642112710464,0.09019496711220418,0.07711317754572267,0.2894514078097676,0.010773610281962208
209,0.20100416083457856,0.16870039125363334,0.08498805678733491,0.08139816856247815,0.08730696443125686,0.0728600193348894,0.29382211410519915,0.00992012468962943
210,0.18611205190066946,0.18815804919508228,0.09848944307665043,0.05976845351912587,0.11985494018457996,0.08146450957767697,0.2570269591312796,0.0091255934139353
211,0.18692176605353852,0.1879147832817066,0.09529670726221791,0.061012365376449475,0.12110253440601533,0.08199382891114096,0.2571183125627764,0.00863970214515477
212,0.20531309091094763,0.18809347787245317,0.09536247187422517,0.05187448859227684,0.12270722032960442,0.07740121773635865,0.2592480326831339,1.0864256339709602e-18
213,0.20470989008523674,0.14670972774601432,0.10489506536344691,0.05220593421019882,0.13807507486619652,0.06908862262760061,0.25067386685396154,0.03364181824634445
214,0.21727004866015545,0.18104887717018558,0.09320016906732177,0.047338017041121006,0.16014442999760345,0.06547028659324963,0.23552817146936303,3.814321710380308e-18
215,0.20000134888446447,0.18289217504549898,0.09570501225812875,0.05222202323370246,0.1618375980780934,0.07325887545096516,0.23408296704814677,8.273817828771732e-18
216,0.21191952520993346,0.16561289933265486,0.09511759426137945,0.06922111925967318,0.17463738265470458,0.06847956088347232,0.21501191839718214,1.9161374191975706e-18
217,0.20488551384429576,0.16602822929864816,0.09308328375758955,0.06278703000466819,0.17276614821811606,0.08058235434499313,0.2198674405306891,0.0
218,0.2182128982501039,0.16955482631203006,0.0998875205135558,0.05566224770037661,0.17722785989251397,0.07755363509328218,0.20190101223713744,0.0
219,0.21619372763092867,0.16666473158176326,0.09807610404424899,0.059628989743706,0.17718963396266832,0.07842258835719074,0.20382422467849398,9.431658928107998e-18
220,0.211035004175682,0.16706284318791423,0.10077885248024951,0.05767222363282148,0.1834912189598656,0.08832038701771452,0.1916394705447526,5.1635657860162545e-18
221,0.2354966423517354,0.190057273526876,0.09470221542887698,0.047974409053333306,0.18624502979269275,0.07878347196550489,0.1667409578799806,3.873481667790041e-18
222,0.22683707607740028,0.20723420595061656,0.0860957630128357,0.040575615622868946,0.18305602596678786,0.07927427311729558,0.17692704025119502,0.0
223,0.22882956777568159,0.20544069433298812,0.0855767962815431,0.03633788108653158,0.1551370632370205,0.08054015645973137,0.19817270483880936,0.009965135986694407
224,0.25414804243274614,0.22242594876357566,0.10461839685890312,0.007006013199255128,0.12701308946110831,0.08093955269788865,0.16374857523624592,0.04010038134927689
225,0.2752454442030752,0.24149711250628753,0.10144075612915009,0.002022148957370534,0.13353909660797103,0.08559561464422485,0.16065982695092085,9.597942083565694e-20
226,0.27367189162882116,0.24016340504095432,0.10178384778711992,0.003699185757770755,0.13511495720624245,0.08483772274946302,0.15907478880367823,0.0016542010249501035
227,0.26624149756630655,0.1958392945729663,0.13470148025139203,0.0407379402398336,0.13680348495750988,0.0932732229683687,0.1318115096541248,0.0005915697884980168
228,0.29290935949221797,0.2165527801498616,0.1217383467882151,0.011106737050089568,0.13237303248451313,0.08297541801676125,0.1423443260173413,4.964142466497269e-19
229,0.3028135915944328,0.22063147703561056,0.1302896836832393,0.012478358403476093,0.09813315138104395,0.08647093429158936,0.145981328180779,0.00320147542882902
230,0.30055834957023725,0.2169234603624283,0.1306770551034924,0.013956883211206134,0.09902816310598153,0.08685466306972214,0.14720844980284015,0.004792975773092034
231,0.2511344919144774,0.21136342328300003,0.1156637879800551,0.02004888673142304,0.09910904709498675,0.12200381526983528,0.15383764250616644,0.026838905219055877
232,0.2472212880462366,0.20028736971576205,0.12250419703458221,0.024226671242964133,0.09438975458037366,0.12921672057580436,0.1473147985042625,0.034839200299014494
233,0.24925937504540022,0.21243736528836557,0.12110673589220246,0.002502446419170897,0.0940352436670106,0.11243667046327027,0.1590493696472253,0.04917279357635461
234,0.2547187639707435,0.22062731036558708,0.12752189086179125,0.0,0.08511301086329806,0.11176729485181372,0.1587498088903218,0.04150192019544454
235,0.23572419982090254,0.19419142349930074,0.13742024423317475,0.030185959128991906,0.09057489775706921,0.08513086677263774,0.15375534101184646,0.07301706777507655
236,0.21389082049203106,0.19825465168130862,0.1347525919953608,0.04173101761758196,0.1114662047949292,0.1015161693185876,0.1672567309630179,0.031131813136182778
237,0.20005487424844312,0.2439643225897921,0.11580094478581203,0.03155405076654061,0.09588534951676621,0.14361635681411536,0.1563151941502281,0.012808907127302522
238,0.19076043096975623,0.2560527591593216,0.11370409483533929,0.027550524802140652,0.0914870844876126,0.152137290496158,0.1511581785489305,0.017149636699741105
239,0.19640081402266693,0.26469434343607556,0.0869934724446338,0.03460700500200579,0.07694682571634688,0.1667830294082673,0.15022832417574686,0.023346185793256743
240,0.1230318684655651,0.340266802310098,0.05326697699067546,0.0824684321983228,0.07383108049866084,0.15053341981641455,0.1218615478375132,0.05473987188175015
241,0.14896063544672744,0.2850605117373462,0.0698175086117029,0.055326316235552814,0.0952932710661903,0.15634444934900524,0.13855700316895164,0.050640304383523446
242,0.15040443158878677,0.2841863961844861,0.061649252396142655,0.05513989992077809,0.09165819527078466,0.1621465761448654,0.13663220743247873,0.058183041060677655
243,0.08523228216097602,0.2886694884452479,0.03872304986791739,0.05338338310887118,0.07464832943166727,0.17401728041463024,0.17949147826006578,0.10583470830962415
244,0.0721014188992237,0.3463274341923167,0.06849236043983466,0.0716544342872228,0.07194410857331737,0.12373492391592442,0.16860888168275492,0.07713643800840543
245,0.0777626950014161,0.3537824883439385,0.03648157368932867,0.0379012930006723,0.07226038766311163,0.1288031401506919,0.1841163728985253,0.10889204925131549
246,0.06135515138165741,0.37711173495658606,0.04948256712585831,0.039208674713541815,0.0529203842796798,0.11661038525897512,0.18007044734197225,0.12324065494072928
247,0.06876882499717257,0.36283143860219663,0.06228429869704708,0.036170440237216495,0.05570937625626432,0.09791503195494786,0.18430264011018968,0.13201794914396525
248,0.08008900035626834,0.34353026437373657,0.07203117325438524,0.04556298802904806,0.051264462561469076,0.12116944793495756,0.15934335709263694,0.12700930639649816
249,0.09462744508971829,0.32533341380427033,0.020912302947336807,0.06494437030152471,0.0783632944739961,0.13920094290386603,0.12013155689427425,0.1564866735840134
250,0.09225840000663466,0.3268485876978594,0.019862956960746393,0.06633496088822341,0.07733559691870268,0.13091561101855767,0.11375628964650697,0.17268759686176874
251,0.09659438843931066,0.3289673918215917,0.0145292623299203,0.05568199327391821,0.09281828902728881,0.1157099413315141,0.11254617624733095,0.18315255752812526
252,0.07599642658914389,0.3293211833708834,0.014657423547753613,0.06966824439665428,0.08431636994139952,0.11148175024057368,0.11657631893434484,0.19798228297824672
253,0.08096460826464344,0.3277977253040027,0.029742937224988525,0.03818720073661331,0.06151268700455355,0.11704270266948688,0.14296932018391925,0.20178281861079223
254,0.10255119249653921,0.3336030486849678,0.0,0.0754396015472671,0.05152647503150123,0.1071330266329999,0.1498252791570154,0.1799213764487093
255,0.1067322643033695,0.32262862866552955,0.0,0.08962843259379669,0.03856961237518285,0.12219763289920245,0.13843179736275438,0.18181163179916446
256,0.11174879691464308,0.3264023939030166,7.307141477718728e-18,0.08631245371223642,0.035875379692837925,0.11478178480724995,0.1409861597316323,0.18389303123738365
257,0.11037476334456459,0.31153030770092016,0.0,0.07677313369074258,0.03979631006942758,0.13139316977760324,0.14023357492310384,0.189898740492638
258,0.1253759972379067,0.30751044460367233,7.837291458470784e-18,0.06623460533215869,0.03265389093232387,0.13246539833817655,0.14664415694855065,0.18911550660621118
259,0.12185132364353338,0.3030482166379216,0.0,0.07233932809959955,0.03449806356867795,0.13406635410694293,0.14547328512978944,0.18872342881253507
260,0.13351656508367613,0.2856907860988658,1.8927116642500922e-17,0.06803902852305131,0.05068945633544414,0.12041187815120256,0.15049671719362892,0.19115556861313113
261,0.12773123468578595,0.2893510035835042,0.0,0.06967971814429749,0.05021729380928104,0.11991877301616805,0.15179958880377917,0.19130238795618387
262,0.1030066563606583,0.2992285644766841,0.0,0.09285070677961625,0.04174154420080676,0.1435833222368961,0.14256307524621126,0.17702613069812717
263,0.10061148666696156,0.27828986048486115,0.0,0.09378533192686839,0.040754616859915334,0.1586866570866002,0.14850138164867974,0.1793706653251135
264,0.09937839151061112,0.27097079088531645,1.0282966744767121e-17,0.09658787047101569,0.035121345031829974,0.17425649279805216,0.1603869203961128,0.16329818890606176
265,0.10313447283920468,0.2709814987556643,8.060632705401715e-18,0.09419613753297645,0.03423168606075537,0.17316092329641966,0.1611706626923123,0.16312461882166715
266,0.1007193228259865,0.27399273575519667,0.0,0.08833350420851754,0.03886945566936903,0.17411581104327978,0.1583657974479967,0.1656033730486538
267,0.09975579794805718,0.275735831272089,0.0,0.09173350458911365,0.03797906148716603,0.1739017419763607,0.15781050336600894,0.1630835593602044
268,0.09199381435868037,0.26149659450509655,7.441290320739993e-18,0.09691981927446304,0.039034790765354,0.18076573483263958,0.15837715360524746,0.17141209265751897
269,0.09135660193079036,0.26131805610418407,0.0,0.10452863767585967,0.03248770228214733,0.1849243082572922,0.1530262341708306,0.1723584595778958
270,0.09375009982757476,0.25685957072863047,5.692723150033248e-18,0.10245914273076903,0.028796122451549465,0.19015218579287663,0.1530867037719995,0.17489617469560007
271,0.09480058156790487,0.2506793707426257,0.0,0.09380732006391927,0.024418259880924022,0.20494431036881214,0.16354086761952233,0.16780928975529155
272,0.09329379650456339,0.2510733337653598,0.0,0.09867736724172965,0.02257404704076634,0.21474190169209914,0.1567530581068426,0.16288649564763913
273,0.09290491109215213,0.24830338085649453,1.3064828084339378e-17,0.09832567294583067,0.014749222518767719,0.2132170829886329,0.16545454074552718,0.16704518885159492
274,0.08016986164898723,0.2513142128271399,2.352013625537052e-18,0.0993490627670213,0.023924542880738215,0.21549894636997388,0.16060630208556326,0.16913707141957626
275,0.08341552917348836,0.2537544775815558,2.7315647878621394e-17,0.09586145627948474,0.03162704945660473,0.21366088777952333,0.13706241689822918,0.1846181828301139
276,0.08345990063691001,0.258688626319985,1.1405550097673964e-17,0.09641200478659075,0.03227693572017327,0.20916388157711044,0.13698496199931612,0.18301368895891423
277,0.09039976829601681,0.27025359656932707,4.7579799410917004e-17,0.09563133609631148,0.022007471777111598,0.18783524142526287,0.1454352836322014,0.18843730220276877
278,0.08810343282390491,0.25154133943356544,2.4703163695589854e-17,0.09219067803234932,0.024559580407399605,0.2202067450283965,0.11595537554510328,0.2074428487282809
279,0.07571227617688002,0.2539734128970251,0.0,0.11455586622483639,0.027157229255070737,0.22190405115337217,0.122906775623036,0.18379038866877956
280,0.07431024928604452,0.25727038201173746,1.2065999794398782e-17,0.1165492464408145,0.026931192663813112,0.22020526967390924,0.12377440842742381,0.18095925149525732
281,0.07950047254613056,0.25414171764075816,0.0,0.11586545016875556,0.03317321213016975,0.21660299211100978,0.12613665800845705,0.17457949739371906
282,0.08272988874197694,0.2162229570156317,7.246684501108512e-18,0.12930015113232265,0.01661952958012625,0.24664410172315168,0.12284098222341291,0.1856423895823778
283,0.0941940832695521,0.20761474677259248,1.5979011852140378e-18,0.14258289639714083,0.020366620792555617,0.24456638051169893,0.12754467388081764,0.16313059837464225
284,0.08134118779831512,0.19340128085836664,0.0,0.13690850914610206,0.04017857859696485,0.24869974559373872,0.1196332856898587,0.179837412315654
285,0.0934371138065575,0.1924426403828616,3.946114743017025e-18,0.1334928509942366,0.02436303470555259,0.25019692756226924,0.13071162357817762,0.1753558089693448
286,0.10046195393564994,0.18225700888151014,9.983580302582429e-18,0.12345976912076212,0.017875984462974833,0.24698305537697918,0.1276096991860252,0.20135252903509854
287,0.11171391890833163,0.14070965673046343,1.1464497008662266e-18,0.13134118557185454,0.03712897715127849,0.22486158491374805,0.14325036248114756,0.21099431424217613
288,0.08753301492275732,0.14380527469181517,0.0,0.1302636770946515,0.04017129230053269,0.22977840238879044,0.15722397875404884,0.211224359846404
289,0.0860196528277574,0.13326073706062994,0.003949850397541769,0.12059129337773114,0.05285704960577412,0.23042399909955683,0.16297297547300474,0.209924442157004
290,0.0999109769022447,0.1284500800807881,0.006818362898085726,0.12126790588536361,0.04371992949850141,0.22703864540785046,0.18348878666376034,0.1893053126624056
291,0.10399857583639556,0.13991189054153952,0.012680342073829495,0.11845966968990637,0.019732371369427175,0.23364958413062278,0.16716762374607774,0.2043999426112013
292,0.11162638824376761,0.13148440432404354,0.010184879419597405,0.11610769507370888,0.028498490342449376,0.23130500106913718,0.16969711993685968,0.20109602158943626
293,0.14995275083584922,0.13371909846758356,0.06515572026545248,0.13176479574874095,0.029753420902344868,0.21223478217725644,0.12881096129733105,0.14860847030444133
294,0.12661191913166117,0.09010543152273522,0.04171300576457015,0.14031324056968436,0.07258740088510893,0.2159518276724806,0.13416340609637856,0.17855376835638095
295,0.13977421315353644,0.08860512313177471,0.05639994568091897,0.1686830090301364,0.07451214185914615,0.19963678800938406,0.1200618057290739,0.15232697340502932
296,0.15067575381409268,0.03504962717052787,0.03822881505624703,0.17230181772077968,0.12557267473808845,0.2230674840491834,0.12818714627012887,0.12691668117995203
297,0.1429855015094567,0.03725985640638818,0.027532187834662172,0.17389987979898533,0.13317087015403206,0.24835888803605424,0.1359763848559262,0.10081643140349512
298,0.13040647876981612,0.05099891146703995,0.02044988224215137,0.17975245046679694,0.12613955067149726,0.2333031335173102,0.15214064012637207,0.10680895273801604
299,0.11054064114861879,0.06043675445762309,0.05429938482279978,0.16040215559907145,0.10967307374350342,0.23639395606334018,0.16618687931615486,0.10206715484788835
300,0.10854788236463295,0.059953184903283815,0.05546612338767666,0.16129235833850933,0.1114017075164266,0.2355049932651708,0.16725512783501637,0.10057862238828341
301,0.1076747726575364,0.06522205556178795,0.0631704856359841,0.15190037172829648,0.10364371109589707,0.25034786726858477,0.18397826702258202,0.07406246902833116
302,0.1288176984034682,0.06044115905048683,0.07621074546457844,0.13398180861110215,0.11363170148329597,0.26542192977507717,0.1645638195545678,0.056931137656423485
303,0.12386322584623793,0.06900088881419311,0.053593563756888715,0.18057286755043264,0.13730261141423564,0.2553273965924522,0.134904861342244,0.04543458468231573
304,0.12591316651755308,0.08295907251614752,0.0693382722830791,0.15466107800204915,0.15173645962420615,0.24345289360166447,0.12575606786711782,0.0461829895871827
305,0.12611085409284245,0.08793183501620319,0.06913520255926715,0.1592030468481999,0.15242533271337233,0.2391438735913164,0.11854011332548035,0.047509741852318155
306,0.1194242659145398,0.08046177162157368,0.0509526142402404,0.15396626592779644,0.1593120281655834,0.2771391159526475,0.11505620045112541,0.043687737725493336
307,0.116462305607134,0.07007903611199909,0.06541774034433633,0.14246151028517415,0.14897025344394707,0.289416803431763,0.12989998635086056,0.037292364423785695
308,0.08036912710214113,0.07283669491096054,0.06731732013576458,0.13282256401450385,0.13497600421877767,0.3151788308257294,0.11720300955051396,0.07929644924060884
309,0.07518767474087368,0.06623894428683041,0.06864198499614753,0.1393441811734154,0.14309794854954733,0.3244610599714118,0.10790880698401517,0.07511939929675862
310,0.07142420122138728,0.054010020835896226,0.09426409857734672,0.09404465427662259,0.11642884125014824,0.3531021920903909,0.115630276464078,0.10109571528313005
311,0.08003480225905327,0.052776365942305246,0.09446814257087491,0.09507120415327541,0.11284702382645515,0.34892514501599736,0.11563050729066679,0.10024680894037187
312,0.08813802192471143,0.05284809246146153,0.09192007442216632,0.10054062334600546,0.11705267414580417,0.33065280231569527,0.11912999048675851,0.09971772089639726
313,0.1118480201910203,0.056009051717007007,0.07493867599573441,0.12683107428878262,0.10575353843352564,0.28332608592316744,0.1458706796460346,0.09542287380372805
314,0.12737715424800236,0.06103447750552895,0.09664706646921814,0.1207536555213627,0.10539525873721703,0.2565388700057918,0.1291212619397339,0.10313225557214507
315,0.13279362793634017,0.07295367701431704,0.10294439487777225,0.1139873398273965,0.09554677402500854,0.24650358677771558,0.13264069469632725,0.10262990484412264
316,0.14137430555680536,0.06390784249196171,0.1115761777391834,0.12661169850533782,0.09028846568673696,0.22647699386003278,0.1313574015911297,0.10840711456781225
317,0.1445175232892608,0.05978158158548004,0.11418826186348974,0.1276242816665652,0.09588460961420975,0.2307381654617853,0.12729662958454002,0.09996894693366908
318,0.163015318103339,0.05167344373329488,0.12401166498326915,0.1351639257165519,0.08555299811783645,0.21122103497313474,0.12657230637525807,0.10278930799631572
319,0.1618132440027775,0.05154122195465197,0.12370813744891039,0.1349483236971598,0.08762359781339911,0.20964519059877676,0.1275279613920865,0.10319232309123791
320,0.1639790001399364,0.05597963828739889,0.13041533574662514,0.13504806461675464,0.0799026242942995,0.20959271732712062,0.1278940380608484,0.09718858152601632
321,0.14718430916742128,0.05085964505906952,0.15809476094021765,0.15364810818992994,0.10256601258892635,0.14191663619298997,0.1438585598365302,0.10187196802391499
322,0.11177693255075836,0.053077934942357415,0.16011745195761426,0.15830710569387452,0.11604550529933111,0.14522723665646278,0.14793697051400603,0.10751086238459533
323,0.10273304130784262,0.04681385015579112,0.16114445227857968,0.16503066617738363,0.10985940038143056,0.1542090832541368,0.15079160215888263,0.109417904284953
324,0.11183121248747353,0.0447620865304955,0.16961612978754487,0.15581544805808403,0.11372789787263968,0.1522696152459929,0.15499775399379412,0.09697985602297524
325,0.10057977907557165,0.041498632716450434,0.18119337115882683,0.1525554915981842,0.0736221300872183,0.17280324878787157,0.19660279306177553,0.08114455351310147
326,0.11556763809313243,0.03654667829027485,0.19418384666589156,0.13789220986400874,0.06386534631931912,0.18083425630281771,0.18738041160995517,0.08372961285360034
327,0.12281913556388885,0.03776109461012858,0.1527807434025206,0.15083275825004328,0.0726130185421027,0.1883157028011259,0.1775024861307026,0.0973750606984873
328,0.11835166201142332,0.051738566461599765,0.13366966735019,0.1736142258958055,0.055366219078892165,0.16665551925375316,0.1982901958603989,0.10231394408693711
329,0.12075198498487806,0.05331801572074013,0.12241814256977736,0.17520107808156596,0.0628528069590874,0.1663090988624118,0.19618099993736487,0.10296787288317431
330,0.1232151731213472,0.051263549936537464,0.12166491473412282,0.1782431519512814,0.059521160055674004,0.16470339513361748,0.2003270648974961,0.10106159016892347
331,0.13587645654539404,0.05171718754440041,0.11108618457348642,0.17890284890743374,0.056475413926027715,0.16068609425730765,0.20208117766609948,0.10317463657885041
332,0.14507687820768425,0.08374146424209804,0.10215004207850711,0.16485481721556414,0.06877064762214127,0.15205829936964563,0.19117429991052395,0.0921735513528356
333,0.14253414524275,0.09952621810728872,0.1098536327200311,0.15442272736213872,0.0684915355583266,0.15881603216731086,0.1603657722342874,0.10598993660686651
334,0.15662193887725592,0.09590292844765987,0.10993227256954892,0.15067904657174058,0.04579634909198764,0.1834952677988959,0.15443913328808806,0.10313306335382309
335,0.13677192217402415,0.11836566333777447,0.11363170791340317,0.1491317958716268,0.07104324693641308,0.16462411390527423,0.13133208004498612,0.11509946981549785
336,0.1380158329813416,0.12071824606016328,0.11292195311432571,0.15044417967150164,0.06939469978492534,0.15903543071107876,0.13264004769593515,0.11682960997972848
337,0.13501474294488297,0.12533940853099937,0.1094184188499587,0.1562487664834141,0.06578158734881287,0.16928057514923867,0.11571027808356801,0.12320622260812544
338,0.1286952870037372,0.13286295758736213,0.10159080224418156,0.1535388737020677,0.07443608575977878,0.1733410875188453,0.11266736348359689,0.12286754269943045
339,0.12634640065461264,0.13434232132391247,0.10226569304517803,0.16903026897026607,0.059413523828707134,0.15935630389156458,0.11909030491833908,0.1301551833664199
340,0.1298577608794881,0.1388055322926995,0.10164141850682164,0.17092773365371847,0.058201314943953135,0.15794785881341275,0.11465327656598748,0.1279651043429189
341,0.12403766244912647,0.1396425422398834,0.10444323762403271,0.16600216753376804,0.05775604917349558,0.15481737407852006,0.12337667997705115,0.1299242869231226
342,0.10305237802359964,0.15411917827043284,0.11788077481954806,0.17350652660752938,0.05050049781506054,0.14863895450122105,0.1225160302239104,0.12978565973769807
343,0.09548033499476954,0.1630145141355265,0.10507820491231626,0.14875180813277297,0.07350369332849442,0.10958755018486142,0.14215693900495444,0.16242695530530435
344,0.12351332426553974,0.17567706841130706,0.10929319489406857,0.12404319017157454,0.06970499891919049,0.12260075796308129,0.1345628610541245,0.14060460432011387
345,0.13824117939061695,0.18259650053656162,0.09737883977682818,0.10207552103593624,0.11754649894493625,0.12371873146017984,0.10566055642503634,0.1327821724289045
346,0.1365152963468833,0.1765280148725553,0.09986548129447606,0.07727737901849345,0.1251941975091826,0.13066889077944874,0.12644316677256343,0.12750757340539715
347,0.13853784667906374,0.1839474476903453,0.09522493497367132,0.07915169258389118,0.11970663420178325,0.12146030859203509,0.11877690865377735,0.1431942266244327
348,0.14725783210835003,0.182078649685734,0.09586394072068669,0.07542934869715719,0.1254951054102638,0.10516982755928354,0.11631515848122573,0.15239013733629894
349,0.15195139453997591,0.1802578114321443,0.08696260461635404,0.07827551210575168,0.11349524165842724,0.09573956779918637,0.14123702966497842,0.15208083818218204
350,0.16193742237339,0.16255689631900472,0.08181890547824017,0.09556572258296221,0.09372906271804758,0.09410835835703125,0.1614888966675406,0.1487947355027835
351,0.1632735927448107,0.15233703165859555,0.07572266946194922,0.10484895222258332,0.10350653222130014,0.09114375367093679,0.13807219821394767,0.17109526980487652
352,0.171653691417555,0.14467854343223444,0.07290640546090756,0.1043056010531579,0.1040502403091904,0.08915201538747722,0.14311653679292158,0.17013696614555598
353,0.19225533041797188,0.13452772989224412,0.06221188570330708,0.0913114019070094,0.11679549435865072,0.09078540263568974,0.13357987389218132,0.1785328811919457
354,0.18982276970649953,0.1255365524074739,0.06769536156788646,0.10505687319932046,0.10130609204634668,0.09972850875387179,0.1236941955172872,0.18715964680031388
355,0.18863308411316335,0.12090034271487261,0.06274919148531204,0.10293828400253437,0.10672231398542577,0.10384215190089773,0.1373252874513646,0.17688934434542944
356,0.19158830449070505,0.12914430736142538,0.06350600854334397,0.11243704243492839,0.10261484016611361,0.09625963919283624,0.13318544725427933,0.17126441055536784
357,0.1922538590942394,0.15115778791378298,0.034683650608673344,0.1299978552144856,0.11763123475068474,0.07841589055474958,0.10527767255102345,0.19058204931136083
358,0.1972177843911572,0.1372188399664657,0.045953949574466815,0.13368296240532068,0.1233305459913738,0.08035566488319493,0.11149937840651136,0.1707408743805094
359,0.2055363226120092,0.14150883786320573,0.04923446804456639,0.11195717128335483,0.12374160088176178,0.07817685342792749,0.11894482825740584,0.17089991762876866
360,0.21795264691346444,0.1923061742304891,0.006776944195761683,0.16652318202707686,0.1348268206347639,0.04405529637418792,0.1011599006801883,0.13639903494306782
361,0.1986000271900106,0.1819880437164813,0.025548812338194483,0.1521350251242464,0.14740832929011127,0.03992385239279541,0.12367689900555903,0.13071901094160152
362,0.1943778875744217,0.17168662229591808,0.030613632323086174,0.143368104981049,0.14413023273240214,0.048917415898972395,0.12402813202809083,0.14287797216505974
363,0.18079124528940843,0.1682516520396311,0.041814676276207136,0.12593044073675272,0.15421055085816934,0.0654909235355546,0.11070525624663623,0.15280525501664038
364,0.13420537568652904,0.16535719175347754,0.04942435994230583,0.1173299894117893,0.17616772906245048,0.0788504987978702,0.1222933972767936,0.15637145806778394
365,0.13897937782016362,0.17827886717867744,0.04343101836657122,0.10904892097979267,0.17790739590006666,0.08114623152358807,0.11921511189857154,0.15199307633156867
366,0.12076586247758127,0.17074139565162763,0.04612940314383336,0.11821483472122855,0.18230695710073888,0.08236353101086763,0.12349639599491387,0.15598161989820875
367,0.1206709415702759,0.1724478871492347,0.051537840987239986,0.10892363244168686,0.16704006858468032,0.07422325585067646,0.12865234926638275,0.17650402414882288
368,0.10794749619803047,0.18382655103133286,0.051728212407244845,0.11498083452364605,0.18588107355251393,0.077538032871775,0.10810782289972325,0.16998997651473366
369,0.10502044882942013,0.18498094743694932,0.050802159945589495,0.11731919869104664,0.18574984993467505,0.07276110656078602,0.11269247144268944,0.1706738171578439
370,0.12334073954595713,0.1550781427578215,0.04975824264577789,0.06079867283088845,0.203459265891404,0.09440727820160073,0.1059673186855563,0.207190339439994
371,0.13615701310943468,0.12501402699510897,0.05033394748578111,0.05798600230065657,0.21286503824120565,0.11123392786388447,0.08902193164794046,0.21738811235498803
372,0.16317005632960385,0.13305813338814798,0.05488442894389651,0.03885363152746658,0.19315948600530028,0.10303948801830672,0.1063155993659671,0.2075191764203109
373,0.1764865689284934,0.13535393999733786,0.05933335130680856,0.01920858508189337,0.19675019723827988,0.09385430594162758,0.11919110315909487,0.19982194834546455
374,0.19157452920835608,0.16159646859000776,0.06300057319750968,0.02750097510222352,0.1813067750591991,0.08811956595045327,0.1171029113950381,0.16979820149621244
375,0.18767736656806408,0.12057617633720938,0.0857946426045598,0.060236699258413524,0.19165852023483845,0.07802476273482069,0.09238024300951694,0.18365158925157712
376,0.1843780109021518,0.13669819877874242,0.0698905839905692,0.08520798353455308,0.16412462019563617,0.05438125172597153,0.10357514156199861,0.20174420930937711
377,0.17879802067254377,0.14690012570139976,0.09773343380934371,0.06257786725142239,0.1535809415361379,0.05168609555907115,0.1183044947077991,0.19041902076128217
378,0.1811229696385268,0.12090378213703429,0.10660599485998525,0.04269302489817053,0.16730472571213292,0.05921793568154298,0.09462984515788189,0.22752172191372533
379,0.16272545516606868,0.1267946334087545,0.12319514528901784,0.021267977071743188,0.1510381027344855,0.0713931981578975,0.10699106895814618,0.23659441921288651
380,0.16658537319932867,0.12956953809226338,0.1350186014349803,0.01816692208533847,0.15481080004988218,0.06793189593540375,0.10933155598319555,0.21858531321860764
381,0.14286906289330165,0.1372367145164342,0.14424165454807195,0.029511520631020968,0.1450924957309344,0.07658897205339041,0.11158467625395943,0.21287490337188691
382,0.13513206986252754,0.12399266351765412,0.12005550503798205,0.04852908690434489,0.16066407833839116,0.08253543501946668,0.11875499527088695,0.21033616604774658
383,0.12615883080138485,0.11113856719878663,0.11402565976777099,0.031638693046975336,0.16457091515706337,0.09125362979422315,0.1476495587895213,0.21356414544327432
384,0.120563179964856,0.05751580475105095,0.09648688878130657,0.0853289774527403,0.1821976618037808,0.05381763025636391,0.17995386776371322,0.22413598922518826
385,0.11158329767880228,0.04371932179598492,0.10778049911131514,0.08025818325838473,0.2015092065216181,0.059000403926245934,0.16680445334223654,0.22934463436441227
386,0.13471950605423064,0.040504229032282006,0.10481981509418202,0.07095953559985538,0.20058250164021107,0.05079106194319812,0.1681579266328793,0.22946542400216124
387,0.13841871110671555,0.05276171790894916,0.11848276930232723,0.047671286396202356,0.203301047409551,0.03428401050709122,0.19771868473923362,0.20736177262892985
388,0.14531880918348014,0.04187242638725844,0.13455103191838422,0.044949756505111946,0.19303019056711945,0.029170130342880792,0.20576737195332329,0.20534028314144168
389,0.15124491230591675,0.045154808511783946,0.12448839825863067,0.04789265249810848,0.2032487304064528,0.0317741923578683,0.2049769704286574,0.19121933523158163
390,0.15879235774507028,0.021372749897593094,0.11683069559033936,0.05446673510381719,0.2078517487446102,0.03766442297958147,0.21304406437272785,0.18997722556526034
391,0.15524784464752023,0.00807883133032114,0.12516577588473046,0.07461245679480157,0.21200117677080346,0.021629592781515355,0.19610426468757983,0.2071600571017279
392,0.1586303438479929,0.0019332195915150354,0.11273283466676598,0.08188858918552601,0.21106080854850992,0.026473813588137624,0.19565137602494284,0.2116290145456097
393,0.15423757386166773,0.007675232380572398,0.09414738952103674,0.10538712817509759,0.2038563314294468,0.04924655057680311,0.18185353404431245,0.20359626001006317
394,0.1527809309613278,0.0007168728608561192,0.10426749478335628,0.11296736073590151,0.19911497359418628,0.056077246689301724,0.17754522043225254,0.19652989994181772
395,0.14885843535646995,0.0,0.11853276744520357,0.11554481442256956,0.1630640781297068,0.055335965282100295,0.1988793459708196,0.19978459339213006
396,0.1455279479326342,0.004319362977912136,0.126182016409687,0.12796571669500303,0.15136109896621708,0.06031437115101498,0.18687007899166014,0.1974594068748712
397,0.14849179330889267,0.002826748609637352,0.135591970833616,0.1379655169450678,0.15907169385686729,0.05495855114424488,0.18979550626553568,0.17129821903513825
398,0.14694562794443602,0.0018040298073244492,0.1314058441747751,0.1377496358041861,0.16321124184240565,0.05743440846424399,0.1925486939438822,0.16890051801774644
399,0.1506374177764556,0.006643385492966212,0.12789544790307955,0.13898114403917602,0.16134964930100795,0.05361547102139953,0.19007744479824673,0.17080003966666846
