oos_period,model_1,model_2,model_3,model_4,model_5,model_6,model_7,model_8
150,0.06262416029050351,0.07714236187291552,0.3830450761031218,0.05944853933595669,0.11884525472514625,0.14828007339423713,0.08075249219261965,0.06986204208549943
151,0.06171860370159538,0.08385563049233441,0.16713310481633434,0.05786711990224176,0.12800235091103396,0.36816112849168714,0.06067664683254099,0.07258541485223204
152,0.05759840736639392,0.10066847962926677,0.3656320693307663,0.05842747633910711,0.09853735689489393,0.17553196081479822,0.06485916611316724,0.07874508351160642
153,0.05842973694353748,0.0680529449268918,0.3715223879913249,0.05822425372407827,0.17844753042737074,0.08601132613591542,0.07421320700035186,0.10509861285052949
154,0.01898325349809991,0.0199116512661228,0.3035809230135224,0.018750000000000006,0.023979568003297314,0.03142421822882279,0.2898983049924812,0.2934720809976536
155,0.06103974198441109,0.06136505087435066,0.06856620794224266,0.059783974979696494,0.10601912435573965,0.08890630256582562,0.38620211750238237,0.1681174797953515
156,0.06244086705391618,0.13977360278130524,0.11070137749733748,0.06383017170072987,0.377086000008135,0.09121675240517692,0.05881538661405125,0.09613584193934797
157,0.07075615162761005,0.1729718699062061,0.06383719030671442,0.06399172432097587,0.3729703843449062,0.10140850621063865,0.05837810333664629,0.09568606994630233
158,0.06540741885497195,0.20201760914054967,0.061627738633043855,0.07062133745637274,0.3489338157657435,0.12862108939828942,0.05582421792511026,0.06694677282591867
159,0.07703413325542045,0.39495751962521836,0.06730251057450236,0.08943695880237788,0.16738029372859695,0.06901449443419712,0.06071423646017945,0.07415985311950744
160,0.07902456836169505,0.384343757306173,0.06670316845276086,0.11868697935257652,0.15465135539606564,0.0610237557416321,0.059586524213780884,0.07597989117531605
161,0.06682709014750914,0.37766415888790034,0.0654109699540232,0.171161041589817,0.12847895256469288,0.06183042647145472,0.058876816881839406,0.06975054350276327
162,0.07184741312373893,0.3910013511708804,0.0665941843119214,0.12567563447246488,0.1485669514641378,0.0655776485842775,0.06029389356190605,0.070442923310673
163,0.08405060252824727,0.3916049023420142,0.0732132771809547,0.06988992055957051,0.15140942356360954,0.10659240564315607,0.06288144730860858,0.06035802087383901
164,0.1336923882897522,0.12100150922117449,0.06538347331942601,0.08805624082108171,0.32716216798175624,0.15564520519869687,0.055548035942839226,0.05351097922527329
165,0.3528144472725127,0.1736636799404281,0.072924161903355,0.14405580310242694,0.06720433012916227,0.05683078148782024,0.0762702611922464,0.05623653497204835
166,0.1913454063403663,0.3666645333700292,0.07568737493706501,0.11322602942707935,0.07141453131257725,0.05970852737966918,0.06424549056264815,0.0577081066705656
167,0.3756848619937524,0.19221211563213084,0.06746502489049128,0.09496535016436762,0.08311228706376635,0.06087460426791381,0.06701923940074145,0.05866651658683619
168,0.12596568593888846,0.3883974888474207,0.07239941382062648,0.1473272221737046,0.07741329899980676,0.06659991553505488,0.06001723319003845,0.0618797414944596
169,0.10031074535626094,0.4027217875208968,0.07926441611617421,0.1473440754322149,0.07614352269424475,0.06990422749801818,0.06153918992409529,0.06277203545809486
170,0.11465343175615964,0.4230251929283918,0.09105651942661586,0.09021090053754606,0.08660700565862324,0.06537351310175298,0.06369642674864164,0.06537700984226874
171,0.062075407141674956,0.4035279273334629,0.15488640046753527,0.0659542978230078,0.09531093618609124,0.06865935657177383,0.061624842279180435,0.08796083219727358
172,0.06257056997857068,0.39922965396681964,0.1664549196690783,0.061168150733974594,0.09649424365079728,0.08231424139179405,0.06906944529986417,0.06269877530910122
173,0.0634469352494477,0.3953888756471591,0.17360270463665023,0.06653723004518802,0.08590160697318593,0.08103587841747571,0.07332670099338266,0.06076006803751065
174,0.06386012078304372,0.3860168867662982,0.1921041362548608,0.06316716061804759,0.08804646057457695,0.06776437243498368,0.07927656834926997,0.05976429421891919
175,0.06907628740481832,0.37460808000524937,0.18818776496041467,0.07141989175821044,0.09618818902666637,0.05855210850055775,0.07908380211708671,0.06288387622699645
176,0.06813635982505514,0.36753697215452236,0.1939779116452625,0.059308643315060985,0.10033771669244529,0.057800803291418,0.0836081064956496,0.06929348658058605
177,0.06850533810732529,0.3712827300307584,0.17733258897821702,0.05819879006279891,0.11166651599292435,0.058940450113413,0.06580466453919595,0.08826892217536715
178,0.07877052979045289,0.3675016709953078,0.18439850251334364,0.05779705254325146,0.1112794097830279,0.059474117525363066,0.07441904618429011,0.06635967066496312
179,0.07397941006073436,0.36992585094587627,0.17614012744158164,0.058054621662999344,0.11447420680215017,0.05997389899102063,0.07952039945138653,0.0679314846442511
180,0.07625092962718005,0.1843026179019382,0.3681925580909292,0.057870459297161225,0.10388367102243228,0.060159630536238615,0.08019786826212005,0.06914226526200039
181,0.07494685812155004,0.16770589058952828,0.37964926447935515,0.05908773435093149,0.10974394345441203,0.06151263497450433,0.07542580292993842,0.07192787109978027
182,0.0776161141692804,0.1595874268721449,0.383554128269943,0.059502626128681436,0.11186466852949042,0.06224748563003967,0.07305718149092695,0.07257036890949323
183,0.07199468390425363,0.07362953125535251,0.3988713211216249,0.06113007786917264,0.13797635543023856,0.06464778311450571,0.10355831852870834,0.08819192877614378
184,0.07164133853246137,0.07821721781332663,0.3951598069572826,0.060735729489211285,0.12910250996895803,0.06129840579569962,0.1082488542630617,0.09559613717999878
185,0.06913260624659846,0.0764241029751242,0.3936924789834427,0.0605798258919908,0.10103973447904419,0.06159447929679971,0.1233497686011972,0.11418700352580288
186,0.07838310153682515,0.09355271247207672,0.05948400866435536,0.07179421869267413,0.17399388712159428,0.07952439396027237,0.3702448317858571,0.07302284576634487
187,0.08539713782468555,0.09567407431167456,0.060152666754141944,0.061667960650776225,0.38967215768604185,0.06834658507467764,0.15399922926917442,0.08509018842882791
188,0.08809001110053843,0.08649559337841504,0.0630030963218322,0.06106576630330607,0.3982660357958218,0.06536154160137966,0.14896324243472045,0.08875471306398625
189,0.11673951547985056,0.07870572323543042,0.06126910095346183,0.06291619616390408,0.4001797736796408,0.06138560182248478,0.13233932871213547,0.08646475995309212
190,0.1266760246140507,0.07786151961967272,0.06321688031389808,0.06104041265319388,0.3980274132065306,0.0652544432540962,0.1263980597043461,0.08152524663421173
191,0.05838620020426016,0.09031467080338906,0.06084784573945523,0.06337741093979166,0.19021920263971406,0.07121986048939649,0.3730465901577426,0.09258821902625079
192,0.060241040694577454,0.09088738368346,0.06144005931787594,0.06768282671505567,0.15230611079007683,0.07272165578951979,0.39050391241955246,0.10421701058988189
193,0.05988567449935366,0.10822262601498965,0.058860560479256266,0.06888808228161959,0.16623625480200527,0.07889820852225875,0.3775111574518237,0.08149743594869319
194,0.05850885761197262,0.06310547982944203,0.06012240723982875,0.06911766102230107,0.13432597522309003,0.13486119368214147,0.3742010128185659,0.1057574125726582
195,0.05627596101706641,0.056917083691562155,0.05774801387538284,0.0710408369678733,0.2005031118546531,0.08246842802647794,0.35318551545474264,0.12186104911224159
196,0.05854996882935947,0.06032056662147544,0.057896283548200984,0.0700275780181781,0.18994518028734844,0.08622741440474357,0.36843560986542107,0.108597398425273
197,0.05958675868681928,0.06279832479966468,0.05870159139145719,0.07750905169084292,0.3760149778019501,0.09970778430621588,0.18898002418885165,0.07670148713419835
198,0.06394588605789948,0.059371668390874294,0.05858097868460742,0.07852066186520208,0.20681618744239402,0.07767711955692469,0.3748797995056136,0.08020769849648439
199,0.06065340856990461,0.06303875334951647,0.060585690797484035,0.0895161172867597,0.16449907233288663,0.08170328326946959,0.3937476780939674,0.08625599630001152
200,0.0624059123538508,0.0613571435553297,0.06375330358990458,0.11610170628036308,0.10084958748493662,0.10057572764269913,0.40100840993251474,0.09394820916040131
201,0.06242343409843689,0.06056024851075642,0.06386823127782044,0.13465320880067258,0.10318975421763235,0.07815025855066414,0.39350822127770746,0.10364664326630978
202,0.06795784358573277,0.06239052968241846,0.07223745863542018,0.14506466611562213,0.14998974243994587,0.059766405299613946,0.3831352354723134,0.059458118768933296
203,0.0665161690729777,0.060968436258569444,0.06946961567241013,0.3428755217756903,0.14294449982937876,0.056058068711773774,0.20598716449053275,0.0551805241886671
204,0.07872497500017077,0.06278339574478495,0.07659122712490132,0.16457710367397732,0.38109007464648664,0.06122011631554424,0.11577228706294553,0.0592408204311892
205,0.10236639299052948,0.0574145439594837,0.09691310915510702,0.11411231472059012,0.3639016009547981,0.06296878550765615,0.14317994182556268,0.059143310886272824
206,0.09909696168250505,0.060197177433419,0.09447430774271764,0.06719474534623368,0.3900910817262964,0.06085243828651053,0.16471776282176404,0.06337552496055361
207,0.09870192600086436,0.05611057330719739,0.09307895943828415,0.06416127203877608,0.216563116811912,0.05843099279342023,0.3516289252442107,0.0613242343653351
208,0.07840711322519325,0.05727571943842251,0.10502825835861808,0.07051553480924866,0.2045844523675747,0.059913458010790455,0.3625950064792706,0.06168045731088176
209,0.08281887521990416,0.0583913428507217,0.10283536263532235,0.07128510386663742,0.3730949915362042,0.06080432697694156,0.1848221850394706,0.06594781187479812
210,0.17886987407476782,0.01875,0.11381524774084856,0.241387776135625,0.25655022270823624,0.019761073754917945,0.148863040046558,0.022002765539046485
211,0.33391485920078984,0.054228453790083925,0.12044180013905612,0.08175762429946948,0.08287214969277361,0.05733460805332883,0.20970511276319279,0.05974539206130542
212,0.35983506248905994,0.05698247538946262,0.11374442950278549,0.07268324987476231,0.08812144805239895,0.05963573659448975,0.1840634314353491,0.06493416666169187
213,0.36514680719345916,0.057546848264305034,0.11117213183641098,0.060091190264036136,0.10125419354248875,0.06088555786675765,0.17252193766627189,0.07138133336627041
214,0.3754382197399704,0.05864031084737185,0.14546586061688255,0.06117769591305547,0.0937582759941961,0.06447141737440615,0.1398502660274901,0.06119795348662747
215,0.3659901034938988,0.057636448496226754,0.10995244214561029,0.06129283578089123,0.09725696473447351,0.06889103967064855,0.17900013572718743,0.059980029951063434
216,0.36173832201844514,0.05926920647516755,0.11366669877051398,0.07463452086793633,0.08078413090058156,0.06739253317851701,0.1853298910743787,0.0571846967144598
217,0.3655342335672918,0.05944886714896573,0.11306483449618907,0.07051667469291592,0.07999149680688235,0.06866421945179768,0.18519166151943262,0.05758801231652475
218,0.37523867731141364,0.061349889672935976,0.0930765614377558,0.07433240031142771,0.08335960224455546,0.07141075413056958,0.18261300542700412,0.05861910946433771
219,0.36993332228214154,0.060979802920289455,0.09000049626361271,0.07602735928817227,0.08565730224210487,0.07094885789314839,0.1883974436180531,0.05805541549247754
220,0.1665718374621151,0.058035151528448084,0.09598813840107097,0.07890947181462667,0.09949463063917151,0.07201166608123061,0.36974260262068787,0.05924650145264914
221,0.13923641344090962,0.05137397515942851,0.11746659390749882,0.15292476326488066,0.11393290791178987,0.06482123113699836,0.3070491931155276,0.05319492206296662
222,0.33149953614794786,0.05397182571571946,0.11591839586930848,0.07498915245616346,0.06579265470307231,0.070505963666014,0.23210470041006806,0.05521777103170642
223,0.3748587874975718,0.058578746171617,0.0756299853876256,0.0736480915354771,0.07268101476017112,0.08261277781593866,0.20183029162009034,0.06016030521150839
224,0.14392482430702438,0.06029953573248198,0.07227095088636559,0.10322722889698517,0.08109359971083996,0.086176556810327,0.39105445395277155,0.0619528497032043
225,0.3961427100538467,0.06084016286903781,0.09275043083958,0.1226051413031457,0.08468554496261439,0.08550694477142162,0.0958593252304196,0.06160973996993415
226,0.4058320220947788,0.061869652347570255,0.08821278102283352,0.11632212595351236,0.0931104310452512,0.09468791512534115,0.07645154105605158,0.06351353135466113
227,0.072415037381856,0.056463871174210256,0.10032647789898932,0.19136084992122285,0.354954081639626,0.09668968408534812,0.07049347625308036,0.057296521645667176
228,0.07338090931451773,0.05581364075361449,0.11154358072173241,0.19172431558155312,0.3488342659163716,0.09562101985565698,0.06642776348046453,0.05665450437608907
229,0.10742773308422096,0.06097143048862421,0.06731562703532973,0.37414639143196554,0.16247653201181964,0.09490811942375414,0.0742511124346395,0.058503054089646345
230,0.11547579256283041,0.06068722488407635,0.06713569932833151,0.3722586211432556,0.15799729319028266,0.09101110653274029,0.07713178386201228,0.058302478496470904
231,0.11382732004086359,0.06283022713006042,0.057285501979882886,0.19260362975229378,0.34957533220059456,0.09016228787905656,0.07782332197093504,0.05589237904631317
232,0.13995528560925186,0.06469837816555289,0.058886754415228275,0.13078561221821008,0.37205978303461057,0.09424812778318882,0.0810847068265302,0.058281351947427375
233,0.3385411885478342,0.06079168173864101,0.05527505769245713,0.11986259503884729,0.20991530123263255,0.0863350196201327,0.07455915484624764,0.05472000128320739
234,0.37330681963381573,0.06752914024015903,0.05841384958609292,0.07425437765979519,0.1823246200351667,0.104247188883066,0.08125704493224885,0.05866695902965562
235,0.3748439641374644,0.06743420732742185,0.0585771711896056,0.07917937709420285,0.1801233364103737,0.10442441995216149,0.07595741761386679,0.05946010627490326
236,0.09763823873079008,0.06849772460838427,0.05814285727736424,0.08836512666573926,0.3707563054119474,0.17601695181719976,0.08043990386815593,0.06014289162041907
237,0.062358653780566174,0.07174076513407113,0.058880938147596824,0.11745512166732086,0.37770294727149956,0.16216573832424858,0.08631349441951336,0.06338234125518359
238,0.06442991290708379,0.07520067709544923,0.05845260892828246,0.10807617067775602,0.3736716134426584,0.16964905050491347,0.08849805477123711,0.06202191167261949
239,0.061030853727991136,0.0837073453183266,0.057283252015853665,0.10434339098728931,0.19239786264500208,0.3626659013256816,0.07842734520289497,0.060144048776960536
240,0.059113887110138076,0.07007281451586982,0.05741250824206645,0.11311950246799599,0.18987810166179306,0.36388243051356656,0.08674879054151584,0.05977196494705421
241,0.05932573661247656,0.07203085800669733,0.05705794168030836,0.11662304018569478,0.18979773275424688,0.36054533346172574,0.08551241410857936,0.05910694319027106
242,0.057741606556695746,0.07637792587463725,0.05893537071451893,0.1282086551526287,0.36697982641596,0.16268880057671462,0.08649238975503909,0.06257542495380572
243,0.05806699469774277,0.08332436243172038,0.059594921705258944,0.19099083333975014,0.08130769636373636,0.3700423030375789,0.09781603630124197,0.05885685212297053
244,0.06110997376467812,0.10090583170544823,0.06296058435573695,0.3986821060204999,0.08753168290672018,0.11077717496480491,0.1142807765054786,0.063751869776633
245,0.05799985073971357,0.05883661623112123,0.06221304910134998,0.13283782042415052,0.11262404713314444,0.14015579856756155,0.36941036244164616,0.06592245536131268
246,0.05961938423371029,0.06183302830083481,0.06424341565579067,0.1303903849252821,0.10254512729700578,0.1273493673457988,0.38465302808197915,0.06936626415959826
247,0.05804659383491349,0.06359882571954295,0.06422219505850596,0.17695263995285282,0.10437452169803503,0.1035049441021965,0.3698502949168329,0.059449984717120326
248,0.05989850970447981,0.06999450377403356,0.06616726522250144,0.07068261288928716,0.1534991574581754,0.12936539609452832,0.38728009133628055,0.0631124635207137
249,0.06100769168452273,0.07336160928383095,0.07180252750410616,0.06992525576822423,0.19146613026337736,0.06885708639705487,0.39771945114844914,0.06586024795043456
250,0.06334418957485168,0.11104739011710807,0.07179516213780383,0.07772728053233156,0.08092796881317421,0.06909292377036694,0.41971001952801573,0.10635506552634791
251,0.06180147269028021,0.1283565898882115,0.061435288690621044,0.08841834323729736,0.07052116618506193,0.07632692058196588,0.4017438935587863,0.11139632516777574
252,0.06012592656983451,0.1339938787658033,0.0626876501606071,0.08960838149268799,0.06889539822612067,0.07800396742429053,0.3894204853631483,0.11726431199750748
253,0.05998195664979021,0.14210211886010668,0.062125986608616,0.08130969460157753,0.06903973056480284,0.0799394013785634,0.38806547435096667,0.11743563698557662
254,0.06010629442387751,0.1395414470192633,0.06254205378711937,0.07051567572121212,0.07312202345423975,0.08151455508091647,0.38923571222472947,0.12342223828864209
255,0.058639192612715836,0.1588207579823207,0.06146622651761226,0.07535955109600656,0.06069300539447244,0.08374439705822169,0.375427695178502,0.12584917416014857
256,0.05907573154951458,0.16682013740724494,0.05853677009535866,0.07832941148099563,0.060364288839859385,0.07901682908745375,0.3744637185445521,0.12339311299502098
257,0.05770582939067355,0.3666431001475158,0.05858698293625905,0.08577945641064133,0.06162414726704617,0.0821506295860685,0.20853663393088562,0.07897322033090991
258,0.05804383390342947,0.3664874282308351,0.057689289249526224,0.07579314895840766,0.05949787284756055,0.08882572177117051,0.20916245851246024,0.08450024652661017
259,0.05649506791167985,0.3552476979922809,0.058483381127076725,0.07507677437660497,0.05941347009295581,0.08888232465182024,0.21501041820041983,0.09139086564716163
260,0.060730182551432844,0.10889051762042525,0.06339146619633237,0.07790173028217622,0.06365381238419712,0.10396958130755059,0.3951076004840738,0.12635510917381176
261,0.06034474873987407,0.09719309243239407,0.06223493312579762,0.07753029964300828,0.06303855580565475,0.11575445965792515,0.3914799881399911,0.13242392245535495
262,0.0610001017723437,0.11456611796081799,0.061739768044492944,0.07989104267678791,0.06357966786059542,0.11409488381778124,0.39764801668088184,0.10748040118629892
263,0.05980744686338368,0.13221886892678478,0.060326127026147355,0.07870558886032845,0.06218938948890829,0.1107967734427661,0.38642302930243466,0.10953277608924672
264,0.06073468757707556,0.1114365618865364,0.06114622824009704,0.08133236017118886,0.059791296324952,0.1477629620491717,0.38627102423484233,0.09152487951613604
265,0.06000171571743878,0.10085595588380905,0.06425260256911941,0.08988338442543761,0.0593195665025662,0.17005332668419157,0.38183121414179955,0.07380223407563773
266,0.0577325014269056,0.10329141779961758,0.06477737954289517,0.09063546925873386,0.05951344407619763,0.18535173769362578,0.36689413107675856,0.07180391912526578
267,0.057802758961092535,0.0850855108500573,0.062423079634654634,0.09705889582195555,0.059777657982442625,0.19771961480514155,0.36755537845734154,0.07257710348731425
268,0.05805573951814415,0.08770182946635029,0.06230653944399979,0.09839022935925515,0.06021262298923795,0.3699363719354743,0.19070636931076346,0.07269029797677486
269,0.05810527655796843,0.06382918625033819,0.06331226046664316,0.11416038104138354,0.060456804574484824,0.37040260289852645,0.18854519035942674,0.08118829785122857
270,0.060409013429444706,0.06501339201428506,0.06896856311528651,0.1287712838198561,0.06277803223406944,0.3920848322771267,0.15464827925232055,0.06732660385761093
271,0.06094062052927411,0.06631971708314421,0.07685818978592554,0.12951197255226038,0.0650663670977105,0.39708819321669747,0.14105599167095373,0.06315894806403402
272,0.06095083842716185,0.0659100273401667,0.07680164591767265,0.13603415729100252,0.06573403342359682,0.3971843616674056,0.13432099601069308,0.06306393992230075
273,0.06011505803906877,0.0686810916964474,0.07698134391435903,0.14243601997079625,0.06229440402743939,0.38931819330888257,0.1332227596124157,0.06695112943059085
274,0.05932312826771276,0.0681586415064772,0.08202305702034869,0.15046366778041373,0.06246253605598012,0.3818647366372966,0.13362638556489248,0.06207784716687843
275,0.05645917159397494,0.0605298907467264,0.11471048306034878,0.35490985029623473,0.06044929676379375,0.08247319537403766,0.2109561919868162,0.05951192017806753
276,0.05972051047433954,0.06432970380192442,0.11678164503214247,0.385604804464372,0.06204848368120439,0.08243909311011295,0.16406192476309123,0.06501383467281296
277,0.0571860813434931,0.06345054899732722,0.36175135382111157,0.16036687711029374,0.05974551769593521,0.07179719056644686,0.15818585812717836,0.06751657233821393
278,0.05875782791947833,0.06181605023388905,0.1936006349578555,0.10987178176064964,0.06777249042793781,0.05843962045050832,0.37354936894596064,0.07619222530372072
279,0.058507971368571526,0.06221509629246767,0.3672795527770405,0.09973000991444929,0.07016564880224561,0.057773452482560564,0.20732230351094091,0.07700596485172388
280,0.061108600151380546,0.06489140652263152,0.37148168292372846,0.09257710465605463,0.06825030524674698,0.058219928810646145,0.2008154346655246,0.08265553702328711
281,0.06258036010079071,0.06642515455791025,0.37699034165877493,0.1012669912902656,0.07438089440923956,0.058805223801244845,0.1961435293096494,0.06340750487212468
282,0.06603866399725412,0.06427527289392199,0.38081325617792205,0.10260070274091049,0.08202812418608904,0.05921140846890422,0.17887024331817902,0.06616232821681911
283,0.05987135557506277,0.06933618619004989,0.3832822009396481,0.09624300651467722,0.08863173111245944,0.05947373384983762,0.1745616390226581,0.06860014679560686
284,0.0616766811608498,0.07234717950174112,0.404015822690351,0.13774563879646207,0.07782395551086058,0.06189635878564138,0.10807309533550179,0.07642126821859233
285,0.06229618466411426,0.08181011181734936,0.40984644389754593,0.15247203181369012,0.0842110751731987,0.06507139541269946,0.07454233571504565,0.06975042150635659
286,0.061919553048475656,0.08050363637653818,0.4063016757503591,0.1509418613945374,0.09080697496025389,0.06368109341802841,0.08023917984137481,0.06560602521043248
287,0.06350776969987196,0.09244634609634893,0.42124959717526556,0.10696430475496484,0.11305323068020774,0.06505670437082625,0.07209683733285288,0.06562520988966186
288,0.06142285361853267,0.10344334892909064,0.4016268575861898,0.09285676972486599,0.13904697874226057,0.062037803716995445,0.07239957504900955,0.06716581263305534
289,0.06154299704149358,0.10203003905119531,0.40275761921405717,0.10094094259281254,0.1342399361045056,0.06207235561787718,0.06662758371423705,0.06978852666382153
290,0.05946045054766507,0.10656758977293104,0.37847603472525604,0.10216313191937382,0.16893215674565418,0.058963078689558454,0.06574869115197775,0.05968886644758366
291,0.06294639344467566,0.10848964678037322,0.15057869420984266,0.11205426949668795,0.3825285445660404,0.06247829015466327,0.06153050348757509,0.059393657860141794
292,0.06215707168980662,0.12058739768991479,0.17685860807860557,0.09870316572778275,0.36337878900761367,0.061847209610127005,0.05910876186409069,0.05735899633205896
293,0.06318022131149499,0.11766031245436956,0.19281798283409093,0.09162841491160104,0.3568929059585113,0.06333453453252044,0.057815756739319955,0.05666987125809183
294,0.06127656094208377,0.17545037151341636,0.08691007305806267,0.12210141272874765,0.37103029477911936,0.05817196882028144,0.06359089637735753,0.061468421780931294
295,0.060821527023449506,0.16607609778677607,0.08350050835103336,0.12879965346301658,0.3699692078792131,0.05805922833716638,0.06833730054742719,0.06443647661191777
296,0.06040945221241155,0.18073624197861746,0.08518022646606627,0.11236451315472187,0.36953184412252205,0.05801275843801796,0.06863163246175553,0.0651333311658874
297,0.061202631230709695,0.1851077143061952,0.08631393146407358,0.10008895310476923,0.3742121547209153,0.05851004143909725,0.06870189153255851,0.06586268220168118
298,0.0586501401358309,0.19826155163730277,0.07718539298896535,0.10899100011587799,0.365428491817335,0.05757677725559185,0.06549438671276471,0.06841225933633147
299,0.06171528630786468,0.38859392573274165,0.08079926317916285,0.12648838409616633,0.13533833567098166,0.0600381046091038,0.06915925733584981,0.07786744306812939
