oos_period,model_1,model_2,model_3,model_4,model_5,model_6,model_7,model_8
150,0.0722345430641877,0.11286905234493873,0.2543953916172724,1.1574069949507996e-17,0.16104186908051835,0.1333379365931502,0.004187163581583985,0.26193404371734846
151,0.06581926859608234,0.10765178324231305,0.24072658323148033,3.55367982709738e-17,0.1763186938346599,0.12629465992130234,0.027284551362269305,0.2559044598108927
152,0.04263418664689626,0.1115482061242425,0.24678254157729262,0.0,0.15857994206848075,0.1478464719021741,0.036834051779547766,0.25577459990036594
153,0.04786067130442523,0.10212951499364992,0.24938189340643474,2.2295468935774123e-17,0.1508671562322877,0.15975838151192182,0.037427208458678224,0.25257517409160235
154,0.05424408100131872,0.09691493294758678,0.24181621574274423,0.0,0.1744598902130633,0.1480066514409008,0.03812510625402531,0.24643312239936074
155,0.046189633740561745,0.13643252884619456,0.20260292256413615,0.0,0.1647000597545881,0.16528373047087067,0.042132981801958805,0.24265814282068995
156,0.043231930920023164,0.16257296340256702,0.1988068057389029,0.00431253192164137,0.1752766425786556,0.16650877415748727,0.009126476550598594,0.24016387472912396
157,0.06692736787098004,0.17148877838089663,0.18866410353579396,1.276081604816929e-18,0.1729541901304356,0.15854751166368478,1.5939472227516241e-18,0.24141804841720896
158,0.07714752870470237,0.21168091662441277,0.17098658624009785,0.021140212310277202,0.16015565257612194,0.1393004413524487,4.143733981620034e-18,0.21958866219093906
159,0.07162663278746459,0.21287875971487774,0.17371310667395,0.03478131827594106,0.15828405969834874,0.132763298323486,0.0,0.21595282452493184
160,0.06796132018031718,0.20552294775466634,0.15809654159979808,0.05379729007057734,0.17114866676077337,0.11523770515324006,0.013011989717167606,0.21522353876245995
161,0.060856248887977804,0.20602205417223077,0.15503254568211808,0.06092572626729548,0.16640707093748205,0.12598542638108443,0.021430526239188643,0.2033404014316227
162,0.05140884993304517,0.2020425236284315,0.14648273262965192,0.06276382628901925,0.17836405480162423,0.12825183133073328,0.02330076241658203,0.20738541896991258
163,0.05930238566474511,0.19581732594443474,0.17040712178572537,0.03993858479731091,0.17614520919694465,0.1410337380927141,0.03124545939518365,0.18611017512194133
164,0.06028920350565152,0.18466088552264023,0.15132445154637197,0.036810909003989235,0.18125644997195461,0.1618318633855657,0.03259353365724468,0.19123270340558193
165,0.04914459890098714,0.19833889704128746,0.13945204883904422,0.05706712559734018,0.19374214406015944,0.14871744319239089,0.031427645810368034,0.1821100965574225
166,0.028720791978451544,0.21940952799565341,0.1496864496962953,0.05394376122933637,0.1915951402179662,0.12471181847577613,0.06048569296739885,0.1714468174381222
167,0.04064147850126852,0.23248811135912043,0.1399845459387045,0.0627068983680068,0.185068519396633,0.10795325625600548,0.0639861817456353,0.16717100843362587
168,0.023249654516044636,0.222646238152962,0.15656411797721528,0.06344526518533908,0.18714231849586557,0.11200921406154966,0.05607584301978699,0.17886734859023676
169,0.04042334082707529,0.22854438821128664,0.12166339350996958,0.03372453001255729,0.1887608301192266,0.11792712907821158,0.06745261022574503,0.20150377801492794
170,0.04358297072956839,0.21938917391710377,0.1245816222932442,0.013520974888967602,0.18801732300941584,0.12091244841278838,0.07527318497137676,0.214722301776535
171,0.03831328842649019,0.21786603054537698,0.1316530907577973,0.0,0.18555083417341284,0.13230303914280583,0.07606617212689408,0.21824754482622272
172,0.03938033644439398,0.19956827093737445,0.14334763755068153,0.0,0.17775391926924552,0.1379860777681839,0.08470560941434216,0.2172581486147785
173,0.03863184134191039,0.19908523150783117,0.14355491324764594,0.0,0.1790588581851586,0.13868431869530426,0.08457604363705482,0.21640879338409483
174,0.023824309110788443,0.1798998926046747,0.13170696132891443,1.3581412303045577e-17,0.21248577202576974,0.14031675001420846,0.0929577088374898,0.21880860607715447
175,0.011668375810552844,0.16641347920148808,0.18249572586974086,0.0,0.2281736608443837,0.14271302553022053,0.09410326743985484,0.17443246530275897
176,0.015508347510178362,0.1765158301925845,0.18315914821810486,3.720592220810793e-18,0.2187632779765773,0.13914678116348123,0.09696168439628053,0.1699449305417931
177,0.02182407145324434,0.16886040152812465,0.17598975084262466,7.980003275193189e-18,0.23691877572713105,0.1389955350845784,0.0842740954700656,0.17313736989323128
178,0.02291881380545773,0.17299699936163507,0.17603737902611516,1.1138139149248088e-17,0.23878651224289743,0.13613191494269367,0.09096293189471842,0.16216544872548247
179,0.013248854454213168,0.1693563850291302,0.18969932837112394,0.00248256388850995,0.2487286472853947,0.1535855519311166,0.07998156440714999,0.14291710463236149
180,0.012820863871462682,0.15973627814480262,0.18624200012961514,0.014387334898248214,0.24060272577843234,0.1562526169469285,0.08291573281856829,0.14704244741094216
181,0.021672383954522707,0.16395369713820976,0.196137547343371,0.0018972422799495687,0.23741634270888637,0.152290052737088,0.0731046101475939,0.15352812368937874
182,0.021895545951607538,0.16862813814875652,0.19903633184599198,0.005024280445281162,0.2310360002013577,0.14964925399891374,0.07201328387380215,0.15271716553328912
183,0.025000286999629234,0.18035996171009394,0.19664333550826915,0.007990778086623325,0.23030623932840424,0.14240614534480645,0.06611857081700094,0.1511746822041727
184,0.020085706794603933,0.17854465732553773,0.19731825079234355,0.013725242299540185,0.21141752468874805,0.15935281075803343,0.06466222344702212,0.15489358389317093
185,0.012350898134902298,0.20387653535078082,0.14780903448553634,4.9147035356462496e-18,0.24084878648857067,0.15464294181989144,0.07584992786570528,0.16462187585361307
186,0.015892271611919723,0.23019805894569578,0.08904210685211887,0.0,0.25748928696416756,0.1866376531001311,0.08912874009737952,0.13161188242758737
187,0.053259059722645795,0.23427275997789562,0.10871489844529521,3.162420007883429e-17,0.2578789241928405,0.1834255470904907,0.06678661170251776,0.0956621988673144
188,0.054853354398582625,0.23499099590332231,0.11102612445054544,0.0,0.25540004062350785,0.17955027541677474,0.06777004848406847,0.09640916072219856
189,0.0580304409808939,0.2461078051939908,0.11298999266318713,1.4035071238193703e-18,0.25400073434527337,0.1808472111460621,0.05858795984858572,0.08943585582100691
190,0.05862898051718466,0.2372577767959438,0.1068177255863398,2.519218921941619e-17,0.25102685512000045,0.18449274588948758,0.08433104695315952,0.07744486913688414
191,0.03642425466487262,0.23937382672686686,0.11773555886361771,0.0,0.23582075161890548,0.19786511265711762,0.09191693247840445,0.0808635629892152
192,0.04596086411161054,0.23436975544330266,0.11061262831323983,1.4789724654637327e-18,0.21377936320993735,0.19880525744535382,0.10930217654722342,0.08716995492833231
193,0.04539757087274794,0.2378406441517889,0.10733571613164862,7.550867953437227e-18,0.21611797598619675,0.19166146313037433,0.11758675077745473,0.08405987894878864
194,0.023805824107279903,0.20952020596164234,0.10672616684182366,0.0,0.2344424532188356,0.21395097194563237,0.10887921489903209,0.1026751630247538
195,0.026577087822507273,0.17899212829216954,0.09166109366183152,0.0,0.24145010461475666,0.2049526369922416,0.11452487653869016,0.1418420720768033
196,0.0033103412482336668,0.21256064153015622,0.07500568703599429,5.3304180417353836e-17,0.2649731536218954,0.20053756490225724,0.10192217767048628,0.1416904339899768
197,0.0032311188542523605,0.23221241685173108,0.10841922591836789,0.0,0.2660965827772016,0.1898494737101015,0.09684053740231276,0.10335064448503284
198,0.004706750693518401,0.21157454146636065,0.09102371963347629,0.0,0.25781821512673975,0.18333404686514126,0.12603279399568548,0.12550993221807813
199,0.007881676342547283,0.21189502489963927,0.0922789943625591,0.0,0.2531922090122457,0.18656698886135406,0.13866876828846728,0.1095163382321872
200,0.024902698994077047,0.18781408582305975,0.10193978191070271,1.151435412672663e-19,0.226196859172936,0.20080494104432997,0.14810474252008227,0.11023689053381225
201,0.02591723160590044,0.18859524219624382,0.101733769582304,1.0321096462283329e-18,0.22609111073689228,0.20266269945515364,0.14660375118449928,0.10839619523800653
202,0.015592273008138875,0.21373188766877121,0.10144177311821599,0.03178165010209053,0.2465531767569741,0.16713157254112695,0.1657226505477881,0.05804501625589426
203,0.015428905262656646,0.21462120454039746,0.09878044342999998,0.028783831171021446,0.2447698758397111,0.17111605302442134,0.16051408085148786,0.0659856058793042
204,0.013103734370951938,0.20873201501433156,0.09647925204944782,0.02242151256602922,0.26309999696299685,0.18089288171751602,0.14936442749405887,0.06590617982366762
205,4.688074568641765e-18,0.16025177383504158,0.1251800446351431,0.0,0.29646510379718627,0.17936337193630544,0.17222603230390104,0.06651367349142245
206,0.0,0.17060541820561662,0.11979185834024993,0.0,0.30082481462531846,0.17144320972760124,0.17134779451611085,0.06598690458410289
207,0.0,0.17533308349691795,0.11311107497572463,0.0,0.3007247740874846,0.18014850901681162,0.16770220585507353,0.06298035256698763
208,7.229089146873299e-18,0.17726214773125418,0.11242607820827474,0.0,0.2991808804643415,0.18117497740047528,0.16741842433992624,0.0625374918547281
209,0.0,0.17968088976095115,0.10016684659728278,0.0,0.2991125134714508,0.17624391534507197,0.17515736416212607,0.0696384706621172
210,0.0,0.181337389769847,0.10218779749803196,0.0,0.29923470495812793,0.17874389161195176,0.1671469955618832,0.07134922059915808
211,0.0,0.17853290838757777,0.10303479763133251,9.69974742852349e-18,0.2922943207128629,0.17756634036286495,0.18060895254237486,0.06796268036198697
212,0.011858586375218111,0.1943480725986233,0.10093574596565624,0.0,0.289808435141441,0.16678425643523798,0.1726131774720272,0.0636517260107961
213,0.014240842797834332,0.19844492599123367,0.10022219710810897,0.0,0.28481666413013007,0.15986590165907896,0.17522494141602815,0.06718452689658581
214,0.044917858187698376,0.1897003922027814,0.11348936601812623,1.1384003697078204e-17,0.24942478832754647,0.15921464283242645,0.18983730957646808,0.05341564285395291
215,0.04027105018560195,0.19462258676729066,0.09894323583839355,1.067385259758989e-17,0.2554303880340047,0.16889661724887411,0.19168071360222663,0.05015540832260821
216,0.07042283588568203,0.17686374451384715,0.11488132185732705,0.0,0.20087486786826186,0.16348898509547274,0.23394689475842262,0.03952135001998646
217,0.05335110181194123,0.16558150091925333,0.1292172665305506,5.013085088980758e-18,0.20486752900003036,0.15999706837273964,0.24448429854282266,0.0425012348216621
218,0.06229488522216012,0.15170070339305428,0.11500748699394929,0.0,0.20055038610664963,0.15697579472526335,0.25392882317022675,0.05954192038769659
219,0.061974193654772684,0.1512807353801647,0.11979417599470231,6.640950064703887e-18,0.19786769411481306,0.1580665186514034,0.25413908684319414,0.05687759535994962
220,0.057834228282480284,0.13996073870429454,0.11432448495407156,2.246386480076725e-18,0.20154768381688515,0.16445636264864752,0.2585326288882774,0.06334387270434347
221,0.06491786880804899,0.1302721710717029,0.10789020655512845,7.276131749640543e-18,0.2018482048643496,0.1718848139598445,0.26185020949438215,0.06133652524554345
222,0.08193201979128595,0.13046413302023815,0.10987726415701485,0.0,0.1776989105337383,0.17558282703948577,0.2671930750913955,0.057251770365841455
223,0.08599193330799788,0.13384930086811192,0.08135234229753192,6.3116660064591065e-18,0.18910245568068057,0.1739225092590454,0.2603476255723288,0.07543383301330346
224,0.06533931370838018,0.1412777437179583,0.09386879705673863,2.1504731727589784e-17,0.2061156423349779,0.16962520970035985,0.25982074878084027,0.06395254469974469
225,0.06904175684680416,0.1429712994830314,0.09634452393262397,0.0,0.1996744514887695,0.16908401970630427,0.25299061522289235,0.0698933333185743
226,0.07679957649259052,0.13691350860177712,0.09778455061652694,8.121881293858143e-18,0.19564921682343958,0.17193743281515167,0.24723949015293611,0.07367622449657797
227,0.05195091200188252,0.13858501626248942,0.10924682596016129,1.3271947492277546e-19,0.21997797045929995,0.1726665153739514,0.2499698451541961,0.05760291478701935
228,0.06163387849309189,0.11995927909429957,0.09686575856099508,0.0006697379533114953,0.24981127306316056,0.15939954266915018,0.26524387023171725,0.04641665993327399
229,0.07486605289472081,0.1276665102833837,0.07027312377763043,0.014044523405118437,0.2621097184605048,0.16409978075022,0.2689138717176461,0.0180264187097758
230,0.07794944556275013,0.12768170088667388,0.0805890289792163,0.018714874572801063,0.2605053301900161,0.16288326770068665,0.26264455241972373,0.009031799687132133
231,0.10090867876807626,0.11101911962495914,0.05430863730092379,0.03344471658465165,0.2752541365009988,0.15481784850792002,0.261864696897795,0.00838216581367524
232,0.0970759730315367,0.11097252853568312,0.050657080529525604,0.04122922714672086,0.2726801451533013,0.14918813582582843,0.2613356313835751,0.0168612783928288
233,0.08355765313016382,0.10854146807323607,0.05776161107015644,0.0395231154576516,0.2867483715277887,0.1522868952247898,0.2663561008444872,0.0052247846707263405
234,0.08872748470982655,0.12817300145349692,0.08922195872204289,0.01992857519376296,0.2670970794369327,0.15665233536152778,0.2501995651214101,0.0
235,0.09087395668236939,0.13775560523627345,0.08512970477437373,0.025418596456247805,0.2608209473850647,0.16186621420259112,0.2381349752620797,0.0
236,0.09769398720836545,0.13789882760179759,0.0828938943446141,0.025747608354672297,0.2561535729689002,0.16138737556603255,0.2382247339546177,5.031146318525875e-18
237,0.03347279919396524,0.13545300803330432,0.07748951617488349,0.08685113820891067,0.27046522206521767,0.15937582868110822,0.23689248764161017,6.658102481885768e-18
238,0.03624155268880208,0.1361524911030932,0.07338082724840286,0.09266218256632226,0.2569320237085135,0.16725467349186926,0.23737624919199696,0.0
239,0.023618627345128783,0.14353832689994842,0.08192124153932233,0.09264430050648136,0.2503266162021281,0.17820740192259066,0.22974348558340035,0.0
240,0.006601514265921567,0.15206425960343592,0.08555482165763223,0.05615157443386114,0.2776140673483459,0.17059711525071172,0.25141664743909153,0.0
241,0.013880329965793073,0.1380572927308368,0.08060552030787523,0.07652131565469554,0.2623422111848969,0.17863748999206774,0.24995584016283467,0.0
242,0.022491205564986596,0.13545159786773933,0.08236873902243519,0.07699312967014636,0.2552905457155117,0.18445238081063883,0.24295240134754195,1.444318230009226e-17
243,0.016625343918248346,0.12970692380317955,0.08941891897236727,0.07609877177060001,0.23970083502428058,0.1920152885479874,0.2564339179623368,0.0
244,0.021590792619667926,0.13280063748372245,0.10652348321506211,0.05682222097029966,0.25692069949946156,0.15306172086316475,0.27228044534762147,0.0
245,0.046600418038764975,0.09243841979659174,0.10667714659902129,0.016065892056729907,0.287838714985303,0.1374583907085478,0.3129210178140412,0.0
246,0.07914601674708711,0.09358630755979615,0.117989145027086,0.036740529720495255,0.26756828961553947,0.1172730111166052,0.28769670021239085,0.0
247,0.09342344860710716,0.07921939879636046,0.12544604631361972,0.04298732708891345,0.24371039468102013,0.10071876633306805,0.30174587597883484,0.012748742200075991
248,0.0852662114412724,0.09038969513089395,0.11764884153553654,0.018188685671779673,0.25861757700500865,0.10170840350492268,0.31531040275727246,0.012870182952313828
249,0.0854824255100468,0.08491693584169867,0.12376596819009461,0.043412847951712394,0.2654168939810898,0.06607565125660876,0.30761580113478904,0.02331347613295996
250,0.07177541290950068,0.1031652259616691,0.1109196041194237,0.04091369220347465,0.20449074608467793,0.08375973332742284,0.3328898269223875,0.05208575847044361
251,0.09445905479823814,0.10034771365393466,0.11534085728982013,0.045158060669378795,0.2166535838221389,0.08710720448856642,0.30782216100257603,0.03311136427434684
252,0.08543364010886298,0.10332406061295447,0.11600964683677698,0.052760507047059625,0.20434887249508948,0.0951553004943437,0.30756226296061356,0.035405709443299155
253,0.08621041661623463,0.10184066347180135,0.1266929623574599,0.04449826006535989,0.20182558674121823,0.0950905272427209,0.3163436068838522,0.027497976620352842
254,0.10110484991065388,0.12781083027469192,0.1130496291330041,0.0531151971971455,0.20340281083685435,0.0723495289077782,0.3141743480509652,0.014992805687906629
255,0.09487743496509399,0.1421751223982673,0.13830258555109298,0.06572256150907012,0.15895805247527692,0.09165967495532047,0.3083045681448782,1.5027687973256343e-18
256,0.11535934356882209,0.12786575397629174,0.13084681175678436,0.07356443568317413,0.16911697423102715,0.0832838534361108,0.2999628273467897,0.0
257,0.11979598985052733,0.1202250659808291,0.11597753646855806,0.07643274121593328,0.1681390380596953,0.09354984860155566,0.30274434239872194,0.003135437423179323
258,0.12279007055540651,0.1383589569064576,0.11705493583728221,0.03706461626962899,0.16696224010560426,0.11228090107870956,0.3054882792459109,0.0
259,0.12104479120900315,0.13287206075457036,0.11694348276481276,0.036652048749613954,0.17808706288739462,0.10678005279899697,0.3076205008346082,8.097601888518511e-19
260,0.12466940931302714,0.1248409604847796,0.11277373280948988,0.06635801367898042,0.17416479522618614,0.10127836279977107,0.2942433128205285,0.001671412866237183
261,0.12653884214509883,0.1310627190562076,0.10516116888929151,0.06450856195783333,0.18155395624260862,0.09813890606550758,0.2855656679167748,0.007470177725677669
262,0.13186795540568114,0.11699238022782384,0.09681327755576596,0.07364463142899097,0.15086386980215846,0.13906031868909027,0.25866964010854826,0.03208792678094105
263,0.1387228125867576,0.10397821826735094,0.09625361438478428,0.0835268435602688,0.1650947967443293,0.12137826662834815,0.2792373355075588,0.01180811231960203
264,0.12698491571377196,0.10881777494288028,0.10453655190217931,0.09731630504078953,0.11500463497063627,0.1001205444869668,0.3014655003794796,0.045753772562296194
265,0.11082581798049895,0.12239187165115513,0.10400193345147138,0.1336527786923237,0.11415183688020504,0.08668951348737629,0.29953133456616043,0.028754913289809052
266,0.1156742687038613,0.10077020431350957,0.10409118689258885,0.15940647099093844,0.09971817936408643,0.1095736516878805,0.28288585087969903,0.0278801871664359
267,0.1078135685715345,0.11810379511808959,0.10536329763212154,0.1637693555407445,0.08732155797998496,0.10449495389201653,0.2873226634296662,0.02581080783484209
268,0.10821214253021008,0.11424233294509736,0.10939348906903763,0.16216187661607295,0.08986003016287845,0.10785623553428766,0.27988949345702635,0.028384399684389456
269,0.10284731796639301,0.11088449529432012,0.11263738383559854,0.16652213623998882,0.08331117461648571,0.1142522578181795,0.279568702938495,0.029976531289539293
270,0.10616816957572259,0.12193440154727703,0.10050876232938948,0.17982111258858577,0.0726011817201733,0.11209417280296521,0.28368338558085526,0.023188813854031366
271,0.09991935543668379,0.12225797110608774,0.09991664971963314,0.17644386342365406,0.0746279997379626,0.11054343921367743,0.27954414151587575,0.03674657984542551
272,0.09754564884047426,0.10134475761852023,0.10097406325397988,0.1827284844801321,0.07888621782054839,0.1365796728422836,0.2645662652565163,0.03737488988654526
273,0.09665249769352248,0.10135558810292168,0.09707181809044498,0.1964910270952574,0.07286585072139781,0.1296441448783038,0.2664874497011306,0.03943162371602129
274,0.09983504524179146,0.09454355011132909,0.09581960785824085,0.20214186679412108,0.08290110094313916,0.12388776851126174,0.2737099726586637,0.027161087880452905
275,0.10913755472822435,0.08823822251303903,0.10777923339459253,0.21923378936112792,0.07607272850785389,0.0879013786534354,0.27549481642092677,0.0361422764198001
276,0.09646914200978803,0.09411272073798171,0.09836228489448992,0.21822863971613404,0.07801070722699739,0.10741485426696018,0.2427735370198126,0.06462811412683608
277,0.08906464513836851,0.10950366377721685,0.10498937299260949,0.19924392908727515,0.07756929094035103,0.09642030344508831,0.24874498785195656,0.07446380676613408
278,0.09184584693215297,0.10242167632449488,0.10263662093179111,0.20800551871174205,0.0763075312557304,0.08597588458333599,0.24857441378743367,0.08423250747231888
279,0.09327804734773759,0.10244309254350709,0.10235287060225444,0.2067349259219778,0.07738325266008945,0.08351910431229825,0.250601426187422,0.08368728042371329
280,0.09502697719581718,0.13085072801022976,0.10670838519320046,0.20942378836065903,0.0729002292893802,0.059292771136547004,0.2528082211672408,0.0729888996459255
281,0.07801086084038121,0.15719423987787914,0.10708824461517835,0.21356637881794727,0.06116566061285284,0.0469524069537527,0.2660148315025892,0.07000737677841924
282,0.0784375170001132,0.12968433495002438,0.11151643704928055,0.21662844077814286,0.08179078658122596,0.07073556106487583,0.23478328300692858,0.07642363956840854
283,0.09298109340478755,0.12313222895957919,0.12579612234845827,0.21689945036624694,0.07574891995189782,0.058844834483019554,0.24560841834841976,0.060988932136590915
284,0.09294260113910259,0.1348998726139532,0.12392538010442407,0.20889690149415727,0.07898968677137018,0.060132566565482874,0.23407831465558554,0.06613467665492426
285,0.0780980533417987,0.12723481554152113,0.12873926331540297,0.21226912627501063,0.09803082341026033,0.08893104479874632,0.21034287388546,0.056353999430799856
286,0.0889797928720211,0.12249685059477106,0.13423143129956425,0.21098878503551047,0.10046637479414738,0.08031164409847286,0.21575241319980007,0.046772708104712776
287,0.09938581085856321,0.12100205256894744,0.13204531218211324,0.20579396967944277,0.0916863358335361,0.08214749886646525,0.2124452428235161,0.05549377718641595
288,0.0996837012163899,0.1249383225221059,0.13371754709865938,0.1957897920832305,0.08682729446662264,0.07614428021300713,0.22975602763469732,0.05314303476428711
289,0.09821994458870126,0.1094551018038037,0.14807048880207202,0.17466883352099513,0.094297895290679,0.09007977459276956,0.19602284076376197,0.08918512063621725
290,0.09343800466549462,0.10632237105156188,0.13758937114359063,0.1684141484522091,0.0954442770193889,0.10471596768127545,0.1880049164585808,0.1060709435268986
291,0.0937928014540711,0.1095454763802106,0.16642548457830197,0.17432536584139044,0.09012945111267344,0.1003481107989904,0.152913400895016,0.11251990893834604
292,0.09206799701069937,0.11424748362300877,0.1665652363469734,0.17849384941339072,0.08459123018798967,0.09438563275738945,0.15523473165355323,0.11441383900599553
293,0.09046880910347066,0.11046549169337587,0.17957085116054353,0.17427183229597587,0.10039035638357496,0.09991633228838645,0.13703814516522167,0.10787818190845098
294,0.07093930921621416,0.11919343047445895,0.11884007306708534,0.2031435114827501,0.10148734078242191,0.06764130029942328,0.18175237400836008,0.1370026606682861
295,0.07185385752416211,0.10720521683981567,0.11793638955866087,0.20366503881752515,0.10674932603491702,0.07262514528922946,0.18569804465948006,0.13426698127520964
296,0.06290597797665701,0.10206562225152338,0.12330242289182386,0.19641828214842966,0.11362778978845939,0.08154514380715396,0.1805136317353269,0.13962112939962587
297,0.08886690991560768,0.11746203221046331,0.13493241444811152,0.18024326111793268,0.09917943192552413,0.06543979002949833,0.1997630778825268,0.11411308246933537
298,0.08038563624307153,0.11877225825668761,0.14866966285926592,0.18078031596518873,0.09247936527958621,0.07008165579776007,0.18676128103935583,0.12206982455808407
299,0.09259543809607103,0.10470124665224337,0.13789939287200903,0.1794077066305615,0.09628421663221459,0.06464093004294873,0.1980846056002934,0.12638646347265817
