oos_period,model_1,model_2,model_3,model_4,model_5,model_6,model_7,model_8
150,0.10384162748835195,0.18659251808849553,0.1710976555720699,0.04000083995234043,0.14719805005743294,0.08627234192873864,0.022909629747531166,0.24208733716403943
151,0.10900644864733151,0.19130655863926935,0.1667173887058965,0.0417782838664183,0.14293674679133114,0.08971763904215559,0.02016625116012629,0.23837068314647125
152,0.07500423216786065,0.1865357576282471,0.1633028463590297,0.039643944400838335,0.14758056377408468,0.11192679847708892,0.035354877737727976,0.24065097945412262
153,0.07837506772237297,0.16730351686804742,0.17553606093512528,0.03923130142752311,0.149297526398245,0.1203687280937536,0.03215409285144085,0.23773370570249175
154,0.08037467921477293,0.1626913765869035,0.13922449409440701,0.04722494907158592,0.1628576503853324,0.13151068932620447,0.03585388028662119,0.24026228103317257
155,0.06721968512075946,0.18406876743019815,0.12147846042435717,0.06886682069733868,0.15702087898458955,0.1373171705538084,0.036110532849425454,0.2279176839385231
156,0.04808062265882173,0.21113435885418128,0.13841014453375325,0.07356961483485235,0.16917667048711055,0.12923912367172166,0.013217749389841413,0.2171717155687179
157,0.06408337664854113,0.23557616475346338,0.12310166739825713,0.08193991790382978,0.1662578404210945,0.1212020872180449,0.005772949712114727,0.20206599594365443
158,0.05454231999609128,0.22294117826995768,0.1448787143058108,0.08430207882897718,0.16847368260572565,0.11933148744540904,0.003351528286752482,0.20217901026027577
159,0.060674238515515726,0.2350187727942514,0.10556576983520294,0.06589151032356313,0.1756744109656055,0.11531868899388154,0.011990310966492706,0.22986629760448696
160,0.05672620201693941,0.23116035582403938,0.11786271477655305,0.06252877254647991,0.16480042317096974,0.10674930656178797,0.028495848220651487,0.23167637688157916
161,0.05320559159937444,0.2171227196514327,0.11926737198284036,0.0585752938824442,0.16504545551703512,0.12128468655738674,0.03979850497994969,0.22570037582853675
162,0.047684735240580235,0.20729986170728407,0.12626404579766232,0.053484394668237956,0.15181469516213109,0.12329254114435771,0.050921349968693075,0.23923837631005357
163,0.052606031014254886,0.20212095880616654,0.14966026705036606,0.035950395773511265,0.1472136517834764,0.13891058587008312,0.060938072773794455,0.21260003692734725
164,0.04861056409469023,0.16815925832977863,0.13553200969116655,0.01684170740913189,0.19436771700289834,0.15429305426656775,0.0703524854644508,0.21184320374031584
165,0.02893268329561275,0.15064909135291557,0.1755397887209394,0.031121748602520836,0.22474721243466056,0.16296390805546698,0.06448089039485067,0.1615646771420332
166,0.02977534364632091,0.1631664680064104,0.16998302289914874,0.030690786428649374,0.21900116075706436,0.1499601201277801,0.09373538281724138,0.14368771531638477
167,0.023515930375492076,0.16075153152997718,0.16471951018831957,0.03094725080155755,0.2280576111328661,0.14736945978688007,0.09157447531821343,0.1530642308656939
168,0.00905354854233953,0.17413963958309056,0.16820876536160612,0.04462543067306738,0.2225493856994295,0.14285805694032885,0.09051948018145976,0.1480456930176782
169,0.0,0.1699693513409417,0.18002068017243245,0.07700488745170415,0.23065791435894384,0.1619535895094931,0.07016732173994417,0.11022625542554053
170,6.880354735989313e-19,0.17053602858612515,0.17496356572752728,0.06607290874647724,0.23532002220886503,0.1568506315692791,0.08250793596574517,0.113748907194981
171,4.2230703981822546e-18,0.18085882473954254,0.1850475555056092,0.045156793206100776,0.22776976863444684,0.15869160609387675,0.07607947233116387,0.12639597948825998
172,9.18104353943819e-19,0.17406683598951878,0.19877914532029858,0.04610728040848623,0.22551937753142964,0.1709352405542434,0.07592961596230752,0.10866250423271587
173,4.647421330103771e-19,0.1825098867612335,0.19604810337920148,0.04553921044351543,0.221510558908503,0.16547215790694778,0.07474119058019493,0.11417889201940397
174,0.0006131782612529592,0.17667435532018352,0.22547978288664905,0.03910315215142354,0.20809782762916867,0.1484668850558294,0.07244048831494265,0.12912433037955018
175,0.005714599703894038,0.20660389849460142,0.18286585347549053,6.517000103078775e-05,0.23781552234352005,0.12724508609271648,0.08459513161749971,0.155094738270247
176,0.006756701761292378,0.22822539451010607,0.16108391549618323,2.70828196972451e-18,0.23755054681915963,0.14336026908035357,0.08705231281273677,0.1359708595191683
177,0.06031542723067959,0.2327502529750562,0.1698638488696615,0.0,0.24658937304198028,0.13754174923174953,0.05636641295541397,0.09657293569445896
178,0.06136778199736511,0.23448588451420915,0.1693468707459099,5.145619275446322e-18,0.24545326795204825,0.1378634491127871,0.056316507382253536,0.0951662382944269
179,0.06660785219578476,0.24557461355794039,0.17286146864618174,3.335123408383508e-17,0.24400310055294958,0.1424324819527329,0.04566092006229014,0.08285956303112041
180,0.07207663677461738,0.22381621705621613,0.16737633558999987,2.0238465194400037e-18,0.22065114151305504,0.15313341411162912,0.08438728626570934,0.07855896868777298
181,0.06366831358257269,0.22894896100310377,0.177315430941408,8.184455852836492e-19,0.21102928190348894,0.16576649948836847,0.08615830841701182,0.06711320466304625
182,0.07060400967944949,0.2285377475560954,0.16321415793134106,1.312874598463251e-18,0.18182699097502827,0.16966806217006924,0.11663330835810506,0.06951572332891129
183,0.06270354305310726,0.22013152474505523,0.1699012032320855,2.001724142817122e-18,0.18935245455161795,0.1643336980866951,0.12476063376263569,0.06881694256780338
184,0.053307789444861635,0.22101496239405818,0.14177536513297528,0.003314809738201335,0.19523185780455765,0.18644123550874495,0.12507884093756286,0.07383513903803808
185,0.048083030396775354,0.1915113094125592,0.13985232505703954,0.00035027897671976066,0.2051336383995294,0.1857768301748987,0.1352467212323275,0.09404586634915045
186,0.053034166477848886,0.20933618731823317,0.10565932523409932,9.661469554609702e-22,0.2136981841601631,0.195678089422156,0.13994011441801135,0.08265393296848815
187,0.05036304698453234,0.22081989269194635,0.10473286334412053,0.0,0.22006456967990606,0.1919107398450892,0.1417539747369576,0.07035491271644777
188,0.037992539323124845,0.22299073426174668,0.09566124072136648,5.04659785086034e-18,0.2574606077531639,0.18094562596694652,0.13118222996895604,0.07376702200369555
189,0.05034100005918898,0.22616994828309828,0.10013308439649818,8.430757152030035e-19,0.24617508676297595,0.17778218371910456,0.13591873265101798,0.06347996412711612
190,0.05923715952743431,0.22118819688412034,0.09854356748654208,0.0,0.2398846582871146,0.18010978236164615,0.13836506683839467,0.06267156861374772
191,0.05508559618426579,0.22057969273955658,0.10863841377163617,2.5690773987993254e-18,0.20405851554879278,0.1856562472802471,0.1545550504370555,0.07142648403744598
192,0.06149209217679244,0.22613367483471705,0.10619293788268938,0.0,0.19893631483700755,0.17923686748331535,0.15691489228699226,0.07109322049748593
193,0.05935626125690385,0.22033876418564527,0.09224014857630368,0.0,0.20433173413935127,0.1829352364421646,0.15016953024799537,0.09062832515063572
194,0.03775637117826447,0.2002071880222157,0.09660230517241317,1.0127557140085173e-17,0.2127369080360443,0.19788619372867097,0.1531128033783852,0.10169823048300616
195,0.014759413592164827,0.14057109247800384,0.10655256083688183,9.750619772308127e-18,0.255241435217419,0.17849068245545624,0.179661176526401,0.12472363889267325
196,0.00799976630615862,0.15892716892880596,0.09028452974653182,2.0918491841028014e-18,0.2630221567124429,0.17883265241753282,0.17912721564836878,0.12180651023915912
197,0.009628910648407579,0.17705390584701244,0.10770942651513517,1.3390603914270143e-18,0.2665847093248167,0.1786103271646146,0.16672057055952463,0.09369214993948878
198,0.019153339065242334,0.14701857764316398,0.08998210351782208,0.018515804750963667,0.25897471125090676,0.1677353743815163,0.19111664264744005,0.10750344674194484
199,0.015901613946786405,0.15680381805025354,0.08432061955590306,0.02887348099594988,0.24416647189194277,0.16587129993019462,0.19570773603237188,0.10835495959559784
200,0.02221957509469117,0.13929016113535223,0.08894399196824297,0.034567724905730166,0.22739876600788972,0.17730400389934817,0.19963633287337576,0.11063944411436975
201,0.025686364947178172,0.13808158769288942,0.0850411216624619,0.03260526971135734,0.22434388815979256,0.17832157674991778,0.20397150809518244,0.11194868298022033
202,0.024816438259879926,0.149190317358456,0.084584027265066,0.06869764559830577,0.24415649114600568,0.1389014731435026,0.2178453769028164,0.07180823032496754
203,0.016748422450559564,0.163515544071532,0.08219699010236386,0.05718321602213943,0.25212570334103224,0.13385355259354012,0.21705590827670718,0.07732066314112553
204,0.010853762629194403,0.15820723847118598,0.08451070896876922,0.050483004342531924,0.27438216424585976,0.1408264273772968,0.2068749453627357,0.0738617486014262
205,0.04091077876892718,0.13293957593753178,0.11475160123430934,0.020132407511653516,0.23465429091058626,0.15023163256743793,0.217960839532065,0.08841887353648893
206,0.0438853500493443,0.12824035586673518,0.10281437642740135,0.0,0.21673534620557783,0.14580085056747855,0.2554171858734825,0.10710653500898026
207,0.02832989648029074,0.11596146384714276,0.1086462800753808,2.1329348403026018e-19,0.22818795257576388,0.14469014058731955,0.2625566654187438,0.11162760101435847
208,0.03353547709497405,0.11528206065473728,0.1006385015530612,1.3094070573354321e-18,0.21332507199223574,0.14974132042924393,0.26306014272036315,0.12441742555438456
209,0.027836738703285475,0.10942478811629318,0.09291501723523869,1.0016429299068102e-18,0.23673927686775817,0.1421562638016515,0.26426317536763805,0.1266647399071349
210,0.03108384896522625,0.10724258480198337,0.10050184422007605,3.1680252922143076e-05,0.2517794145828052,0.14803216213938805,0.238316116443954,0.1230123485926448
211,0.04321928133325532,0.0994420519113162,0.10849196457388342,3.052733211681047e-18,0.22946847088414213,0.14679222598733824,0.24958925250243943,0.12299675280662521
212,0.05411944149160643,0.12038668580121661,0.0976703238936651,0.0,0.2235455373361485,0.13757244334952876,0.24561326616612528,0.12109230196070915
213,0.052712213933734625,0.12338177281175186,0.08414837959257149,3.559761839951044e-18,0.23071372696590697,0.1337386711432593,0.23835074958752203,0.13695448596425366
214,0.07208501508133043,0.1250277875844805,0.10319007507051232,0.0,0.2018867063497172,0.1282386552806258,0.25391382677250385,0.11565793385982981
215,0.06317178069755203,0.13244442714540444,0.08291758958531101,0.0005032414773657743,0.21908133410877667,0.1395642485422555,0.24957890240656286,0.11273847603577168
216,0.08426555678095259,0.12384980820918756,0.1123771340996573,0.017670995946560467,0.19649735920268446,0.13207605226128866,0.24218749038901272,0.09107560310965623
217,0.0838334108248416,0.12542971205437542,0.11265059022217437,0.02045576512048822,0.19481781714695795,0.13454812627048313,0.24070720070762158,0.08755737765205768
218,0.09542025252085086,0.10531351988611132,0.10297437987629873,0.010071885418272922,0.20384999097110476,0.1275693149904651,0.2713765167215474,0.08342413961434895
219,0.09892915974199493,0.10605318418474592,0.10241255544128403,0.007877730142428303,0.2021021824939791,0.12917940046511575,0.2704938113660374,0.08295197616341449
220,0.08928684325773646,0.09172819837830044,0.0934629726807115,0.0,0.22029735070820558,0.12791356143942284,0.2864455616360332,0.09086551189858985
221,0.1432059123111208,0.050934210263960174,0.07655611666297614,0.02382993507934961,0.2223644903526377,0.11312712243339332,0.27038459049475766,0.09959762240080455
222,0.15682116344422806,0.05186222843999129,0.07968276600952179,0.017378277305216006,0.19870940238777784,0.11521451126185017,0.27793430202873537,0.10239734912167942
223,0.16463228607099262,0.05112004699309327,0.06760081283206236,0.016976947145186327,0.19980470342129097,0.11390997280014074,0.2749888548728664,0.11096637586336734
224,0.12860633671625027,0.05427351038265756,0.07019901968132157,0.030971658526857057,0.22776827527714905,0.12198881482144501,0.28452445839390356,0.08166792619941589
225,0.125974885077163,0.059137979395060866,0.0709535582021206,0.04548563536288542,0.232850830624745,0.13891468459104425,0.25039266558439865,0.07628976116158223
226,0.12363765943052044,0.062383419516023726,0.07323617971123943,0.04267210904355837,0.23363292598773844,0.14354903234017238,0.2457012476589735,0.0751874263107737
227,0.08044852203409414,0.06446953225123316,0.08089351921648395,0.07896933893344495,0.24294384241598738,0.14540840807418212,0.24894795504455478,0.05791888202901953
228,0.06820296076494693,0.060493176980010055,0.08873107708494955,0.11574684875098351,0.2589853563438782,0.15021870373548574,0.21749367088616245,0.04012820545258367
229,0.08616946515866597,0.07469279637884392,0.06600201811957976,0.12684669939653104,0.2591010252583591,0.14939097216712688,0.2222821136143556,0.015514909905537675
230,0.08078940656535888,0.09097085289808472,0.06598775768735593,0.10591924319936707,0.27298222607419587,0.15149477875476566,0.23185573481987184,0.0
231,0.08400673165617686,0.08275891432116637,0.037780458257186636,0.11871612006560928,0.26574495269769655,0.16708368626627695,0.2439091367348873,7.019520852566977e-18
232,0.08391153744041521,0.08238197995705954,0.03828154796343903,0.11685144852497785,0.26729777665017024,0.16890728254538379,0.24236842691755434,0.0
233,0.08855681316975424,0.08219463465957498,0.03889843362951438,0.11396438323374537,0.2655968096804724,0.16642490269104,0.24436402293489873,0.0
234,0.11070024266987752,0.09891902371105137,0.07839990423467989,0.06800292005320564,0.2658784553274913,0.13337943496411303,0.2447200190385811,0.0
235,0.13014978402354077,0.09874003773253763,0.06773566899403508,0.056279714214182895,0.2731392029365119,0.12107416644109423,0.2528814256570973,3.8116482626405394e-20
236,0.12186893258649129,0.10006820758198694,0.07855937427678403,0.06340202379388159,0.2693577820646665,0.1188923353537984,0.24785134434139122,0.0
237,0.06215111180974481,0.0893084815320127,0.08382003579082023,0.07785150980638234,0.30387795296829234,0.11941541229715187,0.2635754957945955,0.0
238,0.06546966774856364,0.09074851361896366,0.0799630604909899,0.07364091635132897,0.3000951467108287,0.1246063566337799,0.26336434927642743,0.0021119891681177167
239,0.050901157402804105,0.09713313206728368,0.0993912881314725,0.08331691754438136,0.2784490051900749,0.14773918439885414,0.2430693152641292,7.703685245931353e-18
240,0.044294994203205665,0.09409416419805665,0.1085158148805187,0.08902852680643653,0.27271221569237386,0.1448138095320042,0.24654047468640428,1.5623813879665562e-17
241,0.0736078553768143,0.0875630397988586,0.09529186895849069,0.07965341229412284,0.29209208676915294,0.13229562889296145,0.23949610790859915,1.2272137626135864e-17
242,0.07856713735345552,0.0874873321668561,0.09440456036833736,0.07812267394625737,0.29103620243725686,0.13534976965506962,0.2350323240717672,8.889336583794006e-18
243,0.07215114162064853,0.08710852414611518,0.11468323800243954,0.07131108734143081,0.2529603918235587,0.1424481546514445,0.2593374624133628,1.7513464975649212e-17
244,0.08709613323566152,0.12171852322528998,0.11160812323729367,0.07532483568924742,0.2414241847153765,0.09941880196853245,0.26340939792759843,3.027020467775985e-17
245,0.08454792812857555,0.09507366183558102,0.12290526683981816,0.035753748598450756,0.2525889134673193,0.11198435762261001,0.297146123506645,4.619029480050691e-17
246,0.11525820033650945,0.08096779843180275,0.12847110019012287,0.055045604818478026,0.23584917859123447,0.10460409486626526,0.27980402276458705,0.0
247,0.13509235121830232,0.07770714018933463,0.11021552494579288,0.06797132978746878,0.23254494480854385,0.09905086202791508,0.2774178470216425,3.6858638699734025e-18
248,0.12494802432446951,0.10678792730910588,0.11249429526475141,0.010054335900966195,0.2542255311051184,0.10262998930283229,0.28885989679175617,7.504711912665596e-19
249,0.14073835986124988,0.09212089197211258,0.11520538006822725,0.025828684035651386,0.27912921904676413,0.05467516419932556,0.2922508322171604,5.146859850875396e-05
250,0.12426776102489395,0.1340475906633621,0.10082415006036824,0.002037580115108588,0.24167816366379533,0.04727720925380828,0.31157353341294186,0.03829401180472156
251,0.12535286654802183,0.14005808480419057,0.11159305549992814,0.011721037432404203,0.2257988732574237,0.05780759800688034,0.30096901073952154,0.026699473710629685
252,0.11389119794243852,0.13266526406932996,0.112737907669003,0.01218435348426422,0.19098164944910112,0.09409687632462166,0.2904424945274615,0.053000256532780045
253,0.12073072208741788,0.1191384415716975,0.11735559012985727,0.021842164441030217,0.21051684416302288,0.07610644987354812,0.30334222183395465,0.030967565898471473
254,0.10359184561228922,0.13520866902621656,0.1170660270960826,0.03560425517263128,0.18732291446769647,0.05941919152153774,0.3302880202193547,0.031499076883191236
255,0.09670516021771634,0.1558107912270545,0.1250246568946885,0.07217539212281703,0.1498302161539142,0.05504713233634513,0.3156178343660546,0.02978881668040968
256,0.118763223114641,0.13350577175593825,0.10987743671396273,0.09940613020284003,0.14843801077788338,0.06677430527827433,0.3036080413243476,0.019627080831112562
257,0.11810893918978903,0.14680372664115196,0.1130649011991963,0.10657576418449849,0.14264411004427835,0.06703734192853948,0.2982793317134956,0.007485885098050769
258,0.12641474812058354,0.14249024168361538,0.10797163328176058,0.09583676083991423,0.13608914151573104,0.07945338624414494,0.3028083548990097,0.008935733414240575
259,0.11647594383070872,0.1456181170559742,0.10793482273301887,0.09820653025872247,0.1349223767807225,0.08228083563620563,0.3054072072310141,0.009154166472633523
260,0.10354585737078706,0.15155869825503876,0.09195733295971312,0.13675730613836629,0.08250148718237423,0.08606221551536734,0.32227719038365155,0.025339912193701554
261,0.10670651041815546,0.15424702604814514,0.08398247008503547,0.12259414633017751,0.10744866257766637,0.08404531425637876,0.31230209067123765,0.028673779612203444
262,0.10364968543822348,0.14125925256855817,0.07913689615968833,0.1421931772173067,0.09242721798666659,0.10802276496470845,0.3037350016078581,0.029576004055990295
263,0.10125459841826481,0.1386860589150307,0.07597611680518743,0.1566358439767946,0.08391414635378437,0.10753406253976933,0.3051223694822521,0.03087680350791664
264,0.10030963361082663,0.12611172126734105,0.08278264212537022,0.17330192200941416,0.06201275354685064,0.11695427217577732,0.2871075608748901,0.051419494388529816
265,0.09407097312578207,0.12338917822591863,0.09147952678684311,0.17855418871845574,0.04613370829730419,0.1047189002906666,0.3187674360280079,0.042886088526021694
266,0.08662298799278677,0.12000788889757195,0.08803840737978628,0.1728158901801038,0.06195511313931501,0.1268370951150563,0.27840271416360135,0.06531990313077848
267,0.07958380317939139,0.12642148090022487,0.08325081792883299,0.1836281550791388,0.053639622403413224,0.13777128964748664,0.2714357077480886,0.06426912311242367
268,0.08000049122286758,0.12306163474765001,0.09061406647637878,0.17843967531314192,0.062094186657813084,0.13836917907494353,0.25741177656005865,0.07000898994614634
269,0.078220289410242,0.12178744460003706,0.08898504405794287,0.1793550510250024,0.05525664725720485,0.139539963146962,0.260513164445528,0.07634239605608072
270,0.09343265237131629,0.1264794198897708,0.09741279028586416,0.19236367515552993,0.07692475916512061,0.12098665201295987,0.2409586297935401,0.05144142132489821
271,0.07663036955348304,0.14311037375861768,0.09885724054753003,0.19374705943606696,0.06534461005269238,0.10934091068403398,0.25265072532444305,0.06031871064213277
272,0.07147113453238528,0.1343942435071957,0.09578466076553155,0.19795318206037424,0.08529308154606266,0.1172648539684168,0.2315648290184827,0.06627401460055107
273,0.0705665162495746,0.13627107034911767,0.11098808660165203,0.20505482557404014,0.07362036356240093,0.10141724695268309,0.24391801211661387,0.05816387859291751
274,0.07370953069441073,0.13833170693164756,0.10591947893057842,0.2049243935520443,0.07049696522165645,0.09712964508687646,0.2542906935956902,0.05519758598609579
275,0.07619760505243917,0.1317497971168053,0.11551927801489442,0.22059517434791673,0.054754788200883545,0.07191477369166775,0.27712781415474297,0.05214076941965004
276,0.07879883674141591,0.14223574631126082,0.10705169344034754,0.22239758846340332,0.052897733671384034,0.06185557067206423,0.2767314745579247,0.05803135614119933
277,0.08241016176925799,0.15103630063110954,0.11667532910881202,0.21593017831831618,0.052790985683517706,0.06067845810885875,0.24543086174429693,0.07504772463483095
278,0.08671770404187223,0.15932113951109664,0.12622493649252126,0.1911894179797532,0.046621298844821614,0.03928973376381016,0.2738190739712036,0.07681669539392122
279,0.08353631349100633,0.13997570625510775,0.13137802758643125,0.1749711309888399,0.05025508518077783,0.05974874064889087,0.2520686060830708,0.1080663897648752
280,0.0802529535673607,0.13800891857875044,0.13424053751609727,0.16970083248888398,0.05027436905373001,0.06348588383390683,0.2533910201451403,0.11064548481513041
281,0.07201670376568735,0.13500180185230948,0.17771529832654098,0.17430726595368806,0.036038022297083534,0.05804530175929756,0.22224299997451913,0.12463260606987386
282,0.07660034140993591,0.1278560514309029,0.17221907842412723,0.1766372588187897,0.028280115505078973,0.061256803464934825,0.2308045120470287,0.12634583889820183
283,0.09498199673355029,0.12052028647920336,0.16393338284105102,0.17141190310014426,0.041912588954955574,0.0704402510881901,0.21307643056743375,0.12372316023447176
284,0.0841260988673496,0.10767783419696508,0.12951777534590717,0.19132650291734998,0.06435199220350526,0.08943478292806875,0.2024598863682331,0.131105127171621
285,0.07043781606946653,0.09393376843202231,0.14400418575868465,0.19501017947140423,0.08453300400593697,0.11620484114435695,0.17825311477026468,0.11762309034686384
286,0.07746372572564048,0.08864785597459593,0.1471339802967296,0.19591960915992307,0.09489642321207345,0.10502042858548932,0.18654855532007594,0.1043694217244722
287,0.10078505619029116,0.09969607455635945,0.175961364769176,0.18504855467776232,0.07645391045216146,0.09179294856863188,0.1950425324010953,0.07521955838352234
288,0.10090135540064465,0.1000704507299593,0.1717333912766901,0.18321680491473377,0.08179884991574753,0.09093748365388453,0.19356914416409082,0.07777251994324913
289,0.11718609018307567,0.08370930913131172,0.15367337564973632,0.1820329755553474,0.09285868360466937,0.08334493707628578,0.1985205543992468,0.08867407439932692
290,0.11566061651993703,0.08423851056758738,0.14215358780182785,0.17928829081897044,0.09330863256369935,0.0932624506770506,0.1925794415159583,0.09950846953396889
291,0.1217641692772616,0.08760111710383846,0.13093058334281618,0.17880357982492237,0.09967750946691196,0.09837017321248204,0.18814606907292492,0.09470679869784233
292,0.12033400431426439,0.0870512788628898,0.12967083057447631,0.1789964297330266,0.10150425794712893,0.09715864847321672,0.18944832442739756,0.09583622566659959
293,0.12008928979978949,0.08344404938877721,0.14550301961806508,0.16811076107203218,0.125952328367406,0.09809440140416462,0.1585847817128131,0.10022136863595231
294,0.10045170398778339,0.10272387173450391,0.10659741540521195,0.18335076464591768,0.13231123745384527,0.05914843609421446,0.186516767147061,0.12889980353046224
295,0.07579566601713762,0.16846184760024827,0.0945954998600538,0.21248654995528282,0.11946383546132455,0.042099834413849,0.1676414896404622,0.11945527705064155
296,0.06329456757963763,0.15301272738935542,0.09745801090270916,0.20087306266337468,0.12516171355457378,0.06261022310076614,0.1698217299136157,0.12776796489496745
297,0.06482202702665373,0.1535861016255463,0.09590532265419836,0.19969335496748786,0.12417773059959986,0.06109828559735975,0.1683737161494578,0.13234346137869638
298,0.07240211302547325,0.11841823388208036,0.1129657978695594,0.2357674848917691,0.10534379129773298,0.07448232675852166,0.1409441563612827,0.13967609591258032
299,0.07567662004601745,0.11215427391733004,0.10934544925465045,0.21845235476823402,0.10055142112786278,0.1017545811363586,0.14333757852646822,0.13872772122207838
