oos_period,model_1,model_2,model_3,model_4,model_5,model_6,model_7,model_8
200,0.214785345576313,0.059911839850210556,0.06442377618538027,0.05508971727663746,0.3420208684859996,0.05584431669761562,0.10193976814373125,0.10598436778411217
201,0.2867550618596177,0.018791708139869592,0.30499472491730784,0.01892019767341392,0.040066163921328016,0.02150313222153172,0.29021901126693117,0.01875000000000001
202,0.3126835096096195,0.019302082189108706,0.2783417569675031,0.0204770091908939,0.037432943594217075,0.021217321822936085,0.29179537662572164,0.018750000000000003
203,0.2806171955723595,0.061154006280459874,0.05672165758952848,0.05805790224381778,0.33412170845227346,0.0655640541395341,0.08951304419897348,0.05425043152305335
204,0.21820082365425528,0.06047055325467628,0.22159627880435587,0.11043689918206401,0.154172390160014,0.05605583599380841,0.1439364074566127,0.03513081149421346
205,0.07911042059031974,0.07126533332234411,0.11125037272803733,0.05642567735341238,0.1422751178640715,0.35459461139166104,0.12166958208579,0.06340888466436401
206,0.17936214756233151,0.05921749088229438,0.08385083515761517,0.04996028763747134,0.293743887480828,0.055197571714426234,0.21866259589502193,0.06000518367001142
207,0.09854002982942113,0.023174511486453612,0.020067606833847396,0.018750000000000006,0.044348963365055866,0.2802481863319358,0.25545228986941937,0.25941841228386675
208,0.16731517010632538,0.06811552165092999,0.07056406837841475,0.063798488637568,0.1114216563069715,0.05941320088159808,0.3827124788857785,0.07665941515241383
209,0.19640027122902667,0.07800372860964505,0.06750865897097869,0.06060292588112558,0.0981201222470701,0.0580456054897277,0.369840992844496,0.07147769472793024
210,0.18792087228276777,0.19174662502877646,0.05113981400231468,0.08638446207072481,0.16395020774731925,0.05672782910361176,0.2104933930469667,0.05163679671751858
211,0.0740405482976164,0.11761718863674919,0.16341975262878974,0.06296241172613602,0.348364551734859,0.055763733049716886,0.11243561411874312,0.06539619980738962
212,0.13100165529970093,0.08202731827879653,0.05773692509084702,0.05618794598136144,0.3262229032480883,0.05341118347010877,0.2341945549554859,0.05921751367561112
213,0.1973473937840148,0.0636875177406884,0.16781513288188035,0.04143268419135542,0.196355877856611,0.039612810326314835,0.24617404796591638,0.04757453525321877
214,0.10743792692353993,0.11848351857962264,0.05806332882403738,0.0603058179315782,0.3491910267644406,0.05585154659372182,0.18400690697895822,0.06665992740410119
215,0.09736947105247762,0.10399657565088898,0.05945556364126998,0.0638305221082823,0.3572498536458812,0.05670779694987488,0.19731063901372448,0.06407957793760062
216,0.11235967458865195,0.17132749104266823,0.05431372863255205,0.09465861308286201,0.33471745136877734,0.07011406644182883,0.10513193617621433,0.05737703866644531
217,0.15963181385471584,0.15394847085633145,0.05813118796801583,0.05779258867966208,0.3663799768007761,0.0658213827661307,0.07162244175147682,0.06667213732289116
218,0.16215929918404093,0.17723097809216767,0.0575684607291974,0.059796513165938175,0.3450882058591017,0.06157354030906847,0.059826468109294303,0.07675653455119127
219,0.15202241896360283,0.1587355626994629,0.05848861268349371,0.05848897574021835,0.3740104732623293,0.06254273299561326,0.06486112187248472,0.07085010178279494
220,0.16536959506736318,0.16336034458784363,0.05702765972374881,0.0570278190958863,0.3602603268117535,0.062421989378364,0.05808972957716841,0.0764425357578721
221,0.16289304262679483,0.15214719083330303,0.06113570748581406,0.07129960031496636,0.35975468176845293,0.07451223851006178,0.056973934937898124,0.061283603522708924
222,0.16865523006204697,0.16085984825257327,0.060866903983570725,0.0634713849521983,0.35231054334281253,0.05618299523017384,0.05783921424078804,0.07981387993583626
223,0.14916443206427069,0.2919770370117558,0.019804246458675397,0.13721238422434792,0.2715347700627146,0.08695445696425176,0.01875,0.024602673213983777
224,0.1857851839937955,0.35154325921107843,0.0744162340426834,0.10187468100547176,0.06055399148922898,0.06358768527096291,0.05610147116001439,0.10613749382676473
225,0.14334353126534405,0.380833120298419,0.07581653739304241,0.06689705760822001,0.0801201384891126,0.09860770500839168,0.05921351848857993,0.09516839144889043
226,0.11610733182514041,0.4033553358964912,0.08322196691848154,0.06904451401614582,0.06564991670106422,0.07517861563347009,0.06160650433851273,0.1258358146706941
227,0.21836435575237348,0.24025070754326353,0.04354327310801283,0.06415565652765164,0.0984921962712185,0.08923802352675177,0.018749999999999996,0.2272057872707282
228,0.14439947390982671,0.23219422442471377,0.027590352687023686,0.02678429768789902,0.2622586107961578,0.02881579392383704,0.018750000000000003,0.25920724657054195
229,0.14418483995696654,0.389295960744443,0.09175562588227672,0.06391401548347239,0.07065740447167099,0.07999821016976427,0.06011269582909706,0.10008124746230894
230,0.1989018195178189,0.2104335817638282,0.024326647781994237,0.020929632843043465,0.01945841591643492,0.2568834065030727,0.01875,0.25031649567380754
231,0.22600522865692235,0.2808438666063979,0.052555118485130684,0.07062959780299806,0.019391279129540206,0.15794099171273432,0.01875,0.17388391760627647
232,0.08328124355373907,0.3801124074709593,0.09525960557690236,0.05957294105680452,0.0620929392198454,0.0691272103678075,0.059136943293789435,0.1914167094601524
233,0.10125766058066844,0.18096709461576244,0.10835781985184029,0.06091886869783465,0.06433757763252147,0.06265102108585802,0.05743315975159067,0.36407679778392404
234,0.27491106101020174,0.28150909943067376,0.052877769698997365,0.021636392332308928,0.018750000000000013,0.033210047802050405,0.020606785747509484,0.2964988439782585
235,0.12984790430045537,0.29494806624607295,0.17181767099945666,0.28247608620505715,0.018750000000000006,0.05403254632540913,0.022402716851353918,0.025725009072194823
236,0.1216295247102059,0.13346978875359558,0.3558880311716893,0.06111573104895237,0.05774515765652822,0.06958812467156077,0.07746160506319966,0.12310203692426819
237,0.1103279236757989,0.28364567726673245,0.17091583874592947,0.2614394961823756,0.018750000000000003,0.09738865860287997,0.0343307360481395,0.02320166947814402
238,0.07192940768733981,0.3716312129087484,0.16849342094107245,0.06286362932154556,0.0654352418060119,0.11118457745097578,0.06301721007025804,0.08544529981404807
239,0.0641860637161787,0.3274002317674707,0.1453711129416941,0.05821503069297918,0.05353627392255738,0.11500612499453543,0.05563256833642259,0.18065259362816205
240,0.07376124632548746,0.39248349084476053,0.07707643841373103,0.07135991592020595,0.06258094939050432,0.14339364699539658,0.08424636398486807,0.0950979481250461
241,0.06430321267181817,0.2438967799931403,0.12324784838016624,0.06382370233050082,0.05290702445035242,0.3155369930640626,0.05227580549317404,0.08400863361678543
242,0.06421518685459626,0.2112422279621255,0.10689804780779467,0.10968752435057987,0.054470405071884845,0.3297090099899603,0.05378158210567849,0.06999601585738016
243,0.11954262272708391,0.14592172923215518,0.09255917884619969,0.12417522791492064,0.04701947066257194,0.26606563039588255,0.07734384265945021,0.12737229756173588
244,0.05808444263723632,0.37020651893869466,0.11425570098594878,0.07433461255924143,0.059414997810022976,0.16018893187139638,0.06134511102033333,0.1021696841771262
245,0.01899842064162976,0.18181677757281836,0.2925641626172418,0.3031761877607882,0.018750000000000013,0.03775107688634728,0.0196749389907932,0.12726843553038147
246,0.056934483710604694,0.3570316284431062,0.060539213601714735,0.056684610522080035,0.08962317360549862,0.1616273501925348,0.08380351340505189,0.13375602651940902
247,0.05830683030788611,0.35973824452142644,0.13173924470040838,0.06758462670907905,0.0569721877894878,0.13005206274205125,0.09060089405687738,0.1050059091727836
248,0.034904093441561944,0.20411520624100465,0.2645211025757777,0.024070177538201183,0.018750000000000006,0.253808166792932,0.156007496769726,0.04382375664079657
249,0.0656562750397104,0.10791661012684975,0.10191486299053223,0.06946807052900489,0.06127695689425046,0.3283386229139564,0.053635978684607864,0.211792622821088
250,0.060059171045679295,0.22781947328931282,0.07397710870149633,0.0754594692023168,0.05514541003595148,0.3361540709992042,0.05446637004366545,0.1169189266823737
251,0.020404838138638106,0.2997622207571398,0.026624880734804374,0.027095031923210253,0.018894430214571874,0.29800787704692305,0.018750000000000013,0.2904607211847126
252,0.07514077952399474,0.3786797640477542,0.08162592120415148,0.07144423566432628,0.05898472459676474,0.13979642535137285,0.07675219295738349,0.11757595665425218
253,0.018749999999999996,0.22304172628399885,0.08858590965069917,0.2513035385416123,0.05261998589296249,0.1995586489473468,0.07441250937801049,0.09172768130536979
254,0.022080194441074712,0.21439229597327014,0.27269787193584255,0.02484818658616927,0.018750000000000003,0.298296959770431,0.09592338682707925,0.053011104466133066
255,0.06166586862732199,0.22303837391077364,0.07015548030740096,0.07117833690712333,0.05624546939087509,0.10758307814694255,0.05723485726603234,0.35289853544353017
256,0.05725135887655987,0.31456936164567306,0.09320224283717511,0.06702386647766356,0.05217299292229717,0.1841555433466433,0.0938961430398241,0.13772849085416372
257,0.061453388186957295,0.22291759079441267,0.07858263521674856,0.07644103993664418,0.05709928859025328,0.08435936571304563,0.05821221071249566,0.36093448084944263
258,0.05892949912209247,0.34819389242431736,0.09473368702181867,0.09974197477476053,0.055745600762102734,0.07609572186777401,0.08178196962439829,0.18477765440273583
259,0.05927823784633116,0.22088501580107786,0.06086938056149207,0.09569655420873384,0.05700522884688674,0.07078502010687912,0.07543134560516959,0.3600492170234296
260,0.06549711157419855,0.21858299423736033,0.06117350683780176,0.06237898228413552,0.07611204071193879,0.08330987242771688,0.06770121840785454,0.3652442735189937
261,0.09333663422551611,0.18808534255010667,0.07471090409066104,0.0615981920661247,0.05704972733946844,0.07481771935606578,0.08993345773267847,0.36046802263937877
262,0.06616652145279214,0.39152478826615195,0.07838470649132807,0.06829133583551601,0.0616007391821876,0.09403495091221308,0.06945599007919742,0.17054096778061376
263,0.01875,0.23739908188727976,0.021876167782842793,0.17441225147818634,0.020085534548596854,0.1936931553127182,0.10884665443116115,0.22493715455921492
264,0.01875,0.05163807645208305,0.17287566719026745,0.020072564999169096,0.238289182911894,0.2517869674906633,0.09180634339499455,0.15478119756092854
265,0.049115612041190075,0.10239901058369644,0.05340772183933595,0.09773493184403584,0.06357983398606186,0.20822531982924142,0.28579401554128714,0.13974355433515126
266,0.018750000000000003,0.12322975505770424,0.021058821140113322,0.2614523983504988,0.07400193232775637,0.26812590707703166,0.21407722533057277,0.019303960716322822
267,0.06123726405699118,0.07647053403757842,0.11612927944507478,0.05556606627916723,0.06437099777701938,0.21846076945563933,0.34650415503887305,0.061260933909656604
268,0.05431231052761254,0.13799194752439256,0.07078964455155488,0.07232153954668488,0.07331498708440133,0.1990039298537982,0.3347041066915537,0.05756153422000193
269,0.06857295977084205,0.06264167716478015,0.03817959423935012,0.16667704756405793,0.17740571884062312,0.19879097178113486,0.23938006660277988,0.04835196403643187
270,0.07955749730233334,0.080080161943658,0.03139247642502249,0.028900384605164378,0.2583802564147105,0.23911712348184375,0.22023416870400722,0.06233793112326023
271,0.021186595629889154,0.018750000000000013,0.13476420093250668,0.2736040344807991,0.01948425321404016,0.2810234227620826,0.22978241405521127,0.021405078925471024
272,0.2820586793454607,0.019119961878259366,0.03443698890535458,0.018750000000000003,0.02226292321509206,0.30253762314294347,0.26820697536448407,0.052626848148405715
273,0.06230372087324464,0.07601636542129446,0.06448448541256355,0.07854501913675807,0.05879905872506641,0.19626362586985632,0.37693232160821083,0.08665540295300575
274,0.09311515885298609,0.06609822275636376,0.06581655178368101,0.06154832049806194,0.09759867842445416,0.4028077223347007,0.10080037881604335,0.11221496653370898
275,0.09705517853113137,0.06941271091489473,0.13301903997978182,0.13442547769605967,0.06703491888735659,0.3370368995845707,0.06046236536743277,0.10155340903877236
276,0.02782824139549439,0.27792352311581364,0.018750000000000003,0.02177258631310346,0.03117317328275241,0.30244840292146447,0.02251586357832093,0.2975882093930506
277,0.105375004740994,0.10266757198121433,0.05536578635062182,0.10251962208718415,0.09841170987995614,0.34461918213555026,0.059783016256493696,0.13125810656798556
278,0.04721921513110913,0.07510274515714226,0.04128225397226167,0.27156775091539664,0.07828681035019167,0.18351672670269567,0.1823222616393144,0.12070223613188856
279,0.08041894767216001,0.081001567849642,0.060410452852577054,0.05987822499583669,0.10950863569112065,0.3870891804261562,0.11523165209338222,0.10646133841912517
280,0.09800832112743568,0.07452966246134773,0.06269890291150988,0.06169110597379846,0.12439175304676699,0.4041515856357502,0.07622677744809721,0.09830189139529377
281,0.11826705665778178,0.07525333439733498,0.06232142418820592,0.0612494119584666,0.10476794311613592,0.3999944654914504,0.06391901625176755,0.11422734793885675
282,0.08483395085956863,0.38087632981227404,0.059218110042554124,0.059504559214865256,0.08161264118964148,0.15666957964659822,0.07214936965728058,0.10513545957721764
283,0.15601421862188694,0.05846016856100801,0.06331141032574375,0.06298219156494793,0.08218543713112818,0.37374276743013474,0.0959866682720491,0.10731713809310149
284,0.14990582208389258,0.060587101507077704,0.06552461820002883,0.06380685681017333,0.10281037777073629,0.3937609553607313,0.08402826733759716,0.07957600092976275
285,0.17753284339125627,0.05863208343472588,0.07675020316953646,0.06437166809585558,0.08563718939831194,0.3753607861300329,0.07886804461816292,0.08284718176211801
286,0.35606857790035745,0.056582286401912985,0.06761169019789645,0.06923953243347455,0.06858452998456903,0.22298533913864116,0.058525114395158104,0.10040292954799036
287,0.1512162068119945,0.06510232676797845,0.07015707032920383,0.06874852213060723,0.08251709714425141,0.3967507731269361,0.07514590580945107,0.09036209787957733
288,0.1756038985897591,0.06109988662367371,0.06956185053642608,0.06872642396107316,0.0806029821982946,0.3985871683357743,0.06562658332501099,0.08019120642998805
289,0.12251911221241962,0.018750000000000003,0.020191354755269637,0.2918086971790111,0.08497838392385605,0.22162342522780845,0.2178238876449721,0.02230513905666307
290,0.1698182060580299,0.05990123313129707,0.08381567457444584,0.06038153347310526,0.0939873751389313,0.3873057235886782,0.06564588502724969,0.07914436900826277
291,0.17756924553276557,0.058827475548090785,0.06936461141230517,0.060479043049486064,0.09142613876970247,0.3771997698643839,0.08181773452595083,0.08331598129731513
292,0.29416482346478634,0.01875000000000001,0.02131732758460975,0.01942243937320791,0.025096931888731893,0.2976159445920229,0.28152337480709744,0.042109158289543744
293,0.11559369789680196,0.05954674739772867,0.06810670963744876,0.06119733594932931,0.07764049538018987,0.383969391389748,0.11333053810579405,0.12061508424295943
294,0.11054411195757703,0.13149940237777702,0.0710689685083629,0.07258537748199315,0.136689193484405,0.31668679906470176,0.09151198684685197,0.06941416027833121
295,0.10209468811038394,0.061386557439623145,0.06415474859152605,0.06821443384379515,0.13670837498527377,0.40128524672432203,0.08881288311526905,0.07734306718980695
296,0.09400684184034826,0.05890643215783892,0.08216762889192579,0.06726765078801134,0.14362422702732527,0.3779428908973074,0.06590575225288131,0.11017857614436169
297,0.04175804838266059,0.018750000000000006,0.050780012880181406,0.03504726821093478,0.20154414113751218,0.3026795991923599,0.06846175852790813,0.280979171668443
298,0.1455746391278125,0.061758771447494164,0.07027177692811705,0.0835600641147019,0.08653301498444552,0.4047884371528863,0.082218359943266,0.06529493630127658
299,0.10762552326579203,0.06034781144591504,0.09805567627175571,0.07953948913073547,0.13268429454674127,0.3915088136086121,0.0689202552760559,0.061318136454392484
300,0.10042391248218936,0.06296548188885066,0.07197310903072983,0.08902729487618817,0.13009857947406922,0.41614571189506494,0.06489370373016191,0.06447220662274583
301,0.14010073510640547,0.05885089708738328,0.09952136197636548,0.08055074905557563,0.10607086370461681,0.3774202078812544,0.06891997497394313,0.06856521021445587
302,0.09450525881136042,0.06757372296161099,0.0852551278671936,0.08061065497948221,0.10991246458359137,0.4284930804995541,0.06937230049415487,0.0642773898030524
303,0.08176966417824719,0.0635465111947396,0.10407640361100592,0.10872568330586069,0.0984131291675332,0.41279298402249387,0.06806636998419567,0.06260925453592386
304,0.0533991020965208,0.019422508106982914,0.27628660486023715,0.05882844068471689,0.031140254648477597,0.28663302271930374,0.25554006688376096,0.018750000000000006
305,0.12748456180180417,0.06797493592091136,0.10031330247145116,0.07317753293592318,0.08602455839479663,0.40384353925978056,0.07952319385085761,0.06165837536447537
306,0.10529450219313655,0.08320665173590205,0.1173909906431729,0.08388816033629574,0.08979435269079193,0.3908696053076736,0.06927584178162303,0.060279895311404166
307,0.1767757740543314,0.059852569674805026,0.10897781880308834,0.07727308060593911,0.08302211196763006,0.36966298762847927,0.06640896483606794,0.05802669242965887
308,0.13512207294023182,0.058246693918666166,0.1567530476677226,0.07167511027813761,0.07349195741724573,0.3648757537894877,0.08231731514837522,0.057518048840133076
309,0.17026463274390657,0.07085446468783768,0.13553426206145217,0.06108486658585018,0.06543708226161113,0.34962999207803797,0.09129651292301283,0.055898186658291535
310,0.2910636695746756,0.02321647870312221,0.3027132711344675,0.025129648839805487,0.024988334936554408,0.29338910737165097,0.02042906288057276,0.019070426559151143
311,0.11452844705170981,0.06297392402206654,0.17037670800683152,0.0607715732668313,0.07394963490422049,0.3805288644502593,0.07768965645024103,0.059181191847840056
312,0.11409002117155685,0.06383806907950593,0.16658276971428682,0.06148514836061345,0.07446140392437477,0.37351362530333737,0.08759313975784518,0.0584358226884796
313,0.15879144061163458,0.034695390699727865,0.20043520036586088,0.13391930469314942,0.07444371765361721,0.19521238450896078,0.18375256146704927,0.01875000000000001
314,0.14804024738524194,0.06268924777598875,0.17318086811741656,0.06979276110148255,0.06285183583082961,0.3403360361499166,0.0881982998418336,0.054910703797290315
315,0.1159043128637744,0.08724758747379245,0.3511537434505907,0.0582746232722567,0.06687449827403455,0.18854065012098564,0.07594449930294019,0.056060085241625264
316,0.161182821493014,0.05715319071137116,0.3461402115802,0.06212999351953717,0.06615007588830825,0.15197993210660096,0.09973637722057217,0.055527397480396236
317,0.1779053256461329,0.061724718372083355,0.34248481894214394,0.0779677010029387,0.07265894214253114,0.10533466173459184,0.08634666918675878,0.0755771629728193
318,0.13152162496740227,0.0653942874766722,0.32020734027807546,0.11915385774914206,0.10515366524790991,0.11119709723803915,0.09460009876750473,0.052772028275254304
319,0.06371304226455743,0.019595575469774223,0.3126790668190496,0.2886693273798503,0.020522143376274116,0.03602687737569038,0.24004396731480404,0.018750000000000003
320,0.20267763349835388,0.05262869194152009,0.25987014198045555,0.26647325996087284,0.018750000000000003,0.06429009589893966,0.08399098865650717,0.051319188063350805
321,0.11330164187619007,0.019530144302041603,0.288316834799725,0.2991150897911975,0.020926960358889204,0.21179210080283195,0.028267228069124788,0.018750000000000003
322,0.08640042038247718,0.05411243474837897,0.23778689325645738,0.3072163186794959,0.08504341392529098,0.07216819312678942,0.10588059235929134,0.051391733521818764
323,0.05554744733754949,0.05409071269226419,0.30262486008923173,0.1609814777029812,0.10817646143338192,0.1308198413066054,0.13685531059503434,0.05090388884295172
324,0.060051266246335604,0.061378997230362865,0.3396178947855811,0.1235054165863923,0.11425309761032952,0.09472436498156564,0.15163456255700877,0.05483440000242417
325,0.09117396306015796,0.06667427335785182,0.3111880779808577,0.11088161373568028,0.16437383303134318,0.10279802751948562,0.1010964802534285,0.051813731061194974
326,0.2804350365574912,0.03882629827724748,0.23400502742783164,0.01918391529863703,0.03776940188989249,0.06655198637265426,0.3044783341762459,0.018750000000000006
327,0.12724206129195184,0.06252403299901463,0.17070900012948886,0.14915812524517094,0.09556888192569803,0.12841837881454368,0.23701732742274947,0.029362192171382525
328,0.14743562454634274,0.06474898523014129,0.05383645519568164,0.1492494699836462,0.12320796441119508,0.2810118472240774,0.12422138665198533,0.056288266756930355
329,0.15365824861261773,0.06481261872748725,0.25431963347161224,0.023895527881208925,0.17973043296489694,0.03163960750658164,0.2731939308355952,0.01875000000000001
330,0.10327625997179453,0.08960401491481634,0.060026738864965276,0.06045638568830194,0.19119632460436398,0.0731384777828367,0.36394937185621945,0.0583524263167018
331,0.154739423755794,0.12519032633273985,0.09244550667003892,0.048628895020252645,0.2800338098207462,0.07167911124436276,0.1697948523146374,0.05748807484142827
332,0.29439930832801553,0.04045259674412787,0.01964250256735612,0.022783643700001133,0.28787546086471605,0.025661918761998578,0.28625165455568424,0.022932914478100506
333,0.32621502509862094,0.067249023817548,0.053410346416728476,0.06186554474711129,0.10281692766306422,0.06185073209059488,0.2731467432630104,0.05344565690332181
334,0.3564720001600878,0.14361172940102349,0.0655329343125222,0.09038026934018933,0.11644487959815653,0.11062395241969825,0.05907786155969599,0.05785637320862637
335,0.120617934595965,0.2909874137750623,0.023878049465275022,0.20234897898554277,0.02072996026937475,0.2923383611885092,0.024975191215730688,0.02412411050454018
336,0.18004908650667906,0.35379346236373155,0.0565771515928813,0.12140706300884173,0.05998825437465639,0.09634827066542644,0.06162541601550395,0.07021129547227954
337,0.3641245153361783,0.16757240642006113,0.07615622210330474,0.09218815814076739,0.06772971378140061,0.0666616812157873,0.09315172394742009,0.07241557905508042
338,0.15050129816710853,0.3196907960716199,0.09321142612873048,0.16493930754255626,0.07862969770042902,0.06016580700024562,0.05271714592873311,0.08014452146057723
339,0.13212859206379846,0.3549635129318986,0.056673471484777076,0.1581951799906989,0.08923714079192781,0.08505380839885428,0.05821745324530642,0.06553084109273846
340,0.11838820775438448,0.34323811193164905,0.057636664497930916,0.20191178695025952,0.05521904932215383,0.06914583086410246,0.06316910944252115,0.09129123923699856
341,0.18418583759050688,0.36188583153520165,0.06068996771905649,0.11720120728676872,0.06800955692160185,0.07111164607845542,0.05720036960061517,0.07971558326779386
342,0.13247204386851225,0.3746260262278182,0.05855401528670569,0.1484690021518036,0.061075156616373354,0.06665948582261814,0.06910239973480338,0.0890418702913654
343,0.12985950534362944,0.20597911648957531,0.04420955137151525,0.15893059515264785,0.13742331288463933,0.1722725006894798,0.06681145006291182,0.08451396800560128
344,0.12661110493663985,0.3883517150990019,0.0654117003110252,0.11117470475769256,0.10205690000916057,0.060012369623654645,0.06783161726021729,0.07854988800260808
345,0.2748848332487013,0.3004144708601973,0.020517992527698037,0.05651965924029294,0.02032525655368736,0.018750000000000013,0.28521011712165306,0.02337767044776993
346,0.36349359207941173,0.21362843709209786,0.06978335576134191,0.07793230771265548,0.06795067728756549,0.05737119415843749,0.06073409139163133,0.08910634451685863
347,0.19375789442366348,0.37616977416112785,0.06076657771374414,0.07401239649377722,0.07250094007028866,0.05871803850461984,0.06242072709550889,0.10165365153726987
348,0.16495030072535746,0.3658028518221722,0.06027479114528088,0.11092785436183782,0.07173256909739753,0.07936431985985873,0.06996064542402058,0.07698666756407488
349,0.13741599063633414,0.35935165493969334,0.08670702023543783,0.12403077269834305,0.05987312506961118,0.056931112647280645,0.07563981315945602,0.10005051061384379
350,0.11540166559541082,0.3601684999372242,0.07407990561048516,0.1164392258514043,0.11640549949792246,0.057017901509720574,0.059916411312604494,0.10057089068522795
351,0.19081940257805577,0.3599858633978063,0.062364239256037374,0.1038771939023642,0.058438235870985185,0.056998497986016916,0.07390614169710143,0.09361042531163277
352,0.182601016431226,0.3557991629494904,0.062253507602519104,0.1018124563257273,0.05700601302002832,0.05655366106338335,0.07969381011894444,0.10428037248868116
353,0.2974369185143718,0.2876644062471828,0.03810418190679687,0.025914132159791818,0.0221401183973124,0.018750000000000006,0.01993026704687734,0.290059975727667
354,0.2766078616893799,0.15621825835322156,0.018750000000000003,0.14129734688155868,0.020099378986222747,0.275849036986042,0.052868609727290496,0.05830950737628461
355,0.2929378432845187,0.24082938022455017,0.01924141639989386,0.28215696349530917,0.02099963978146096,0.018750000000000006,0.024366261208038698,0.10071849560622852
356,0.12620139549603712,0.1493436024516298,0.05865028372057797,0.3713059287069182,0.06515291794934101,0.058201254925110066,0.1012501428122587,0.0698944739381271
357,0.11403830227032229,0.32842436697608796,0.05711335820404408,0.20728252063504618,0.09316915549483475,0.05364508872359138,0.06538989010080112,0.08093731759527233
358,0.10109072965473458,0.16815363298200278,0.05860264772104976,0.3750837432569389,0.06345376059378117,0.06096392090745141,0.09226780013280693,0.0803837647512345
359,0.1847914311355203,0.08317037646979618,0.06502531890430775,0.3526702861237572,0.07337696306229143,0.0562212179006492,0.11545685518934183,0.069287551214336
360,0.28437200483457675,0.08542828703483306,0.018750000000000013,0.26898880618797805,0.020834499068757582,0.277218508171815,0.02034601148352549,0.024061883218514043
361,0.13332918473581964,0.31068374515921676,0.051760147923166785,0.23889062373586545,0.05772189857923633,0.05508798263644872,0.0787420919112794,0.07378432531896695
362,0.11749897463606847,0.14715151406079008,0.058486249049044335,0.37398823008357146,0.06744789565965953,0.0599809479696997,0.08233061718204658,0.09311557135911987
363,0.09353766738723998,0.13897508488955743,0.06019413107009022,0.3900624121590448,0.06905831216562201,0.07701468145579347,0.07839078612422679,0.0927669247484253
364,0.16807189665333877,0.11280821078939401,0.109830039716789,0.31957177609008863,0.07127159176077376,0.05270449976748053,0.0799037744556873,0.08583821076644788
365,0.05422131779263141,0.32587129067429565,0.0541785962028968,0.2119254112055016,0.07309074286673027,0.05393287434875977,0.11218732254772733,0.1145924443614572
366,0.07440693057227778,0.15006185335932407,0.05922701856903808,0.3809601747674172,0.08708448521075385,0.060812734397448394,0.07280315205147882,0.11464365107226182
367,0.05727245822854598,0.11016407915734769,0.07816031409185395,0.3625643168780068,0.12252752851035063,0.06211864911257352,0.0848280709127229,0.12236458310859859
368,0.055259544382245424,0.13474078615773907,0.0563549544442314,0.34361924132579424,0.06984747709611447,0.0640680323304528,0.128207039400809,0.1479029248626136
369,0.060077410959493184,0.13855953529628923,0.060822727207338764,0.38577486466238586,0.09468952274153468,0.06446052703227835,0.06989924771975199,0.12571616438092786
370,0.054273279166279824,0.175798139400429,0.07705295338187969,0.1423214988554252,0.07242617681012331,0.06032597738766987,0.08346521935455302,0.3343367556436401
371,0.05275340429312362,0.21509117461022353,0.09395163055888883,0.06068446536314978,0.10277726738587423,0.08032511388692974,0.07438488434713238,0.320032059554678
372,0.04079227880939189,0.0988948399993002,0.2005871288058794,0.0924577888241477,0.1939873549171832,0.0507591681763923,0.11506463560140003,0.20745680486630536
373,0.05869529179856636,0.11591108147540122,0.06997251258211076,0.06340817267205032,0.09455281807508044,0.060013022437086984,0.16149141344378515,0.3759556875159187
374,0.01875000000000001,0.2875343938355162,0.0435645989714391,0.01918944273413422,0.2927742607904209,0.030151145525298184,0.030443572832932773,0.2775925853102585
375,0.01915959435284254,0.13975171729461122,0.1560058232503047,0.0748398928752617,0.024319818153554863,0.022879540276546824,0.2829009246905637,0.28014268910631435
376,0.018750000000000003,0.07781020484476996,0.09029603191699455,0.13307959541439515,0.27542051668711687,0.25010768682043955,0.018753348179960928,0.1357826161363229
377,0.05226568318504693,0.16586448720911937,0.06691371284536517,0.19913864950749693,0.049351091888820774,0.04927026937315349,0.12994649135617814,0.2872496146348191
378,0.021625885030130923,0.2943391489363368,0.02098229902544735,0.021080542441266205,0.020181556692018113,0.018750000000000013,0.2979755510715804,0.3050650168032201
379,0.0897255882177289,0.1485225781707211,0.07840060585404485,0.07019293299924922,0.0666218720555413,0.06768140381397744,0.09968353739400744,0.37917148149472973
380,0.05416056855478326,0.30687858024898096,0.16342203573881928,0.10263430175306434,0.06366521834924285,0.07711762921952478,0.05135584792423107,0.18076581821135337
381,0.10159722563769288,0.3870053557953611,0.06385124855392169,0.06205460404062728,0.07508753429183884,0.08408350510717877,0.059869319053257125,0.16645120752012224
382,0.05392989953086854,0.3198266358912741,0.12080056035343786,0.12395550240312432,0.0671812487506668,0.08115159912964029,0.06547923188520759,0.16767532205578048
383,0.01943730767303513,0.3016795122119633,0.01875000000000001,0.28300878745874203,0.02544493510560958,0.035163839069538044,0.032728846698076186,0.2837867717830358
384,0.05251297630922917,0.23488565342051204,0.05905430074965255,0.05539816119021393,0.0908266011917089,0.09533437052815481,0.09421872824810042,0.31776920836242817
385,0.0756196863179774,0.1474719669537286,0.059083836648888347,0.084481937337949,0.06416862466459065,0.08124792794981607,0.10831343830724245,0.37961258181980745
386,0.060243423262625675,0.1009271366208884,0.06768542875914334,0.08517565128661639,0.06691241592160704,0.16410562107034365,0.06442398588719003,0.3905263371915855
387,0.062235204014829876,0.11413266684460031,0.07618451749212007,0.07310483214823586,0.06404546873657588,0.12937559045588481,0.07164921163333571,0.4092725086744175
388,0.0628055748180644,0.11946542191375185,0.05736185387304685,0.0585735322736572,0.06648717020076177,0.213463533095693,0.05843723031399595,0.36340568351102914
389,0.019460891100199558,0.18318895675093183,0.018750000000000006,0.2730921963049277,0.03010267613631905,0.15773818874182277,0.01927502233676418,0.2983920686290349
390,0.01893748444479793,0.22565166489844124,0.06743797294698613,0.2397791643384654,0.047534785839747934,0.12112685897608345,0.02260250180145636,0.25692956675402157
391,0.06467847414836989,0.07903557107962719,0.06632916233028407,0.0733320930962394,0.0646345423927127,0.42583070870330914,0.07901924098406818,0.14714020726538937
392,0.1862201799617835,0.027105351671111503,0.024662233800782186,0.2812937357525581,0.1398175531095765,0.020814738842249287,0.018750000000000013,0.30133620686193896
393,0.08794773797527289,0.08075763812185428,0.06610312671672416,0.13027096995863982,0.07873786047779102,0.08503829715490914,0.06441733573151787,0.4067270338632909
394,0.05504477008808861,0.0895734253273778,0.07456684614529169,0.341597836123187,0.1139031441044645,0.05809909586847823,0.06418496972795333,0.2030299126151589
395,0.03539622489771329,0.2846430662053275,0.0996903321748983,0.18661766126147655,0.09462300913949367,0.046802143801864565,0.049744581433554605,0.20248298108567148
396,0.019676813738926928,0.019916355099192647,0.02175911587544132,0.2759907026496261,0.07614434030770066,0.27390170311680906,0.021935665933766203,0.2906753032785372
397,0.06792636659539902,0.0710659813037955,0.07405583790912945,0.3142227826375938,0.09631665006796257,0.09751739738702239,0.14375014750971565,0.13514483658938165
398,0.08056110986222714,0.0588348181071293,0.05549736070448749,0.12957947818506518,0.09569873196659995,0.345857528401351,0.0765457695018079,0.1574252032713321
399,0.04394045211698325,0.26610351529538284,0.06836842905516771,0.11243425491916431,0.1827450347404026,0.018750000000000003,0.1493089356859737,0.15834937818692563
