oos_period,model_1,model_2,model_3,model_4,model_5,model_6,model_7,model_8
150,0.06607794754692733,0.09818348015274993,0.2306516940510199,0.029497559262073578,0.1667586857672561,0.1798896912876962,0.1391469031576012,0.0897940387746757
151,0.0955512536896085,0.14491810665694135,0.153690034808522,0.044860785457831266,0.17982965762028486,0.2411128383660733,0.0546779533247691,0.08535937007596966
152,0.03960375979166641,0.19809077956555027,0.1887593846519177,0.04925698487838279,0.14666604748902914,0.16116006380122724,0.08288030226974409,0.1335826775524824
153,0.029384054520478077,0.11995025623117507,0.26445149628186576,0.04346340819194288,0.19374838759269578,0.08969156865105983,0.1341559224358231,0.12515490609495958
154,0.07827359850958338,0.08542371905933413,0.13392289793287773,0.09394169460542978,0.10757130056445569,0.1439694752238042,0.1821605116921504,0.1747368024123647
155,0.09892042085181507,0.10318006010612565,0.0723245369864912,0.12390763464715589,0.08428817710418106,0.11351083526417176,0.25331887003208464,0.15054946500797473
156,0.0896315370890766,0.14431894681419363,0.06686334828374922,0.12817797152599644,0.1693677217250656,0.09641905807657483,0.2277713573569751,0.0774500591283686
157,0.1330663098862703,0.16410916984440588,0.09649675187537948,0.11805679369173773,0.15735797468945226,0.14079605427169414,0.07470076877602454,0.11541617696503574
158,0.13502311235858472,0.16772681239910323,0.06683862322251709,0.13427350403204116,0.18494175324561457,0.1456292799256939,0.07041283842272969,0.09515407639371573
159,0.12702199329927,0.1591425998762176,0.10326968009165301,0.15147077425853286,0.148791419699328,0.10420908609332376,0.08784247173531513,0.1182519749463597
160,0.12545327037524678,0.19032494487622711,0.08524381875711488,0.18256737874657514,0.1504532557046669,0.07013784843303282,0.08053469066327862,0.11528479244385773
161,0.11677453672857016,0.20748628414326045,0.06990251235945781,0.22274307342016075,0.16888369840910686,0.07146740788548496,0.0507078866229738,0.09203460043098514
162,0.11221895615291337,0.2062052117064692,0.09524890093327354,0.14881945305014022,0.17936980563730182,0.0975381618866619,0.054645713077834994,0.10595379755540507
163,0.14016526583263847,0.27182439925757973,0.05044204091053213,0.02024568249980031,0.20427276187777316,0.19373355965685243,0.08139587782583985,0.03792041213898403
164,0.14168362396354628,0.14286693790157692,0.1289410416553557,0.12074756825735185,0.14648310239427878,0.16595124514904216,0.10204419244171521,0.05128228823713314
165,0.1597956447423547,0.033227417777869875,0.0509878317066121,0.29054122941812904,0.21241852838670644,0.06179305822209694,0.12326464027945153,0.06797164946677939
166,0.19653200476748534,0.20329223347108907,0.0897797137745236,0.17360172839370094,0.07181088777071126,0.0761859085303466,0.11501997718317597,0.07377754610896727
167,0.20133628985061655,0.22802471476409583,0.15217552674259677,0.12353768482774974,0.1054507610725683,0.06876245568640386,0.08107140968385385,0.03964115737211522
168,0.21698734134065115,0.16400345970145297,0.019802108043563287,0.11783557332235015,0.160838731852586,0.0595269405420123,0.20843223000430497,0.05257361519307927
169,0.16664601044094937,0.23881335151311897,0.10167306464247619,0.1667229672034558,0.09376967437274208,0.10965039698081601,0.036055845765254516,0.0866686890811871
170,0.14124011965501,0.26826845546574907,0.1345640956586242,0.13501465436937332,0.10522315599077593,0.09417445036688225,0.054149758285388795,0.06736531020819642
171,0.1684491396657096,0.2204757964204585,0.15267142034004993,0.029510274388830787,0.17852565065274917,0.05071121714967933,0.03886138987724326,0.16079511150527948
172,0.04402600606139617,0.32074644748590025,0.1804269737382917,0.04734324460267139,0.08197139159631779,0.10699895363207051,0.07268200953351663,0.14580497334983564
173,0.08504085805415094,0.2433083017453498,0.1711715716913549,0.08501153054503874,0.16221373326306873,0.10405760932634095,0.08187788693609556,0.06731850843860038
174,0.057065795977254634,0.2990114803114037,0.2071600470665674,0.0880788736889604,0.07937160117527073,0.11425695658008105,0.09629441346679275,0.05876083173366943
175,0.06814569934598547,0.19017028576425132,0.2994227186251051,0.12567579915736607,0.12334608270057079,0.0015625434988892877,0.114334334057975,0.07734253684985694
176,0.06369222755350114,0.2865826111005449,0.28944704088998713,0.024970771073674736,0.11869395860330474,0.014303833030592083,0.11201430910682725,0.09029524864156813
177,0.06182703431942969,0.3508247979776812,0.224505254309692,0.00011900930145450262,0.11874086112133035,0.025745247940984255,0.0837609249064039,0.13447687012302414
178,0.1127955826956501,0.22754971495193962,0.21697103348199157,0.019917306944112832,0.17506973213283483,0.03204500561385881,0.10231403610057295,0.11333758807903932
179,0.11305666579135473,0.25449303665237993,0.23283031849201824,0.030204151353940577,0.16806736151067894,0.04479261074820877,0.09781414525539571,0.05874171019602321
180,0.09604198788704814,0.24802514262027386,0.19693256240859758,0.04402293402546464,0.17186610587750317,0.06963472683864305,0.11336844461646768,0.06010809572600178
181,0.12213345540321775,0.21377981040301094,0.24149479467852822,0.010339958886205576,0.13924239223911442,0.031964151103676085,0.14029130927840225,0.10075412800784479
182,0.11120180593245496,0.18346807916557367,0.2418743970343357,0.02640814675532527,0.16082126408885442,0.0579088970189439,0.11395884341718825,0.10435856658732398
183,0.11921309475373226,0.18040238252235513,0.19106497085672103,0.07649010643047258,0.09935835966602874,0.12373587184271904,0.09644262956072189,0.11329258436724932
184,0.07630227719490568,0.0529820082409972,0.26588641339430563,0.08347903142662982,0.19834261473318054,0.027300537008169846,0.14662292590348636,0.149084192098325
185,0.07090162621794878,0.11781718526693177,0.1531930138979622,0.12682938195687518,0.14767086962505555,0.063367641099712,0.157826440088777,0.1623938418467376
186,0.006832741732022786,0.008630354798573209,0.8812733440959627,0.015315840965161203,0.0036046480835173946,0.05044182034403011,0.013629284391825014,0.020271965588907648
187,0.1183807305229442,0.11705483553869998,0.03616973411688411,0.0862502003037074,0.17068999562533316,0.10981214716178908,0.2710240855462847,0.09061827118435736
188,0.12894440269009272,0.12057610073389434,0.06896829717705422,0.07590138197540765,0.21516267957929905,0.08666161991861178,0.17309578104339285,0.13068973688224733
189,0.1431317118266075,0.11952034843638563,0.06475157953785692,0.10238417766783502,0.20150146510738598,0.07174414506100334,0.17183741348508694,0.12512915887783863
190,0.15806197531141877,0.12728898542633052,0.07151848274459693,0.05994761161760034,0.21455093914236295,0.08959878773443977,0.15702596295529567,0.12200725506795497
191,0.06138626057372545,0.07197383136952117,0.09646136907205428,0.14002367327197582,0.14785264592699,0.15874057668402466,0.22504086275400031,0.09852078034770832
192,0.05875048938102682,0.1290832698524825,0.06992771924515269,0.11644039328524677,0.14553889905860048,0.12596811699149071,0.2120021314053592,0.1422889807806409
193,0.06601173209858498,0.12883333256246113,0.04202689340181024,0.13380887005078007,0.15810128476987562,0.15372649006410602,0.18410470893043768,0.1333866881219443
194,0.05358478830675256,0.420232113744954,0.04688695108209453,0.0682067559190287,0.12391387480235734,0.08533519193779375,0.12564583341179156,0.07619449079522762
195,0.05193685997875815,0.057294647748328195,0.07330530388348111,0.10459913866460406,0.18865678301720518,0.15565721170374194,0.18940175415011562,0.17914830085376585
196,0.060628884361190176,0.05834864872319862,0.048560901419588055,0.12741758569437517,0.19097381689398216,0.1571318027183594,0.16010084785182488,0.1968375123374816
197,0.05534132790419264,0.06164138470841862,0.05258912938132071,0.07938104510606223,0.18410102721425375,0.18952877586112638,0.20116164570940204,0.17625566411522364
198,0.08361605340293514,0.09294995763329553,0.06742404212299541,0.1536087343829762,0.2298273130604721,0.13647935798134733,0.14751284528579578,0.08858169613018248
199,0.0855288685760311,0.04936665306979429,0.05529820134645903,0.11775425025362768,0.1670982228186788,0.12421744129358919,0.26180448500840386,0.1389318776334161
200,0.0513321461469413,0.1396461420249066,0.05644259523502469,0.1509759976304735,0.13036623388699753,0.1295128792744607,0.1834546988525795,0.15826930694861613
201,0.0577923618236685,0.04210403636012806,0.06737672069161149,0.152726163720069,0.13317281946561063,0.19189504818172606,0.2189778033304215,0.1359550464267648
202,0.022308898271871692,0.005923948415143648,0.033511075192197363,0.016998820265756234,0.16277416404286232,0.00039992717930247733,0.09246867351290995,0.6656144931199564
203,0.05354166522525541,0.04279899719108347,0.044612410496070384,0.20915596394793956,0.17066312293963312,0.027159549929636713,0.42887860427189356,0.023189685998487825
204,0.11109240870895137,0.07521556312823474,0.09195772110493929,0.20646623405880407,0.28950068364937526,0.04922605154527368,0.1388226997984523,0.03771863800596933
205,0.1539995800178923,0.05407810058972067,0.1251202268696093,0.1824888321627035,0.3133686066897857,0.07348516022932171,0.04952812746764764,0.04793136597331934
206,0.16400266429749494,0.044879950799288346,0.1401715869017609,0.03728013863861488,0.2969795088846318,0.07034572534761349,0.18718794480898868,0.059152480321607
207,0.11628924570178596,0.14594179456181086,0.1117812749559071,0.08402796752326218,0.21542404245523128,0.06845537732374622,0.17464866561740985,0.08343163186084657
208,0.13906529802784948,0.027469822102327558,0.14240775570538625,0.13053941689121581,0.17004772516966266,0.0811205952095249,0.22530693174273012,0.08404245515130336
209,0.13341386039333455,0.037391888552940726,0.1505083855950966,0.11928068041566531,0.19732341384906316,0.08482932069519798,0.19417000924966535,0.08308244124903635
210,0.13153364370621712,0.04861305132112223,0.14233045244387074,0.13587140004286236,0.1974743180513697,0.07755846106193344,0.16297426153612438,0.10364441183650008
211,0.1698726730097956,0.03208542084066378,0.16010812211794306,0.13815079969419372,0.13345492041377255,0.08943606547199817,0.17169761770991493,0.10519438074171816
212,0.20308748315611627,0.026676548847177465,0.16895546810707054,0.11976793645114372,0.1410312046608765,0.09739134823223808,0.16009561888381416,0.08299439166156324
213,0.24908917681451764,0.02730235904798076,0.17287942607856205,0.043289605130657216,0.17272920463307323,0.08122812829827201,0.1650856997039309,0.08839640029300617
214,0.20520748057196403,0.049462173687825274,0.16722538876172546,0.08480068118164133,0.1304783644587334,0.0712143353821256,0.17362336290056105,0.1179882130554238
215,0.18201760858791424,0.03148828291341149,0.2699650407791575,0.09542225199695029,0.10272827846153089,0.09253679275914693,0.16126563117153794,0.0645761133303507
216,0.18786022350227888,0.07340503159125687,0.04418950474840066,0.1164448711092796,0.14961815400369757,0.0912832837911466,0.1563335171794101,0.18086541407452963
217,0.22983819648434078,0.04965640532560067,0.22980349965879207,0.10472983823243319,0.09238264747337137,0.07775111460767464,0.18868443466609316,0.027153863551694028
218,0.23500635163413894,0.042196155008219105,0.22377238014008727,0.12341400235680215,0.08638655809911613,0.06959839727922681,0.18864555201561997,0.030980603466789627
219,0.21782403633628392,0.0681975730438037,0.13201659820323502,0.13765618545275046,0.12470317790602477,0.10374835929314599,0.18231431771193782,0.03353975205281838
220,0.08663339480319325,0.12093508624268309,0.11484078349352052,0.11660334116540622,0.2813114659034947,0.10841777704744587,0.13576997179739875,0.03548817954685759
221,0.12673759631004508,0.019481375899430237,0.17600275882638516,0.16034336966595356,0.18417664200022923,0.09921654672129573,0.19053341471400853,0.04350829586265252
222,0.2246900993467446,0.034358979829153716,0.13543162756871108,0.12716438257520823,0.13662527020142293,0.10688718812201764,0.18137462876903315,0.05346782358770858
223,0.196658546876851,0.03447218589577086,0.3469363664578327,0.0953149459547459,0.04989465855946211,0.08727447951477658,0.16516684048978048,0.02428197625078033
224,0.1587573213158224,0.035082463168146845,0.1094560643426073,0.1529802700320291,0.13301364603754834,0.14627194604598628,0.2031582639943669,0.06128002506349285
225,0.17471365239297987,0.04928421856166489,0.12586261081903483,0.14686761778899235,0.13374992688097623,0.12813573289887048,0.17991975537086619,0.06146648528661518
226,0.17855834696465386,0.03248553621350585,0.16579020706364248,0.15025843732191477,0.14369163908374524,0.14739803833816348,0.12535789693715027,0.05645989807722408
227,0.19329067526903165,0.03450873405262956,0.12706912911015247,0.1679042948895805,0.15440224070739403,0.14943959269957025,0.12090707430899404,0.05247825896264738
228,0.12463916230874333,0.046104392071024,0.17572977408278917,0.1816286242411679,0.15848952002837957,0.14730064839012674,0.11888319706244482,0.04722468181532438
229,0.11252882679222469,0.08256124006387822,0.3155064219088103,0.17411619928211247,0.11821452463109332,0.08290943829288074,0.04740994452764307,0.06675340450135715
230,0.17060599587784075,0.06853094556724312,0.08439979530827209,0.20556755190260903,0.186561513189157,0.13382784594756775,0.11881998276314835,0.031686369444161915
231,0.11169873571515769,0.07681112552227837,0.49550613549087885,0.10968562850529409,0.0777799650492589,0.04688842479057465,0.07384081515232446,0.007789169774233041
232,0.19079624911071671,0.08518726900656483,0.025737426588872042,0.1669053511586087,0.2042413500136888,0.15584247009476115,0.14344140174637127,0.027848482280416562
233,0.19022231683445254,0.08344504738933713,0.030571584465465176,0.17059829891606715,0.20215564402027225,0.14644274408586222,0.1453610692916455,0.031203294996898005
234,0.2780542214505393,0.16036990102520163,0.04285722295106039,0.050593391099324425,0.17042427079837544,0.12748257133091162,0.13875162656760182,0.031466794776985524
235,0.23819740597533148,0.10413296791553622,0.025798506598541753,0.12257232159395448,0.1891701815357216,0.15733891800384586,0.1254949684021157,0.03729472997495298
236,0.20809608124811788,0.11127716925672237,0.034929396927803544,0.15290034646654402,0.16046425241952467,0.18458541015127036,0.0931095077307924,0.05463783579922484
237,0.00018263450827857771,0.06449013043524347,0.019920152702523945,0.22121735519287955,0.27045278335713263,0.23337367647543378,0.12841558844001993,0.06194767888848821
238,0.08896522070340213,0.13234269060578896,0.023652740569583833,0.15415950220007466,0.20843735621491552,0.18785538395320223,0.13732462006621582,0.0672624856868169
239,0.04413019908607519,0.17845002689013909,0.02392489957826914,0.16673719224989833,0.19504123941142462,0.20627005607389332,0.1276472427617007,0.05779914394859963
240,0.03863878868997699,0.061787360399705955,0.03435542978050489,0.18275863171326057,0.2031888386844905,0.2850532389472459,0.13277875121700955,0.06143896056780572
241,0.0701688990102945,0.1176173532970607,0.03676491435644427,0.17325022927474462,0.2001091343650078,0.2139872481627124,0.1291943428316177,0.0589078787021181
242,0.016844922667233385,0.1566136083599309,0.036964225192976395,0.18216024759750557,0.19203716898627912,0.201726675236807,0.1312664707809725,0.08238668117829508
243,0.0534403390716109,0.15976455366084488,0.05243804320198242,0.22017429471078584,0.15479436200382193,0.15991956515253836,0.1394193118586221,0.06004953033979368
244,0.042468907271920736,0.16825039095415614,0.050840599102448786,0.18363033974107526,0.09080505090979459,0.27494345649926666,0.13879872305196916,0.05026253246936875
245,0.08244053285122702,0.16030424568302354,0.06428330282464113,0.20106460191685147,0.15139221264081523,0.04150312017649066,0.1609045734716145,0.13810741043533636
246,0.03895104087269062,0.05375503603223405,0.08035260906029552,0.1289841157942806,0.1320784753410609,0.2505533744827946,0.21365773285958475,0.10166761555705905
247,0.055912367470215676,0.08042020661948816,0.08800813910315632,0.19209880898594864,0.18366240486320085,0.16524025381939342,0.15878066009969471,0.07587715903890217
248,0.01897613614735521,0.06675911160578875,0.050048308439882186,0.5956354513137937,0.07488834071117138,0.06283171440930689,0.10558351348301938,0.025277423889682526
249,0.019635903569434298,0.04215056898337318,0.037478632511114204,0.016711669907629904,0.07074810895178062,0.6083515740031871,0.1685295244021673,0.036394017671313436
250,0.028370591721242167,0.07326119822534008,0.10591382373805407,0.08787519920955737,0.5009948382415825,0.009068867188281272,0.08425993199727527,0.11025554967866737
251,0.044523507601781476,0.1384274815342104,0.047765520197414035,0.07222773458316843,0.03892006508311957,0.08181088105166887,0.4453008575798797,0.13102395236875763
252,0.0465675115033151,0.171377857197437,0.0628807873117627,0.12418439622323194,0.11797730227350733,0.10799666894314686,0.20475309731476365,0.1642623792328354
253,0.044802672379508225,0.18368957488416734,0.06527765513762229,0.1451551043660012,0.08362225605829757,0.10630572098870676,0.20677756689367802,0.16436944929201863
254,0.041904288480153776,0.18762011842591766,0.060812999517835385,0.1506711109690881,0.08027090914376941,0.11779818299465572,0.20147738833084552,0.15944500213773444
255,0.017933749392852364,0.11385507399024161,0.022268142813786085,0.04104670948159055,0.49524399925256285,0.05647462912297663,0.1192729104645781,0.13390478548141183
256,0.04916298438815452,0.22023653794478637,0.08713118789397971,0.08343477386618489,0.02414220077985361,0.15439134337153596,0.18078952067072687,0.20071145108477806
257,0.040085506755432064,0.2145868043404521,0.0286445148235394,0.08546555639703081,0.043140556752968254,0.08836978505135386,0.31276872398356104,0.18693855189566244
258,0.03882443395483407,0.24031420366231473,0.050010665680636945,0.2074128880030618,0.10426094304144867,0.0886340944298809,0.1577859809056026,0.11275679032222032
259,0.18148868846337154,0.26737182007442967,0.04458501865324336,0.051170342059197134,0.03121362792665104,0.0947206351397082,0.20458055460930377,0.12486931307409521
260,0.016202163035472998,0.24620131648755958,0.04007269244920864,0.22162043663957853,0.058609604280626566,0.07533143174434151,0.19692862720529733,0.14503372815791496
261,0.02938239952013676,0.1493159629314657,0.0627346980502455,0.07310578415920434,0.04494802005109529,0.15325673690660213,0.32264017144656876,0.16461622693468153
262,0.055619734992885694,0.17536528944760182,0.07988038330811312,0.10204404478279909,0.08574249732247217,0.14418617138596715,0.173692319975922,0.18346955878423885
263,0.04267155584435589,0.17118407074573472,0.048513637273237036,0.09689857804298645,0.049665539349605,0.20053733769451482,0.2140804619469878,0.1764488191025783
264,0.036100031728193385,0.18174251313798664,0.034800964173838544,0.07835170668694584,0.18877623164482457,0.11611401801274446,0.18019275063833254,0.1839217839771341
265,0.11609629987098583,0.1775764728904877,0.07257386942269556,0.11138536389928401,0.029355372111456175,0.17048112799162501,0.2568159877241193,0.06571550608934648
266,0.10584510478889284,0.12357362701143915,0.0704743208050396,0.08774045192698013,0.02640651165600354,0.15992979610748456,0.33841515374005615,0.08761503396410407
267,0.02490360244155469,0.19459673129750057,0.09813542115385773,0.16746138126979768,0.058561914299033305,0.18536289022397384,0.16335523834653715,0.10762282096774506
268,0.05116255042975242,0.11505837565740429,0.06481820624898434,0.11057987859771973,0.04402075705563003,0.220538890689824,0.2967114608763737,0.09710988044431165
269,0.02757705959341657,0.24411539569592308,0.07419330456486199,0.12127659361827571,0.05559826695832692,0.20875436230915637,0.14576907764388597,0.12271593961615349
270,0.031639165368861764,0.05335438339899709,0.06264475696630149,0.09226383913367006,0.05462315717964496,0.21889892383966544,0.39628870767177904,0.0902870664410802
271,0.05734877566143959,0.08885317070892712,0.11477333146728247,0.18996801319671386,0.06515869291323959,0.24688943678506098,0.16313193937389506,0.0738766398934414
272,0.056464539135227684,0.07371215298202007,0.10606653876863643,0.15767933606904697,0.06763732889925225,0.24461899516554508,0.20664937933716718,0.0871717296431043
273,0.15242010794845642,0.07495664066917597,0.0937477065109856,0.10089434128870355,0.17208253108082983,0.18316914683562105,0.12533788687211156,0.09739163879411594
274,0.05158027299625103,0.09874460314265615,0.14049545790088036,0.14182715507624433,0.04418081861476192,0.29589760142666793,0.14611515655594415,0.0811589342865942
275,0.02186401819449379,0.0909606123093983,0.17289139649333882,0.16779057806049516,0.051861243355100145,0.16675088589219172,0.2501526748606643,0.0777285908343177
276,0.06486019312622342,0.07909485731329163,0.14329283154419153,0.16336164542026216,0.09540303525898867,0.11889441818496704,0.23112114524400526,0.10397187390807029
277,0.07310732287134437,0.0873168652517421,0.14064612122021153,0.33836056339660125,0.06079813487473155,0.1037034645407132,0.0944240081681595,0.1016435196764966
278,0.05775407978243154,0.18009473632609643,0.22986558238110802,0.12876484399094662,0.07391475512881113,0.08190910736587129,0.11834209044251615,0.12935480458221887
279,0.12432221756997631,0.07731051395332358,0.18383612949810596,0.1401538755113293,0.09903163674612601,0.07525729946351138,0.17956449554199988,0.12052383171562756
280,0.07541937768012626,0.0938264529314343,0.18868590217919623,0.1360236695676921,0.13809843122889298,0.05598840103416665,0.17901211791233435,0.13294564746615714
281,0.08165159705783565,0.09287312832340798,0.2259224958339306,0.1299323656163663,0.09084688920111848,0.06631219165053358,0.18977537816436063,0.12268595415244678
282,0.1024279572334954,0.11390811225473384,0.20475297356463612,0.12041983087413238,0.10094184502247332,0.06242124629074414,0.19416174087798396,0.10096629388180066
283,0.4086028725623935,0.04573542425551347,0.15182534187966854,0.0897600625299468,0.05959177630445323,0.054425210627386957,0.1122996712373172,0.07775964060332027
284,0.03700269476235319,0.07746938303308294,0.10996128560047166,0.08941750470815059,0.26867478958229096,0.08894231392996409,0.25900401306785176,0.0695280153158348
285,0.13286319732056498,0.07212767005986616,0.25473057679083144,0.14489337864527407,0.053010179474398456,0.10474483240849958,0.1057430161746126,0.13188714912595287
286,0.05522500316824537,0.12721229431919953,0.2799193766374607,0.15176559876373766,0.11898280262855189,0.07519359665828484,0.09817831186588245,0.0935230159586375
287,0.046154607497485046,0.07885882804805672,0.27690565477946955,0.20013164975189077,0.09686964720897033,0.08781318963034909,0.1363277199159007,0.07693870316787789
288,0.09662517786139806,0.12426588245584556,0.2959244546022703,0.10615550044183991,0.12281839120817852,0.07192466033625856,0.07999500127258573,0.1022909318216234
289,0.08662628356281618,0.12442334058008085,0.21770908573015343,0.12623644131932618,0.1578737074891642,0.08083215176308528,0.11292363917675546,0.0933753503786184
290,0.07087172167793081,0.1380765108611744,0.24328182818687671,0.1379297741058773,0.12414627208366645,0.08510332952277558,0.07770334098877363,0.12288722257292505
291,0.08025078153498846,0.14724690326198003,0.13941861810765083,0.16477109928723402,0.15437135264723761,0.12041329916180082,0.10712882168098092,0.08639912431812728
292,0.1009450405247531,0.13672821269405347,0.16768492322424838,0.1542605427314896,0.1735510870736061,0.10638038676271336,0.08613335971905653,0.07431644727007958
293,0.09278222330881031,0.13542462682267875,0.20034930490450345,0.14268565464354516,0.16450042136085596,0.11230780517128924,0.0882396063918672,0.06371035739644991
294,0.28943034973230203,0.14124006118186547,0.27255554993166053,0.03693934100220569,0.21158225546701984,0.021955733462305976,0.005514411922459336,0.020782297300181163
295,0.08542228776429774,0.18847184134162576,0.11391157949215414,0.17193700921385296,0.22703278001187618,0.04497677979892889,0.08172790003451222,0.0865198223427521
296,0.07156165589819845,0.1805584879426935,0.1112470752057126,0.1673171326812395,0.23386480254996037,0.049144274657107336,0.09280894544916127,0.093497625615927
297,0.06444816176781334,0.18482596824004704,0.11608478521862778,0.1275741414462113,0.25894161069033417,0.053717799855935604,0.09761299691091131,0.09679453587011953
298,0.08335640533350704,0.16637245450351032,0.11340798751247054,0.13381925256606755,0.2481299607038022,0.06954807897401717,0.09244649070365261,0.09291936970297254
299,0.049528251579500006,0.22223791561211065,0.10998878110263452,0.15160856458482477,0.17670122698660312,0.07325199807734539,0.10032891268290527,0.11635434937407631
