oos_period,15,16,22,23,24,37,39,89,94,95,96
20,0.13415143275758118,0.09784767336903684,0.09058859457155627,0.0893928077747311,0.08888864886107652,0.07899899096685041,0.08026616960734378,0.07801458827139808,0.09111975142509893,0.08177401015471286,0.08895733224061408
21,0.1124840591469632,0.08987804742818697,0.09320360594171452,0.09644607902128392,0.08581525848706002,0.08346240819405353,0.08796434531446912,0.08420845337186429,0.09091013055945436,0.08920726782765868,0.08642034470729146
22,0.09899781459613112,0.09252839438677855,0.08928793874156671,0.0931320740488606,0.08550335502961211,0.09152382256503358,0.08881812793082589,0.08540993577616911,0.09300042775560714,0.09149557298694026,0.09030253618247505
23,0.09813949290091928,0.09446492909349083,0.09193715821901911,0.08720590409877542,0.09709700430988903,0.08742249463087794,0.08270518814498129,0.08621015517805582,0.0930086693266682,0.09193435945857634,0.08987464463874682
24,0.09541689070151894,0.08982269648177872,0.08900989492315446,0.09097171812286169,0.0920372750195843,0.0863832418838514,0.09234416624473807,0.08275598862801577,0.09425437421501362,0.09277981669656704,0.09422393708291607
25,0.09454423797085892,0.08256273619735122,0.09125125872120676,0.09366689833779723,0.09076310879825711,0.08773970110850682,0.09298929246730606,0.08818857161238602,0.09284944425672065,0.09128188747483595,0.09416286305477342
26,0.09413752021989692,0.08640102517632355,0.08614292504836883,0.09513454485882049,0.0900522325721048,0.08976090000228053,0.09014396697600892,0.08908242748748736,0.09288976800958071,0.09266633318284503,0.09358835646628293
27,0.09182045677771099,0.09430652395249642,0.08809077399820298,0.0901505568093029,0.08977264183364377,0.09097993717530073,0.08944547998859861,0.08984533497565016,0.09264244149579536,0.09207113663793397,0.09087471635536407
28,0.09747535308406191,0.09200147511439495,0.09181304026067491,0.0869424820037694,0.09234664182439462,0.09351292588041983,0.09098714539502606,0.09038381113895912,0.08799767149867892,0.09242892637821337,0.084110527421407
29,0.3127358003442819,0.07037769110550005,0.080730936557717,0.061013142342284374,0.08200295146744328,0.07638998786390694,0.08038703217913558,0.07194027432059023,0.011339995478590418,0.08577659022975265,0.06730559811079745
30,0.08761499418665053,0.08787290903300633,0.10629621108789691,0.07138774675088888,0.09129338467110489,0.08651085348781956,0.10516365893742417,0.09482402979331138,0.08496705287066364,0.09626044463314734,0.08780871454808627
31,0.09510460373134816,0.028753661192115868,0.11983481084068362,0.07483606504020725,0.09282526510228119,0.06657797368262722,0.15624077327963962,0.0750370682476393,0.08886511072060367,0.07982365166227473,0.12210101650057945
32,0.0240503980985463,0.00036480156513933327,0.26781299599118913,0.0025902916443022485,0.0006416153772040497,0.0007697778689538593,0.046812445681256976,0.004355647264207488,0.04981731271207695,0.0018278281508533546,0.6009568856462704
33,0.0441686481140328,0.06720822888198674,0.3693690988670673,0.04960037899024102,0.046463490179701424,0.055137824394611304,0.115547417799668,0.056216848812553136,0.09485800694512019,0.03738811514145909,0.06404194187355904
34,0.028561973101522004,0.08989274306303915,0.2898211271831989,0.13525240582118364,0.01682768348735948,0.10641030262535564,0.08840318216274672,0.039804368396540495,0.10145591948872462,0.008383952525888878,0.09518634214444059
35,0.04427496021795731,0.1329820537360717,0.17058154255283248,0.003749693103961339,0.05248028697326562,0.19102785871026606,0.06986704053432635,0.008294138968664414,0.13225051595842247,0.06575472452606897,0.1287371847181631
36,0.06234393256716621,0.09174688320762912,0.05558218616225685,0.06433053997768032,0.176709622746858,0.12850229586031026,0.10075484660823128,0.08406689799581467,0.09530139284976308,0.10268688111374294,0.03797452091054744
37,0.17660760305486234,0.05212980430899112,0.011701448265514312,0.037095190838060906,0.22314189047556876,0.12123123861388337,0.14676367143581498,0.06533460143830704,0.04906741833027843,0.09381328736881787,0.02311384586990083
38,0.12253241375328991,0.04420070106826584,0.005384719763309444,0.011615169649315782,0.1661810151706017,0.13122033824733384,0.13077621465854816,0.13937083757838162,0.06288350402153325,0.09388678647195635,0.09194829961746409
39,0.08247497941468819,0.0661619340023463,0.09093587584224462,0.07080423214297774,0.09472376763387232,0.12663389991043522,0.10377937680189185,0.08896043391848661,0.07536532016078094,0.10261392430800487,0.09754625586427133
40,0.08341410914565976,0.09060993931558639,0.08210251299452939,0.1435896801813616,0.08591276276431556,0.1164830579481977,0.04994179756726386,0.11212410327104057,0.06884325856036257,0.07763280418443261,0.08934597406724999
41,0.10658893272738969,0.09529781836863523,0.05514382954765278,0.0475108437249096,0.06918861018579563,0.1058985775676207,0.04764209637297879,0.0941859774878915,0.18771523619016686,0.08030617447178068,0.11052190335517856
42,0.10187056178574304,0.08344414822600438,0.12056880842485722,0.08782410710516055,0.07916196367270878,0.07015557205228294,0.13070418202171488,0.048625536346214575,0.09606193877425122,0.08730850927547984,0.09427467231558273
43,0.08426236008259379,0.11383285605626473,0.15612053739218126,0.1199407951038401,0.14399828396557665,0.0615808430993447,0.03420277285932342,0.04917236228610945,0.06526940532569417,0.08562018880323496,0.0859995950258368
44,0.3148136824617847,0.03932235340946826,0.24598170878998454,0.06892811197163073,0.04756089884700444,0.017078350344335493,0.011041734283921297,0.08139875775475477,0.08471939401462375,0.03940639288604934,0.04974861523644286
45,0.1322270242426444,0.10955947579745959,0.33378465848707467,0.0911691338599677,0.03775606866644765,0.06804067352648226,0.009352603519800644,0.0056241175682309056,0.05558832765554136,0.09102349248507531,0.06587442419127552
46,0.06926658001890364,0.16010046726871408,0.010749827862312353,0.06919596615888671,0.3686767798979902,0.03274809248436028,0.17692434869944876,0.005333110477439735,0.008367973472104589,0.06141872758942374,0.03721812607041596
47,0.04813005070375281,0.0503365080611519,0.058491503047392195,0.06138940048775378,0.20025416957130776,0.0161913025659726,0.17117310435211644,0.23762013698094517,0.10495060455240948,0.026696555870736327,0.02476666380646142
48,0.10304604028929572,0.08046138005019783,0.10780411363620046,0.07995360677055309,0.07796383173553802,0.13134021112276548,0.08094602224397571,0.16181095383000876,0.09379753485232999,0.052260847761952466,0.03061545770718248
49,0.09608018584786503,0.10194727451819896,0.08804484364031494,0.11332828996038512,0.0956536057024412,0.07038377162313113,0.10267344292696119,0.0495471142201113,0.040166025490835686,0.08816473281435017,0.15401071325540525
50,0.08851056400011717,0.11132588505406528,0.02458510947960296,0.08709650519743203,0.0992234255311432,0.11900114652881295,0.10120723076295658,0.03750530484181075,0.13003649436561507,0.08786464436772293,0.11364368987072113
51,0.06227452654322892,0.19951433362353568,0.0419986723451956,0.10226689951826104,0.0217200052659484,0.09552566837007985,0.05552804681872441,0.1750792086204246,0.018358825335884565,0.12150566039733995,0.106228153161377
52,0.11397032149393835,0.036365612644137756,0.025634010616961127,0.11978585865973293,0.05187947798900556,0.10641577066728267,0.04380999632963586,0.22406998349591098,0.03327869978200485,0.11189939134904421,0.1328908769723458
53,0.10951098148223999,0.030120205301618967,0.09241594388408504,0.07430291866301805,0.03241833448833166,0.03824537915521712,0.03464849584793709,0.4178275993767443,0.11473753907599435,0.02739987399143497,0.028372728733378424
54,0.052634007109481885,0.050944768614114476,0.06876603599443645,0.10224191926999902,0.07397802024740817,0.05900851042903117,0.08150684289074166,0.22753363614071795,0.11353061702648758,0.021858935708509126,0.1479967065690725
55,0.07650076948099852,0.06275292732353925,0.03328793118456181,0.10998089498463362,0.027566156189337814,0.054462828943271466,0.11067093430458899,0.15594883924289343,0.09975244966915085,0.07083568045701374,0.19824058822001053
56,0.0711896805907961,0.26020430082834584,0.0480987225906861,0.07215839497555053,0.039001527980930685,0.09354476192557934,0.14146541952467537,0.1023059999357912,0.055006291566837284,0.052050484911425984,0.06497441516938146
57,0.0655187363272973,0.1225412919035838,0.11972116377620312,0.08750749970856805,0.05765620397737677,0.12850692512503045,0.055108321244320836,0.09728803941299838,0.11315822365905545,0.05526967457188192,0.0977239202936839
58,0.05743508173603086,0.08994453722254259,0.08171819174416244,0.09681004417639148,0.042066148755135375,0.0873862150222258,0.10002075246706553,0.0993701636806279,0.1332886671079571,0.0656046422990368,0.14635555578882423
59,0.05933963779359069,0.07554673300458634,0.013633075201957216,0.10209195304206946,0.007296601226759438,0.0996980446381834,0.04492114697431461,0.17103652239589767,0.24472369602167357,0.07787303817659885,0.10383955152436891
60,0.052351972779601234,0.09387790424968408,0.023330204952083648,0.04212150338865712,0.11616509118476305,0.08907787628677445,0.16583215858631647,0.13277456809803537,0.17772096826873995,0.050071949487713666,0.056675802717631
61,0.043372342886192634,0.029388932064152926,0.03309199816557249,0.041834744500141796,0.410497251747517,0.04440715006423887,0.05790282233895337,0.10964862594878415,0.1124363855746046,0.05228042287825182,0.06513932383159048
62,0.05285098500157249,0.07727294515089239,0.11066180991971007,0.04778626840899059,0.11711102642224207,0.0443274934110874,0.057330527919416785,0.12385554775648616,0.16762141136094388,0.04382350071206846,0.15735848393658963
63,0.08017759005504775,0.10552522924606823,0.13653161424714988,0.05107058270898042,0.05500641030789611,0.11322206167450634,0.1025839650495886,0.08084470478827736,0.07465057775320692,0.13606162945809178,0.06432563471118669
64,0.08656357117577253,0.07277498516618355,0.12868237755252945,0.11330347642610697,0.048614079689292974,0.15181427168541453,0.11182220151511345,0.09969314606992617,0.05485309271499446,0.10616394933533324,0.02571484866933266
65,0.1152085686970132,0.07629614297101522,0.03881917562059059,0.09724204477729685,0.16616478323033057,0.11930183594440284,0.06861816563416524,0.10294350293351881,0.07152399955238656,0.1237132698814281,0.020168510757852098
66,0.0459429459184531,0.05644641790206886,0.07048287159048147,0.10261383351011662,0.18615363633112103,0.06768474946413239,0.07130094653554145,0.07284795717815341,0.14633209227043123,0.10469797954924018,0.07549656975026028
67,0.036942594897370166,0.06465031762946721,0.08211464667029222,0.04066390439654468,0.05124651089502803,0.04810059671462144,0.06984445053060868,0.0623978814499748,0.06424694348510547,0.04918360915096752,0.43060854418001976
68,0.031207860290686867,0.0867650706827912,0.16493159965416102,0.07767596468681238,0.03299727799669211,0.04043409664045551,0.10866140123958683,0.05196903466973381,0.2093897926397777,0.010424419678808854,0.18554348182049374
69,0.05164661008159826,0.0726320018984321,0.15377098716511484,0.12750866188659712,0.050588963291580795,0.08010874029098741,0.07703906354188395,0.032784111778214275,0.12752686718783773,0.06146165631972848,0.16493233655802522
70,0.05607400546535138,0.06436473753961572,0.05969815765843786,0.10182872081032122,0.053320012034915425,0.07261183499858584,0.026896901947848176,0.22753701873535095,0.05498697222680389,0.06189592269704895,0.22078571588572055
71,0.06366845010874043,0.08945017723675566,0.08400345444160452,0.13289733054301694,0.05782539360941799,0.17208205592643436,0.03751338933131377,0.13509340825211083,0.08555129516443512,0.03621283591629845,0.1057022094698719
72,0.06077373026888382,0.08743808265427164,0.07949525167059728,0.10285639275888386,0.11739264315372037,0.16227156696786088,0.05678425075260134,0.07475079333362603,0.10113423830951969,0.08371985387555432,0.07338319625448082
73,0.05680597953344775,0.0844696264499162,0.11584128411767816,0.16899235848117755,0.14014123464317738,0.07226660029705852,0.046004682422464936,0.12499031160794342,0.049905191875822735,0.07904358811829326,0.06153914245302011
74,0.05280612863879707,0.08542258656901244,0.08233660693098331,0.18397986455872542,0.15718659727732537,0.06585803697337239,0.060640172532044186,0.10150395053265698,0.07061234126861574,0.10337251091366384,0.036281203804803305
75,0.059932623072752475,0.13411268219641834,0.10402327006916628,0.1083717532535599,0.1011247899819943,0.056056210813850024,0.08042407939832737,0.06450821625788739,0.09867630897546048,0.08318297897689705,0.10958708700368647
76,0.06045881049855506,0.190420976936768,0.10640452070225365,0.0816588562916221,0.09828966553603767,0.09946410136763087,0.07696894801114729,0.07002523029367248,0.08572835233701712,0.08070362664662098,0.04987691137867479
77,0.08260136452259603,0.0976711595154402,0.08546800413238005,0.11466685269469849,0.10415322697129616,0.11859639270164885,0.07985166871495368,0.11545700586020564,0.08706122881741497,0.07217350598126694,0.042299590088099075
78,0.08633034686510889,0.07554617908865716,0.10328992315671717,0.07885007282410517,0.0873239131422804,0.10191360816012374,0.09812403248923048,0.10363565853863077,0.09209749071289679,0.08464198292537743,0.08824679209687185
