oos_period,15,16,22,23,24,37,39,89,94,95,96
20,0.1275334528944104,0.09482714229488441,0.09255583463591785,0.0959953212399799,0.09382919691594988,0.08762011684318913,0.08233605016434217,0.058410972942978645,0.09402615201217823,0.08691960667953541,0.08594615337663404
21,0.1121687107844014,0.09140941053525817,0.09925701627603482,0.10414034548991484,0.08576283869392076,0.0803162682102087,0.09108754272182733,0.08970101033230456,0.07791303464595022,0.08927666861035052,0.07896715369982865
22,0.09895084337632529,0.09431389278537498,0.08852546660565208,0.09123760821893487,0.0864336906654135,0.09309835645387306,0.0896768725197509,0.08058222651198192,0.09329694570437229,0.09282481659177672,0.09105928056654446
23,0.09211068388230263,0.10888195204013107,0.10212546531073154,0.08407279911468332,0.11050227576205676,0.09033281997667428,0.08237008001650645,0.023364258013243794,0.11298304311791289,0.10792578628539623,0.08533083648036101
24,0.09540757255732527,0.0902278478499547,0.08833220635125431,0.09317279210203577,0.09294603660900577,0.08545281811830664,0.09219607848580907,0.08264072547477602,0.09385540406419657,0.09127058691848668,0.09449793146884922
25,0.09399582636114527,0.08205383712261181,0.09290152255738121,0.09345637605967601,0.08942814391349022,0.08501238967182904,0.12100716779811974,0.07677123776447123,0.09275975754214265,0.09002927654971543,0.08258446465941743
26,0.09410536081860699,0.0834285705448702,0.08657164570303258,0.09509062045503382,0.08780338459402928,0.08836629129650421,0.08997795159488575,0.0927766079198988,0.09342497997696571,0.09443719587766924,0.09401739121850328
27,0.0918217914983318,0.09357108459861394,0.08883762321484047,0.09169423116183602,0.08956198907143317,0.09302094251523985,0.08925165695969202,0.08870801489095374,0.09132789532470183,0.09085022134313434,0.09135454942122277
28,0.09720779176283009,0.08912827965985128,0.09111172574526424,0.08458945970433515,0.09611098605602234,0.09479588677974805,0.09322020072244179,0.09769046317666556,0.08994647272848708,0.09468423537755623,0.07151449828679834
29,0.30598548819878923,0.06335102130346502,0.06699740515917339,0.06325725208438872,0.07871796038867616,0.08626129167458697,0.08870865459147642,0.10715237960383762,0.009684913460596606,0.08164834023735747,0.04823529329765246
30,0.07917912630648162,0.08785216810451137,0.11010593615866562,0.07017926817383013,0.09235301718993104,0.08021417997592013,0.11845175393543328,0.09294564488025851,0.08471218880547039,0.09563713815060393,0.08836957831889404
31,0.06947247676954785,0.005719695917652492,0.08727762228151362,0.06496728670800975,0.06793435592580715,0.054029847369606185,0.378338541411107,0.0334059128511245,0.07926716146350382,0.0575057456780001,0.10208135362412765
32,0.008737830246931274,0.00022693874016143156,0.17253765907713434,0.0015747508018086093,0.0004509356173196519,0.0004914835925780858,0.029473031720564296,0.003296297240369511,0.020937126648617018,0.001130268284626947,0.7611436780298889
33,0.027559029096985158,0.032071103644078995,0.5897911386259265,0.019946710345636002,0.021919601472616755,0.01799373535423707,0.10668450203373606,0.016113443099516636,0.08088710046401204,0.01831015020691672,0.06872348565633804
34,0.01859313322575433,0.0888065387274997,0.38222660377875134,0.11456419662636351,0.014883780025557103,0.0956401405370705,0.07653434813169854,0.03317351448623913,0.08325139645972729,0.009186360942697156,0.08313998705864137
35,0.04295548077523188,0.14655486019230166,0.17362731089460573,0.0032873492805017552,0.050405936046989994,0.21366352617228568,0.04596965811447197,0.012830864464110534,0.17434177237008822,0.05281179861059615,0.0835514430788165
36,0.05314003598206536,0.06886204627358462,0.02668537922594163,0.04124930457719843,0.17358951622284877,0.09962206594266385,0.19521440560440423,0.16193469999572777,0.10089836100965903,0.05982857864811477,0.018975606517791486
37,0.15199137200180896,0.04403643596238087,0.008256655772900521,0.0365117879621551,0.22795452688515416,0.14994518317904373,0.18598259415448118,0.03267844361654909,0.034457851600006556,0.11550340030438426,0.012681748561135577
38,0.0003804088928479727,5.914502981604934e-06,5.758486579320102e-07,3.6059959085062625e-05,0.0006537709891906053,0.0005055377582545109,0.002460073551162506,0.995681303535431,0.000138918928165262,0.00010233775231580382,3.509828190762586e-05
39,0.08182840318960839,0.05497668749175211,0.09869942493962602,0.06712151528339774,0.08442418258740489,0.11535868953823625,0.10677573999511283,0.08505064328635784,0.08132261716061291,0.1182509363987855,0.10619116012910564
40,0.08347019455000593,0.09422302995957955,0.07819366127451363,0.14368622602181225,0.08781451135261904,0.11012066448262933,0.049663423495231465,0.10971540394926288,0.06521795449015555,0.0901360299681389,0.08775890045605159
41,0.1065889327273897,0.09529781836863523,0.055143829547652796,0.04751084372490962,0.06918861018579567,0.10589857756762062,0.0476420963729788,0.09418597748789143,0.1877152361901669,0.08030617447178073,0.11052190335517864
42,0.10187056178574304,0.08344414822600438,0.12056880842485719,0.08782410710516052,0.07916196367270878,0.07015557205228296,0.13070418202171485,0.048625536346214596,0.09606193877425123,0.08730850927547985,0.09427467231558274
43,0.0842623600825938,0.11383285605626471,0.1561205373921813,0.11994079510384009,0.14399828396557668,0.06158084309934471,0.03420277285932342,0.04917236228610943,0.06526940532569417,0.08562018880323496,0.08599959502583682
44,0.31481368246262326,0.03932235340942387,0.24598170878970665,0.06892811197155288,0.047560898846950715,0.017078350344251432,0.011041734283908837,0.08139875775466282,0.08471939401452806,0.03940639288600483,0.04974861523638668
45,0.13222702424264432,0.10955947579745959,0.3337846584870751,0.09116913385996768,0.03775606866644763,0.06804067352648219,0.00935260351980063,0.005624117568230888,0.05558832765554133,0.09102349248507523,0.06587442419127548
46,0.06926658001890366,0.16010046726871405,0.01074982786231238,0.06919596615888673,0.36867677989798997,0.032748092484360294,0.17692434869944887,0.005333110477439746,0.008367973472104594,0.06141872758942378,0.03721812607041599
47,0.04813005070375281,0.05033650806115189,0.05849150304739219,0.06138940048775378,0.20025416957130773,0.0161913025659726,0.17117310435211644,0.23762013698094533,0.1049506045524095,0.026696555870736337,0.024766663806461413
48,0.10304604028929573,0.08046138005019784,0.10780411363620046,0.07995360677055309,0.07796383173553802,0.13134021112276548,0.08094602224397572,0.16181095383000876,0.09379753485233001,0.052260847761952445,0.030615457707182485
49,0.09608018584786505,0.10194727451819897,0.08804484364031495,0.1133282899603851,0.09565360570244122,0.07038377162313114,0.1026734429269612,0.04954711422011133,0.0401660254908357,0.08816473281435018,0.15401071325540527
50,0.08851056400011717,0.11132588505406528,0.024585109479602955,0.08709650519743203,0.09922342553114319,0.11900114652881295,0.10120723076295658,0.03750530484181075,0.13003649436561507,0.08786464436772293,0.11364368987072111
51,0.062274526543228945,0.19951433362353566,0.041998672345195616,0.10226689951826104,0.021720005265948417,0.09552566837007989,0.05552804681872441,0.17507920862042453,0.018358825335884576,0.12150566039733997,0.10622815316137701
52,0.11397032149393833,0.03636561264413776,0.025634010616961127,0.1197858586597329,0.05187947798900556,0.10641577066728267,0.043809996329635864,0.22406998349591095,0.03327869978200485,0.1118993913490443,0.13289087697234578
53,0.10951098148224005,0.030120205301618994,0.0924159438840851,0.07430291866301812,0.03241833448833171,0.03824537915521715,0.03464849584793711,0.41782759937674396,0.11473753907599442,0.02739987399143499,0.028372728733378438
54,0.05263400710948187,0.05094476861411447,0.06876603599443648,0.10224191926999898,0.0739780202474082,0.0590085104290312,0.08150684289074167,0.22753363614071787,0.11353061702648758,0.021858935708509126,0.14799670656907257
55,0.0765007694809985,0.06275292732353925,0.0332879311845618,0.10998089498463359,0.027566156189337807,0.05446282894327143,0.11067093430458896,0.15594883924289354,0.09975244966915085,0.07083568045701374,0.19824058822001053
56,0.07118968059079611,0.2602043008283457,0.04809872259068611,0.07215839497555056,0.039001527980930706,0.09354476192557935,0.1414654195246754,0.10230599993579126,0.05500629156683731,0.05205048491142599,0.06497441516938149
57,0.0655187363272973,0.12254129190358382,0.11972116377620316,0.08750749970856807,0.057656203977376766,0.12850692512503042,0.055108321244320864,0.09728803941299798,0.11315822365905585,0.05526967457188192,0.09772392029368392
58,0.057435081736030846,0.08994453722254257,0.0817181917441626,0.09681004417639148,0.04206614875513537,0.08738621502222578,0.10002075246706552,0.09937016368062754,0.13328866710795734,0.0656046422990368,0.1463555557888242
59,0.059339637793590715,0.07554673300458638,0.013633075201957282,0.10209195304206953,0.007296601226759445,0.09969804463818346,0.04492114697431463,0.17103652239589706,0.24472369602167365,0.07787303817659891,0.10383955152436901
60,0.05235197277960126,0.09387790424968405,0.02333020495208359,0.042121503388657104,0.11616509118476305,0.08907787628677442,0.16583215858631645,0.1327745680980355,0.17772096826873995,0.05007194948771366,0.05667580271763097
61,0.043372342886193016,0.029388932064153155,0.033091998165576716,0.04183474450014218,0.4104972517475207,0.044407150064239245,0.057902822338953844,0.1096486259487721,0.11243638557460567,0.05228042287825225,0.06513932383159106
62,0.05285098500157248,0.0772729451508924,0.11066180991971013,0.0477862684089906,0.11711102642224204,0.044327493411087396,0.05733052791941678,0.12385554775648593,0.1676214113609442,0.04382350071206847,0.1573584839365897
63,0.08017759005504775,0.10552522924606823,0.13653161424714988,0.051070582708980405,0.055006410307896096,0.11322206167450632,0.10258396504958857,0.08084470478827734,0.07465057775320687,0.13606162945809178,0.06432563471118666
64,0.08656357117577254,0.07277498516618355,0.1286823775525295,0.11330347642610694,0.048614079689292954,0.15181427168541456,0.11182220151511345,0.09969314606992616,0.05485309271499446,0.10616394933533324,0.025714848669332657
65,0.11520856869701308,0.0762961429710152,0.03881917562059058,0.09724204477729681,0.16616478323033063,0.11930183594440283,0.0686181656341652,0.10294350293351885,0.07152399955238654,0.12371326988142814,0.020168510757852094
66,0.04594294591845308,0.05644641790206885,0.07048287159048147,0.10261383351011658,0.18615363633112106,0.06768474946413236,0.07130094653554145,0.07284795717815341,0.14633209227043123,0.10469797954924016,0.07549656975026028
67,0.036942594897370166,0.06465031762946721,0.08211464667029222,0.04066390439654468,0.05124651089502803,0.04810059671462144,0.06984445053060868,0.0623978814499748,0.06424694348510547,0.0491836091509675,0.43060854418001976
68,0.03120786029068686,0.0867650706827912,0.1649315996541609,0.07767596468681238,0.03299727799669211,0.04043409664045553,0.1086614012395868,0.051969034669733793,0.2093897926397777,0.010424419678808862,0.18554348182049374
69,0.05164661008159823,0.0726320018984321,0.15377098716511486,0.1275086618865971,0.05058896329158079,0.08010874029098741,0.07703906354188395,0.03278411177821427,0.12752686718783762,0.06146165631972847,0.1649323365580252
70,0.056074005465351365,0.06436473753961569,0.05969815765843785,0.10182872081032118,0.05332001203491542,0.07261183499858583,0.02689690194784817,0.2275370187353509,0.05498697222680386,0.061895922697048925,0.2207857158857207
71,0.06366845010874043,0.08945017723675568,0.08400345444160454,0.13289733054301694,0.05782539360941799,0.1720820559264344,0.03751338933131375,0.13509340825211077,0.08555129516443512,0.036212835916298466,0.1057022094698719
72,0.060773730268883816,0.08743808265427164,0.07949525167059725,0.10285639275888384,0.11739264315372039,0.16227156696786088,0.05678425075260133,0.07475079333362604,0.10113423830951969,0.08371985387555429,0.07338319625448085
73,0.05680597953344775,0.0844696264499162,0.11584128411767815,0.16899235848117752,0.14014123464317735,0.0722666002970585,0.046004682422464915,0.12499031160794344,0.049905191875822735,0.07904358811829326,0.061539142453020126
74,0.05280612863879707,0.08542258656901243,0.08233660693098331,0.18397986455872542,0.1571865972773253,0.06585803697337238,0.06064017253204422,0.10150395053265698,0.07061234126861572,0.10337251091366387,0.036281203804803305
75,0.05993262307275247,0.1341126821964183,0.10402327006916627,0.10837175325355987,0.1011247899819943,0.05605621081385001,0.08042407939832737,0.06450821625788736,0.09867630897546045,0.08318297897689705,0.10958708700368645
76,0.06045881049855506,0.190420976936768,0.10640452070225362,0.08165885629162209,0.09828966553603767,0.0994641013676309,0.07696894801114727,0.07002523029367248,0.08572835233701713,0.08070362664662098,0.04987691137867479
77,0.08260136452259603,0.09767115951544018,0.08546800413238005,0.11466685269469849,0.10415322697129616,0.11859639270164883,0.07985166871495368,0.11545700586020567,0.08706122881741496,0.07217350598126693,0.042299590088099054
78,0.0863303468651089,0.07554617908865718,0.1032899231567172,0.0788500728241052,0.08732391314228041,0.10191360816012376,0.0981240324892305,0.1036356585386308,0.0920974907128968,0.08464198292537743,0.08824679209687188
