oos_period,15,16,22,23,24,37,39,89,94,95,96
20,0.2957000759349972,0.08404715075648236,0.05265798686721973,0.2243951493659933,0.054139498983357785,0.038992497670903785,0.038992497670903785,0.03648591484305739,0.06534133425370445,0.059945082513588044,0.04930281113979224
21,0.24805111450647946,0.01808207645782544,0.1704133231017062,0.22285196781332434,0.014632642652075359,0.02093675111132684,0.03719105381482565,0.1092540811959333,0.11749382079614887,0.025876849080918713,0.015216319469435647
22,0.07998354091047909,0.12596142427556858,0.10746208107737072,0.09026930296351385,0.02369277487328712,0.06884003594591173,0.12332145221846033,0.03190283473466818,0.19066756432275983,0.1019492644192722,0.0559497242587083
23,0.05405700489765127,0.0795034083527085,0.20307391901774713,0.03204654806575849,0.13313570972617525,0.09660905395364333,0.09660905395364333,0.023924118977564978,0.16426150964616357,0.07278567280558004,0.04399400060336411
24,0.09728280120227475,0.07274472665200839,0.025290203704401427,0.06585512098827097,0.06176454291897289,0.019076141986737776,0.10892811607442096,0.21563085772392734,0.22109003810498942,0.022899371099382778,0.08943807954461325
25,0.24748682497254237,0.020078240570624243,0.05774959484567169,0.04340971357895887,0.029502481442857786,0.013675951855043543,0.2243191783693532,0.09523402266460997,0.12366303383755775,0.06069167412097299,0.0841892837418076
26,0.17040531840001186,0.034081175755223125,0.07355191796177415,0.06859136067253199,0.01607060172337253,0.04184616219453217,0.03602262360125874,0.20789937044869297,0.08557706875696479,0.18398813740133313,0.08196626308430449
27,0.06384556320544564,0.18302386521955794,0.028118112758633157,0.1683522261006115,0.019982152913397465,0.16244610638680754,0.03900438712392584,0.09327191510896536,0.08489471400030439,0.1257712700744462,0.031289687107905084
28,0.08192275132697881,0.03751879222796626,0.03406148283299984,0.028456425849175855,0.1273234646328388,0.18297612022801915,0.039001654638424865,0.2088998408437502,0.16316157678638407,0.07940285469562941,0.017275035937832726
29,0.01452775233379038,0.018223306063167268,0.2211390147654878,0.023435235680204357,0.018047527053912393,0.117534473971884,0.1765491522383726,0.1488710815266365,0.05464716720865755,0.1913388209481964,0.015686468209690538
30,0.028093100352564685,0.1012098137248062,0.17902578033855732,0.027470169687507654,0.030839337942890222,0.027646594390184492,0.18307599619837106,0.12766960723392795,0.1843383432448544,0.07015056095062275,0.040480695935713275
31,0.042208476685660364,0.03564097540872949,0.07837759652166118,0.04639987360427293,0.10931395105926875,0.09995025932178636,0.2847655660587523,0.04123246838243067,0.07516650483924919,0.04200914214368949,0.14493518597449936
32,0.10038204080392467,0.04497573062778958,0.20452963865851928,0.047423336115039495,0.05014724346788684,0.07125734459455524,0.09363346829093099,0.12044711931093341,0.10740519287292702,0.0484292598511615,0.11136962540633198
33,0.0761195014344139,0.050793131166672396,0.3405499209039461,0.04608920328328692,0.042964565272236195,0.039966783796913104,0.10977790471677205,0.046689096241149926,0.10247771644976851,0.0731415183231203,0.07143065841172055
34,0.019268120821690892,0.04522480985344755,0.2322937767734602,0.15472892731451107,0.013697715866725003,0.061606392497721194,0.0824202695701504,0.09930882379678628,0.0388697724508083,0.21109453390504349,0.04148685714965573
35,0.04542056058358275,0.1585111712927433,0.11239607203566702,0.014207002911889761,0.11468365141796696,0.06888048344490758,0.014542648113394568,0.164894214204826,0.0753383162193423,0.03739327218522359,0.1937326075904563
36,0.01744115579564844,0.018098078565988798,0.013638158451211956,0.013636406547519632,0.22853016803309756,0.21190741261221044,0.21132113702921032,0.22988020821262659,0.02600391539681107,0.01431663759663139,0.015226721759043839
37,0.17856038841767227,0.019512752415375936,0.01416125775434167,0.01671230430137904,0.26748352637375405,0.1573652828537773,0.2445043641555684,0.017321227126091174,0.018018524614892836,0.052321594448846896,0.014038777538300209
38,0.27394078480798073,0.01554059216531474,0.013636363636363634,0.013851895836385844,0.29577565814316364,0.12393529229787223,0.14884321194797462,0.06011369174134433,0.023262437469976836,0.014340659526015794,0.016759412427607527
39,0.11212417670051195,0.016557310341715738,0.09164965227899043,0.09713777991472239,0.08343655542173188,0.03653834300153103,0.06598118273915776,0.14495462974260678,0.12528791977242826,0.07035922312014929,0.15597322696645438
40,0.22276301194127573,0.08986765620292925,0.12296910437345933,0.24326212446849949,0.042752250406747475,0.05512579288579795,0.01363636363636364,0.13131047152720937,0.01363636363636364,0.029379916149219983,0.035296944772134214
41,0.10644000042515941,0.13299403416031785,0.01477200261177162,0.01363689859668072,0.014590776765858474,0.2571802704892784,0.013636363636363643,0.03128341180556697,0.23270009143961143,0.014817489603862977,0.16794866046552864
42,0.22736264964339406,0.0278681735490906,0.19613469674405018,0.03368328010079896,0.014181705099465274,0.08910228361591141,0.24134784294730596,0.040584481456888324,0.04868176951336807,0.017568375576981373,0.06348474175274574
43,0.20178579681901165,0.07940013230368344,0.1724571840014597,0.26556298715445353,0.0668859936469742,0.014210962507746538,0.08627094460124747,0.015014341795620343,0.058444951964089165,0.017853779390748774,0.022112925814965087
44,0.09731088887459144,0.050474710429681546,0.30117056100243367,0.1291900643278332,0.04564916470278747,0.03696081060346111,0.03690863420265193,0.14631466942764007,0.06945185726358598,0.04028423884647144,0.046284400318862114
45,0.20047876118336191,0.047094004846430115,0.33471900855580317,0.09062951370339817,0.04783000539749176,0.06327467944619318,0.0395258931359114,0.03950101429613975,0.04217140323238647,0.03963509152397401,0.05514062467891011
46,0.29663928268586987,0.28813002941777505,0.0136371891697558,0.026278615027644215,0.2709192984695801,0.017470458871468083,0.015556247791804331,0.013636363636363653,0.013636976630983684,0.02932626252645681,0.014769275772298375
47,0.14747780697948204,0.03521712514996599,0.035219075640577885,0.0632332380487829,0.27888501427056556,0.03518656797249999,0.1700679648040714,0.09842477277695647,0.060946689270494715,0.04015492015789914,0.03518682492870391
48,0.1681520936331013,0.03078070900359243,0.1304323194036697,0.1421956434841228,0.02582904723362267,0.16105254247952172,0.04716257171951169,0.20413925823964463,0.06268261238245183,0.013936838784397627,0.013636363636363637
49,0.041232260548475196,0.01934017405191874,0.036400453681710604,0.1115934402209499,0.07054880783823632,0.03529463778031033,0.09370514908174628,0.035067641877684394,0.24656779454526875,0.0362126564542095,0.27403698391949005
50,0.018963056745620592,0.13812985278403692,0.01363636363636364,0.016661974675575376,0.015186547148092325,0.2887990642555971,0.19051858459218124,0.014291982415925344,0.1168013898507351,0.017502282779653447,0.16950890111621894
51,0.1622765061983167,0.13439832959547948,0.024027538090415697,0.02762307677880592,0.025292635702871966,0.07530506624933436,0.16152292260577975,0.21101607261015723,0.024021685489491823,0.06454358244271757,0.08997258423662967
52,0.28001653348183186,0.013638167172657504,0.013636860663518793,0.0698978530851196,0.015960969647681466,0.028232978565169375,0.014896254317997721,0.29160219294373946,0.013637027931287828,0.06226430004294623,0.19621686214805012
53,0.2812487348913401,0.013636673230791669,0.022154497688019192,0.2607261822020511,0.024413710982936203,0.01608993556243091,0.014787334828102409,0.29164402884085816,0.047369738179950105,0.014292183078768705,0.013636980514751294
54,0.0869011058431695,0.040063065398323335,0.07200032637175312,0.08362955021732144,0.05795138636440061,0.039718739317614764,0.07025918181999022,0.33176532892017696,0.0905851615205722,0.039272775384044126,0.08785337884263364
55,0.049903661724295605,0.04781586415892465,0.04422351521409386,0.0834080165505594,0.03570606770017368,0.04311548864940706,0.1469321470681261,0.28560795361629443,0.08215902774991275,0.07052668760254198,0.11060156996567047
56,0.017645027256371206,0.2053214456665795,0.01726235253860351,0.21994135779353016,0.013636363636363643,0.021898399031897005,0.219501606946485,0.23373287446147087,0.013660807302211107,0.014509453573119238,0.022890311793368884
57,0.25552866873913316,0.018346128374939527,0.13934292190174472,0.021891633038166387,0.01461007633296877,0.2834580710670726,0.013668703118892216,0.0726413661396867,0.13262852084377943,0.013871284980749275,0.03401262546286727
58,0.028181670146595644,0.18285756339797993,0.17805443576646435,0.06348999568404941,0.026170835542349714,0.044215656471133256,0.03989909115127006,0.038292249988583896,0.18542754251973817,0.05120011150033097,0.1622108478315046
59,0.02013325205567804,0.058670317541058115,0.015479717877202087,0.025172569490869785,0.013636363636363634,0.07877284401020751,0.030642814250045766,0.06310856661935399,0.23509386982756048,0.21812674346531957,0.24116294122634097
60,0.013787126320702293,0.08227812655821011,0.01525165301350031,0.024946595884304076,0.16790801750482848,0.099545144340126,0.24367472119369724,0.10140329252901574,0.20839007686623584,0.020210947551802274,0.02260429823757763
61,0.013653751736133278,0.013648522895418095,0.014762330232177628,0.013639707199048853,0.23797570499016898,0.07318548653308744,0.014709888401767015,0.10933152608409533,0.2513523090147334,0.21645960836065906,0.04128116455271085
62,0.014221166556847992,0.013679812589012557,0.033880969402547596,0.013920988218265457,0.2701369849625972,0.01409028697185064,0.01364084240308237,0.27903471430177273,0.2990905255595289,0.013636363636363641,0.03466734539813078
63,0.040722162772884346,0.06107038167391706,0.17469378304945649,0.021315055806575667,0.16638160811289898,0.04147314514475792,0.09840093668510674,0.06733603048891267,0.1269778598907269,0.16948842701788908,0.03214060935687413
64,0.07633433796286926,0.036059323936685914,0.16035569417198978,0.11269839612418486,0.04083340862600435,0.27601608658428095,0.11076531320122636,0.06883822625775327,0.03897070685584365,0.04416362689812813,0.03496487938103344
65,0.09728744731668656,0.017053457141404056,0.013636504548673444,0.019218624012743536,0.2417836656021048,0.2001069904261818,0.017988747455968353,0.16713952030781992,0.014985954266542412,0.19716272528551143,0.013636363636363632
66,0.04130679050291889,0.0398336518745655,0.03983711404288542,0.0819876282902643,0.338965025276667,0.04339328297642544,0.0494156540975516,0.05958350633031475,0.19735665337352198,0.0684833398304162,0.03983735340446881
67,0.03407346295275061,0.0903473294904695,0.15689193329920198,0.03407574675655988,0.047602032021161714,0.048470129373103264,0.10304265095020664,0.08611100291394336,0.08693297047436023,0.04797261139771752,0.26448013037052526
68,0.037338856438687854,0.0645539353532529,0.09922438495347215,0.045064320134990656,0.04148216310211072,0.043555287073202414,0.0730492720864299,0.0640431425335816,0.18761215979456397,0.03733881913504234,0.3067376593946655
69,0.04126481786504699,0.06119379037493308,0.17245929190895104,0.09970967441978877,0.05242743590058353,0.055583977957776885,0.04611028526342542,0.04885664229987079,0.06101477193853039,0.04109737596661981,0.3202819361044733
70,0.045126580938782426,0.04871489254023332,0.06167788881157527,0.13477840980762043,0.05748323592503531,0.05933681797328204,0.04406706043132625,0.06687985391901317,0.04407607390897478,0.044072563929889216,0.3937866218142677
71,0.042820589753902086,0.08755271881820244,0.05624658810199043,0.19263162710677473,0.06604840845035362,0.28586440320380246,0.0357264027251192,0.05429068392780268,0.07085152181101487,0.03572588555789403,0.07224117054314357
72,0.03811827809009637,0.05948992902519992,0.046021470101865594,0.09063482571135664,0.1670081007073022,0.2734096289990822,0.03476347078401089,0.04511127836264787,0.13191788448392414,0.06421991968148102,0.049305214053033175
73,0.04909359381786948,0.05052442280028796,0.08606535263592928,0.3216503165357088,0.13628962588327648,0.04221467203369969,0.038491160813030306,0.1472202324580327,0.03922905933090427,0.04544862616587205,0.043772937525388946
74,0.03914788331934547,0.04467255120016221,0.04599169630583171,0.3140050372750605,0.15540540081067655,0.04229385644539177,0.037900389196684585,0.14933617989180573,0.04283742102053583,0.09050896763159197,0.037900616902913686
75,0.020877098644568187,0.22977345637436344,0.06354322284029572,0.2377135671267223,0.2361755605511885,0.017303088130976644,0.022430406810359554,0.02157119566103171,0.049001649187834014,0.022480116254192464,0.07913063841846746
76,0.08237410296945127,0.24570132047532522,0.11835291859607489,0.03621982133465056,0.10584461460883104,0.0914652344227025,0.061449504235426944,0.05178467572556601,0.06688167668859335,0.10730375859469896,0.03262237234867919
77,0.017095716832155175,0.25333075436916125,0.016954629640131755,0.1076321915576352,0.17279503743974509,0.27999324637520356,0.01603188898033542,0.0897755091715122,0.017864358593916583,0.01489030340384009,0.013636363636363636
78,0.10060992871666291,0.07823834260331369,0.16284666856621302,0.019929121909539025,0.03522745099087323,0.14293077622166073,0.1828311751931754,0.10456731784647247,0.1302275355249006,0.025086054310692912,0.017505628116496006
