oos_period,15,16,22,23,24,37,39,89,94,95,96
20,0.2844084656642559,0.2743908347221453,0.02163975711454055,0.2723355051652511,0.016321915364828736,0.020425099011471225,0.020425099011471225,0.013636363636363646,0.031154419823613458,0.023362247260415442,0.021900293225643266
21,0.2237857258664705,0.1173143885899426,0.17287981913186892,0.17224040210005714,0.026995255040249744,0.034224049977657045,0.051391308581678036,0.026995255040249744,0.10596767423084595,0.04121086640073072,0.026995255040249744
22,0.153839398292612,0.12001352507487287,0.017094624434210573,0.13542179118725983,0.013636363636363641,0.09580224811199739,0.10659576019528301,0.07432484076325632,0.13323076495265285,0.1072123931993224,0.042828290152169136
23,0.19604399734010602,0.1262494323220198,0.10970656916785995,0.04320950737403855,0.06292411502388184,0.034447555273145254,0.034447555273145254,0.034447555273145254,0.2693213035348209,0.047148509916850614,0.042053899500986563
24,0.08365661589082085,0.07077476937403007,0.04386174037381559,0.06003451057608607,0.08321918208219799,0.03896897944986884,0.11644344535332261,0.03896897944986884,0.3278338549167186,0.06473343403458788,0.07150448849868266
25,0.23282406348530946,0.04824340022134385,0.04105611366701647,0.09069512689641886,0.05503876004040563,0.03216369904385922,0.1674186653508557,0.03216369904385922,0.13629301923607975,0.06063090997541577,0.10347254303943598
26,0.14237179497560892,0.05180900996792639,0.0459515591737648,0.13327454613148873,0.052337927182668074,0.058872760367483484,0.051234194896220865,0.0459515591737648,0.1081939479217744,0.2237703805413856,0.08623231966791388
27,0.1171579810220991,0.19173167195406393,0.03827957650742902,0.09183040363933813,0.04305282909949262,0.06294416608041016,0.04058067673086786,0.03827957650742902,0.0878690095943575,0.23104315771293332,0.05723095115157943
28,0.24595923980354856,0.056029810513512884,0.03555535578885071,0.06380377165795963,0.06783550502405322,0.11593568867189637,0.03645341772688553,0.022595026805691556,0.19490041462381646,0.13833674257809364,0.022595026805691556
29,0.07008828839449906,0.1002097253474793,0.15702881163055243,0.05534047528392946,0.0676943667884371,0.1588883409880643,0.1369607515024194,0.05787287646775375,0.053103469409133776,0.08970942477859771,0.053103469409133776
30,0.02567954053810213,0.041205979754722864,0.23499451077860176,0.0265027594295039,0.029659826246947605,0.22499422207993364,0.14789973193909178,0.17215222248817721,0.025064978510131408,0.04140198153117173,0.030444246703615903
31,0.051387239711348384,0.04086697246429787,0.07285217016023747,0.04512875516290249,0.08782103746035733,0.04286301303408919,0.34764122384570306,0.04752296478246003,0.07081627925888634,0.045852932284209925,0.1472474118355078
32,0.049254582295112044,0.013636788154650586,0.09570167983295426,0.02411942425038254,0.02617517177401159,0.056291690652250134,0.2489570234473096,0.2659003485011175,0.12444726948388762,0.01969480131061429,0.07582122029770978
33,0.0883521625174028,0.04795319647092342,0.2548333383060331,0.057723534415042965,0.06913074980611773,0.04795582722164687,0.07870526187098914,0.050968080362045615,0.11056158944676608,0.11648928479964382,0.07732697478338846
34,0.020363917399461452,0.05356013250300176,0.22154704656294158,0.12887049577704582,0.01455359123524841,0.0743786587504928,0.09172423802993762,0.11614274077441791,0.036677384770893745,0.2019641809227107,0.04021761327384831
35,0.23477450722960616,0.17228503250189162,0.1250663211888757,0.025773014195578665,0.025778688587308037,0.0537083391022638,0.025796989411759282,0.026085640244513392,0.03199622712634447,0.24588395772838798,0.03285128268347089
36,0.05810741952934815,0.061649832355895745,0.04349024010695939,0.043484260453971364,0.231126352353045,0.06896575733223198,0.06342497742156536,0.044195984753030305,0.04349455472428669,0.2985763605156947,0.043484260453971364
37,0.29074813624622703,0.026247476913777913,0.021454217562556076,0.026657636871486045,0.2309057231186405,0.10117223794614089,0.1597465625274625,0.021454217562556076,0.022528532108020888,0.07763104158057603,0.021454217562556076
38,0.27165681422881827,0.02918330017200318,0.024367829620808606,0.025547412615098256,0.22247311526369676,0.13887780148530626,0.17315839399301894,0.02998728172539551,0.02806139271701078,0.02822119409302599,0.02846546408581756
39,0.1797799770100814,0.05050681597109732,0.0409660269214495,0.10281155687043426,0.07572755966452929,0.07436488714215982,0.060783969569588085,0.040918234505549524,0.040918234505549524,0.040947201953452306,0.29227553588610894
40,0.21668732885374803,0.07799997388075935,0.14847043013939612,0.23448070296351886,0.037368352031352074,0.07947968473985449,0.013649330161301692,0.1079064272536036,0.03806701305010705,0.013669933767181766,0.03222082315917699
41,0.10644000042515958,0.13299403416031794,0.014772002611771638,0.013636898596680718,0.014590776765858472,0.2571802704892784,0.013636363636363641,0.031283411805566985,0.23270009143961132,0.01481748960386297,0.16794866046552842
42,0.22736264964339412,0.027868173549090578,0.19613469674405035,0.03368328010079892,0.014181705099465267,0.0891022836159114,0.24134784294730605,0.04058448145688819,0.048681769513368035,0.01756837557698136,0.06348474175274571
43,0.20178579681901168,0.07940013230368347,0.17245718400145973,0.2655629871544536,0.06688599364697422,0.014210962507746538,0.08627094460124743,0.015014341795620315,0.05844495196408915,0.017853779390748774,0.022112925814965087
44,0.09731088887458286,0.05047471042968186,0.30117056100243655,0.12919006432783406,0.045649164702787744,0.03696081060346133,0.036908634202652155,0.14631466942764104,0.06945185726358825,0.040284238846471684,0.04628440031886238
45,0.20047876118336197,0.04709400484643012,0.3347190085558032,0.09062951370339808,0.04783000539749175,0.06327467944619308,0.0395258931359114,0.03950101429613976,0.042171403232386474,0.039635091523974014,0.05514062467891013
46,0.2966392826858699,0.28813002941777505,0.0136371891697558,0.026278615027644194,0.2709192984695801,0.017470458871468086,0.015556247791804331,0.013636363636363653,0.013636976630983684,0.02932626252645681,0.014769275772298375
47,0.147477806979482,0.03521712514996599,0.035219075640577885,0.0632332380487829,0.2788850142705656,0.03518656797249999,0.1700679648040714,0.09842477277695644,0.060946689270494694,0.04015492015789914,0.03518682492870391
48,0.16815209363310088,0.03078070900359234,0.13043231940367014,0.1421956434841215,0.025829047233622573,0.16105254247952305,0.04716257171951144,0.2041392582396454,0.06268261238245144,0.013936838784397625,0.013636363636363636
49,0.04123226054847517,0.01934017405191871,0.03640045368171061,0.11159344022094991,0.07054880783823635,0.035294637780310306,0.09370514908174625,0.035067641877684394,0.2465677945452688,0.036212656454209506,0.27403698391949005
50,0.018963056745620592,0.13812985278403692,0.013636363636363643,0.01666197467557538,0.015186547148092326,0.28879906425559704,0.19051858459218124,0.014291982415925344,0.11680138985073513,0.017502282779653443,0.169508901116219
51,0.1622765061983168,0.13439832959547934,0.024027538090415686,0.027623076778805912,0.02529263570287196,0.07530506624933435,0.1615229226057798,0.21101607261015717,0.024021685489491813,0.06454358244271753,0.08997258423662964
52,0.2800165334818319,0.013638167172657499,0.01363686066351879,0.06989785308511952,0.015960969647681462,0.02823297856516937,0.014896254317997716,0.2916021929437394,0.013637027931287824,0.06226430004294621,0.1962168621480502
53,0.28124873489134017,0.01363667323079167,0.0221544976880192,0.26072618220205107,0.02441371098293621,0.016089935562430914,0.014787334828102412,0.2916440288408582,0.047369738179949994,0.014292183078768707,0.013636980514751297
54,0.08690110584316951,0.04006306539832334,0.07200032637175313,0.08362955021732148,0.057951386364400614,0.03971873931761477,0.07025918181999019,0.331765328920177,0.09058516152057221,0.03927277538404413,0.0878533788426336
55,0.0499036617242957,0.0478158641589247,0.04422351521409389,0.08340801655055946,0.0357060677001737,0.04311548864940711,0.1469321470681262,0.2856079536162946,0.08215902774991282,0.07052668760254228,0.11060156996566968
56,0.01764502725637119,0.20532144566657953,0.0172623525386035,0.21994135779353013,0.01363636363636363,0.021898399031896987,0.21950160694648496,0.2337328744614708,0.013660807302211093,0.014509453573119228,0.022890311793368878
57,0.2555286687391331,0.01834612837493953,0.13934292190174521,0.02189163303816643,0.014610076332968779,0.2834580710670725,0.01366870311889222,0.0726413661396867,0.13262852084377852,0.01387128498074928,0.034012625462867714
58,0.02818167014659567,0.18285756339797993,0.1780544357664639,0.06348999568404937,0.02617083554234974,0.04421565647113328,0.03989909115127003,0.03829224998858393,0.18542754251973814,0.05120011150033096,0.162210847831505
59,0.02013325205567802,0.058670317541058135,0.015479717877202093,0.025172569490869788,0.013636363636363637,0.07877284401020754,0.030642814250045773,0.06310856661935395,0.2350938698275605,0.2181267434653196,0.241162941226341
60,0.013787126320702293,0.08227812655821005,0.015251653013500309,0.02494659588430408,0.16790801750482842,0.09954514434012601,0.24367472119369724,0.10140329252901584,0.20839007686623584,0.020210947551802277,0.02260429823757762
61,0.013653751736133278,0.013648522895418095,0.014762330232177632,0.013639707199048855,0.23797570499016896,0.07318548653308754,0.014709888401767016,0.10933152608409542,0.2513523090147334,0.21645960836065903,0.041281164552710865
62,0.014221166556847988,0.013679812589012554,0.03388096940254758,0.013920988218265453,0.27013698496259725,0.014090286971850637,0.013640842403082366,0.27903471430177273,0.2990905255595289,0.013636363636363637,0.03466734539813075
63,0.04072216277288432,0.061070381673916686,0.17469378304945646,0.02131505580657568,0.1663816081128992,0.04147314514475787,0.09840093668510681,0.06733603048891268,0.12697785989072666,0.16948842701788944,0.032140609356874156
64,0.07633433796286923,0.03605932393668591,0.16035569417198975,0.11269839612418486,0.04083340862600434,0.2760160865842809,0.1107653132012264,0.06883822625775335,0.03897070685584365,0.04416362689812814,0.03496487938103344
65,0.09728744731668626,0.017053457141404067,0.013636504548673451,0.019218624012743546,0.24178366560210307,0.200106990426181,0.017988747455968367,0.1671395203078235,0.01498595426654242,0.19716272528551076,0.01363636363636364
66,0.0413067905029189,0.0398336518745655,0.03983711404288542,0.08198762829026428,0.338965025276667,0.043393282976425446,0.04941565409755161,0.05958350633031485,0.197356653373522,0.06848333983041621,0.03983735340446881
67,0.034073462952750634,0.0903473294904696,0.15689193329920198,0.0340757467565599,0.04760203202116173,0.04847012937310329,0.10304265095020655,0.08611100291394316,0.08693297047436019,0.04797261139771756,0.2644801303705255
68,0.037338856438687854,0.06455393535325292,0.09922438495347215,0.045064320134990656,0.04148216310211072,0.043555287073202414,0.0730492720864299,0.06404314253358159,0.18761215979456397,0.03733881913504234,0.3067376593946656
69,0.04126481786504699,0.06119379037493309,0.172459291908951,0.0997096744197888,0.052427435900583526,0.05558397795777688,0.04611028526342541,0.04885664229987079,0.06101477193853041,0.04109737596661981,0.3202819361044733
70,0.04512658093878242,0.048714892540233326,0.061677888811575286,0.13477840980762046,0.05748323592503531,0.05933681797328204,0.04406706043132625,0.06687985391901317,0.04407607390897478,0.044072563929889216,0.39378662181426766
71,0.042820589753902086,0.08755271881820242,0.05624658810199043,0.19263162710677473,0.0660484084503536,0.2858644032038024,0.0357264027251192,0.054290683927802716,0.07085152181101484,0.03572588555789402,0.07224117054314354
72,0.03811827809009637,0.05948992902519996,0.04602147010186561,0.09063482571135652,0.16700810070730224,0.2734096289990822,0.03476347078401089,0.04511127836264787,0.13191788448392416,0.06421991968148107,0.049305214053033154
73,0.04909359381786949,0.050524422800287974,0.08606535263592928,0.3216503165357088,0.13628962588327648,0.04221467203369969,0.038491160813030306,0.1472202324580327,0.03922905933090427,0.04544862616587205,0.04377293752538894
74,0.03914788331934547,0.04467255120016222,0.04599169630583173,0.3140050372750605,0.15540540081067655,0.04229385644539177,0.03790038919668459,0.14933617989180578,0.04283742102053584,0.09050896763159191,0.03790061690291369
75,0.02087709864456818,0.22977345637436353,0.06354322284029575,0.23771356712672223,0.23617556055118852,0.017303088130976644,0.02243040681035956,0.021571195661031713,0.04900164918783398,0.022480116254192464,0.07913063841846744
76,0.08237410296945118,0.24570132047532534,0.11835291859607491,0.036219821334650584,0.10584461460883113,0.09146523442270252,0.061449504235426944,0.051784675725566,0.06688167668859332,0.10730375859469891,0.0326223723486792
77,0.017095716832155182,0.25333075436916125,0.016954629640131762,0.10763219155763522,0.1727950374397451,0.2799932463752037,0.01603188898033543,0.08977550917151216,0.017864358593916597,0.014890303403840097,0.013636363636363643
78,0.10060992871666281,0.07823834260331362,0.16284666856621308,0.019929121909539015,0.03522745099087322,0.1429307762216609,0.18283117519317554,0.10456731784647244,0.13022753552490063,0.025086054310692905,0.017505628116495937
