oos_period,15,16,22,23,24,37,39,89,94,95,96
20,0.9786946902737944,0.0010101395278460691,0.0008844778077057411,0.01912851542256178,7.372713248128483e-07,1.49521087900241e-08,1.49521087900241e-08,6.259295940548959e-10,0.00020272906696335155,7.852367203097016e-05,1.5642762568959395e-07
21,0.2744786897765633,0.013681897659378207,0.14521392360598023,0.21512170935298663,0.004618351891561004,0.03201448363507076,0.07907234768207237,0.1691659029222408,0.054951026251027796,0.011355511024079334,0.00032615619903968797
22,0.1227901162950821,0.19389469519330027,0.051880160037397614,0.07064437763306639,0.015461195161026732,0.07276449060957418,0.10896291887979012,0.017458566801641612,0.15599638629968843,0.12095158899609665,0.0691955040933359
23,0.03389239227731062,0.10050271164373767,0.21116684432893562,0.015736077773773612,0.160177107493509,0.07878100687567707,0.07878100687567707,1.746759767243828e-11,0.17320102098375997,0.10571583479936193,0.042045996930789725
24,0.16668537039582193,0.07184337888409327,0.02480216465937675,0.08264639855974396,0.0947166252417587,0.012060576106062216,0.11207546276069869,0.07793994754538755,0.19011790339145165,0.016023346231315235,0.15108882622428993
25,0.10107757384100151,0.0007196937100324499,0.0384816323782552,0.02033206696894905,0.005674746234168837,4.6549041919843655e-06,0.6542444462278044,0.0813691888590177,0.05834783980109688,0.010849238906634537,0.02889891816884732
26,0.19846281047715347,0.034745926110647224,0.052819679094324175,0.1327421981592989,0.017370582861557675,0.021538467597899624,0.021252969826683676,0.09477305006293882,0.1682930801431687,0.13428485406333232,0.12371638160299536
27,0.08562199057788107,0.19913736364254495,0.0339736934885902,0.14616627635830912,0.011042198741679077,0.17435238188062713,0.04416629059616148,0.0752721284415883,0.09281810475682653,0.10194900442095346,0.035500567094838564
28,0.09560950800537023,0.040074221782666355,0.03960373256045121,0.01867254567782925,0.2078155877678882,0.16727843421263736,0.07896061384857488,0.12846542583909515,0.11512705838492673,0.0939603384753296,0.014432533445231058
29,0.0030897808121506734,0.006911035684248107,0.2582904071632719,0.03267790583699285,0.02522642370714277,0.09374233087396372,0.2839527422059799,0.23752302557990373,0.005440581965965632,0.05284774045136015,0.0002980257190205746
30,5.5079979330360505e-05,0.1017643006388896,0.26559893306152443,3.387043680269192e-11,0.004820237684853691,6.36690045665642e-09,0.2900284077000095,0.09307473118424982,0.15157984518087345,0.05924703752905322,0.03383142064044508
31,0.012660538138465804,4.249247806603853e-11,0.15556473123705497,0.015146105543111806,0.13598510209013795,0.06089426362944573,0.20167344441852794,0.0025917363503745808,0.06725145844713142,0.0086233919623926,0.3396092281408648
32,0.21466660537071242,1.3087630622989038e-11,0.042981575328825766,0.004961526027227504,0.016359112484778088,0.02383080189482938,0.13718740654899667,0.010334314027429245,0.1399280381419709,1.3616354949484938e-05,0.40973700380719297
33,0.0003690119239568764,0.0127620660683067,0.8977975198853012,8.427918902316247e-06,6.633147691085587e-06,0.00010131200826752448,0.07157537632137362,0.0006178952215056592,0.012185145344531243,3.412290090895068e-05,0.004542489259254852
34,0.017002955539186314,0.07611472101152701,0.49457308228044766,0.07095285626473385,9.991097349416692e-08,0.10759809330094396,0.08284068464586151,0.03743619700124671,0.06561790391473943,4.869611067467908e-05,0.04781471001966538
35,0.04059225061269193,0.14714964741289602,0.054584539783544446,1.7297172639820002e-06,0.4389433993816061,0.024532189189628153,0.0039172593832578146,0.0843587221584746,0.17159823302733,0.0069132969167934434,0.02740873241651368
36,1.968742405255848e-05,1.4947665502225559e-05,4.489111045026609e-09,1.3339130299889536e-11,0.4755702522661398,0.10541484891834972,0.23807121522099275,0.18083935577121754,3.979434604406086e-05,2.4410098589204117e-05,5.483786661913333e-06
37,0.3177224976606111,0.04864040558770996,0.004801489053029545,0.018149698357473588,0.19814700268696642,0.14368473627265554,0.19461243224332414,0.01753141477341385,0.029190356044638575,0.02423473937901851,0.0032852279411587173
38,0.7821144426478666,1.6186594383311641e-07,2.4142879912701167e-10,6.145239273158586e-09,0.20316265142094622,0.0013965647595090517,0.00162651578061147,0.011670278173850203,3.277141780346148e-06,1.9948724909135666e-08,2.608187409916119e-05
39,0.06922296696044417,0.0024747187791356157,0.058487753280774775,0.019906116399212383,0.07135648063083927,0.08762528456734776,0.0948661289539026,0.11369122797415553,0.22142781608327258,0.1329200252391132,0.12802148113180206
40,0.1939441569628519,0.10518132099586217,0.1284063292693361,0.2231693613206436,0.04508072877453926,0.11069647000361071,1.187068200465427e-11,0.1467405189888743,1.187068200465427e-11,0.040375494145229784,0.006405619515310762
41,0.1277987333220926,0.08256751752372815,8.086446309671321e-11,3.173593204632926e-11,9.95045675953222e-10,0.13558099264147058,3.171978097930181e-11,0.021273990109545705,0.474136985023827,3.6012437120708506e-05,0.1586057678028494
42,0.23916331396457385,0.037973571343988544,0.23305771828291114,0.05634150636049246,0.0014211790465660623,0.04946752340871224,0.1739809594380765,0.01470871126213503,0.08232554992898908,0.016512207126254275,0.09504775983730082
43,0.011808042561798626,0.0549501985695531,0.2437923198828681,0.45279892515742215,0.21690555320406527,0.0009510967664407166,6.40238548305213e-05,0.0006133287504351116,0.0025120897457505814,0.005704373676305601,0.009900047830530124
44,0.059175673612336,2.789447936564882e-09,0.8603301038922484,0.00558894590869965,2.6390456551543028e-09,8.996363072557584e-11,7.926299930872826e-11,0.03952841037334659,0.03537685693674576,7.071059815959169e-10,2.971797625243108e-09
45,0.011496493872699265,0.00010172284344852475,0.9848022351039454,0.0034813166770357104,8.94099023162367e-08,0.00010952666181591282,7.757864324599791e-10,7.631061357460434e-10,3.047519616585339e-06,7.661899633346125e-07,4.800182680426181e-06
46,0.00043677456551988853,0.02434312933945122,2.8493763374595734e-10,2.1940155462509694e-05,0.9750307888467186,2.06962431016184e-07,0.00016420373607221425,2.8289435319020136e-10,2.844916892028506e-10,3.775452480989285e-07,2.577996772794009e-06
47,0.02756358441562106,2.0115635385831805e-05,8.601034519954088e-05,0.054334616695484055,0.5295964792605544,9.546552557849004e-11,0.3798384054291414,0.007733128877143603,0.0008276583315403836,8.18969530619688e-10,9.549476009846052e-11
48,0.18251401623635177,0.02675518442697422,0.2500233472923758,0.07004076360780559,0.02878547830260335,0.015973373190464702,0.06240519033887418,0.2320825659440326,0.1314200806020491,3.5332888362777896e-11,2.3135835371139927e-11
49,0.00784035184547614,0.005415060741521409,0.001509039761157247,0.05327129714093116,0.0015449402492785148,0.00011275712183396073,0.0347815458367099,0.00011195740176011979,2.259989974770062e-05,0.07227337782184111,0.8231170721797427
50,0.00012329388434043447,0.24291156934253583,5.041059817482602e-11,2.3056159858969026e-05,4.2185431206811404e-05,0.16563231681274465,0.09362699775144823,1.4829222240331997e-10,0.2089161831897364,2.5056815686600643e-05,0.2886993404137393
51,0.1258226242293876,0.15258844106415942,1.4015423061431305e-11,0.00010485328919591649,1.5872610031543205e-11,0.09536389959058161,0.11365126858899031,0.33473112312479536,1.400527449795831e-11,0.06291448533367301,0.11482330473532354
52,0.7241865539206221,1.5316882021956834e-10,1.5203372540785693e-10,0.0012795120806682516,1.0187735912641527e-09,5.0191656351182465e-09,1.6624347584611038e-09,0.2476122470430627,1.5650640911794605e-10,0.005790792808409591,0.021130885985154464
53,0.5777935694933487,5.218830614479524e-10,1.707077090181589e-06,0.001214970083701434,1.656386698681523e-05,6.425336518399427e-08,8.140813820499797e-08,0.41204769824527027,0.008920382003021228,8.458521804497284e-07,4.117195014406501e-06
54,0.00030503567952760573,1.1857223723769292e-06,0.006647124233372296,0.0010367943191593972,0.00017491751808482034,1.466276564548154e-07,4.9273443453795665e-05,0.9481813542317458,0.040412442950166765,2.039810074193282e-10,0.003191725070479724
55,0.00019345993744460569,0.00020263014761487207,5.5365058100853214e-08,0.08538977476623928,7.846618700001192e-10,9.148480592709908e-06,0.7392772289312836,0.1634712288716374,0.00708797586929704,0.0024298606728916003,0.001938636173278901
56,0.0004836908037523371,0.033815390537655754,1.0425818246991955e-08,0.011308909352987893,8.146488595178126e-10,3.3251970932322325e-05,0.9317876323501978,0.02215059636772249,2.5834732047971882e-09,2.5559620280353185e-07,0.0004202591966082965
57,0.07389642172338104,0.00018112571141089617,0.23092318448462454,0.011292516011772015,2.443179950325794e-08,0.30767453947080586,4.911276549042767e-05,0.08418649844783928,0.2382092927946202,5.9102916828051484e-09,0.05358727824796445
58,0.011197129389695887,0.017802285543636023,0.03268389588677587,0.04664788247473661,3.7407542902060575e-11,0.050592131455498054,0.03297460186982179,0.0386284489544985,0.42262311824528986,0.02623457237902378,0.32061593376361613
59,0.000998828753299717,0.0008841172089879965,6.158321008534685e-09,0.015333071820920745,2.495668762479802e-10,0.0046193995290180105,1.5566963674925103e-05,0.028302594987522627,0.582478046340839,0.30140057889781435,0.06596778909003492
60,9.136001827573393e-08,0.015105166607824667,6.971195802017633e-07,1.6759553457783621e-06,0.0003983295555087187,0.00034277757164797776,0.02742357252171102,0.026258983811202945,0.9304261986125805,3.315820477338631e-05,9.34867980647668e-06
61,4.32266044976126e-09,4.662423188881082e-09,5.7264397256417665e-08,1.4851698446191702e-09,0.02389957414844905,1.8926397427771856e-05,9.600147758544244e-08,0.037433818468862554,0.9380932016599054,6.305131628048234e-07,0.0005536850760639639
62,1.4365616835814851e-06,4.62310178479078e-05,0.0006915405839586674,5.6478804338495376e-11,0.2835251652617458,1.9581032215470036e-08,9.19176868925573e-11,0.5230604788478675,0.1921165304409396,9.80905670540775e-12,0.0005585975467190513
63,0.0009735377593911663,0.15828525813638314,0.7640715074910599,0.00028834757341653533,0.00011855909193379067,0.0007174607741007485,0.057553789872601326,0.010554323695032973,0.002939822286795726,0.003801744850511959,0.0006956484687728146
64,0.0004771834720398296,0.0010523114149856973,0.07196462598011379,0.10498755594597739,2.0937454282810444e-08,0.7550524039771465,0.0596163096232324,0.005333357036826136,8.337176070176417e-08,0.0015161480479921677,1.9247115406687695e-10
65,0.004635030981682215,1.8389673509889263e-08,1.9994597007380605e-10,4.8937107005870806e-08,0.006307975469484833,0.3113766804597504,1.2701987204517683e-09,0.6765045586749704,2.0188344029605538e-09,0.0011756833985944659,1.9975813123279572e-10
66,1.7484899307772566e-07,4.697013522177082e-08,9.250939207472405e-07,0.005386353440844013,0.3313701638884887,1.5146296460541507e-05,1.4416880291438106e-05,9.508040186696218e-05,0.6593614402553178,0.003743413237420452,1.283868626099943e-05
67,4.727035463267728e-10,0.39170802877582894,0.5498775196770749,2.3370030135197293e-06,0.01237633094441607,0.0013823067920636554,0.009869387842154539,0.0009143646481085952,0.020777129685907742,0.0020892184331516247,0.011003375725576716
68,1.7024133575993328e-09,0.009004113006550225,0.05816881864172165,0.0003913124534522695,1.7794053052887242e-06,4.5275518125609864e-08,0.01345613479181336,8.594974476002524e-05,0.8878615857077564,1.7013164124575534e-09,0.0310302575693929
69,0.0272163556686737,0.03663641532457827,0.29248091223583406,0.08334622053966051,0.00025744844080421303,0.053217722917753826,0.034999975576239975,0.04269610274145214,0.00018521469220278246,5.723634962213891e-05,0.4289063955131784
70,1.1136689381618463e-05,5.3655547980051425e-05,0.0003863576705776943,0.011300084093523306,2.3857908874408135e-06,0.0002142193441614712,3.271814139902802e-08,0.0004584987417348588,6.795049720579092e-07,8.95906236464711e-07,0.9875720539924037
71,1.3504328087026635e-05,0.027156445472701914,0.0006009131945096469,0.9076608916624904,3.044336226665621e-07,0.05237467556680817,1.6031197486053949e-09,0.0022581466820810856,0.008478630201205189,1.5921168690849422e-09,0.0014564852632572309
72,2.5930548662608287e-06,0.0064033846921119865,0.0011165987851638238,0.012025236781979648,0.7021373369959842,0.21665438743256327,2.652897853395773e-10,4.5175763379536064e-05,0.05071120011378871,0.010659943101398933,0.0002441430134738909
73,9.439356606201513e-08,3.220488440092372e-05,0.001732523769458902,0.47124095046078024,0.5118948452806217,3.162196967731888e-06,8.837496078684896e-10,0.015062606297486531,6.013531485536905e-09,3.295603374264438e-05,6.497856941771636e-07
74,1.4699393121949134e-08,7.235603831268191e-05,3.5284386417944907e-05,0.5248856998478939,0.45614441228719593,5.391868969876314e-07,6.378353628738824e-10,0.001520751469934539,4.2766463464229384e-07,0.017340513143387422,6.380977325077114e-10
75,0.0003503663776616145,0.38788198378395783,0.03396798982223339,0.047787886693379494,0.3439364070941689,0.0013956505140269196,0.11627543623373006,0.004706046397266584,0.03100137337225644,0.032118678359963765,0.000578181351355061
76,0.001549451476403511,0.34811031711198354,0.1022619099485154,0.0021879216788252827,0.1805601455008817,0.07912162258227519,0.09281218374626839,0.004016506670008119,0.08315647534475991,0.10622346590182824,3.8250765196805176e-11
77,0.00015661122896390577,0.0005160642245579131,3.1228668014230506e-05,0.013003752303277948,0.15906669543751367,0.8179126349180023,0.00028999134135145515,0.008950430428412317,7.132034898720948e-05,1.2703377763000453e-06,7.631427872282204e-10
78,0.06292544360545355,7.458242491924111e-05,0.14675193316794358,2.915605669643115e-05,0.018753219735598334,0.16065237483018482,0.22238997659151225,0.3117134579615893,0.05776264519864601,0.008186017764868945,0.01076119266258759
